1322976716768321536
1322976717099720704
1322976847307689984
1322976910352084995
1322976960520376329
1322976981126844416
1322977128552386560
1322977140619575298
1322977190678568960
1322977262141116419
1322977304138686465
1322977409168191488
1322977589934379010
1322977598373203969
1322977669940535297
1322977778334158849
1322977912136630272
1322978034316619779
1322978046639542272
1322978117951066113
1322978134703149056
1322978151518117891
1322978172795822085
1322978734547308544
1322978767875178496
1322978772040253442
1322978852407140352
1322978973345669120
1322979083152629760
1322979213021007874
1322979225805049857
1322979292742144000
1322979355044110336
1322979510677991426
1322979648830083073
1322979723933265921
1322979778853396480
1322979845882761216
1322979917517230080
1322979922084769797
1322979930049753089
1322980093732491266
1322980150460514310
1322980286506958853
1322980379251322880
1322980387040145409
1322980454077747204
1322980463112343553
1322980466778116104
1322980470775255043
1322980550395617280
1322980614379884544
1322980836149547010
1322980907255394304
1322980944979120130
1322981020287852545
1322981041263575040
1322981100709433345
1322981155025670150
1322981356184444933
1322981377294266368
1322981427428823041
1322981477303394304
1322981683088543745
1322981939305992197
1322982002379825153
1322982062022893569
1322982073678860288
1322982258224091143
1322982280760119296
1322982303820337155
1322982308547194880
1322982341266993152
1322982394001940480
1322982538600607744
1322982614526054402
1322982782293942272
1322982874316943361
1322982916373286912
1322983034199695365
1322983113958502400
1322983127854190592
1322983142697930752
1322983166852956168
1322983364891127810
1322983394402279424
1322983461137895425
1322983461498531842
1322983772023934978
1322983776495030279
1322983834816860162
1322983864009138176
1322983897664233472
1322983898041626624
1322984149834067968
1322984212056678403
1322984329849401344
1322984354642014215
1322984443561218048
1322984581973254144
1322984787242483712
1322984841349107718
1322984921682579463
1322985059658485761
1322985134845390848
1322985181649735680
1322985290286292992
1322985513087864832
1322985538241007618
1322985621498056714
1322985670080684032
1322985755669487616
1322985844093947907
1322985994803699717
1322986155206414338
1322986284126789632
1322986342972882944
1322986485361029124
1322986582186598400
1322986584120184832
1322986636263727108
1322986674478108677
1322986778999967744
1322986787883622401
1322986863251148809
1322986989382209537
1322987114737229824
1322987220500836352
1322987290839404556
1322987312465256449
1322987475929763841
1322987517348597768
1322987534566137856
1322987588819603456
1322987609522688002
1322987640048783362
1322987664879034372
1322987768998449153
1322987789793792000
1322987886917128205
1322987916189224961
1322988053867171846
1322988079427145728
1322988167193153538
1322988354774933507
1322988389520519170
1322988423821492224
1322988436136099840
1322988478259433472
1322988482197884930
1322988549709377544
1322988586912927746
1322988595515445249
1322988691921555459
1322988700087836673
1322988733575041024
1322988767683235842
1322988792207167488
1322988922738249729
1322988960801607680
1322989119400669185
1322989174430027778
1322989220311552015
1322989233171288069
1322989324971974656
1322989384229134339
1322989547291090945
1322989560465289217
1322989670804979714
1322989682372825088
1322989740371693572
1322989758864191488
1322989777948495874
1322989839873048576
1322989849587208192
1322990218543247363
1322990248129753088
1322990281420083202
1322990294422282240
1322990319223283712
1322990499054018561
1322990683863441408
1322990691589496834
1322990729967390723
1322990751274459136
1322991233623642115
1322991250224631809
1322991353425526791
1322991426221821952
1322991547248480266
1322991665674682369
1322991740966506496
1322916331608444928
1322916600165662720
1322916639504039937
1322916848011272193
1322916898342776832
1322916990424678400
1322917061392216065
1322917241663426562
1322917258751025162
1322917291923804160
1322917363432513536
1322917421473255424
1322917560753573893
1322917602201489410
1322917774298128386
1322917774394609664
1322917841880915969
1322917889167527936
1322917992959717376
1322918010084970497
1322918171150528516
1322918425367207938
1322918467058716678
1322918684227211264
1322918748056150017
1322918802808623104
1322918826783158272
1322918852926341120
1322918910820151296
1322918978256293891
1322919066810503168
1322919087371112450
1322919142102630402
1322919358125862912
1322919460567543808
1322919792987295749
1322920026605641728
1322920035380350981
1322920140015575040
1322920207418097664
1322920259330936833
1322920336862646272
1322920379149594624
1322920471411699712
1322920618271010817
1322920660205711361
1322920677591179264
1322920853370273793
1322921142990958592
1322921162884685827
1322921163937513473
1322921201271013377
1322921284808966146
1322921457295392773
1322921467667869696
1322921645913350145
1322921705384206337
1322921842496208896
1322921918383738882
1322921931218309120
1322921964818878464
1322921998134218755
1322922019449688065
1322922052668588033
1322922128342192130
1322922139645702146
1322922216275718149
1322922266854858754
1322922354540974081
1322922438234050563
1322922455221051393
1322922555687211010
1322922631205658624
1322922920742707202
1322922943555555333
1322923134526332934
1322923348339253248
1322923419768360966
1322923438768594944
1322923583560187906
1322923608390381568
1322923621120200704
1322923624970526720
1322923650933207041
1322923651323277312
1322923667571961857
1322923714984501249
1322923717731606528
1322923927337750529
1322923940503834625
1322923950104551430
1322924263024840706
1322924403324170246
1322924455656591361
1322924502423134209
1322924678655234049
1322924695319154699
1322924769767903233
1322924787660935175
1322924806912790528
1322924808187768832
1322924997694771201
1322925022462144515
1322925064677953536
1322925139525337089
1322925282295164928
1322925303379988480
1322925399593127938
1322925505948061698
1322925554958536704
1322925974305067009
1322926108791234560
1322926268522860549
1322926636996677634
1322926728629657608
1322926829687197698
1322926847068438534
1322926939397521408
1322926957126852610
1322927048159944710
1322927061116342273
1322927090409349122
1322927215525416961
1322927375399702528
1322927380462215172
1322927551690526721
1322927895149486082
1322927929194508289
1322927962547773440
1322928054897987584
1322928243532533760
1322928377746116608
1322928526690033664
1322928570260480001
1322928612777947136
1322928683879981059
1322928705333723136
1322928818219372547
1322928914918973440
1322928931373256707
1322928964944486401
1322928973509218304
1322929069256835079
1322929296315281409
1322929376271413257
1322929539660599297
1322929573454118915
1322929612251373576
1322929640781025281
1322929736683868162
1322929799854202883
1322929884344197121
1322929920914444289
1322929948353585154
1322930047435431936
1322930168965537792
1322930194265628680
1322930294685601792
1322930411677216769
1322930524952973312
1322930655777402885
1322930898518577153
1322930961621913600
1322930965241597954
1322931036343488512
1322931066592759810
1322931158649327617
1322931303474327552
1322931368343433216
1322946599941787649
1322946748856356866
1322946786902724608
1322946853537751041
1322946901533171731
1322946952972001283
1322947002271846400
1322947046098280449
1322947210691158017
1322947227975708672
1322947511984615425
1322947554422579202
1322947717203570688
1322947772501364736
1322947806475165696
1322947864893526018
1322947940231475202
1322948162546475009
1322948279928193024
1322948335590764544
1322948390620033024
1322948472568532993
1322948481779118082
1322948556685217798
1322948585852444673
1322948586322219008
1322948879864733700
1322948892728545280
1322948949272125440
1322948976606367744
1322949025956507650
1322949945914093568
1322949948980097024
1322949974003429376
1322950221752684544
1322950360336683009
1322950393513521155
1322950406088151040
1322950444566695941
1322950678319431681
1322950703195820035
1322950733604573186
1322950746137124864
1322951342168616962
1322951379191693312
1322951416965595141
1322951457235214338
1322951665138413577
1322951732104695810
1322951916276514816
1322952025462706176
1322952201409626113
1322952306313306117
1322952369135591424
1322952394074935298
1322952398315421696
1322952415444979712
1322952475100483585
1322952570919374849
1322952637860384769
1322952662661373959
1322952809638109184
1322952842903199746
1322952855964274690
1322953069571821570
1322953086495821825
1322953093819080710
1322953233208258560
1322953304968744960
1322953356734812166
1322953417929728001
1322953484543680514
1322953503187247104
1322953878724354050
1322953941718650892
1322954084408872960
1322954093011341314
1322954135138959364
1322954462055538691
1322954562601422851
1322954571292020746
1322954587771412481
1322954623553052674
1322954928105623553
1322954934040563716
1322954940214595585
1322955032673816578
1322955041418915841
1322955058384982017
1322955167331999746
1322955229663531008
1322955292401913868
1322955313310478346
1322955328980279296
1322955330490376193
1322955418839244800
1322955502251290625
1322955528549654533
1322955641015717889
1322955694979588097
1322955728404074498
1322955783588532226
1322956253061091334
1322956273759997954
1322956278180712448
1322956408854249477
1322956649183825921
1322956660034408463
1322956848559910913
1322957008212033541
1322957009973518337
1322957071290163200
1322957377017008128
1322957398051414016
1322957473641164801
1322957486006001664
1322957582051532802
1322957696203632642
1322958160798232578
1322958199029485568
1322958225734586368
1322958251126857731
1322958341509926913
1322958371004190720
1322958493297582080
1322958568098656257
1322958714949820416
1322958736730697729
1322958748827209728
1322958756796264449
1322958853743529997
1322958856947929089
1322958921024344064
1322958995825467394
1322959000074215424
1322959046622781441
1322959146912780289
1322959184653176839
1322959335631343616
1322959361271042055
1322959462144090113
1322959495572705280
1322959508184981504
1322959512341520384
1322959523473182721
1322959583753678850
1322959650208190464
1322959717640134656
1322959868605558784
1322959919235039232
1322960045202702342
1322960078031392768
1322960246571180037
1322960686683582465
1322960714454208513
1322960905198620673
1322960917756338178
1322961047486169088
1322961055358849024
1322961101584293890
1322961102058250240
1322961102691430400
1322961122530525185
1322961122895552513
1322961203065442305
1322961253309026306
1322961340990980096
1322961349526343686
1322961458083307524
1322961546277015556
1322704934668771334
1322705097659424768
1322705111030894592
1322705178311618560
1322705181897875457
1322705203527741440
1322705239242321921
1322705253280731136
1322705302773473280
1322705333358194688
1322705404078497792
1322705408214110210
1322705488354553857
1322705598023049219
1322705718584123392
1322705929498988544
1322705962755522560
1322705970158571520
1322706063179874304
1322706143123279874
1322706192712359936
1322706268440666112
1322706277462691840
1322706532501458944
1322706604328841216
1322706726370578433
1322706729323343872
1322706800861351936
1322706906310447106
1322706989936422912
1322707115320832001
1322707527725916166
1322707618830389248
1322707666108477441
1322707669493440516
1322707752905547776
1322707758076981250
1322707794823294977
1322707854466441216
1322707933671686144
1322707983940411392
1322707992899452928
1322708130376130560
1322708328162725888
1322708399654653952
1322708575123361793
1322708680438173697
1322708684045209601
1322708720065806336
1322708806149660672
1322708915298029568
1322708917856702465
1322708918842261505
1322709247071817728
1322709401887633408
1322709586370060288
1322709678762217478
1322709697737203712
1322710077002821632
1322710089015447557
1322710131700760577
1322710152978595840
1322710156728102912
1322710206753640449
1322710253348204547
1322710386966220801
1322710441789923330
1322710832007024640
1322710865607565313
1322711137155227648
1322711146915368961
1322711187830788096
1322711213059592192
1322711243094925312
1322711276397555713
1322711331389071360
1322711478357708800
1322711520057430016
1322711662856687617
1322711670771339265
1322711863549816833
1322711964787838976
1322712027215921158
1322712257495707649
1322712266656108551
1322712306124509184
1322712391709282304
1322712396738252803
1322712400701906944
1322712455307558912
1322712543404707841
1322712551638138883
1322712673889472513
1322712745024913410
1322712757393780736
1322712942186532864
1322713042723942400
1322713075498340353
1322713092862730241
1322713180703989761
1322713199649517568
1322713457461002240
1322713482282913793
1322713528457834496
1322713574859546626
1322713583159967744
1322713813972602888
1322713814270414849
1322713876744589315
1322713967438057472
1322713977042788352
1322714082949107712
1322714191099273216
1322714224884391937
1322714346393378816
1322714386276864000
1322714577696600064
1322714632373587969
1322714651247849472
1322714694197501952
1322714732533633024
1322714749918867457
1322714841916866560
1322714883222249472
1322714886154211334
1322715000876781570
1322715248634302465
1322715319601778688
1322715454171918336
1322715667989188611
1322715700616712193
1322715768459567107
1322715776512630784
1322715898730450945
1322715911028117504
1322715935854264320
1322715974186029056
1322716045749100544
1322716083187519489
1322716159007879168
1322716251446149120
1322716352130371584
1322716436385701889
1322716473228468224
1322716530157694976
1322716594720657408
1322716628266745862
1322716812736307200
1322716854784241666
1322716887365619712
1322717119176474625
1322717133206253568
1322717350014054400
1322717480259887106
1322717525797265408
1322717627115077632
1322717639383416832
1322717991784583168
1322717999921586176
1322718021245427712
1322718217840844801
1322718247955910657
1322718252104093700
1322718335927263232
1322718356156293126
1322718362733056000
1322718419565817862
1322718553313783809
1322718582585860097
1322718642132422656
1322718826287538178
1322718914334306305
1322719065249472512
1322719078436536323
1322719208086609921
1322719254203015170
1322719408645677057
1322719459174359040
1322719467814768644
1322719480754130945
1322719690146414592
1322719690679078915
1322719757695635457
1322719824833892353
1322719857427779587
1322720022058422273
1322720134293835776
1322720191852269569
1322720193945178112
1322720423939768320
1322720428029333505
1322720444684750848
1322720445813137409
1322720482920116225
1322720541439107074
1322720550939168768
1322720605142163456
1322720651191472139
1322720700965122048
1322720776903155712
1322720785195216897
1322720797006454784
1322720812793671681
1322720927453388801
1322720952757547009
1322721338474246150
1322721367645544448
1322721460708876288
1322721521555574784
1322721704280555520
1322721724685815808
1322721812258656256
1322721812585893890
1322721926004068353
1322722160453013505
1322722378904969216
1322722429592956929
1322722450791141377
1322722485914263553
1322722505329725440
1322722559268319232
1322722898465927168
1322722945580568577
1322722966212403200
1322722995199234049
1322723099981176832
1322723158391246848
1322723222450745345
1322723338934837250
1322723402503884802
1322723452562907141
1322723473991630848
1322723543344402432
1322723796097200129
1322724110464634880
1322724128034594818
1322724152776683522
1322724157038063616
1322724404455895040
1322724520009048064
1322724563705237505
1322724572907642886
1322724597662470145
1322724597997932544
1322724692008947712
1322724799114891264
1322724888981852160
1322725124668379140
1322725288913080320
1322725302305460227
1322725318705192960
1322725407561375744
1322725490952646658
1322725545365311490
1322725587203448833
1322725692593889281
1322725743068151808
1322725805848449024
1322725914506088450
1322725927638487041
1322726546705100801
1322726765643599872
1322726837760393216
1322726867204362240
1322726958933839872
1322726977346936832
1322727051585974274
1322727180946841601
1322727215335919618
1322727218439688192
1322727256754655232
1322727429106884608
1322727471364640768
1322727487793623041
1322727487822913536
1322727517061582848
1322727550481653760
1322727597164277761
1322727693436260352
1322727697362034688
1322727790899331072
1322727990250319874
1322728057610723329
1322728145959624704
1322728184685604865
1322728494271471616
1322728502647353347
1322728539960074240
1322728565163593728
1322728657568305154
1322728724031102976
1322728821867442176
1322728943292538881
1322729213791817728
1322729387679191040
1322729471494000643
1322729572132151296
1322729618474893312
1322729861778186240
1322730092204822529
1322730209666367489
1322730226388852736
1322730318823100417
1322730428017639424
1322730470077952000
1322730486943289345
1322730590794338305
1322730706871746560
1322730792393519104
1322730804976459776
1322730885494484992
1322730902196244483
1322730959800860674
1322731014565842944
1322731069012123649
1322731107243184130
1322731107553402880
1322731207751249920
1322731308007583746
1322731341184671749
1322731455198470148
1322731492687056896
1322731547359907840
1322731813727514625
1322731820484567043
1322731854307430400
1322732042312966161
1322732050454093826
1322732088513171456
1322732106045337600
1322732201553920001
1322732243693969408
1322732290045337600
1322732293924990976
1322732370412404736
1322732592110596096
1322732654899400705
1322732682653126658
1322732823372042241
1322732826651987969
1322732955987566592
1322732973679063045
1322732985981042690
1322733103346028544
1322733141799350278
1322733174946820096
1322733178969182208
1322733238209622021
1322733261269946368
1322733321764306944
1322733367943680005
1322733417998548995
1322733455516618752
1322733472180543489
1322733611418849280
1322733695166517250
1322733732885897216
1322733850783551494
1322733929497939969
1322733946145280000
1322734164550934528
1322734198483017729
1322734198554202112
1322734210788962304
1322734303915245573
1322734379429437441
1322734416892956672
1322734458831839233
1322734525126860801
1322734569666322433
1322734668102455296
1322734776927727616
1322734797244915713
1322734811086245888
1322734927633436673
1322735075323162624
1322735087398625280
1323021981890023424
1323021990308028417
1323022015721283595
1323022065776140288
1323022106960035841
1323022162676965377
1323022367958982657
1323022473307123712
1323022678576504832
1323022716002201600
1323022791533363200
1323022808839016449
1323022831433768968
1323022842011676672
1323023089303773185
1323023135923302400
1323023164948045825
1323023193095892992
1323023253066207234
1323023325598224387
1323023332648853504
1323023488001605632
1323023488333062148
1323023541990805504
1323023579986956289
1323023592624443393
1323023681623379969
1323023848254529536
1323023919817793536
1323023932325158912
1323024003901128710
1323024058556981249
1323024074596122624
1323024095919792128
1323024163502755841
1323024180590178305
1323024230368370689
1323024309405786114
1323024326539546630
1323024456864817152
1323024482211045376
1323024766857609217
1323024829927378944
1323024830082568205
1323025253556211713
1323025451112108033
1323025484666572802
1323025679454068738
1323025769644412931
1323025848979628032
1323025886506061827
1323025987076976640
1323026059000860672
1323026075283345415
1323026188990820352
1323026272419721216
1323026381706457091
1323026503366516743
1323026528956022784
1323026566343987203
1323026591555837952
1323026705167122433
1323027006339096578
1323027011250638849
1323027052673617920
1323027099301666819
1323027143530549249
1323027149184503808
1323027166217621505
1323027283913789440
1323027584431644673
1323027732335394816
1323027925105594374
1323028017677938689
1323028054411796480
1323028504250757121
1323028554737717248
1323028613080514562
1323028655212130304
1323028793246666753
1323028797906669579
1323028835529498625
1323028999363162112
1323029003381448705
1323029041289547780
1323029107924348928
1323029225817968640
1323029310043729921
1323029391828570117
1323029527602278403
1323029657705451523
1323029695450009600
1323029741721575424
1323029749623627777
1323030127211630594
1323030173306904576
1323030189966729216
1323030190419636224
1323030270300270593
1323030307998760965
1323030320015319042
1323030420729069568
1323030421257572352
1323030484583141376
1323030499611344910
1323030576375488513
1323030605702070273
1323030675985977346
1323030872682123264
1323030968140181511
1323030987060727811
1323030989891870724
1323031083957583872
1323031381304352774
1323031406558302220
1323031461176496129
1323031733495881729
1323031847211880448
1323032056457318408
1323032056687898626
1323032061410619393
1323032334128611328
1323032350393946112
1323032379682889740
1323032521177591808
1323032643315838976
1323032866364682240
1323032870278045704
1323032916432199681
1323033460496388098
1323034279438372866
1323034301001334784
1323034338724728834
1323034350774972417
1323034375802507264
1323034401765281793
1323034456299458560
1323034586520166401
1323034749993017344
1323034821216579589
1323034938019598343
1323034971301359617
1323035039311908864
1323035126893367307
1323035240328318976
1323035345315909643
1323035600790953986
1323035667966799872
1323035941657841670
1323036099976011776
1323036125057875968
1323036184034054149
1323036276065521665
1323036309766721539
1323036318482550784
1323036464775458816
1323036670158114816
1323036767658766338
1323036812886114307
1323036892552699904
1323036989168504833
1323037060186460163
1323037077454409728
1322689872692416513
1322689910894219265
1322690031958528001
1322690150556602368
1322690334493609984
1322690406107254786
1322690460717060097
1322690472880480256
1322690501993222144
1322690641315418113
1322690673984888834
1322690783678472193
1322691311808499713
1322691366523228162
1322691475780456449
1322691571926654981
1322691614003908613
1322691642994905090
1322691759843913729
1322691869537611776
1322691886138740736
1322691910851424258
1322692020134137857
1322692095870701574
1322692234404220928
1322692243497635842
1322692368185786368
1322692516047691782
1322692552928251906
1322692569994874883
1322692948279009282
1322692951248654336
1322692964162904064
1322692976435449858
1322693005518790658
1322693073583906818
1322693128432898049
1322693316287320064
1322693392116142082
1322693419861422080
1322693517651505152
1322693807419367424
1322693845562306562
1322693853443481600
1322694020603301889
1322694058561556481
1322694218045861891
1322694273498796035
1322694301734719488
1322694364771033088
1322694389450330119
1322694553825087489
1322694662981734401
1322694864341999616
1322695006466002944
1322695028150554628
1322695053727440896
1322695182588981248
1322695195146784769
1322695274939166720
1322695447849259008
1322695493831561216
1322695522528882688
1322695673959993344
1322695733389262848
1322695827488301056
1322695892361748480
1322696001061224448
1322696004668432384
1322696022544601088
1322696050583457792
1322696122939461632
1322696239977287680
1322696348706185216
1322696510325358594
1322696596040142848
1322696793839161344
1322696835085946880
1322696902966652930
1322696915151183878
1322696999330844672
1322697121099927552
1322697246962536448
1322697271725690880
1322697289144639492
1322697315845550080
1322697343532191745
1322697356228370432
1322697506518638592
1322697795699171328
1322697892373692419
1322697991887613952
1322698106136416258
1322698161077575680
1322698441848442881
1322698512857849856
1322698592931336192
1322698786020433920
1322698811542851589
1322699079240032263
1322699100601622528
1322699193367121921
1322699410451668992
1322699482291703808
1322699608108183552
1322700157478162433
1322700164642050048
1322700178554556417
1322700279041712130
1322700337875197952
1322700383358197760
1322700450630668288
1322700997857366016
1322701004610113538
1322701188857548800
1322701281308348416
1322701315399700480
1322701361826406400
1322701541166469121
1322701562746163201
1322701610410254337
1322701871723782145
1322701939545550849
1322701990254710785
1322701990988783616
1322702010999742465
1322702057548189698
1322702170072838144
1322702292664127488
1322702325534830593
1322702338323181569
1322702359596879874
1322702556439617536
1322702954797899776
1322703034632359936
1322703062742552576
1322703173140832256
1322703278094884864
1322703328665632768
1322703471171137536
1322703525248421895
1322703529459539969
1322703659885596673
1322703688574685184
1322703867293913090
1322704104615936000
1322704117438009344
1322704209481887746
1322704280822947840
1322704311512522752
1322704330370277376
1322704372510457858
1322704452080553988
1322704498301816833
1322704728736911361
1322704771694952448
1322704867404763136
1322961630267908097
1322961639000494083
1322961642552881153
1322961718046302212
1322961802678980620
1322961916684234752
1322962003309125633
1322962054974681088
1322962062797082632
1322962452074647552
1322962511398805504
1322962663694127104
1322962800407445504
1322962851259101189
1322962880518639617
1322962972046577664
1322963093765410819
1322963132398985216
1322963487878979586
1322963509370650624
1322963731333160960
1322963790187683844
1322963907619803147
1322963908479590405
1322963940251475973
1322964004097167360
1322964281978073088
1322964335505870865
1322964373413990403
1322964558286344192
1322964646530293761
1322964749844422657
1322964783818280965
1322964784409698306
1322964826889531392
1322964893348319235
1322964956300496896
1322965140891947008
1322965186341302274
1322965337902514176
1322965358689587203
1322965359125843978
1322965393061928965
1322965476398358528
1322965521126621190
1322965598234644482
1322965606321156096
1322965618761621505
1322965807480135681
1322965843932753921
1322965879563366400
1322965883791138816
1322966017530753024
1322966038598897664
1322966057729069062
1322966121176309761
1322966147982102529
1322966193523855360
1322966233248075780
1322966240336424962
1322966281730072576
1322966621464526848
1322966735444709378
1322966738628063233
1322966994728017921
1322967007621312512
1322967049405112323
1322967311809085440
1322967334848323587
1322967392910110720
1322967426875691009
1322967439798394880
1322967456667869196
1322967517724200960
1322967535621464066
1322967552658755588
1322967594719207424
1322967631968653312
1322967648712511490
1322967657235308545
1322967750399152135
1322967825628188672
1322967997259108353
1322968005458866178
1322968093560250368
1322968098119495681
1322968110157189120
1322968202822012928
1322968291384676353
1322968442002116611
1322968484091813889
1322968659875319808
1322968876955639824
1322968928218357761
1322969142908067840
1322969194539872256
1322969313872015360
1322969368381345792
1322969435771039744
1322969448765136897
1322969561650487296
1322969822079143937
1322969889393528834
1322969918342455296
1322970005466742784
1322970010957058050
1322970038782074883
1322970220731006980
1322970266712956928
1322970319318122509
1322970396652699648
1322970417213009921
1322970437975003136
1322970521823227906
1322970598176415745
1322970630954737664
1322970742275874816
1322970819853717505
1322970889328222208
1322971042160128001
1322971084594073601
1322971139132575752
1322971185441853441
1322971189103501318
1322971307236069377
1322971457517948935
1322971537771737090
1322971717199953920
1322971725936709633
1322971771872677904
1322972023388315650
1322972044401598464
1322972120415150086
1322972208428441601
1322972493230055427
1322972602424504335
1322972636180303873
1322972678840479744
1322972708041297922
1322972749732573184
1322972765910020096
1322972887880531968
1322973060371275776
1322973148225163266
1322973261274193921
1322973420724740096
1322973651147329548
1322973747779915777
1322973814418886656
1322973991187959809
1322974028815106050
1322974048507318272
1322974192560726016
1322974226375061504
1322974347636707328
1322974356155387904
1322974436060901376
1322974468516491266
1322974699635175424
1322974712473870337
1322974737631531008
1322974803716841478
1322974997271425024
1322975031928983552
1322975094361059328
1322975245339365380
1322975295058505728
1322975442354229248
1322975442693951500
1322975521446256644
1322975991791259650
1322976007981355011
1322976071118192641
1322976302274629632
1322976511389958144
1322976575147679745
1322901216813289474
1322901235985453056
1322901362582134790
1322901510015971328
1322901697832902656
1322901794113179648
1322901949516255232
1322901974119976960
1322902293914611712
1322902304316624896
1322902323568484354
1322902541282234369
1322902737672024064
1322902805254967297
1322902854277992448
1322902876847366144
1322902943499276291
1322903006984228865
1322903090589278213
1322903099430838273
1322903200022831105
1322903518131462148
1322903682086801410
1322903778400620561
1322903799690833923
1322903812458373120
1322903844981035008
1322903895413313537
1322903899632734212
1322904004670722048
1322904113768792064
1322904138737475585
1322904252327596033
1322904290688720901
1322904332220665857
1322904419973787648
1322904424105168898
1322904545631047681
1322904671367892995
1322904683162275840
1322904726166368256
1322904823528886272
1322904994585092099
1322905212642824192
1322905338924867585
1322905343060516864
1322905364044677120
1322905459993518081
1322905636355645441
1322905761714970624
1322905825086758913
1322905846628687872
1322905871278637058
1322905938660122628
1322905983438397445
1322906022533541888
1322906089428574209
1322906261386489856
1322906353468399617
1322906362104479747
1322906559484219393
1322906576123023360
1322906636734836736
1322906709765967872
1322906744004247552
1322906898350440450
1322906994886369281
1322907133818462208
1322907167230513157
1322907228869976064
1322907338928459776
1322907495745114121
1322907540687118341
1322907815971835904
1322907869973487617
1322907888839499776
1322907917159440384
1322908207380078593
1322908241219751936
1322908257573326854
1322908484237725697
1322908484040564736
1322908597647368194
1322908731592577024
1322908983347302405
1322909017249882115
1322909017266671624
1322909079438794752
1322909470133923840
1322909520088256526
1322909638191403010
1322909737973960711
1322909964332077057
1322910102941290496
1322910234201989121
1322910434102575104
1322910468176949249
1322910568634830848
1322910857483964416
1322910904967725056
1322910992423071746
1322911365456187398
1322911379121123328
1322911458707951618
1322911471089586176
1322911512172834819
1322911608696393728
1322911713776312320
1322911726065479680
1322911839370514443
1322911856890155010
1322911860681822210
1322911894458540040
1322911991057494018
1322912175501897728
1322912225452040192
1322912250634579968
1322912296709115909
1322912577916178433
1322912628834852864
1322912829175963648
1322912847987412992
1322912938374684672
1322912963641135104
1322913039658717184
1322913127047012355
1322913143505432577
1322913576303108096
1322913662865231874
1322913723082788864
1322913844771975168
1322913928108773381
1322914046312697856
1322914230098604046
1322914394473328640
1322914398235774976
1322914406775205888
1322914463843078145
1322914487461126150
1322914511372898304
1322914574497050626
1322914729275346947
1322914771855904768
1322915031969923080
1322915040199118849
1322915178053275649
1322915450938949634
1322915476389986304
1322915526239281152
1322915618815922178
1322915636645924866
1322915765448806400
1322915795173822464
1322915853730377728
1322915887007952896
1322915924463243265
1322915954309976065
1322916076385112067
1322916126142201858
1322916184728064001
1322916264461950979
1322931498169913344
1322931574040481793
1322931577748361219
1322931603304181760
1322931615081922563
1322931708321173506
1322931817389895680
1322931893160071171
1322931951259602944
1322932001175937024
1322932077097091073
1322932228473548800
1322932383444815872
1322932391631941632
1322932631030431744
1322932891496624140
1322932895112028161
1322932910832279554
1322932998635859969
1322933159021940736
1322933163061092352
1322933259966164993
1322933273559883776
1322933436437405697
1322933516070461440
1322933563898122240
1322933570239778816
1322933796908404736
1322933877053292544
1322933889078276096
1322934027356090368
1322934340255387650
1322934362984382465
1322934559835639812
1322934602579746819
1322934685677268992
1322934840786882561
1322934861766819841
1322934903948910592
1322934912375169024
1322934967442173952
1322934979966328833
1322935063336701953
1322935097595731970
1322935101819420672
1322935126091657218
1322935202461540353
1322935230945091585
1322935369768251393
1322935584130813952
1322935629391409152
1322935692587016192
1322935755564589057
1322935873256759298
1322935889862053891
1322935910770577409
1322935914742620161
1322935948070584328
1322936002927841280
1322936045772570626
1322936061409042432
1322936116035637248
1322936367840587776
1322936397917954049
1322936443845726213
1322936548594208768
1322936833802719234
1322936887657533440
1322936959044648961
1322936959149506562
1322937114376351744
1322937194131169281
1322937437254017026
1322937446254866432
1322937504463523846
1322937634382057472
1322937885864173569
1322937924502097920
1322937928381800454
1322937961583968258
1322938087719227392
1322938113069666304
1322938117071003649
1322938188093104128
1322938326660382729
1322938343743754242
1322938473574182914
1322938477340696583
1322938499000012805
1322938540334993408
1322938800524451843
1322939084243902465
1322939111502716928
1322939144767766528
1322939316541235200
1322939320563568640
1322939479749992454
1322939669022203906
1322939866309562368
1322940122061434882
1322940149039157248
1322940151367049216
1322940180555276301
1322940189220720643
1322940251644420096
1322940281272983553
1322940377712660482
1322940394846433283
1322940419567689728
1322940424076595200
1322940478569041935
1322940537045950466
1322940662686257152
1322940805934424066
1322940989103730688
1322940994283839493
1322941086772453376
1322941149389217793
1322941254544449537
1322941275495161857
1322941351227437058
1322941413659709440
1322941426250887168
1322941461944520707
1322941484639887364
1322941624171769859
1322941678123175939
1322941686192971783
1322941711040086018
1322941874810822656
1322941891646644224
1322942246992388096
1322942269792624641
1322942294371102720
1322942429113143296
1322942524919480320
1322942592728862723
1322942613293395969
1322942805103144960
1322942851727110145
1322943074864111616
1322943175405801473
1322943188865323010
1322943300660162561
1322943305076801536
1322943397947039744
1322943456692625410
1322943675119198214
1322943731486654467
1322943867709214721
1322944043794468864
1322944056503246850
1322944396246003712
1322944425161609217
1322944484175454215
1322944572045942785
1322944576424972294
1322944719144558600
1322944807224954880
1322944873020952577
1322945121457942533
1322945129997651969
1322945322570682374
1322945339297583112
1322945486169509890
1322945507422048257
1322945544889737217
1322945583208804352
1322945826566688770
1322945859479359488
1322946123678523392
1322946124521607171
1322946237067309056
1322946304591450113
1322946388112539648
1322946409201602560
1322946480529793024
1322991869278736387
1322991884009115650
1322991975772102671
1322992005543157760
1322992013034332161
1322992118776926209
1322992130596327424
1322992362935734274
1322992446062514176
1322992534344278016
1322992768881446913
1322992844538179584
1322993041276166145
1322993135375552514
1322993230007345153
1322993263557681155
1322993465026818052
1322993469405728776
1322993532437757953
1322993578470236160
1322993591262826499
1322993787627577346
1322993850621767680
1322993997753782277
1322994039667494919
1322994145586147328
1322994156952817668
1322994342039031817
1322994421173018624
1322994505344262145
1322994513183350784
1322994615033729025
1322994656720777216
1322994752644509697
1322994924325920779
1322995076105146369
1322995100687962113
1322995164097380353
1322995184691486721
1322995515726925824
1322995578926702598
1322995696316735488
1322995699538153473
1322995759181160448
1322995947794767879
1322996053159890950
1322996132948180994
1322996165604904960
1322996518912217090
1322996543377625091
1322996724076564481
1322996940993306624
1322996967220289536
1322997009184399361
1322997013701689347
1322997190118285314
1322997429088608256
1322997470771728384
1322997571594424326
1322997583514578945
1322997755954909184
1322997788800651265
1322997856647680001
1322997940047114240
1322997999170105355
1322998086671732737
1322998091641987073
1322998183837007874
1322998200597389319
1322998263050498048
1322998426611666946
1322998452352155648
1322998577812152320
1322998604437618688
1322998615036456961
1322998673916203008
1322998837703856131
1322998867030323201
1322999094374182920
1322999186275635204
1322999299068878848
1322999307557982209
1322999492027834368
1322999595492925444
1322999639688257537
1322999718906105859
1322999911516983297
1322999924024320000
1322999924108132352
1323000004307345409
1323000024553431040
1323000331224186881
1323000406532857856
1323000422961799170
1323000439760179201
1323000461117587456
1323000771902873600
1323000888848343040
1323000964580839424
1323000976832344064
1323000989432119296
1323001094432313345
1323001291229024258
1323001292072062977
1323001329799909378
1323001417355976708
1323001505964838920
1323001526756007936
1323001646805217280
1323001694226100225
1323001707027050497
1323001727826698248
1323001748999544841
1323001786630889479
1323001876833423360
1323001996215898112
1323002117498482688
1323002160309805063
1323002218518257664
1323002457547509760
1323002562380005381
1323002587738636288
1323002591601741826
1323002622828306435
1323002663353667587
1323002977620168704
1323003183237681156
1323003225537093632
1323003254683410435
1323003404579303424
1323003430730911744
1323003607080316928
1323003613220777984
1323003640597127173
1323003695299207169
1323003728127930368
1323003749854400513
1323003837192589314
1323003937839079426
1323004071385669645
1323004240302796801
1323004247634518017
1323004412332281858
1323004445647499264
1323004454510219265
1323004542477283329
1323004696974548994
1323004700451504128
1323004856722812928
1323004907264352260
1323004966068387841
1323005101980766210
1323005548900556801
1323005553870733312
1323005700084273153
1323005703687196672
1323005720711864322
1323005788059815939
1323005880258961411
1323005901305901057
1323006014535454723
1323006106180964360
1323006396045185033
1323006476093476866
1323006518023852035
1323006551305629699
1323006836476416000
1323006874044694528
1322735125596004352
1322735256064217089
1322735293229862913
1322735533823528960
1322735700207423488
1322735708180795392
1322735729039101952
1322735754678685697
1322735871154655232
1322735871934689281
1322735975609495553
1322736023277760513
1322736186495016964
1322736194510348289
1322736274428538888
1322736383195115520
1322736408994451457
1322736480096292865
1322736589546532865
1322736605787049985
1322736643183443968
1322736727883239425
1322736786049781760
1322736882606886913
1322736924977623040
1322736954069327872
1322737171686739968
1322737444626800640
1322737469104803840
1322737487068889089
1322737680594145281
1322737776400474114
1322737877017595906
1322737961306329088
1322738031883964419
1322738145541169153
1322738359190523904
1322738468624207878
1322738900599738368
1322738946103795712
1322738978894815234
1322738983764480001
1322739160596287488
1322739160810139648
1322739197598453761
1322739226958614528
1322739290816843776
1322739416528490501
1322739466306506752
1322739470949584896
1322739484031504384
1322739487072505857
1322739525513211904
1322739713715953664
1322739742815870978
1322739748142784513
1322739858914332672
1322740188083343362
1322740192231370752
1322740280437727232
1322740477104410624
1322740490366758912
1322740662287085568
1322740766360391680
1322740821570052101
1322741189485989893
1322741382964981762
1322741492369281025
1322741593443631106
1322741625538383872
1322741672422244354
1322741702004715522
1322741706228453376
1322741769705037824
1322742059141398532
1322742234408611841
1322742528379158528
1322742737729425411
1322742741739196416
1322742772034580484
1322742931711758336
1322742985692532741
1322743002125623296
1322743066076176386
1322743270930325505
1322743346188689408
1322743517488254976
1322743543140651010
1322743573314502657
1322743774720786433
1322743921378762754
1322743925388406787
1322744067944550400
1322744109606395904
1322744843081256961
1322744910408273924
1322744948245078016
1322744978423111680
1322745028297502728
1322745195415306240
1322745288629477377
1322745346510958593
1322745364429131776
1322745423509946368
1322745456493957126
1322745621997117442
1322745679257755648
1322745753538711553
1322746039275835398
1322746061258067972
1322746161204252672
1322746173665542146
1322746202585223170
1322746278569222144
1322746415999709184
1322746580345171969
1322746731541504001
1322747008415719425
1322747050157629442
1322747078750179329
1322747213630509056
1322747553700597760
1322747934711177216
1322747963647660041
1322748140320100353
1322748187107446784
1322748216715014144
1322748341743214593
1322748366648987649
1322748450195279872
1322748488996790272
1322748551198367744
1322748573080031232
1322748580549910529
1322748686049464321
1322748765527109634
1322748815099727872
1322748900218908672
1322748933035249664
1322749118045999104
1322749134248562689
1322749143643680770
1322749151185113089
1322749231216660480
1322749319070519299
1322749414050508800
1322749466189811712
1322749486964375552
1322749534158671873
1322749575027896320
1322749687707959296
1322749834999132162
1322749839331991554
1322750060912934912
1322750129401638912
1322750358070960128
1322750401326755840
1322750448038760450
1322750514723868672
1322750548253134848
1322750661784530944
1322750799005601794
1322751055453630465
1322751076123201538
1322751164312510464
1322751240418156545
1322751311507435522
1322752150066245634
1322752155103731712
1322752238511624192
1322752247202226177
1322752317616173056
1322752392992071680
1322752481009414149
1322752544725151744
1322752582981439488
1322752678561259523
1322753136054906882
1322753362878734336
1322753417450725378
1322753555640524800
1322753614511771650
1322753751837540353
1322753874088919041
1322753945991811072
1322754117274537985
1322754196836331522
1322754222195122176
1322754255946571776
1322754297763909638
1322754299139641345
1322754326809382914
1322754331108585478
1322754385651355651
1322754428076806144
1322754599665733632
1322754745891770368
1322754804725276673
1322755011026313218
1322755015384117250
1322755065707454468
1322755082572779521
1322755158879555584
1322755262520975360
1322755287762325505
1322755292782878720
1322755359350685696
1322755527860985857
1322755568667381767
1322755782597844992
1322755837220294658
1322755866521686017
1322755980099166208
1322756004832972805
1322756020976914432
1322756076207513600
1322756130376998912
1322756356529598470
1322756374384836608
1322756454210744321
1322756566768967682
1322756577875513344
1322756622628855808
1322756726118969344
1322756819467587594
1322757095981273088
1322757137764880385
1322757145948020736
1322757254337146880
1322757316530286594
1322757385165762561
1322757401616044032
1322757665605472257
1322757666742128642
1322757812917854209
1322757833625161729
1322757854911057920
1322758274979000320
1322758403609960449
1322758491891642369
1322758551438319618
1322758589002379265
1322758618781900800
1322758671894482944
1322758681490980864
1322758731940155393
1322758743872860161
1322758789012049920
1322758835568844801
1322758861305057280
1322758902845497351
1322758987209650179
1322759008042786818
1322759096408309764
1322759133288947712
1322759222380036097
1322759231192399872
1322759344442630149
1322759355905630208
1322759356899753985
1322759385743982594
1322759402462441472
1322759418581147649
1322759422997721089
1322759431063560193
1322759465016414208
1322759557144367104
1322759628841754624
1322759923210588160
1322759985915338757
1322760073630883840
1322760236185387008
1322760299812978688
1322760592743112705
1322760598367703040
1322760678508318721
1322760748574146562
1322760752382595073
1322760853960183808
1322760866777894913
1322760896628854785
1322760949804240896
1322761001100562433
1322761024957808641
1322761177361833984
1322761184999661570
1322761327144771585
1322761369393917952
1322761373462499329
1322761474385702912
1322761529524178944
1322761609182285824
1322761637103693827
1322761663586721795
1322761696134516737
1322761705563262976
1322761750383628289
1322761776082128896
1322761935071444992
1322761985700687872
1322762039736045569
1322762095096639489
1322762111131521024
1322762175509897221
1322762246804721666
1322762254203441153
1322762255260332032
1322762270976339969
1322762327020736512
1322762460072497152
1322762493735809024
1322762556738621445
1322762582634209280
1322762602594754562
1322762618663182337
1322762665429626881
1322762788046069761
1322762955046477825
1322762965385269250
1322763088974655489
1322763371020574720
1322763487886692352
1322763496002588672
1322763596527505408
1322763618232889344
1322763647286829056
1322763692643999745
1322763781437595648
1322763879403810816
1322763894180503553
1322763982684475392
1322764016368853000
1322764112070402048
1322764115928997888
1322764154994860034
1322764259785408513
1322764721448194049
1322764817380397056
1322764867829440512
1322765156992995329
1322765165717311488
1322765203621072896
1322765249599184896
1322765281194696704
1323006990466097153
1323007017108312064
1323007079817400320
1323007154920579073
1323007159454617607
1323007176470745089
1323007264618278912
1323007390694940674
1323007423683141634
1323007453336883204
1323007616365301765
1323007665472241665
1323008095119937538
1323008262325882880
1323008387039129600
1323008388788346882
1323008396904304650
1323008497533988865
1323008602014142465
1323008770503593984
1323008803667890187
1323008812417228800
1323008925013286915
1323009080269676545
1323009100855173120
1323009101400592384
1323009147449888768
1323009281663266816
1323009298893602818
1323009336197537792
1323009881998266369
1323009977871749128
1323010040874307585
1323010095534387200
1323010128740720640
1323010166808317969
1323010183367434240
1323010229370527745
1323010255303909379
1323010494303797248
1323010507754917891
1323010577694937088
1323010751808811009
1323010804216696838
1323010838257717252
1323010842309349385
1323010888073293824
1323010892905082880
1323010923855052800
1323010926350651392
1323010937972948992
1323010955568128001
1323011002187751426
1323011026342699008
1323011069053489154
1323011194198872065
1323011492103540737
1323011500517281792
1323011639046787072
1323011781384638466
1323011831619870725
1323011911240306691
1323012011966537729
1323012104807473152
1323012368851501059
1323012599747911681
1323012600041558017
1323012654575726592
1323012876861272064
1323012881030418432
1323012975876218880
1323013010428993537
1323013127911272448
1323013375689981953
1323013501489762312
1323013836530544640
1323013866335490050
1323013966126219264
1323013979208384512
1323014188948615168
1323014302119460864
1323014306594578432
1323014319039303681
1323014365348462592
1323014377960886273
1323014595418689537
1323014621511516165
1323014625823174656
1323014762565980169
1323014805817593856
1323014944066048001
1323015074227855361
1323015090917068801
1323015220755718145
1323015236690083841
1323015279832649729
1323015347071537157
1323015367590055939
1323015447055372289
1323015577389117440
1323015598931021824
1323015602345250817
1323015664399953923
1323015791462080513
1323015803566874624
1323015837301706752
1323016134912843779
1323016218685702147
1323016352806981632
1323016525087973384
1323016626279796736
1323016651558641665
1323016802071388169
1323016911169359872
1323017019894190080
1323017030149328910
1323017314225344513
1323017317941477377
1323017362925379596
1323017377282461698
1323017429405093895
1323017445460901889
1323017607037988866
1323017741847191553
1323017846906101760
1323017913461280775
1323018098081853440
1323018131946803200
1323018145078996993
1323018228902187009
1323018322900783104
1323018488097759238
1323018547279388674
1323018552488677376
1323018576505307138
1323018660294791168
1323018823700799488
1323018966797815809
1323019003753881601
1323019100965212168
1323019114529652739
1323019197270659072
1323019213754130432
1323019214261755906
1323019272797462542
1323019289276878848
1323019364619210756
1323019658996436995
1323019751203966976
1323019822180016128
1323019825921380357
1323019830958690307
1323019914597355529
1323020204398518272
1323020244546445313
1323020300548755463
1323020438407176194
1323020514290380800
1323020526873399302
1323020585639825412
1323020610155544581
1323020862027542529
1323020870428884992
1323021012695457795
1323021030026260480
1323021068219678725
1323021080294993921
1323021110057848833
1323021122061934598
1323021252215345153
1323021273405001728
1323021293348937731
1323021298210131968
1323021364949884933
1323021549906124800
1323021562899881984
1323021793066655744
1323021810049441797
1323021868396351490
1323021910821789696
1323021961040220165
1323021965049786369
1322886103821701122
1322886191570583554
1322886279420366850
1322886288580644865
1322886339164016641
1322886401436823553
1322886561139204096
1322886770283945988
1322887009640370176
1322887073272074241
1322887165093830656
1322887202850906112
1322887290591580161
1322887357843034112
1322887408447344640
1322887421147582465
1322887500994617351
1322887596268310528
1322887621476077573
1322887927790186497
1322888246452518923
1322888271945437185
1322888331466838041
1322888368187998210
1322888905956433922
1322888955482775555
1322889006305189888
1322889039037583368
1322889119857549312
1322889119890993153
1322889169606217732
1322889190074437635
1322889204062441484
1322889609773260805
1322889865604833283
1322889948903677953
1322889974920830977
1322889986941743106
1322890033305669634
1322890062682558469
1322890125366493194
1322890150641389569
1322890377641250816
1322890398918975489
1322890533346414592
1322890571057369089
1322890582566432769
1322890650405187586
1322890747780177922
1322890792021708800
1322890801102360576
1322890910749888524
1322891006623309825
1322891288728002564
1322891334131351553
1322891535369854976
1322891547252264961
1322891615237754882
1322891640231600130
1322891744997003266
1322891757261127682
1322891836294389760
1322891862420705283
1322891888270188547
1322891937423216647
1322892013734342657
1322892466656346113
1322892500781031427
1322892596214157312
1322892680129642496
1322892864469241857
1322892869246492672
1322892927841013760
1322892931418615808
1322893024205119500
1322893250877919233
1322893385649324043
1322893450040250370
1322893502255124480
1322893645284925441
1322893749647745025
1322893791515144192
1322893917390594049
1322893971748753409
1322893988605632517
1322893992854388737
1322894164724535297
1322894403812249600
1322894480408760320
1322894484477280261
1322894521072582657
1322894546334867470
1322894600764153856
1322894922727464962
1322894949390651392
1322895049689042944
1322895091573411841
1322895293315207169
1322895415583322112
1322895440375926784
1322895469643624450
1322895511368749056
1322895834338480128
1322895838608347137
1322895910037299200
1322895927317827585
1322895947169517570
1322896094318178307
1322896141139193860
1322896148651249672
1322896324891713536
1322896350988685312
1322896514381832192
1322896568169713667
1322896677775265792
1322896851314593794
1322896996227756033
1322897041849159680
1322897067530952704
1322897138217553921
1322897192504360961
1322897247114268676
1322897327548370945
1322897394405691393
1322897587901530116
1322897621338542080
1322897700996620290
1322897767379968014
1322897973643157509
1322897994543439872
1322898069835390980
1322898086109286400
1322898267634495489
1322898350493126658
1322898414288424961
1322898442226667522
1322898468625592322
1322898560216637441
1322898598279979008
1322898681876676608
1322898732459859968
1322898820888485888
1322898908561985539
1322899034391089153
1322899118625378306
1322899122135928832
1322899181367906304
1322899223549980672
1322899327690416129
1322899399383678976
1322899672227340288
1322899714296160258
1322899814456188929
1322899827886333953
1322899864750034944
1322899877735632897
1322899898212048897
1322899919779336192
1322899981423022081
1322900026264375297
1322900288877993986
1322900321975341063
1322900351339683841
1322900363666694145
1322900406385725442
1322900431387938819
1322900439726252032
1322900506872786946
1322900705871564800
1322900725127651334
1322900753179156486
1322900955029975040
1323037161608937474
1323037333445332992
1323037341745819649
1323037559434452996
1323037566011117576
1323037680662466563
1323037883310264320
1323038058791489542
1323038108812779520
1323038167956484096
1323038201053851648
1323038201523720192
1323038319027118080
1323038432663236608
1323038645989888000
1323038683684102145
1323038734284214274
1323038763984035841
1323038826613235712
1323039002937667584
1323039011313717250
1323039019144458242
1323039182701223936
1323039359323590658
1323039387693711360
1323039451594002433
1323039497722994693
1323039497613942784
1323039514466476032
1323039598566584322
1323039643957297153
1323039652467646465
1323039904155103232
1323040084472549376
1323040097265160192
1323040110045220866
1323040323518504960
1323040386592444416
1323040584316182528
1323040600703279104
1323040705653059585
1323041045446193152
1323041133258252291
1323041279421370369
1323041736503996417
1323041737472909314
1323041879592755205
1323042005774053378
1323042027005771777
1323042220027584514
1323042231696109573
1323042287161610240
1323042529634213888
1323042600517922818
1323042676606984193
1323042765387624449
1323042794567467009
1323042886557028352
1323042911135543296
1323042995470585862
1323043074805800960
1323043113271652352
1323043150064242688
1323043264161861632
1323043402808729600
1323043402737422336
1323043482009624576
1323043527786401792
1323043620199518208
1323043670619283459
1323043683722096640
1323043817558319104
1323043822025216000
1323043843084705792
1323043909631692800
1323043914048299008
1323043939377586176
1323043972810493953
1323044019149053953
1323044102510845954
1323044111600013312
1323044179325284352
1323044312326832134
1323044337479872512
1323044408694956033
1323044660118540288
1323044706880815110
1323044782017372160
1323044869963698176
1323044928717541376
1323045033927417861
1323045151183458305
1323045168191295489
1323045197589204993
1323045244124995584
1323045277113192448
1323045390883692544
1323045394125905920
1323045574996758529
1323045587277750273
1323045792895086592
1323045805847154688
1323045974252511233
1323045998332182534
1323046359365120002
1323046523106594817
1323046526923366400
1323046568929464321
1323046743181791232
1323046791001088001
1323046884651507712
1323047034312663040
1323047072346505216
1323047085306974209
1323047185194385409
1323047353348202496
1323047504443809792
1323047732920156167
1323047750573895681
1323047823626022912
1323047906753085443
1323047928089452544
1323047940714340356
1323048053440454657
1323048120591261697
1323048184097243136
1323048238056796160
1323048259913474053
1323048402314092544
1323048431376453634
1323048590143418369
1323048619931435013
1323048624440274944
1323048762680483841
1323048820717068288
1323048926346420225
1323049068621422592
1323049093665558529
1323049144458616832
1323049394795618305
1323049593291051012
1323049718348468225
1323049983466180608
1323050197317017600
1323050226421256198
1323050457242087425
1323050608174223367
1323050629237977088
1323050927146885121
1323051082130620416
1323051350628929536
1323051493101084673
1323051529314750464
1323051596801073152
1323051643957514240
1323051694838685696
1323051719731924993
1323051895922036736
1323051921318531078
1323052029770686469
1323052038389960705
1323052059789205504
1323052126214320128
1323052160297455616
1322871252483190784
1322871327930388487
1322871378501140485
1322871691719135235
1322871792374059010
1322871814972985344
1322871962448834562
1322872187976585216
1322872313092558849
1322872438380777472
1322872465362735104
1322872518982705154
1322872590852100097
1322872880556814337
1322872909057167360
1322872975423582210
1322873016926298116
1322873017601527808
1322873189693874182
1322873257666715649
1322873270287233025
1322873314734428160
1322873323106324496
1322873345352912899
1322873532729221121
1322873718700449792
1322873856298766338
1322873873277341698
1322873911730704391
1322874167902064642
1322874242837278720
1322874276047970304
1322874313498918913
1322874440380809217
1322874778424926208
1322874791158833152
1322874799463518213
1322874879679500288
1322874971564244997
1322875157086523392
1322875165294895107
1322875191228334081
1322875241031520261
1322875328700862464
1322875401019019268
1322875588231811072
1322875698458091521
1322875754976337935
1322875818750713856
1322875852372193280
1322875971066687492
1322875995385376768
1322876058820087808
1322876108723933184
1322876113731887104
1322876132270637056
1322876439553888257
1322876452270911489
1322876487754747904
1322876494595719170
1322876553009745926
1322876646710456320
1322876919298314240
1322876972477931522
1322876993482928128
1322877011099066370
1322877068972040193
1322877106922135554
1322877155773083648
1322877278435631105
1322877324493291522
1322877367988072454
1322877468332773377
1322877509478674432
1322877786382606338
1322878131292819458
1322878294300282883
1322878361354555392
1322878432326393856
1322878483345903616
1322878524135407616
1322878629697646593
1322878708886261760
1322878750887878656
1322878943431569408
1322878948905287680
1322878969239187456
1322879015573721089
1322879212970233858
1322879236940713985
1322879593540440064
1322879623693291520
1322879678286303232
1322879757265108992
1322879820745814019
1322879991118376962
1322880236434980865
1322880257339363328
1322880814229659649
1322880835356418063
1322880919821258752
1322881254602215427
1322881272709029889
1322881413276905472
1322881687538327553
1322881713983336448
1322881766747709441
1322881920162779136
1322882198639443979
1322882295032893440
1322882426855739393
1322882836010016770
1322882928779689984
1322882961948200972
1322882962254368768
1322883059360976896
1322883314613669888
1322883385413521416
1322883452694274049
1322883502975700992
1322883518683353088
1322883575394553858
1322883867762712576
1322883896892162049
1322883956937682964
1322884107362328579
1322884291412545543
1322884328871874560
1322884589094842368
1322884736407244805
1322884790320771073
1322885003014004736
1322885005249552385
1322885021385056256
1322885142915014656
1322885319386189825
1322885324394188800
1322885469173067776
1322885714430857217
1322885823088390144
1322885843128786948
1322885868315660288
1322885906282459136
1322885952566665219
1322765374371340289
1322765836411498497
1322765929378447360
1322765994889105410
1322766075600216064
1322766181833543680
1322766351568674823
1322766380958064641
1322766494422372353
1322766676295897090
1322766754205081600
1322766954927583232
1322767006668595205
1322767015564726272
1322767152714149888
1322767274466574337
1322767367651426304
1322767380968218624
1322767401314930689
1322767506268778496
1322767510807093249
1322767584295571461
1322767682890944514
1322767731737858048
1322767920628420608
1322768071111647233
1322768117311905792
1322768306064019456
1322768340973101056
1322768375823564801
1322768461911650304
1322768467032944640
1322768567239086080
1322768685539405825
1322768952930521095
1322769037508677632
1322769073973927936
1322769268023447552
1322769280786558976
1322769351863373826
1322769434755420161
1322769528372269056
1322769876386258945
1322769888809607168
1322769973060734976
1322770000957132800
1322770018472546305
1322770102333288448
1322770107081261063
1322770253236023298
1322770328376979456
1322770404163899393
1322770634187792384
1322770670942638082
1322770720229793793
1322770920755351552
1322771259113971714
1322771297378705408
1322771426701578240
1322771444502306823
1322771478388068352
1322771549968044032
1322771565235249153
1322771586936524800
1322771607681667073
1322771766452912129
1322771852129832960
1322771859633569792
1322771896992034819
1322771964528939008
1322772035576107009
1322772107407904772
1322772121467068418
1322772279789453312
1322772307920736257
1322772526582419456
1322772774910263299
1322772888378777600
1322773013687840768
1322773196257439744
1322773295062749186
1322773306072850432
1322773796609142784
1322773844805906432
1322773974695096325
1322774174696267776
1322774293705641991
1322774381257351170
1322774631779078144
1322774644600918016
1322774888038367233
1322774909949366274
1322774921123106816
1322775001544622080
1322775080791801856
1322775156272492544
1322775156759015425
1322775173032939521
1322775186052161536
1322775243920793600
1322775316213997570
1322775416965419008
1322775445398417408
1322775458069532678
1322775474674704384
1322775535081193472
1322775551925538817
1322775600638107648
1322775622603612163
1322775660067131392
1322775890493808640
1322775966599376896
1322775994244177920
1322776118206910464
1322776130697527296
1322776205167222785
1322776327183880192
1322776343730442241
1322776356447490053
1322776411338203136
1322776453239336960
1322776663105687553
1322776690607693825
1322776713063886848
1322776787047215104
1322776860095336448
1322776892131475465
1322777049447174145
1322777107026505728
1322777186445586432
1322777275146727424
1322777333619662854
1322777682342563841
1322777728945254400
1322777877734170626
1322778000396488706
1322778054612013056
1322778280005521409
1322778525414367232
1322778537946980352
1322778574051565568
1322778675218014208
1322778730146766848
1322778897734225920
1322779032836956160
1322779233433866241
1322779301012451328
1322779397745618950
1322779671470235648
1322779816110804993
1322779928949977089
1322780062798630913
1322780172018503680
1322780207577784321
1322780213961523200
1322780249193619456
1322780347738648578
1322856048919781376
1322856153378934785
1322856254604128256
1322856488461914112
1322856492329029633
1322856599829045249
1322856759153885184
1322856811205173253
1322856819484729345
1322857014008160258
1322857060183277568
1322857118316130304
1322857225476435968
1322857288424546305
1322857516267642880
1322857576824930305
1322857609481900056
1322857712733081600
1322857724472938497
1322857737890467840
1322857785097363461
1322858062869385216
1322858387885985792
1322858423076073472
1322858468320137217
1322858623052242951
1322858829160173572
1322859123344592896
1322859181150449664
1322859353112760321
1322859633191620609
1322859715056062471
1322859722811142145
1322859740834181120
1322859855275646977
1322859969423790082
1322859974842748930
1322860247585820677
1322860459700137986
1322860519817138176
1322860643742081024
1322860674394054656
1322860703854653440
1322860749656653829
1322860867017445381
1322860977142984705
1322861072349626368
1322861116041682944
1322861261642715137
1322861583861714944
1322861861759496192
1322861915174014980
1322862070266687488
1322862071311179776
1322862150981922819
1322862495615356928
1322862561637912576
1322862711898804224
1322862839460065280
1322862959828389890
1322862969127055360
1322863009967017989
1322863200740745218
1322863253895159808
1322863257124851713
1322863365740466178
1322863408778301440
1322863547018174464
1322863594611105793
1322863628047900674
1322863643197931521
1322863664538464258
1322863732243005440
1322863749213134849
1322863768519528450
1322864242568142849
1322864290194481152
1322864399598628864
1322864567697862656
1322864618050564097
1322864746757038082
1322864864373723137
1322864919268663297
1322865182188724237
1322865307405455366
1322865375772631040
1322865543247024128
1322865845262045184
1322866026925772800
1322866046546681856
1322866080638009344
1322866094730862593
1322866260988841985
1322866268123197440
1322866545459036161
1322866705316675584
1322866784182161408
1322866911022059523
1322866915757428739
1322867094279520256
1322867149568987137
1322867237062119429
1322867294117253121
1322867536170536962
1322867544886284290
1322867632710819841
1322867741817245696
1322867942854397961
1322868013029298183
1322868063767650306
1322868182646886400
1322868505281093633
1322868557441454082
1322868564374614016
1322868575963652099
1322868579033927681
1322868627113152522
1322868710814765059
1322868731744235526
1322868793362829313
1322868976251273216
1322868982953644033
1322868986204299264
1322869055221604353
1322869151203950592
1322869155402534912
1322869172251090949
1322869209613979648
1322869222649651200
1322869251019960320
1322869254572617731
1322869381085483014
1322869386139430914
1322869432851423232
1322869537361059847
1322870207849893888
1322870351521603587
1322870485118537730
1322870538793111553
1322870719571726342
1322870739507306499
1322870962283577347
1322780583580356608
1322780671413260289
1322780768339374080
1322780781664677889
1322780860395958272
1322780973826670593
1322781019666321408
1322781073508478976
1322781258468962305
1322781355130810369
1322781423753928704
1322781493551267840
1322781519547523073
1322781523339210752
1322781544805621762
1322781572987170816
1322781820748877825
1322781981621460994
1322782099250794496
1322782119039414274
1322782141130964993
1322782176593805312
1322782219979685889
1322782269174554631
1322782526952321026
1322782812466892800
1322783008198291457
1322783146794835968
1322783310204956678
1322783310842658817
1322783372045918208
1322783493764583424
1322783498512429056
1322783553948626947
1322783586353778688
1322783633225101312
1322783687625363457
1322783751697387520
1322783754088337408
1322783804034043904
1322783817741074432
1322783911026466816
1322783940319580163
1322784230020161536
1322784354536316929
1322784379333009410
1322784382956916737
1322784636171243520
1322784678965874688
1322784828480229376
1322784886143520768
1322784999372955652
1322785266076176384
1322785291313180677
1322785340013350912
1322785440013930496
1322785498801283074
1322785726300381186
1322785965539168259
1322786047902834689
1322786054030721030
1322786054638850048
1322786073718738944
1322786452439212034
1322786461318553601
1322786493950316544
1322786623071858689
1322786652587204608
1322786666461995008
1322786719440228353
1322786854320644096
1322786989310201858
1322787132566573056
1322787169602330629
1322787222848876544
1322787227022381057
1322787353971224576
1322787378315100160
1322787429523345409
1322787483613073408
1322787636465971200
1322787722533036032
1322787924908347392
1322788018458107904
1322788044974424065
1322788065769852928
1322788224821989378
1322788242807267328
1322788355822800896
1322788399384846338
1322788671574155264
1322788776519831554
1322788801123651584
1322788881394135041
1322789006988480512
1322789111829131264
1322789191164506112
1322789249880449024
1322789332952870913
1322789404851736576
1322789442671828992
1322789471620722688
1322789641267814401
1322789765834485764
1322789836915290112
1322789959196168192
1322789961997807616
1322790416765259776
1322790436914810880
1322790506498297856
1322790524366032896
1322790544347602945
1322791030417199105
1322791120850591744
1322791243215065089
1322791448060686336
1322791538632527872
1322791576716734465
1322791678701424640
1322791970725646338
1322792027344556034
1322792074094272512
1322792144759828481
1322792160974966789
1322792372992909315
1322792404978749441
1322792549417771008
1322792652664791040
1322792663465160705
1322792739222687745
1322792919129116673
1322792924099289088
1322793227263582214
1322793339452882944
1322793381060173824
1322793543996379136
1322793548903862272
1322793556147236864
1322793589643116544
1322793594147819522
1322793607976357888
1322793635910332416
1322794006028423176
1322794079227445250
1322794177105518593
1322794189688483840
1322794331732729857
1322794591096066048
1322794661556023297
1322794839348400128
1322794902183464961
1322794976007409670
1322795168982921219
1322795181217734656
1322795397761265666
1322795434759303168
1322795452878577664
1322795528124534784
1322795552002768897
1322795552610963457
1322795668570808320
1322795904911384576
1322795984804474880
1322796048172019713
1322796055386230784
1322796613576904710
1322796666072813570
1322796802060374016
1322797029425254401
1322797168479084544
1322797243066392577
1322797412159680513
1322797643681001475
1322797769808089088
1322798156027891712
1322798184763060224
1322798246859804673
1322798274412187650
1322798296679800837
1322798336374693888
1322798341793714176
1322798360722575360
1322798557490008064
1322798601844584449
1322798638179995648
1322798734116356096
1322798871874048000
1322798951041388544
1322799088388182016
1322799140905111552
1322799288561315840
1322799367187656705
1322799439594082304
1322799563304955905
1322799648168464391
1322799692816809985
1322799847465013249
1322799923587293184
1322800038041559040
1322800042240053248
1322800182229164032
1322800217402429440
1322800233768734720
1322800286419898369
1322800353864200192
1322800491441590272
1322800657976479744
1322800770182426626
1322800776746618881
1322800810636374017
1322801060176490498
1322801149078986753
1322801190179119106
1322801303047852035
1322801331531370500
1322801390817734656
1322801418412019712
1322801452486569984
1322801783186563073
1322801794913914882
1322801968176386049
1322802092298424321
1322802377964081152
1322802504216711169
1322802551507554305
1322802600098500610
1322802635968139267
1322802654452604928
1322802840859930625
1322802863249248257
1322802894421327872
1322802924930633728
1322802948775284738
1322802964625530880
1322803241923477505
1322803309179273216
1322803477257637888
1322803513605431296
1322803598351245312
1322803681184677889
1322803685710131200
1322803693322821635
1322803861569097729
1322804065571667970
1322804145355583488
1322804160505413632
1322804217954758656
1322804260019470339
1322804509358346240
1322804782973607937
1322804992106004480
1322805180643962880
1322805255688622085
1322805307936964610
1322805407992160256
1322805425079611394
1322805519116050438
1322805552511004673
1322805575198121985
1322805903603732480
1322806041126469632
1322806049984909312
1322806204129828865
1322806275382693889
1322806541708369920
1322806619743395840
1322806726253568000
1322806752363118594
1322806769995948033
1322806806624772096
1322806880557768704
1322806931183017985
1322807040830562304
1322807060485054465
1322807112532062209
1322807120471842816
1322807149928435712
1322807197550678017
1322807256883228676
1322807265326297089
1322807474919976961
1322807545132650496
1322807580746461185
1322807645984739328
1322807677458751491
1322807854370312194
1322807906094469120
1322808086457974784
1322808450120851458
1322808496077811713
1322808656363053056
1322808934009364480
1322808985276370944
1322809019610910720
1322809041781837827
1322809100908990464
1322809260892286981
1322809494166929410
1322809557790457857
1322809668960477190
1322809738795634688
1322810085509373952
1322810155130642433
1322810165763076099
1322810358613114881
1322810528851349506
1322840803136471041
1322840881381212160
1322840960842178561
1322841214622851077
1322841251167707136
1322841358323851264
1322841370998894592
1322841414951182338
1322841516423802881
1322841765066530817
1322841845722853376
1322841862592466945
1322841876236480512
1322841892011282432
1322841921010753544
1322842425321234432
1322842438256513035
1322842507558834176
1322842617944616961
1322842932496519169
1322843066533728256
1322843082891665409
1322843257404116992
1322843363054411776
1322843425918623746
1322843507934056448
1322843565043544064
1322843610455461888
1322843639043649536
1322843673323659268
1322843864558952459
1322843984616660997
1322844000278163456
1322844258831749122
1322844410980274179
1322844429930156033
1322844567125794821
1322844651624275982
1322844904129761283
1322844912644055040
1322845110485295119
1322845583875411969
1322845590674395148
1322845828596207616
1322846298593206272
1322846318503612417
1322846415161303043
1322846446819954688
1322846769810567168
1322847000468008961
1322847121708560384
1322847194240716802
1322847230638858241
1322847241632124929
1322847249676861441
1322847399895732224
1322847451288653824
1322847882542809088
1322848004311781376
1322848046749782016
1322848115624390656
1322848149333921792
1322848159098392579
1322848239821955073
1322848259908448257
1322848419589795842
1322848513932234752
1322848552754810880
1322848949242339329
1322849212892123136
1322849346635894785
1322849350389796867
1322849356895129600
1322849357356503041
1322849392701984774
1322849413258113024
1322849436410781697
1322849487774244865
1322849491922407425
1322849513342685184
1322849526231654404
1322849681706278912
1322849818922942464
1322849950062071809
1322849969791922176
1322850082828488706
1322850829079109635
1322850932372156416
1322851087033008128
1322851216485838848
1322851249536921601
1322851266826035202
1322851372346363904
1322851420731699200
1322851614596624384
1322851954809311233
1322851983850692609
1322852077626863616
1322852197483352065
1322852239396892672
1322852276529209344
1322852330191134720
1322852456301092865
1322852600509878272
1322852630423572482
1322852672966414337
1322852688506150913
1322852930307936256
1322853121521975297
1322853124252540928
1322853207677276161
1322853278900719621
1322853397666516992
1322853582379634689
1322853606450606080
1322853914073460736
1322854021674291201
1322854032252248064
1322854052666003456
1322854131808305152
1322854173805666306
1322854254013517824
1322854409106300928
1322854462218797057
1322854597434707968
1322854744461770753
1322854763256442880
1322854784534269953
1322854844009345024
1322854897428144128
1322855035408158721
1322855179310538758
1322855195655737350
1322855239217827840
1322855253054816256
1322855473318645762
1322855520190025732
1322855622237409285
1322855749815590914
1322855805809471489
1322810631100239873
1322811260099043328
1322811375916232705
1322811420770291712
1322811660617351169
1322811676387807232
1322811770008907782
1322812021545574401
1322812305512386562
1322812386726666241
1322812512656609281
1322812707029065728
1322812709382037504
1322812836809121793
1322812936033869824
1322812937132777473
1322813012206497792
1322813025523412993
1322813072893833216
1322813152770334722
1322813351018180608
1322813463354290176
1322813648532889605
1322813712814788609
1322813713842376705
1322813756473184256
1322814116013113344
1322814451075239940
1322814481387286531
1322814601780748289
1322814687642296320
1322814799860899841
1322814885521051650
1322815066656432128
1322815266313523200
1322815359515320320
1322815484832763904
1322815535394877440
1322815575706398720
1322815582530580480
1322815662461505536
1322815816065146882
1322815899410305024
1322815927713366017
1322816127794335745
1322816172455305217
1322816301807579137
1322816414747676672
1322816498868604929
1322816595190812674
1322816607765278722
1322816746001059840
1322816839647326209
1322816986687025153
1322817139670241280
1322817417614028801
1322817579682062336
1322817597935681537
1322817734292447233
1322817741208911872
1322817926529871872
1322818258886516737
1322818361659711488
1322818418932916225
1322818426293776384
1322818692489617414
1322818751327313921
1322819017053261824
1322819128772628480
1322819167205134336
1322819250537467905
1322819321760894976
1322819356498210816
1322819410088792065
1322819431827968000
1322819524283039744
1322819573976977408
1322819607074344962
1322819610048139264
1322819772564803584
1322819972612059139
1322819974138716166
1322820062751850497
1322820191831678977
1322820425546715136
1322820511882162176
1322820654215782400
1322820790035730432
1322821074929750016
1322821111927562241
1322821189673299969
1322821617035091968
1322821670344773632
1322821757149999104
1322821833910005763
1322821870446628868
1322821921583616000
1322821986209464325
1322821996225433601
1322822213502930944
1322822295161896961
1322822428414926848
1322822452230107136
1322822491476250630
1322822546161573888
1322822562745741312
1322823039243980800
1322823260992643073
1322823319255715841
1322823564270149635
1322823637083312128
1322823646608416768
1322823793497108481
1322823892319154176
1322824006479826945
1322824153271996417
1322824182636359680
1322824209672884224
1322824256846180352
1322824394838806529
1322824421606907905
1322824583687200768
1322824597520015360
1322824846057889793
1322824884611928064
1322824915737808896
1322825055554932738
1322825149763088385
1322825246559424515
1322825247704387584
1322825489208152064
1322825605415641088
1322825661665497089
1322825814782681090
1322825944172736512
1322825975558713344
1322825996580593664
1322826158149263361
1322826204852965376
1322826328048128000
1322826637071798272
1322826864046596096
1322827064181837824
1322827174479421440
1322827568857419777
1322827575354380289
1322827619499270145
1322827691314348032
1322827726361923584
1322827814408581120
1322828284187455489
1322828310032822273
1322828361538756609
1322828527507398657
1322828538022645761
1322828582318706688
1322828606209462272
1322828746299158533
1322828789542391808
1322828830810214403
1322828885508026368
1322828980492423170
1322829007226916864
1322829919227912193
1322829941151510530
1322830010793762816
1322830041093414912
1322830179862020097
1322830180457603072
1322830212128743427
1322830264393895937
1322830295163392001
1322830447223734279
1322830451061395456
1322830458820816896
1322830563628240898
1322830854620667911
1322831056844836869
1322831179041656844
1322831247249416194
1322831248746782720
1322831451704954880
1322831506293858312
1322831660757504001
1322831718550700032
1322831868237139968
1322831876877393920
1322832013594865664
1322832170692521984
1322832194872565760
1322832205765369856
1322832214619574272
1322832252481556481
1322832264250753024
1322832452671426567
1322832650114113537
1322832825696063488
1322832951843999745
1322832979534774276
1322833017879101440
1322833157280944134
1322833387501940738
1322833502962814977
1322833525788299265
1322833545996324864
1322833737361559553
1322833843317960704
1322833910250819584
1322834121664696321
1322834308801929224
1322834375751380993
1322834445498417152
1322834614067449856
1322834998286843904
1322835007300403203
1322835043526561793
1322835139131527169
1322835297248464898
1322835329078956032
1322835389489451008
1322835396678586373
1322835460029214720
1322835462155833349
1322835509098532864
1322835633367322624
1322835848090583040
1322836136834727937
1322836289901617152
1322836353386762241
1322836414371946496
1322836486492950533
1322836772112396288
1322836807747276800
1322836834100137985
1322837005278105607
1322837148484177920
1322837252939096070
1322837258945368064
1322837356139941889
1322837491410456577
1322837495550193665
1322837646020874240
1322837691990331392
1322837762224128005
1322837769610240001
1322837925709623297
1322837946194665474
1322838046560104448
1322838057016467456
1322838179951611910
1322838203708153856
1322838559968137216
1322838564070109184
1322838707624357897
1322838722715525120
1322838879842537473
1322839150127730694
1322839254855225344
1322839266884489217
1322839275998773248
1322839469637029888
1322839607365521408
1322839887939162112
1322839915457961985
1322839987642077186
1322840033276030978
1322840044714008582
1322840498256728064
1322840611884552192
1322840658676224006