1323852484775944193
1323852487519014912
1323852623087345664
1323852692926668802
1323852747528146945
1323852768440803328
1323852932064792577
1323852940931719169
1323852995231174656
1323853074784489472
1323853124772098048
1323853238395949056
1323853435372924929
1323853444025901056
1323853519397572610
1323853636766760967
1323853783588392960
1323853913842438144
1323853930317582336
1323854008608415746
1323854026299961345
1323854043731513344
1323854068708790272
1323854722751606785
1323854815282167808
1323854945209241600
1323855066990813184
1323855209890799617
1323855226395271170
1323855297870471170
1323855360944345090
1323855532948623360
1323855684350451713
1323855766680424448
1323855826453483520
1323855901682503686
1323855981449678848
1323855985895706625
1323855994091261952
1323856178464481284
1323856241358241793
1323856388469174272
1323856489094746119
1323856497420414976
1323856568631332865
1323856577158356992
1323856581335810050
1323856669286240257
1323856736651018241
1323856975541817346
1323857051181703168
1323857092948553728
1323857172657328129
1323857197651152897
1323857264663388161
1323857537439948802
1323857558419943425
1323857608772636672
1323857659452223488
1323857881695965186
1323858166476640263
1323858233849643014
1323858300803321857
1323858313499607041
1323858514721329152
1323858539866021889
1323858564222386176
1323858569402454016
1323858661584883712
1323858825435402240
1323858929932263424
1323859135553773570
1323859240629555206
1323859290885672961
1323859433282277378
1323859525674426368
1323859538395586560
1323859555080564736
1323859584235175936
1323859814892666880
1323859848644096004
1323859928180809728
1323860289083813893
1323860297359216643
1323860364870778880
1323860400148983808
1323860439973928960
1323860440284340225
1323860733705084929
1323860804832161792
1323860939070988289
1323860964404613120
1323861069455118338
1323861228536713217
1323861463568711681
1323861526290288645
1323861618560770048
1323861773926211584
1323861857795530752
1323861912342433793
1323862285799010304
1323862314836127745
1323862407278661638
1323862545397141509
1323862629715079170
1323862771973431297
1323862929733681153
1323863057118842884
1323863111397380097
1323863254200913920
1323863350867013633
1323863351026278401
1323863397981659138
1323863539585409025
1323863547995213826
1323863624931282945
1323863749527171072
1323863866833620994
1323863928800071680
1323863962509824000
1323863971112300545
1323864018034053120
1323864030243684352
1323864053173886977
1323864070651584512
1323864078855606273
1323864111382433793
1323864118156120064
1323864146539122689
1323864154248253440
1323864193876021249
1323864202260307971
1323864226470023173
1323864275589439488
1323864282056945665
1323864290214948865
1323864300658806784
1323864301887803393
1323864323874295811
1323864325342302210
1323864348297777153
1323864349295833091
1323864357546184704
1323864365712506880
1323864403553505291
1323864412298612737
1323864450617679873
1323864464052101121
1323864474877480960
1323864478845489152
1323864500135747587
1323864514887114755
1323864554519089153
1323864558474153984
1323864586349645824
1323864588698308608
1323864602367549442
1323864608160010240
1323864630415052801
1323864747331211264
1323864756537692161
1323864812812644354
1323864880999395328
1323864883251814402
1323864897067757568
1323864902923132928
1323865031490981889
1323865034385182721
1323865056161853442
1323865071416680454
1323865098293792769
1323865143185461250
1323865165272502272
1323865233983766529
1323865244347805697
1323865301453172738
1323865315118383105
1323865342372945923
1323865415613894656
1323865421125136384
1323865430503641088
1323865470185934849
1323865511025876994
1323865577874726915
1323865577937530881
1323865598942613505
1323865613870288896
1323865646753632256
1323865653367861248
1323865707252228096
1323865796188295168
1323865811187019783
1323865896914505730
1323865911539900416
1323865917705564160
1323865924877848578
1323865939465641984
1323865956213493763
1323865979630297088
1323865984780951553
1323866056021200896
1323866093648142339
1323866225559146498
1323866314927083521
1323866319046004739
1323866359567065088
1323866404555231235
1323866434959650816
1323866450805874691
1323866489229889536
1323866546205192198
1323866560969105408
1323866569403887621
1323866642716262400
1323866758713921537
1323866766347522048
1323866768863944704
1323866782566916099
1323866817606098945
1323866890180190208
1323866894156226561
1323866970509529090
1323866995675324419
1323867053674106882
1323867085320146946
1323867091875684354
1323867104899158016
1323867119478431748
1323867129226043393
1323867142408777730
1323867173564141570
1323867178697830400
1323867210872430593
1323867234624626688
1323867275552718848
1323867311082786820
1323867318619955200
1323867362165141506
1323867398236155904
1323867544743075841
1324109149551079424
1324109252034781184
1324109417613271046
1324109427046289410
1324109509976035328
1324109522332381184
1324109531358597121
1324109548014227459
1324109556390240257
1324109584244592640
1324109585549086720
1324109710220427264
1324109718349074433
1324109724103581698
1324109912927047685
1324110000965459968
1324110031017705483
1324110059836596224
1324110165184897024
1324110177121923072
1324110235452297220
1324110245329686528
1324110247426928641
1324110366108913665
1324110382580011016
1324110408576196608
1324110454285869058
1324110535093202944
1324110546287890432
1324110596812558337
1324110655419461633
1324110684657979392
1324110933971537920
1324111020290355200
1324111125290479618
1324111368602050560
1324111432380604416
1324111502371131394
1324111516258492418
1324111593978908680
1324111610131193856
1324111685708374016
1324111695388835841
1324111817170280448
1324111942089408518
1324112081399042051
1324112341408141313
1324112369858076673
1324112395967647746
1324112463130931201
1324112606240641026
1324112710422958083
1324112823752957953
1324112886805991426
1324112940996415493
1324112957970829314
1324113033178865664
1324113094663114753
1324113104326852608
1324113130180542470
1324113327224598535
1324113376491020290
1324113499363135495
1324113524554170368
1324113545034899456
1324113606821236737
1324113652702613504
1324113708889550849
1324113733598224388
1324113751474360323
1324113822089728006
1324113903228518404
1324113989987635202
1324114073643077632
1324114153385172992
1324114244623847424
1324114416158171136
1324114462568189953
1324114533175169028
1324114598786670595
1324114704936128516
1324114752373751816
1324114950231646209
1324114979193122816
1324115025775058944
1324115063402278913
1324115098424717314
1324115134902657025
1324115167286800385
1324115289999507457
1324115302553161737
1324115503913328640
1324115529213251585
1324115648272805888
1324115696901644288
1324115738823548928
1324115862345945088
1324115928074780672
1324115961197330432
1324115992839114752
1324116040771641344
1324116048124223489
1324116090113323008
1324116107767255045
1324116108115234817
1324116288059379714
1324116330409349120
1324116347144515586
1324116376542277632
1324116970044854272
1324116971361689600
1324116986922782720
1324117154699091969
1324117248668246016
1324117269648154637
1324117278158368769
1324117458412806144
1324117915726012417
1324117940816564224
1324117966938660867
1324117998735663104
1324118145641123843
1324118192701190151
1324118326411493377
1324118406526881793
1324118536302768128
1324118611909320704
1324118658067714053
1324118674756767747
1324118678422642690
1324118691613736963
1324118800627834885
1324118847788646403
1324118865807351808
1324118968458743810
1324119002109616135
1324119161451282432
1324119173878980608
1324119178261880832
1324119278883381253
1324119329542004736
1324119367085379592
1324119408986345472
1324119471934504962
1324119744362917890
1324119788029923333
1324119890815447040
1324119894540062721
1324119926521667585
1324120172303585281
1324120256038789123
1324120264486117376
1324120277060620288
1324120310543777793
1324120589330747392
1324120595794190338
1324120600122658818
1324120684201676806
1324120692023984128
1324120709275308035
1324120805832228865
1324120862610608130
1324120948338003971
1324120952393863171
1324121027916533762
1324121098917728256
1324121122137378816
1324121220741300224
1324121264924037126
1324121294699261953
1324121342195732481
1324121774259376129
1324121791112093696
1324121795532869635
1324122143735644162
1324122155945086977
1324122336770035713
1324122487718924289
1324122487161032705
1324122543893159937
1324122822915039232
1324122842473123840
1324122919677485057
1324123007409901568
1324123109922803713
1324123515864469504
1324123552719769601
1324123577042395136
1324123599008006144
1324123678846652416
1324123703840546816
1324123810384281601
1324123871553953794
1324124001736613888
1324124039565045761
1324124127238754305
1324124127481929729
1324124186164535296
1323867554440503296
1323867557565239296
1323867580935798786
1323867631707779073
1323867654063591427
1323867738134081537
1323867754496221187
1323867810418905088
1323867830199242759
1323867838340308992
1323867844916948992
1323867880690102272
1323867957018189824
1323868072227172353
1323868140749639682
1323868251638521856
1323868469947891713
1323868483529134082
1323868572624584706
1323868637254410241
1323868640718934016
1323868663414444036
1323868664974745600
1323868664878129152
1323868673464033286
1323868673749123073
1323868776127868928
1323868781756764161
1323868834533572609
1323868878997458944
1323869007242473473
1323869048334094337
1323869050305421313
1323869060300374017
1323869081125072896
1323869089354448901
1323869117955428355
1323869135638425602
1323869176646242304
1323869178718261248
1323869292727881733
1323869363989078018
1323869487045742592
1323869503638376452
1323869507908112385
1323869563008606208
1323869613352841216
1323869690033307649
1323869696601452545
1323869854303055872
1323869899094044672
1323869977695428612
1323869979427569664
1323870092656926720
1323870501639389185
1323870561970302980
1323870594283307008
1323870595621265408
1323870657210437634
1323870682141261824
1323870722163412992
1323870776651599872
1323870811820883968
1323870819462897665
1323870909011316742
1323871047154688000
1323871097566146562
1323871218370596864
1323871286406336512
1323871289770090498
1323871315779112960
1323871377657614336
1323871454115426304
1323871454073659393
1323871685918007296
1323871802209259521
1323871940868792320
1323872007776251905
1323872293018345472
1323872331379302406
1323872347800047618
1323872385208971264
1323872422618161153
1323872516151148544
1323872557314048002
1323872840739770369
1323872866421661701
1323873064644448262
1323873073133723648
1323873120449486848
1323873144633962496
1323873169590112260
1323873319926550528
1323873350121390082
1323873459106123779
1323873610184970240
1323873685527289858
1323873731324841986
1323873903576522752
1323873911847702529
1323873941555978240
1323874008627056641
1323874012859125762
1323874016986320896
1323874060242137088
1323874130119127040
1323874231197835265
1323874289406431232
1323874298948472833
1323874444889247745
1323874524534886400
1323874549780357121
1323874564728913928
1323874650472898560
1323874856975372288
1323874879792386048
1323874914789658625
1323874952509095938
1323874960587239424
1323875145245753344
1323875145329639424
1323875192473616386
1323875266628853761
1323875274681917440
1323875451400450068
1323875477879095296
1323875581226852353
1323875614785372160
1323875770507370496
1323875816372133888
1323875829852610561
1323875866640830464
1323875896168767490
1323875912643940353
1323875984110620672
1323876017770008576
1323876118143795200
1323876319713779712
1323876378450792448
1323876668197474304
1323876697041633280
1323876760144896002
1323876864751030272
1323876895600115715
1323876929204756481
1323876990781394944
1323877091427966978
1323877171287515137
1323877259384672256
1323877330935193601
1323877363944312833
1323877412166275072
1323877466570547201
1323877494211031040
1323877657524817920
1323877695244046336
1323877724549730304
1323877926169956352
1323877938798845952
1323878130352836608
1323878244995792897
1323878283537227776
1323878374712975362
1323878383244267522
1323878693563977730
1323878698009960449
1323878714980077569
1323878886632022017
1323878915895603202
1323878919980765184
1323878991481241601
1323879008229036032
1323879015967526917
1323879062742454274
1323879255923519494
1323879415063990272
1323879490766909441
1323879624959545344
1323879637408251905
1323879792425365504
1323879930619432963
1323879972898021376
1323879981253070849
1323879993798234112
1323880178775326720
1323880182311104516
1323880241194958848
1323880302566137856
1323880476923277312
1323880581076340736
1323880635556110337
1323880879110803458
1323880883191951360
1323880904289325057
1323880996316524550
1323881006663929856
1323881105171177472
1323881230924804097
1323881239485493252
1323881248314437632
1323881373782990849
1323881398143508481
1323881768210980864
1323881795880914944
1323881885617934337
1323881944388497408
1323882124487909377
1323882141676007424
1323882221300690947
1323882222441693184
1323882338737152001
1324124354603552769
1324124399763562496
1324124416985321472
1324124446156869632
1324124463311417345
1324124511223119873
1324124807148015617
1324124865729863680
1324124890933452800
1324124985124921345
1324125035221577728
1324125091962232834
1324125192826818565
1324125250498531328
1324125314407161857
1324125373282484224
1324125859528265729
1324125897226637314
1324126249929732097
1324126257907466243
1324126279206141953
1324126279399018497
1324126361158647808
1324126451000594432
1324126530520436738
1324126860431773698
1324126870577827842
1324126884548980736
1324126960382058496
1324127074236452864
1324127108927528963
1324127193358884865
1324127235444494338
1324127285805522944
1324127373688713224
1324127384111493120
1324127891492392962
1324128074435276804
1324128133193244678
1324128250268889089
1324128309274386434
1324128414190678022
1324128443487977476
1324128447078277122
1324128476631281664
1324128636199456771
1324128673537118219
1324128686589837312
1324128686459789319
1324128711608852480
1324128738754228230
1324128778373767175
1324128858497556483
1324128861114691584
1324128938344394754
1324129101993500672
1324129230188351489
1324129261385445376
1324129521457573891
1324129529653194752
1324129559218827265
1324129579712290817
1324129655574695936
1324129710234882048
1324129793844064259
1324129894612127744
1324130117858349057
1324130266131144704
1324130420120711169
1324130460809809922
1324130656838950913
1324130787025952770
1324130836032098304
1324130842936004609
1324130940969316352
1324130964059152387
1324130972745564167
1324131028840206340
1324131092601909249
1324131140320591872
1324131148579090439
1324131194875875328
1324131203327414272
1324131270276907010
1324131303852310531
1324131324865794053
1324131324865748993
1324131382222901251
1324131442318888968
1324131462866735106
1324131531162591232
1324131555434852352
1324131585461923840
1324131752701579275
1324131756866416641
1324131899573297152
1324131924764430337
1324131937167069184
1324132006897373185
1324132038115512320
1324132071636455424
1324132075373391872
1324132132529295364
1324132331649748994
1324132453171240971
1324132453368422409
1324132549510238213
1324132562164396033
1324132570573926400
1324132654569185282
1324132683908177924
1324132704720429057
1324132708965060608
1324132752279674885
1324132881946607617
1324132910207819777
1324132920366419968
1324133080009969666
1324133105188392964
1324133191276548096
1324133250026164224
1324133262554484740
1324133420931469314
1324133445233078272
1324133445539258369
1324133455123210240
1324133522588766208
1324133577206992899
1324133602699870210
1324133634685763587
1324133683553431552
1324133789321306112
1324133870766350341
1324133884389429249
1324133895999262724
1324134097472659458
1324134101364862976
1324134128342609922
1324134162077491201
1324134192071004163
1324134382672748547
1324134458644115459
1324134609060286464
1324134636159668224
1324134705243942912
1324134726647631872
1324134911004024832
1324134948723412993
1324134990259638272
1324135036606537728
1324135089987592195
1324135095490535424
1324135212792582145
1324135213119819776
1324135280237043712
1324135288587886594
1324135355700764673
1324135483170062337
1324135540396969984
1324135548798328833
1324135605601595392
1324135649117642753
1324135658554904577
1324135677274062854
1324135732039032836
1324135742155575296
1324135783427526656
1324135839899787265
1324135952697167876
1324135972355903489
1324136186420580352
1324136236399939584
1324136236571873280
1324136555406000128
1324136706212331523
1324136731143069696
1324136886672261123
1324136941458173953
1324136989810135044
1324137010076942337
1324137066951700480
1324137109205241856
1324137121364336640
1324137184576872454
1324137232849080326
1324137297462366208
1324137368266383360
1324137384120786944
1324137494749749248
1324137683627638784
1324137687666761730
1324137713021300737
1324137745997058053
1324137771804598272
1324137775722016776
1324137863819284482
1324138059961634826
1324138161572818950
1324138291634077698
1324138354259079169
1324138377202049025
1324138691086979079
1324138766504759301
1324138795101384706
1324138887501897728
1324138892388347905
1324138918464421895
1324139034063605760
1324139036752121856
1324139063566344193
1324139111557566466
1324139197217857542
1324139256667901954
1324139314658398210
1324063918122303491
1324064014519934977
1324064077426151427
1324064081620455426
1324064363037237253
1324064396662878208
1324064408771923970
1324064413045968901
1324064473636720640
1324064505173856258
1324064512945827840
1324064639894904838
1324064652142223367
1324064715438387201
1324064743330557953
1324064807461572612
1324065029230981120
1324065130502590465
1324065151507664900
1324065155471298562
1324065251831255041
1324065524582617088
1324065549576523776
1324065599731961864
1324065944122007553
1324066124456251392
1324066124464447489
1324066371718795265
1324066384612102147
1324066409383710722
1324066490409254912
1324066560525422593
1324066680344092672
1324066682151862273
1324066707967717381
1324067005314539527
1324067504260567040
1324067525529948161
1324067546392371200
1324067563123388420
1324067597143302145
1324067680433938434
1324067777599229952
1324067823107379210
1324067897862508551
1324067919597240320
1324067961813032961
1324068093522518024
1324068162929889280
1324068327917080588
1324068373362257920
1324068556938612738
1324068661951369217
1324068678791561218
1324068716577984513
1324068779459006464
1324068804478046210
1324068808877920258
1324068909406978048
1324069119369555969
1324069148444512258
1324069203096207360
1324069268913229824
1324069320306139141
1324069333157486595
1324069387540729856
1324069454616137728
1324069489160327168
1324069542801399808
1324069574409654272
1324069618428846080
1324069764952690691
1324069803980705796
1324069915549204491
1324069958003863552
1324069966367305728
1324070092292956160
1324070103663603712
1324070104661938177
1324070339794620417
1324070440491429889
1324070599497494533
1324070682607689730
1324070813407055872
1324070851331805184
1324070880910233608
1324071102721699842
1324071237295984642
1324071354681970689
1324071396604104711
1324071531006332930
1324071895348760576
1324071906270711816
1324072160231673857
1324072172596330496
1324072221321666561
1324072449575690241
1324072575471931393
1324072616865550339
1324072663443275779
1324072699191300099
1324072701254868995
1324072743181131776
1324072801276481538
1324072818754101249
1324072967693893637
1324073024593809408
1324073066167705600
1324073141560315905
1324073552564334599
1324073649062572033
1324073669841375236
1324073691144097792
1324073968840695808
1324073992874008577
1324074236449853445
1324074298177282048
1324074303357407232
1324074328435077121
1324074394659049479
1324074471028740098
1324074504218443776
1324074565148925953
1324074605405982723
1324074629540073475
1324074690927861761
1324074735655919629
1324074764520992768
1324074890249576456
1324074903071526916
1324075095887802368
1324075116834263040
1324075221469585408
1324075481382166528
1324075507114192898
1324075620247109633
1324075666535534592
1324075674987122688
1324075859624529922
1324075939303739393
1324075993640914953
1324076010074157057
1324076048380792834
1324076138206027776
1324076193407135744
1324076257940774913
1324076287921512448
1324076299938336770
1324076358469931017
1324076395434106880
1324076664612130818
1324076824268279809
1324076857436762112
1324077092372467714
1324077130100232193
1324077235129749507
1324077243354796032
1324077247800770562
1324077254788345858
1324077282047111168
1324077478457958400
1324077604446576640
1324077637938171906
1324077738697744384
1324077805517348869
1324077889453633536
1324077893572579328
1324077947951742976
1324077952414420992
1324077960819843076
1324077998686044161
1324078027798728710
1324078289367887872
1324078326269489154
1324078338277781512
1324078408326926338
1324078459598131200
1324078784023244801
1324078803715608583
1324078870836948992
1323777019587559429
1323777051116097540
1323777245949943810
1323777401084645376
1323777460035637248
1323777505959043079
1323777514637004802
1323777539857408002
1323777661437677571
1323777688629321729
1323777787065470980
1323778236015366145
1323778281984983041
1323778369914195968
1323778449887137794
1323778483223371776
1323778507734999041
1323778601578336257
1323778693047619585
1323778705643241474
1323778726581145600
1323778816561631233
1323778877769031681
1323778991019479041
1323779095486959619
1323779224885342213
1323779254870396930
1323779267973451776
1323779582139506690
1323779582433087489
1323779593900314630
1323779603119271936
1323779628226457609
1323779687202607107
1323779729321766914
1323779884444012545
1323779951233966081
1323779972281098242
1323780056020377600
1323780295267651588
1323780328641626112
1323780333133832193
1323780471206170626
1323780504840261632
1323780642891460608
1323780766971662347
1323780786126925824
1323780927567339521
1323781020613824518
1323781196967337984
1323781314731003908
1323781335467626499
1323781356363669504
1323781470402584577
1323781540971794432
1323781687810101248
1323781728293380097
1323781750858854404
1323781931213955073
1323782014806368256
1323782069659574272
1323782162152390656
1323782165826621442
1323782182637203456
1323782203969540097
1323782270533148672
1323782368419864579
1323782463852859393
1323782602252312577
1323782677510582277
1323782845287063553
1323782878929379328
1323782937683308553
1323782950136156160
1323783128591310849
1323783235923439618
1323783273177403397
1323783294190723072
1323783320174497792
1323783701189328898
1323783782864875520
1323783864435748866
1323783955615809536
1323783998720614405
1323784216715415552
1323784336848625664
1323784490288848897
1323784512820695047
1323784728772812801
1323784749526208513
1323784824335831042
1323785009606627328
1323785068196761600
1323785173125730304
1323785598855835648
1323785602656030724
1323785613519310849
1323785676563820547
1323785718330757127
1323785806532759553
1323786234301452289
1323786238898393091
1323786456033333249
1323786519409209344
1323786675202465792
1323786712577937408
1323786911606099968
1323786964206817281
1323787006011428866
1323787006191783936
1323787019839918081
1323787056556908544
1323787148554727424
1323787245334204419
1323787274480504832
1323787282755788801
1323787299914682368
1323787459226980352
1323787786294579200
1323787861561430020
1323787886794317824
1323787987403100163
1323788079757430784
1323788121792761857
1323788289858523140
1323788293926998017
1323788390119149568
1323788406925758467
1323788509333786624
1323788645279522818
1323788705157533698
1323788746727264256
1323788763726712833
1323788797281226753
1323788841132675074
1323788998200930309
1323789023756734465
1323789077313916928
1323789118296465409
1323789124466315264
1323789125695246336
1323789170448330752
1323789220759146502
1323789289495400449
1323789339004841986
1323789374367158275
1323789380155187200
1323789625077436417
1323789662532497408
1323789761887174656
1323789852366700544
1323789884704792577
1323789963528269824
1323790310669996043
1323790324171444225
1323790474616987648
1323790512646737921
1323790592162320384
1323790611531649024
1323790655198498817
1323790838808354818
1323790898656731139
1323791024297287682
1323791086926573568
1323791158292680705
1323791183458390016
1323791212919226369
1323791259371147265
1323791305139392512
1323791468931153921
1323791577517576194
1323791594810560512
1323791623105425410
1323791682807222276
1323791716835536899
1323791775140442113
1323791779485806592
1323791787710971906
1323791930380177409
1323791959597682689
1323791988811010048
1323791989209325569
1324094091961929728
1324094114804228096
1324094192772096000
1324094221570158593
1324094263911763973
1324094305858932736
1324094314276884481
1324094352415707142
1324094687674687488
1324094800656654336
1324094801290153987
1324095052612710401
1324095065174794241
1324095103137468419
1324095354309148673
1324095379579801606
1324095429881950208
1324095463784648706
1324095476338053120
1324095493035601920
1324095551638507522
1324095568642076672
1324095585088057344
1324095660858187776
1324095677731803137
1324095685617049600
1324095762247069700
1324095827099353090
1324095979436470272
1324096053789032448
1324096057173807110
1324096067475046405
1324096151390474248
1324096227227525120
1324096396337827840
1324096554152697857
1324096747166158848
1324096793303502849
1324097032353730560
1324097141040648198
1324097187857473537
1324097250369232896
1324097363762360321
1324097665643110400
1324097774716006401
1324097799827283968
1324097963313025029
1324098001221128199
1324098047144611840
1324098135443021825
1324098152278953992
1324098227512238082
1324098293421559809
1324098319421972481
1324098412216754176
1324098478881054720
1324098542198140928
1324098676386660357
1324098714194116608
1324098806523318273
1324098807332659200
1324099049843208198
1324099125248483329
1324099293112864771
1324099334900731906
1324099565641994240
1324099653789347840
1324099737650368517
1324100173832871936
1324100198948315136
1324100249200328707
1324100361343455232
1324100517669203968
1324100597516247040
1324100698204561408
1324100840962117632
1324101145535696896
1324101205790924800
1324101373265399809
1324101406698180613
1324101423638994945
1324101558016028679
1324101591482454016
1324101704762220544
1324101788744753159
1324102035256520704
1324102044546977797
1324102069519876097
1324102128290484224
1324102308553203712
1324102342308818944
1324102396956594184
1324102534785630211
1324102581455638534
1324102723835494400
1324102791288168448
1324103209992945664
1324103218595508224
1324103259360010242
1324103395100123136
1324103516688805890
1324103554236375045
1324103638139215877
1324103649187012608
1324103835464298496
1324103964523192321
1324104032315711491
1324104140805591042
1324104157960261644
1324104396339400706
1324104401729015810
1324104416836931585
1324104581836582912
1324104729077649408
1324104783159037963
1324104817808166912
1324104837227667457
1324104888163459072
1324104938016940033
1324105003217297408
1324105009819193346
1324105085316665344
1324105335750172674
1324105462866993156
1324105539585003525
1324105546857881601
1324105567493783552
1324105597797781506
1324105601283141634
1324105668450750465
1324105739586195457
1324105756430405632
1324105830099161088
1324105854124204034
1324105880506454018
1324105940749221896
1324106022349344770
1324106104666804224
1324106113042690048
1324106209394216961
1324106326939734019
1324106481688608768
1324106569471111168
1324106570796572679
1324106586839830530
1324106650014392321
1324106773385588738
1324106867669426176
1324106913995542529
1324106928243544067
1324106946966773765
1324106993561489409
1324107026830663680
1324107056643670016
1324107104991531017
1324107229579104263
1324107306058088451
1324107446659518464
1324107556076343303
1324107585021042688
1324107698334564354
1324107772380672000
1324107877179678722
1324107902798483458
1324107947711057920
1324108008788385792
1324108092666118145
1324108117450334208
1324108264532025351
1324108293833449476
1324108306437341193
1324108320018497537
1324108468870094855
1324108483709427713
1324108591754842113
1324108591721291776
1324108645005709314
1324108705810571266
1324108844864282629
1324108846441369603
1324108876854284289
1324109073038610432
1324109097923477504
1323792076971089923
1323792152258842624
1323792322857889792
1323792429473013760
1323792530345988098
1323792688903188480
1323792714752733184
1323792790141071366
1323793016453271554
1323793054499745793
1323793121424134147
1323793409547513856
1323793419211313154
1323793481773572097
1323793490657116161
1323793523947261952
1323793595426590720
1323793675504308224
1323793684828164099
1323793789429993472
1323793792445677568
1323793817699581954
1323793892899135488
1323794069412179968
1323794088265736192
1323794123749388289
1323794337587695616
1323794374921277440
1323794528625586176
1323794543297310720
1323794613803446272
1323794631432306690
1323794689968013313
1323794753788411905
1323794765826134017
1323795096920346626
1323795163995541504
1323795209847791627
1323795302680301569
1323795457638866944
1323795596235386881
1323795726091100162
1323795730209886208
1323795736702586880
1323795781367832586
1323795801647259648
1323795818432864259
1323795868689010691
1323795998653796354
1323796250458771457
1323796258511867904
1323796371980374016
1323796592156151808
1323796613572272129
1323796652768043008
1323796728206647299
1323796742228348929
1323796843348676609
1323796866237161472
1323796913821536256
1323796941151653888
1323796971581284352
1323796997124497408
1323797100187029506
1323797139609264128
1323797184391897090
1323797248661245954
1323797361685049345
1323797424691945474
1323797449803268096
1323797456581218304
1323797537174790144
1323797627763384321
1323797691520921609
1323797739273146372
1323797781006503936
1323797969846652929
1323798092169187328
1323798099983167488
1323798297098788866
1323798515374530562
1323798734463971329
1323798737672613889
1323798821344825345
1323798834045194242
1323798968137113601
1323799031261220865
1323799068922044417
1323799073112154113
1323799257778954240
1323799324552318977
1323799335054807041
1323799450578526209
1323799710746898432
1323799932965453824
1323800137899102218
1323800191372300290
1323800197332307969
1323800247647174656
1323800259982745600
1323800327213051904
1323800356531437568
1323800360977272833
1323800381751775245
1323800448793542658
1323800469978796033
1323800588245700610
1323800805456203777
1323800860879708161
1323800914440978438
1323801015028752385
1323801027707953153
1323801044372082689
1323801048700604419
1323801073916792832
1323801155558920198
1323801166203908096
1323801210495840257
1323801409641467904
1323801434710708224
1323801558308605952
1323801793193795584
1323801837003141120
1323801895937429506
1323801895845171200
1323802029257469954
1323802093757616130
1323802302914977792
1323802358061670400
1323802466425708550
1323802710395662338
1323802713868685314
1323802739122470912
1323802847755018241
1323802869053743104
1323802873105362946
1323802931758551040
1323803045369577472
1323803061861511168
1323803174734569472
1323803195559284736
1323803225565310976
1323803443455168512
1323803678776553472
1323803703724429313
1323803731859787777
1323803875581874178
1323804013968740354
1323804170378334208
1323804337097768960
1323804554476068869
1323804576114528257
1323804577288904712
1323804609572446209
1323804664148631554
1323804689264115718
1323804768943235072
1323804802674020357
1323804852716294144
1323804899168067584
1323805006131302400
1323805130354053122
1323805289506762752
1323805422936051715
1323805514468216832
1323805532319227904
1323805600317427712
1323805654276923392
1323805695960076289
1323805715274805248
1323805838859997187
1323805884942790658
1323805893109141507
1323805914348974080
1323806056619872257
1323806070481981440
1323806383700135937
1323806404075925505
1323806423403429889
1323806543259725824
1323806626965454849
1323806686180724736
1323806706812551169
1323806870377779206
1323806912153112576
1324033689882402817
1324033702595362822
1324033823491969026
1324033920522997760
1324033979155156996
1324034151071256578
1324034176828526595
1324034313709621248
1324034516080599047
1324034532723564546
1324034567901249536
1324034625270927362
1324034774290309128
1324034818091474946
1324034984064286720
1324034990032723968
1324035120098091008
1324035234162188290
1324035249966403586
1324035275220242433
1324035302076211202
1324035468434919425
1324035678217232384
1324035682193547268
1324035816360955904
1324035875664220169
1324035891912990723
1324035944379518983
1324036013732364297
1324036095085039617
1324036118514438145
1324036122536652800
1324036214874320897
1324036399516028928
1324036466574458881
1324036537764483072
1324036785123528709
1324036944502968320
1324037020000395270
1324037095820840962
1324037124962865152
1324037290881032192
1324037296631517187
1324037346791092225
1324037385018056706
1324037557097738246
1324037608473808896
1324037732931411968
1324037766884282369
1324037858336870400
1324037867333578753
1324038018953564174
1324038164999249921
1324038253171933184
1324038286793461760
1324038366493593600
1324038509267570688
1324038643288285185
1324038664255655937
1324039025011826688
1324039081236549633
1324039180201172995
1324039184298901504
1324039237050765314
1324039398506201088
1324039494610284544
1324039561945763841
1324039591154847744
1324039922446000129
1324040078453334018
1324040291603591168
1324040325468401667
1324040333609603084
1324040484868759554
1324040736145313793
1324040824435347459
1324040833033768961
1324040988143345665
1324041021739683841
1324041093021880321
1324041181005717504
1324041248110510082
1324041340217303041
1324041346286415872
1324041445062275073
1324041461764182017
1324041524619939844
1324041728098226176
1324041860189310976
1324041885770489861
1324041894209507329
1324041960999538694
1324042131820941316
1324042162313392128
1324042405608345600
1324042501901193217
1324042619530498048
1324042627289763841
1324042821012213764
1324042933960609794
1324042984367689728
1324043064340598785
1324043265646145537
1324043280405929989
1324043282150838274
1324043370394734593
1324043391001387008
1324043714134712322
1324043789800013825
1324043806593961984
1324043823564136449
1324043848511795200
1324044175659081730
1324044297143025670
1324044376943845378
1324044389598023680
1324044402164224004
1324044515418755073
1324044720738308099
1324044723871428609
1324044763012624385
1324045094354329601
1324045144597819392
1324045157151477763
1324045181692256256
1324045203137826821
1324045241075310593
1324045333152862209
1324045458994532353
1324045626775134209
1324045685784776704
1324045937170386946
1324046050357731329
1324046079843848197
1324046113482133505
1324046159405633537
1324046486829625345
1324046704765751296
1324046746952105984
1324046776605827073
1324046931140771841
1324046958353330179
1324047141220876288
1324047149160685570
1324047174569742337
1324047233227067394
1324047262801108994
1324047287912378369
1324047376751931392
1324047484654653445
1324047623498641409
1324047803786522624
1324047812208717824
1324048026030141445
1324048130636218368
1324048282025295872
1324048286110654464
1324048445410258944
1324048496610205704
1324048554491551744
1324048697068572677
1324079286161166342
1324079290384670720
1324079415941304320
1324079415945535490
1324079433200791552
1324079491761627136
1324079567309574145
1324079588083933184
1324079680396398594
1324079756116168704
1324080003332657153
1324080074669260800
1324080109322608640
1324080137697218560
1324080381092651010
1324080414378655745
1324080452202831873
1324080570628935680
1324080603214585856
1324080820550799362
1324080968420896768
1324080976486608898
1324081018345791490
1324081127569657856
1324081127716511746
1324081220032974848
1324081265952305156
1324081412727734272
1324081416691425286
1324081492465754112
1324081589089902596
1324081614033477634
1324081677103206400
1324081781704921091
1324081794430476290
1324081827888402434
1324081958004101120
1324082048173301761
1324082115663650816
1324082595521613825
1324082613145997312
1324082968801890304
1324083047785005059
1324083107285393414
1324083208024170498
1324083499909992455
1324083891527843840
1324083929532563457
1324083958833971209
1324083962717872133
1324084121421795328
1324084122025889792
1324084152107491330
1324084180968493056
1324084240649170945
1324084354247725056
1324084399135182853
1324084405724352512
1324084415916630016
1324084621328470019
1324084645625913345
1324084752299819008
1324085053232713732
1324085057359912966
1324085313220890632
1324085325875060736
1324085573448028160
1324085623888773121
1324085952298450944
1324086315592372226
1324086345107689477
1324086387029745664
1324086415089684480
1324086416683520001
1324086479329595393
1324086739338747904
1324086898621444096
1324087167312781317
1324087351904215040
1324087355892998150
1324087385307537408
1324087533819645954
1324087579218685954
1324087595203239943
1324087653755703298
1324087834639302656
1324087905501896704
1324088060825358336
1324088110918107141
1324088409015623681
1324088412991705089
1324088538892292101
1324088576519376901
1324089222395998213
1324089281275678723
1324089315861942275
1324089344223838208
1324089385923584002
1324089530148966401
1324089612885807105
1324089662806331392
1324089679575195649
1324089734159724544
1324089906415734789
1324090023839473667
1324090282409820160
1324090300545921024
1324090392728555520
1324090402304069636
1324090497644875776
1324090618881011712
1324090765740441600
1324090900495159303
1324091181224046592
1324091203302862848
1324091322869821440
1324091646825226241
1324092053739999234
1324092225748230144
1324092271726260225
1324092443751567362
1324092523002785792
1324092565122093057
1324092623817265152
1324092644910399500
1324092653240225797
1324092758181711873
1324092831821160448
1324092997357740033
1324093201783918594
1324093207269892098
1324093454654164992
1324093509209645057
1324093529916760064
1324093576243019777
1324093727204384768
1324048864899436546
1324049045149667329
1324049074358611968
1324049162795507712
1324049166629179392
1324049255225503744
1324049292688941056
1324049393297854464
1324049452001210369
1324049472998039554
1324049502043602947
1324050114806206467
1324050161044201479
1324050165288914944
1324050290711040000
1324050332859670528
1324050433879482369
1324050479605862407
1324050542482624512
1324050597100822528
1324050760867352576
1324050798507134982
1324050865624436736
1324050970226139137
1324051275172868096
1324051301597089792
1324051553557295106
1324051704283688960
1324052073600659457
1324052078080253959
1324052149152538624
1324052253737652224
1324052434143059970
1324052480292999168
1324052555840823307
1324052710946123778
1324052806706302976
1324052857834901504
1324052861962100736
1324053033890816003
1324053117097418753
1324053235330543617
1324053252187557891
1324053288740745221
1324053361595998210
1324053378029289472
1324053432731373574
1324053491434872834
1324053520727887872
1324053596032389122
1324053658950987776
1324053692413288456
1324053751322365960
1324053768116215808
1324053818183659520
1324053931345981442
1324053956482531335
1324054039827537920
1324054242068291586
1324054386679709699
1324054427116949513
1324054522705182725
1324054523120406531
1324054573397532673
1324054674039697409
1324054774724104197
1324055017968586753
1324055030660538371
1324055340812521473
1324055479488704513
1324055514351915011
1324055655355944960
1324055839863410689
1324056058034270209
1324056213290512384
1324056338763292672
1324056368421113856
1324056720742719494
1324056733317292032
1324056834173407233
1324056993200508928
1324057037962125318
1324057413050224640
1324057521997402113
1324057545925951489
1324057576506613764
1324057639593168899
1324057740034146305
1324057756563873793
1324057781910020103
1324057878282600448
1324058054351085569
1324058092422615040
1324058339840462848
1324058419410751496
1324058427887247360
1324058511911931904
1324058776194920449
1324058868394217474
1324059313204195330
1324059355134742528
1324059640062185472
1324059661050368000
1324059677894868993
1324059698698588162
1324059702930583554
1324059728167620609
1324059933554388992
1324059977388969984
1324060076408274946
1324060084716986368
1324060090794729472
1324060109174149122
1324060109966876675
1324060118267371520
1324060179709612032
1324060182326947845
1324060304129613827
1324060359360188417
1324060402825760768
1324060415035346944
1324060548477022208
1324060551467683840
1324060661832450051
1324060705440567298
1324060965470613507
1324061028515303431
1324061032352866305
1324061067127959554
1324061119128965120
1324061133171527681
1324061137424572417
1324061254886051841
1324061342928547840
1324061347177517056
1324061372234129408
1324061443814313986
1324061800032309248
1324062064697090049
1324062113409761280
1324062114865172481
1324062146259525632
1324062177591021575
1324062189213388801
1324062227964547073
1324062345480515585
1324062374224142338
1324062441794424832
1324062492373504000
1324062548304580610
1324062583960309763
1324062638863716354
1324062676792745986
1324062747970199554
1324062825388691456
1324062873816059914
1324062900366049281
1324062924189650945
1324062989369028609
1324063271406702594
1324063507038543872
1324063624852168704
1324063632859271175
1324063666677948419
1324063685682188288
1324063716950872065
1324063733560299526
1323807302500126721
1323807344355061761
1323807386482679808
1323807478480474112
1323807583409446914
1323807705132277760
1323807943935037442
1323807960791949315
1323808041079365633
1323808111828881409
1323808176144306176
1323808965319303169
1323809047250935811
1323809112577040385
1323809181221163009
1323809323965800448
1323809357621067776
1323809445676150786
1323810076994478081
1323810133328207872
1323810267885654028
1323810322340212736
1323810448177799168
1323810565597417473
1323810633251520512
1323810791653576705
1323810867520004097
1323810922146779136
1323810964022693891
1323810989033345026
1323810993420541961
1323811043936661504
1323811085737062401
1323811245175107584
1323811379325870083
1323811435382677510
1323811631072239616
1323811677171798018
1323811693693198337
1323811857883369472
1323811882369748994
1323811886836625410
1323812100570025985
1323812138301956096
1323812335732051968
1323812385967124480
1323812411317587970
1323812515860615170
1323812540942528512
1323812553710051329
1323812608126963714
1323812868106657792
1323812885055918080
1323812960381231107
1323813065167671298
1323813073774387204
1323813207966928901
1323813294658957318
1323813543523815424
1323813581314351104
1323813589380222978
1323813686100844546
1323813807815208960
1323813824340791296
1323814064686944256
1323814067631493120
1323814235030212609
1323814625759031298
1323814746940911618
1323814889710759936
1323814927610580992
1323814957662806016
1323815011366653953
1323815020048822272
1323815082602713089
1323815125971853312
1323815174843740161
1323815200072568833
1323815242145566721
1323815342863392768
1323815464389279746
1323815552415137794
1323815560883425280
1323815666047021056
1323815678353137665
1323815679363969024
1323815721869213702
1323815736058515467
1323815741297201155
1323815749652221953
1323815783227535360
1323815873946157056
1323815939784073216
1323816220009771008
1323816282282692608
1323816362188263424
1323816512889577472
1323816571781996545
1323816835993591808
1323816907196272641
1323816970307981314
1323817062716891136
1323817100385771520
1323817146435227648
1323817192593543169
1323817213699215367
1323817343601025027
1323817351847071749
1323817477348986880
1323817511394045953
1323817603345735680
1323817649906790405
1323817718886371335
1323817742038933510
1323817792101965824
1323817800905957378
1323817866110619649
1323818006166712321
1323818100085514240
1323818161544732674
1323818220260937728
1323818283125116929
1323818289705857026
1323818354386341888
1323818471722000386
1323818501191180289
1323818555591303171
1323818577942765572
1323818597605646336
1323818610125545474
1323818652156612608
1323818761351286784
1323818912170024968
1323818920697073666
1323819029560250371
1323819276931878913
1323819377930735617
1323819386201870336
1323819475028856835
1323819495144804353
1323819520364982272
1323819558084452353
1323819722895478785
1323819931276701696
1323820060889255937
1323820476733575173
1323820564767801350
1323820613119602689
1323820876115202055
1323820908922826752
1323820950584913920
1323820975738114049
1323821097637261315
1323821218986749952
1323821223143477250
1323821315476783112
1323821428765036549
1323821458011967490
1323821483416834048
1323821625750491136
1323821671887851520
1323822049719103490
1323822200521187328
1324003520635314177
1324003522527055872
1324003528717836288
1324003742417625090
1324003918737801216
1324003952548106241
1324003960777109513
1324004073956352001
1324004304617934849
1324004444044890112
1324004463800066050
1324004501628637186
1324005042748329985
1324005130975371265
1324005248252497920
1324005277679689730
1324005315470336001
1324005332281102337
1324005378321952771
1324005403634511872
1324005638456909826
1324005654869299204
1324005720031977475
1324005890006093825
1324005940509761536
1324005978048729094
1324005980624031745
1324006024198709250
1324006029571608579
1324006061423136768
1324006062081609728
1324006074576478208
1324006091458531329
1324006137381953542
1324006158450020360
1324006204272570368
1324006326264094721
1324006594586140673
1324006720436424705
1324006846319927296
1324006892516134915
1324006968009330689
1324007060095328256
1324007149043896320
1324007395325022209
1324007606491500547
1324007659268378630
1324007865720385538
1324007869860118528
1324007957839990790
1324007991365029891
1324008100458803200
1324008333754339329
1324008456806825985
1324008771509719040
1324008796759482370
1324008893161312257
1324008905740005377
1324009116038242304
1324009228890185729
1324009233109512192
1324009295814352897
1324009308338663425
1324009526442549248
1324009551482544128
1324009555827806209
1324009686027407361
1324009732106014722
1324009870283165699
1324009996384759808
1324010013120028679
1324010138949296130
1324010155529457667
1324010193441689601
1324010256314195969
1324010273229938695
1324010348702294017
1324010491107254281
1324010545838723074
1324010663157575682
1324010673253322756
1324010704999993348
1324010986173472770
1324011066666504192
1324011195729367040
1324011359487455232
1324011455889494016
1324011623829393408
1324011728611516418
1324011837625667584
1324011850132959233
1324012139300925443
1324012193977913345
1324012214785839107
1324012273820749831
1324012292825120772
1324012567111585799
1324012626460946432
1324012668009779203
1324012782015205378
1324012806341996544
1324012814734888963
1324012871743803393
1324012935060938753
1324013049712435201
1324013091626110978
1324013095866363905
1324013171120721922
1324013292721942528
1324013401971019777
1324013427292053506
1324013503573876736
1324013515150155783
1324013578140213249
1324013590324613123
1324013590521827328
1324013636898226176
1324013649439166465
1324013707949727744
1324013947234627585
1324014022937600001
1324014083427979265
1324014085617471495
1324014089929195520
1324014161286844419
1324014412819255297
1324014450203152386
1324014496432705537
1324014614087172099
1324014693913137153
1324014745221918720
1324014767074279424
1324014992044142592
1324015000147660801
1324015134281400320
1324015151121637377
1324015184839585792
1324015196336136193
1324015222579888128
1324015234647031809
1324015356315422720
1324015390280867848
1324015461248327681
1324015633365958657
1324015646003228672
1324015853290008584
1324015868481728514
1324015922659659778
1324015960462893059
1324016007313346562
1324016044281921537
1324016123168362496
1324016254101921793
1324016308598546435
1324016453612302336
1324016648328744960
1324016866717782017
1324016926461358081
1324017009433128961
1324017042794700802
1324017189427490820
1324017231529828353
1324017248122658817
1324017318414839808
1324017407476797443
1324017428502904834
1324017709504466950
1324018003227402241
1324018116511195137
1323882724306817025
1323882766547779586
1323882812324352002
1323882837943046145
1323882909082640385
1323882909095387147
1323882953185714176
1323882984295047170
1323883345202348035
1323883571552006146
1323883642817425409
1323883664032305153
1323883676451692546
1323883714506489857
1323883742809616385
1323883819024424960
1323884019256209408
1323884037258256385
1323884159044038661
1323884267966025732
1323884355840716800
1323884402078851072
1323884500628242434
1323884587030892544
1323884838743670784
1323884877926813696
1323885060534247424
1323885069145010176
1323885132109942785
1323885249282101248
1323885257842675713
1323885324989161472
1323885375249649670
1323885417238855680
1323885484955762688
1323885899206197248
1323885929019314177
1323886015405199360
1323886088428023809
1323886256292425728
1323886262424489984
1323886316937949184
1323886319051984899
1323886615757021184
1323886738352254976
1323886796820881408
1323886842777919488
1323886977360384003
1323887073737191425
1323887111645274113
1323887228549009410
1323887279316885504
1323887295800381440
1323887299168362496
1323887455511171073
1323887672415330304
1323887745161433088
1323887749125099520
1323887782541041665
1323887803843846149
1323887858348814336
1323888160502329344
1323888185525653504
1323888277686943744
1323888319395082240
1323888508940017664
1323888626091130883
1323889027024519168
1323889029956423680
1323889095744102400
1323889112529596416
1323889129235632129
1323889267656036352
1323889315995332610
1323889321817104386
1323889489589272577
1323889514884993025
1323889670443380738
1323889724478623744
1323889830439235585
1323889997439672321
1323890139664420865
1323890207188426754
1323890274129436673
1323890324608061440
1323890379117133827
1323890458481827841
1323890521450971137
1323890731711406080
1323890806638391302
1323890865446678529
1323891075166228485
1323891142287597568
1323891158884429824
1323891330917920770
1323891468990337025
1323891490658148352
1323891515618291712
1323891599424839680
1323891633201520640
1323891708669558785
1323891758825054211
1323891838739083264
1323891922214281217
1323892039688355840
1323892115424698369
1323892301266096128
1323892623069773825
1323892769744703490
1323892806478254082
1323892836601892864
1323892857569095680
1323892914141933573
1323893243487145991
1323893306359750656
1323893318909132801
1323893365063229441
1323893390300336128
1323893396965068806
1323893671276748803
1323893688234201088
1323893717716127746
1323893918883262465
1323894380072112128
1323894384480440321
1323894598444474372
1323894703499010048
1323894900266536966
1323895063861202945
1323895110078210048
1323895167741435904
1323895198208974850
1323895198368305153
1323895315775188992
1323895634332712961
1323895667345879041
1323895714158694400
1323895743434747906
1323895802327003136
1323895974130049025
1323895982480781313
1323896339109957633
1323896401709965312
1323896448203718656
1323896448296079366
1323896464809041920
1323896544718999553
1323896585219051523
1323896593771188224
1323896842136924160
1323897017932894208
1323897030947807232
1323897316256829441
1323897509262012416
1323897525766672384
1323897626824216576
1323822447771197440
1323822528377348096
1323822665904254976
1323823097984675842
1323823099620503553
1323823232399626241
1323823357197012992
1323823377560326144
1323823555214151685
1323823563669938179
1323823618216919040
1323823840493858816
1323824058698379264
1323824083839131659
1323824167649726464
1323824190072520704
1323824268052996096
1323824342946426886
1323824377411084289
1323824414908174341
1323824520898248704
1323824654121926657
1323824654088310785
1323824725538140160
1323824767548432390
1323824855481987072
1323824901552181249
1323824914714025985
1323825035996499970
1323825040182321152
1323825061015400448
1323825127889362945
1323825149305638914
1323825182621007872
1323825224434012167
1323825303534424065
1323825312883478532
1323825404805844992
1323825497319612419
1323825520409157632
1323825585366458368
1323825863599816705
1323825933191696384
1323826013319680003
1323826067694477314
1323826180596879360
1323826292102471682
1323826310830039041
1323826336109154305
1323826382217093120
1323826414924271620
1323826520599789569
1323826520784134147
1323826692608073730
1323826702590611456
1323826906437947392
1323827065842520064
1323827085299757056
1323827420907057155
1323827571071557633
1323827573298614273
1323827615199887365
1323827774998474753
1323827820406059009
1323827908855570433
1323828043102756869
1323828076816584712
1323828089474838529
1323828181783203842
1323828339451322368
1323828479310336000
1323828691890262017
1323828865337360386
1323828877886693376
1323828978709372929
1323829041527402496
1323829104173600769
1323829150419951618
1323829172620374018
1323829334977687552
1323829485934833665
1323829509251018753
1323829700054126594
1323829800587460608
1323829930510163969
1323829955705397249
1323830002106982401
1323830236807602176
1323830425618448384
1323830794742198273
1323830995771117574
1323831021075419136
1323831368208519171
1323831390195122177
1323831658785705990
1323831801349984258
1323832044716281858
1323832176622751744
1323832210231754752
1323832271099613185
1323832317165666308
1323832363273478145
1323832384249319424
1323832543490281473
1323832663355117569
1323832673584979970
1323832690479648768
1323832751250935809
1323833126766825472
1323833466551627777
1323833562785787904
1323833583803486215
1323833726191734791
1323833940482887682
1323834057717764096
1323834204514328578
1323834254678261760
1323834326409072640
1323834603132588033
1323834632329048064
1323834731373326336
1323834733134950401
1323834896691929089
1323834959883390976
1323834972315086849
1323835013985574913
1323835043685502983
1323835218780921858
1323835395692322816
1323835524113715203
1323835538508550147
1323835886396755969
1323835919816888322
1323835953715269633
1323836071113875457
1323836385606946817
1323836396721770498
1323836402392588288
1323836477906800642
1323836561901850624
1323836746245824514
1323836817536438278
1323836901422518273
1323836972557770752
1323837144847319041
1323837249612644353
1323837301529710592
1324018556888059907
1324018586340462592
1324018699301474304
1324018720436555777
1324018779005820928
1324018825260539904
1324018829450764291
1324019152324055040
1324019186214047745
1324019194371997697
1324019248960864256
1324019341159903239
1324019601387089920
1324019672732282883
1324019693255053313
1324019748124983296
1324019785554825216
1324019831801303040
1324019949178937345
1324019991109341190
1324020033106796545
1324020129617874946
1324020167224025088
1324020429569302529
1324020754783047683
1324020909942984705
1324020976846295042
1324021044034916353
1324021094366416897
1324021132282990599
1324021236893175808
1324021346192494592
1324021530762878987
1324021534768435203
1324021555773476871
1324021597854932998
1324021786485395456
1324021807784120322
1324022147119947776
1324022176446631942
1324022226820059137
1324022298282655745
1324022358647181312
1324022520543125507
1324022751439556608
1324022772075560965
1324023317624311809
1324023397161074688
1324023724195106816
1324023741148442626
1324023879023566848
1324024152068661248
1324024177280524289
1324024231668178944
1324024378695290881
1324024651165671429
1324024746166681600
1324024877645504516
1324025271775801344
1324025364251901952
1324025396766167043
1324025397617565697
1324025489325961218
1324025733400961024
1324025804519575552
1324025913810554885
1324025930600177664
1324026266064924673
1324026295324389379
1324026354082328577
1324026500950249479
1324026681225547777
1324026718760407040
1324026970821316611
1324027113310244873
1324027167655759873
1324027381569368065
1324027381783252993
1324027398313054208
1324027517301379074
1324027692224860163
1324027696410755073
1324027838937370627
1324028081997230081
1324028187265781765
1324028204852666374
1324028269264556033
1324028312746905601
1324028522529214467
1324028962947788804
1324029051456151553
1324029113787625475
1324029189612326912
1324029294289571840
1324029453748609031
1324029487231676423
1324029592185700352
1324029768296239105
1324029843433000962
1324030036727468032
1324030087088410626
1324030095229681665
1324030225253076993
1324030431088594945
1324030443507785728
1324030464580046850
1324030565121708035
1324030640640110592
1324030736962301953
1324030783124697088
1324030962716606465
1324031106232971264
1324031152232009728
1324031336869433345
1324031370574893056
1324031403907047424
1324031487784718338
1324031492079689729
1324031701677449216
1324031957861163008
1324032041596428288
1324032075167662088
1324032259733807105
1324032272266383362
1324032343502397445
1324032511392030721
1324032846852481024
1324032943124320257
1324032968353079297
1324032985201520643
1324033064922742790
1324033069045612544
1324033278786084871
1324033354245746688
1324033572488028165
1323837363014017024
1323837870340263936
1323837906771914752
1323838029916708867
1323838046752690177
1323838080017551360
1323838147222933504
1323838183705055233
1323838201794977792
1323838348633526273
1323838436697014273
1323838470104625158
1323838533325475840
1323838600367247362
1323838683968020482
1323838831062298625
1323838860221157378
1323839061631602688
1323839392830676993
1323839510468317185
1323839678034968580
1323839770204786692
1323839778698133505
1323840234027683841
1323840281893081088
1323840399551553537
1323840583979380737
1323840693228478465
1323840772945317890
1323841020199636993
1323841242795548674
1323841263779614720
1323841276102533120
1323841348747886592
1323841422982721536
1323841490242732032
1323841493946273793
1323841519481212931
1323841569972248576
1323841783789400064
1323841838210523136
1323841854945873920
1323841899325657088
1323841919542267905
1323841955516862466
1323842170151817217
1323842241199280129
1323842266218270720
1323842384325652483
1323842396304662531
1323842467259686912
1323842580744933376
1323842597065031680
1323842609329049602
1323842660285714432
1323842697908596736
1323842895149998083
1323842916381417472
1323842938267467781
1323843008421396480
1323843075609944064
1323843104617746434
1323843251946704896
1323843306267160578
1323843381517234176
1323843516183707649
1323843847395442690
1323843889443254272
1323844031693131776
1323844145266466818
1323844199377231874
1323844413492252672
1323844648570363904
1323844660956221441
1323844694581891075
1323844791818485762
1323844845337743361
1323845004993781762
1323845134929199105
1323845327502282752
1323845386897825792
1323845478946164736
1323845739236130818
1323845986322710528
1323846107978485760
1323846212873719808
1323846246361169925
1323846250811199488
1323846284382412800
1323846603015335936
1323846720518717451
1323846758049501184
1323846775061491712
1323846779121655811
1323846912772960256
1323846938463248384
1323846984529301504
1323847018133909505
1323847374540853250
1323847621509668864
1323847664350359557
1323847685154263040
1323847689310752774
1323847841983291392
1323847913500516354
1323848234629038080
1323848322231271425
1323848469782712323
1323848477953187840
1323848775794855936
1323848880346304518
1323848947413127170
1323848998185172992
1323849073196101632
1323849098433187840
1323849123842449409
1323849220353257475
1323849232722386952
1323849291056717824
1323849375416786945
1323849715100733442
1323849765558210560
1323849845082390528
1323849895699189760
1323849950229417989
1323850075991236608
1323850084199682050
1323850105187831808
1323850109587759109
1323850147294531586
1323850319374241792
1323850373493362690
1323850386508308482
1323850516565286912
1323850541290704896
1323850566712385538
1323850776243064834
1323850776528195589
1323851120314183682
1323851124584157185
1323851183241404418
1323851245992464385
1323851543939026944
1323851753712979969
1323851887880392704
1323851991785897985
1323851992612147203
1323852143766503425
1323852416375283712
1323897899336478720
1323897991422451712
1323898079511257088
1323898289314361344
1323898293550829569
1323898390183366657
1323898579187126273
1323898587273551874
1323898765485334528
1323898859785871360
1323898960419950592
1323899015159812096
1323899279262580737
1323899308635205633
1323899400700252160
1323899409533460480
1323899421889753088
1323899463786704897
1323899711527571456
1323900009033719809
1323900080420655104
1323900222926409730
1323900407568048128
1323900680025853952
1323900889850023938
1323901145593597954
1323901219237101568
1323901225721491467
1323901349281603585
1323901455896633344
1323901460195717127
1323901707965894656
1323901904758472704
1323901959804432389
1323902074569039873
1323902104851894273
1323902131439632386
1323902173206380544
1323902282447179776
1323902383160778753
1323902471287300099
1323902513347653632
1323902647657783296
1323902949366493185
1323903209367314433
1323903259631882240
1323903402410156033
1323903477920288768
1323903859643789313
1323904002124337159
1323904119820611584
1323904232970461186
1323904278759702531
1323904457168588801
1323904505310662657
1323904509362331651
1323904614450794496
1323904656309854208
1323904786526310400
1323904832600739842
1323904862195691520
1323904878612197377
1323904899675926528
1323904962724847616
1323904979581702144
1323905447267618817
1323905755188088832
1323905801401061376
1323905922964451328
1323906089788661760
1323906523135942656
1323906682431459328
1323906967899963392
1323907143578386438
1323907160414195712
1323907194308485125
1323907210683031554
1323907374277627906
1323907378648145920
1323907810426380288
1323907886167121920
1323908015934885892
1323908187687301121
1323908326816710656
1323908620094894081
1323908628429111296
1323908716333326337
1323908821178351617
1323909018541326336
1323909085780152321
1323909253430534145
1323909576140402693
1323909626870566912
1323909635099619328
1323909647657537536
1323909651394682880
1323909706574897153
1323909803085766656
1323909827878408195
1323909895045799936
1323910096242528256
1323910100889849857
1323910105235161088
1323910180480962560
1323910285191749632
1323910289260204032
1323910306670776320
1323910348328603648
1323910364308779008
1323910396755890177
1323910398450565123
1323910532538068992
1323910541111304192
1323910587601084421
1323910700406730752
1323911560557850625
1323911706842746880
1323911975286591488
1323912206380093440
1323912506776166402
1323912604591493121
1323912617082183680
1323912696903905281
1323912810162769922
1323988352689995777
1323988404040830977
1323988580428095488
1323988675126964224
1323988743527649282
1323988810594660352
1323988836402241538
1323988856895610886
1323988886561935360
1323989121493327875
1323989276607041537
1323989406441754624
1323989427929128962
1323989507105034240
1323989553594699777
1323989805018001408
1323990081259114496
1323990559745286147
1323990559959166976
1323990618092138497
1323990732013735940
1323990740159090689
1323990790545174528
1323990820261892096
1323990866353115137
1323990920342216708
1323990983420399619
1323991029729689600
1323991046293016578
1323991134557884416
1323991163687219208
1323991583524573186
1323991830615138305
1323991868393357313
1323992015290421248
1323992069900279808
1323992178868150273
1323992464328400898
1323992514303418369
1323992606590836736
1323992661242613760
1323992879539302402
1323993110070906880
1323993189934616584
1323993196498735104
1323993197966729216
1323993214769127427
1323993583951716352
1323993617439088640
1323993739107454978
1323993768463388674
1323993781222461440
1323993831499534338
1323994091743576064
1323994230168166402
1323994267640016898
1323994318143512579
1323994322287489024
1323994443737927683
1323994468715008002
1323994519218589697
1323994569835380736
1323994720545042432
1323994997515972609
1323995089622999040
1323995114818179074
1323995135760310278
1323995286860111872
1323995303641493506
1323995412567629824
1323995451050364930
1323995710770106372
1323995811324317696
1323995836276264960
1323995912092438528
1323996033253335041
1323996134059040768
1323996209661489152
1323996348060823553
1323996416432349185
1323996452729794560
1323996481418752000
1323996645613309955
1323996763259392002
1323996951927541771
1323997392283312131
1323997409207267329
1323997476144046081
1323997492887736320
1323997975631323144
1323998063611052032
1323998181097676800
1323998373939085313
1323998457724588035
1323998495297146880
1323998591669526528
1323998866241454082
1323998919169363968
1323998965092765698
1323999032449159168
1323999048735592448
1323999250213183489
1323999279392952322
1323999414034333697
1323999514580017153
1323999522947801088
1323999594640912384
1323999770700996608
1324000064273059845
1324000169361367041
1324000208167014404
1324000362039250953
1324000366074204167
1324000374492155906
1324000404007460864
1324000408281489412
1324000424777625600
1324000802256637953
1324000869378101249
1324000960876871682
1324000974273302530
1324001108717699072
1324001356105969666
1324001423231692807
1324001595051356169
1324001649673834497
1324001722218520576
1324002130236215307
1324002165581557766
1324002182451154946
1324002253699690497
1324002279008075777
1324002279037542401
1324002391868526593
1324002614212743169
1324002689701670912
1324002752524156929
1324002756932308993
1324003289743216644
1324003343992295424
1323973623212920836
1323973694373376001
1323973854188965889
1323974072582217729
1323974194032381953
1323974562846048258
1323974588435439617
1323974646836940802
1323974675983147008
1323974734892142592
1323974739300417537
1323974759823089667
1323974948465995776
1323974986713960449
1323975112463388675
1323975242402820096
1323975317762048000
1323975447885963266
1323975498096021504
1323975636499763200
1323975711925932040
1323975896500494337
1323976018227535872
1323976165195960321
1323976238361444358
1323976345664315397
1323976349686603777
1323976513474146305
1323976529995616256
1323976580234969089
1323976643065663493
1323976928634773509
1323977033463046144
1323977041004429313
1323977075359965187
1323977310228406275
1323977393967669248
1323977431879999488
1323977540680228865
1323977566320009218
1323977624633319425
1323977650189201408
1323977998018715650
1323978010350018563
1323978287480266753
1323978560013565952
1323978677290475520
1323978723515879424
1323978765878333440
1323978802670772225
1323978819921973251
1323978996145672194
1323979017163141120
1323979046317936640
1323979075728363520
1323979096964112385
1323979113535856647
1323979440838365189
1323979600209367042
1323979634028040197
1323979713019211776
1323979791293321216
1323979795840028673
1323979801678516230
1323980157879783424
1323980231385010176
1323980246165671936
1323980296631582721
1323980338285129728
1323980569336815618
1323980824878919680
1323981018169184261
1323981194128728065
1323981265331130368
1323981311573479433
1323981407849451525
1323981420847525888
1323981508751872000
1323981542226599939
1323981563193745410
1323982003302244353
1323982154687270914
1323982221741498370
1323982469302001664
1323982540722610179
1323982641109094401
1323982665205358594
1323982682754265089
1323982716405239809
1323982783774154754
1323982951525371904
1323982997872402432
1323983006151905281
1323983035541286912
1323983078746894336
1323983132392042498
1323983140008955904
1323983337535537158
1323983404241739776
1323983434306519041
1323983496680001536
1323983525985603585
1323983681552293889
1323983727417040906
1323983895205974016
1323984230720983041
1323984272441618434
1323984419196198912
1323984725522919426
1323984759039688706
1323984776429211649
1323984981262217217
1323985250343596033
1323985354622468101
1323985788980371457
1323985799361290240
1323986118052704256
1323986181256826881
1323986252522291200
1323986323758338048
1323986579807965185
1323986675719176193
1323986722208780290
1323986810607984642
1323987036701777921
1323987108307021826
1323987124723605510
1323987135918149632
1323987149801328642
1323987171083227138
1323987620028948480
1323987632355946496
1323987694993707008
1323987791424999425
1323988071331688448
1323988185983188992
1323988202718453761
1323958154938454016
1323958251373953024
1323958306109534214
1323958381116182528
1323958431603109891
1323958498481393670
1323958528537710594
1323958700545990657
1323958810608693248
1323958826094284800
1323959061180633088
1323959199366320128
1323959219951816708
1323959345785245697
1323959660186083328
1323959664824889345
1323959845486211073
1323960281299648513
1323960285753876480
1323960499453726724
1323960939662708738
1323960956729331714
1323961078087376897
1323961371873189888
1323961589641469952
1323961703315460096
1323961770160070657
1323961803789971464
1323961812518346753
1323961820302897153
1323961963282456577
1323962009315123201
1323962411863416832
1323962562933891072
1323962629648486400
1323962659755229184
1323962671906099205
1323962747596558336
1323962765913038851
1323963037351632897
1323963410883747845
1323963657777225729
1323963783744835586
1323963792175386625
1323963792225636352
1323963846629986304
1323963913587871744
1323963917794758657
1323963938221006849
1323963948845174787
1323964219746902019
1323964341457137664
1323964358578237443
1323965151008141312
1323965247288463362
1323965387172700161
1323965507473756160
1323965536829644800
1323965553405497346
1323965649463508993
1323965692303953921
1323965876731826176
1323966195503017984
1323966224422871043
1323966308757757952
1323966421844611073
1323966460012670976
1323966495920132098
1323966543680647168
1323966661129654272
1323966795389280257
1323966824531271684
1323966866054909952
1323966879149510656
1323967285711806464
1323967285996892162
1323967546119303168
1323967722225504257
1323967746984599553
1323968036626452480
1323968137339957251
1323968166746271745
1323968242256355328
1323968279988314128
1323968358459625474
1323968506090704898
1323968556577542144
1323968686609305601
1323968824903946241
1323968841723060224
1323968858991005698
1323968917300195330
1323968967980027904
1323969100125597699
1323969253087858694
1323969307659902977
1323969517043748866
1323969659767558147
1323969785407877123
1323969836016427008
1323969953083568130
1323970653989449728
1323970863532789761
1323970876216385537
1323970959787831296
1323971186485825537
1323971438324449282
1323971513406554112
1323971624408911874
1323971798711652352
1323971799168798721
1323971907839053824
1323971992077434881
1323971992219914240
1323972059039436801
1323972071437848577
1323972113154396160
1323972184818262019
1323972360907599872
1323972461440978944
1323972624947453952
1323972679808937986
1323972682384244737
1323972717666775041
1323912932162457601
1323913066300530689
1323913141856722944
1323913238233313281
1323913318126538755
1323913481251422210
1323913649568817152
1323913724952932352
1323913838325125121
1323913880360361984
1323913917840658432
1323913996957818881
1323914131607605248
1323914203086966784
1323914228022075393
1323914403788529665
1323914442359394304
1323914559032274944
1323914656059064320
1323914730788978689
1323914814985543682
1323914823713828864
1323914941078777856
1323915025241833474
1323915150806507520
1323915280893022212
1323915523877441536
1323915666269696000
1323915679389671426
1323915792908455936
1323915800621715456
1323915964229033986
1323916250137972737
1323916341624016896
1323916388222689280
1323916627298054144
1323916908345917442
1323917009285976067
1323917046250426370
1323917113753559040
1323917201984860161
1323917247736246274
1323917268544376832
1323917348529704962
1323917391307427843
1323917423561515008
1323917562199986177
1323917734263037952
1323917734636331011
1323917810465198082
1323918196064182273
1323918321578901504
1323918439560310784
1323918724064256002
1323918791349280768
1323919173286653952
1323919219398975488
1323919294602858498
1323919361502052352
1323919495870713856
1323919689106423808
1323919764222283777
1323919877539729411
1323919894816022529
1323919978396078080
1323919995072471043
1323920410568699905
1323920606795042818
1323920657755897857
1323920872168660993
1323921077144219648
1323921165753196544
1323921270367424512
1323921400130904064
1323921425556676608
1323921450936471552
1323921622600998913
1323921643748687872
1323921786459881473
1323921798581395456
1323922008623763457
1323922045865021444
1323922192652881920
1323922276912406528
1323922360605372416
1323922361142276096
1323922578583494657
1323922679334871040
1323922726189363201
1323922868376272897
1323922985359560710
1323923010982711297
1323923170169098241
1323923212023988224
1323923321398956032
1323923593550594048
1323923791047659521
1323924063958519809
1323924407207620611
1323924411737546754
1323924453663932419
1323925037112504321
1323925061976338433
1323925107597840388
1323925254494932999
1323925263026135044
1323925301991100416
1323925322006437888
1323925489531191296
1323925523697790976
1323925573505290240
1323925657454366720
1323925682322313216
1323926492384907266
1323926513046167552
1323926571581759488
1323926597041270784
1323926718432841729
1323926794014175232
1323926819742060545
1323926961782169601
1323926966119137280
1323927062403571713
1323927498451755009
1323927603959468033
1323927666408460294
1323927666496622592
1323927846704738304
1323927893483769858
1323943130635227137
1323943181252206592
1323943315268608000
1323943323690782720
1323943441513009153
1323943584593313792
1323943608630890499
1323943616977473536
1323943625626210306
1323943659226624000
1323943668072501250
1323943836255571969
1323944015822118914
1323944171363708928
1323944283976683520
1323944305766080512
1323944461072695296
1323944661707378688
1323944762760593408
1323944784046772227
1323944803151814659
1323944967924953088
1323945060417884162
1323945307605000192
1323945467403796480
1323945525880582144
1323945588577034240
1323945739534409729
1323946066769825792
1323946074965377025
1323946192523288576
1323946339416395778
1323946368503861248
1323946419137531905
1323946423755382785
1323946482605694976
1323946524166991873
1323946637052489732
1323946824202362883
1323947082160443393
1323947212179709960
1323947270270836736
1323947323852926977
1323947388227211268
1323947639864496130
1323947673351786496
1323947845846765569
1323948071399673856
1323948075736588288
1323948281437790208
1323948419430404096
1323948458458447875
1323948516914438151
1323948524745170944
1323948666931933184
1323948773110927360
1323948894481457153
1323948915419500546
1323949233922334721
1323949237827072004
1323949368051789824
1323949380311928832
1323949522721058816
1323949766049472512
1323949855811772419
1323949866859569157
1323950047332020230
1323950172980666369
1323950433002496001
1323950454699626496
1323950520512450561
1323950563281743874
1323950575487254528
1323950986784874497
1323951087813120000
1323951129898766337
1323951263948570624
1323951322694111235
1323951427111264256
1323951519247572992
1323951544916709376
1323951557033996291
1323951654438404096
1323951674373873664
1323951716321079301
1323951716522491904
1323951729793269760
1323951746323013634
1323951838761263111
1323952014359891969
1323952312881192961
1323952627244240899
1323952849211056128
1323952853489254400
1323952967016435712
1323953033672380416
1323953071618220034
1323953084507238402
1323953176052002817
1323953226308341761
1323953255328698368
1323953423448829952
1323953612368748544
1323953733831720960
1323953805717811202
1323953843332386816
1323953893580169218
1323954049109155841
1323954082252492806
1323954199718146048
1323954224510783491
1323954258551754753
1323954386079535104
1323954443197566978
1323954874724216833
1323954883582709762
1323954899793678337
1323954921008517120
1323954984241737731
1323955067561672704
1323955089153826816
1323955118618849280
1323955189565542400
1323955189888462848
1323955354951127041
1323955449520103428
1323955537923481603
1323955558995628033
1323956191681282050
1323956225348898816
1323956229631320064
1323956351362605056
1323956418597314562
1323956494249984001
1323957085151911937
1323957198318350337
1323957345689522176
1323957492439764997
1323957538275119107
1323957546533720064
1323957659872202754
1323957877850185728
1323928157506871297
1323928182832201733
1323928300029415426
1323928610130984962
1323928895310061570
1323929285992845313
1323929327713554433
1323929361041575938
1323929533058215939
1323929781013020673
1323929868208205825
1323929989822222338
1323930446930026499
1323930447114588162
1323930496741576707
1323930556225052672
1323930690690318337
1323930770080100353
1323930988423073795
1323931005166751745
1323931152395087872
1323931328249843714
1323931684270755841
1323931734619131904
1323931772560822276
1323931860502720512
1323931881763704832
1323932096193245186
1323932212857884673
1323932556878843904
1323932565225512962
1323932578387161090
1323932679385960452
1323932733136162818
1323932775167131649
1323932821170188290
1323932984588775430
1323933013907066881
1323933018835345408
1323933077446533123
1323933114775855105
1323933161227718656
1323933215606906880
1323933378807275525
1323933533992296449
1323933638854135808
1323933953615605762
1323934092468039682
1323934117273260033
1323934313210122240
1323934331379851264
1323934360177942529
1323934415404306433
1323934419619618816
1323934486917189637
1323934499542097922
1323934516151549954
1323934562452414466
1323934599588810753
1323934674863951872
1323934704899223552
1323934830111973380
1323934951830507520
1323935048492490753
1323935056566480902
1323935170022395905
1323935178247544833
1323935216684179457
1323935386935111688
1323935530896265218
1323935753609584640
1323935929891987456
1323935938297368577
1323935996463980544
1323936004915515392
1323936109437616128
1323936197509603328
1323936310961315840
1323936331811196929
1323936365294268418
1323936378242146304
1323936390678282240
1323936734283997186
1323936872649887753
1323936873232900097
1323937015906344960
1323937032884944897
1323937103390990337
1323937267736629250
1323937371998556160
1323937518857916417
1323937560373170177
1323937611069722624
1323937720775942145
1323937858797871105
1323937963449962499
1323937988435415040
1323937993225326594
1323938047122169858
1323938047424167936
1323938169952243713
1323938232254562304
1323938249006604288
1323938508533305344
1323938634387607553
1323938701462835202
1323938853116239874
1323938928630599680
1323939238363254785
1323939247561330689
1323939351630368768
1323939603817074689
1323939636981489664
1323939817831469057
1323939868146323456
1323939943576686592
1323940274272423939
1323940408557260800
1323940425795805184
1323940715370565632
1323940740418908161
1323940845540708353
1323940878675857408
1323941088428724225
1323941096494407682
1323941369451175936
1323941377445515265
1323941423775948800
1323941440540520450
1323941462019592192
1323941629217116160
1323941679645233155
1323941876865617920
1323941977138909184
1323941994582937600
1323942061515616270
1323942388172312577
1323942506158055424
1323942602983571456
1323942623602683905
1323942644515569665
1323942703340658689
1323942741038952450
1323942749280886784
1323942820932128768