1324743353682948124
1324743357604777984
1324743487800123392
1324743550555152390
1324743603835539461
1324743622051258370
1324743777119019008
1324743789655851009
1324743838510931968
1324743911399718921
1324743954257104898
1324744062293999617
1324744246654570497
1324744255185715201
1324744326514094082
1324744435704471552
1324744574066151425
1324744699991654405
1324744712104873985
1324744784074792960
1324744803674804230
1324744821064433665
1324744842686070784
1324745413115731968
1324745446519197696
1324745534444195841
1324745656217554950
1324745769623023617
1324745903425683456
1324745916079837188
1324745983356403713
1324746042210951168
1324746201351278592
1324746336776970240
1324746411146170369
1324746465718243330
1324746528888553472
1324746603438235653
1324746608081330183
1324746616495132672
1324746780207177728
1324746835068653568
1324746973304573952
1324747065591824388
1324747069861425152
1324747135330471937
1324747144977358852
1324747148588535808
1324747228964179971
1324747291949998080
1324747506102661120
1324747573245169664
1324747610859687944
1324747682469085185
1324747707047694337
1324747765692485633
1324748017900134403
1324748038708076552
1324748084795101185
1324748134715711493
1324748336461697024
1324748596302983169
1324748659238543362
1324748714288713729
1324748726733328386
1324748906912194567
1324748927996973056
1324748952923742210
1324748957273083904
1324748987413393408
1324749041872240642
1324749196230995968
1324749292817555456
1324749481297006592
1324749578105688066
1324749624255631361
1324749750202191874
1324749838051729408
1324749850609623043
1324749867252617216
1324749892317663232
1324750106386747393
1324750139840471041
1324750211311263744
1324750550861307910
1324750555244306433
1324750617957466112
1324750647577763841
1324750680934866945
1324750681106976768
1324750852888928256
1324750884627271680
1324750948338552833
1324750961844375553
1324751009722281985
1324751087027527681
1324751209425592321
1324751243286319112
1324751291525058562
1324751378556878851
1324751427210776609
1324751456872861696
1324751528410771456
1324751679426801664
1324751696229289984
1324751752709742593
1324751844862820354
1324751905801728001
1324752010646872064
1324752127831404544
1324752220437565442
1324752261734637568
1324752366806224896
1324752438356828165
1324752438449025025
1324752476096978949
1324752580908511232
1324752588630380549
1324752646473949184
1324752736194334721
1324752820151746562
1324752878767165446
1324752908273901571
1324752918705295360
1324753003824488448
1324753024615550983
1324753063287160833
1324753092894552064
1324753108220727298
1324753164294389760
1324753176705327106
1324753235169587201
1324753252198412289
1324753335937892358
1324753352715108356
1324753409157849089
1324753528771039233
1324753549218242565
1324753575126331392
1324753583280168962
1324753612279525377
1324753613051158528
1324753682622255104
1324753688360034304
1324753755326304264
1324753759675797507
1324753780580241408
1324753805645369347
1324753914797846528
1324753940068663296
1324754049510629377
1324754091013230594
1324754121665224706
1324754131953897473
1324754195648532480
1324754237755109383
1324754355246010373
1324754367166226435
1324754443481485314
1324754452021014528
1324754493486075910
1324754507323088897
1324754577346957316
1324754850362646529
1324754900522323972
1324754928955478022
1324755068126724101
1324755210766569473
1324755216026144770
1324755248590675968
1324755265254838272
1324755646009540608
1324755658089111555
1324755738560880641
1324755793959391233
1324755894551400450
1324755990865039361
1324756049975517184
1324756121232572416
1324756332164120577
1324756364321804296
1324756523701207044
1324756561550548992
1324756632748830721
1324756832754241539
1324756845433556992
1324756871664816130
1324756968943345666
1324757074618757120
1324757106889760768
1324757245037596674
1324757245050105861
1324757299806818304
1324757337429565440
1324757417352171521
1324757433294663680
1324757556716314624
1324757761146548224
1324757794638102528
1324758016751620096
1324758058518540288
1324758075635458049
1324758096586133507
1324758142715047937
1324758197194936320
1324758268565200897
1324758285115940866
1324758507741016064
1324758595569942530
1324758906053210114
1324759116057698305
1324759128250617858
1324759220491792384
1324759321629007872
1324759388511457281
1324759422552412164
1324759504702099458
1324759627611938816
1324759661036273665
1324759677981364224
1324759832763785216
1324760084300374020
1324760100964388864
1324760101731868672
1324760135173132290
1324760206526406656
1324760356921724935
1324760365683646471
1324760518557605890
1324760571066093572
1324760684320690179
1324760751500890114
1324760763928616966
1324760791413743617
1324760818806829057
1324760839619043328
1324760865917308930
1324760932220809216
1324760942354272256
1324761008414621698
1324761052052180993
1324761129302851584
1324761200639549442
1324761216858902528
1324761300707250177
1324761364435533827
1324761632476663814
1324761657554411521
1324761825175576579
1324762076905177088
1324762092696723458
1324762219633086467
1324762241426706436
1324762252373884930
1324762257545338880
1324762282648285191
1324762295264780288
1324762337316884481
1324762339703427077
1324762525880225792
1324762538366685187
1324762546927149056
1324762828088221698
1324762957134311425
1324763001065414658
1324763045726318592
1324763196968869889
1324763213611864064
1324763297724436481
1324763314203877379
1324763314199564289
1324763486228938752
1324763507531927553
1324763545142218752
1324763607901573121
1324763737807618050
1324763754605797376
1324763838441492480
1324763935220797440
1324763981194629120
1324764350192721922
1324764467750608897
1324764610306564096
1324764933192638465
1324765013026893824
1324765101073813510
1324765118010449926
1324765218824577024
1324765239783657479
1324765336101548034
1324765352144867328
1324765504297488384
1324765667631919104
1324765673713737729
1324765843507580929
1324766179072843776
1324766216045604866
1324766246185934851
1324766333528100866
1324766514730405890
1324766648872697858
1324766795803299841
1324766839541477379
1324766880041631744
1324766949549707273
1324766971724886016
1324767084593795076
1324767179682811904
1324767195130482688
1324767227485315073
1324767239514578947
1324767329310416899
1324767550698344450
1324767630113280002
1324767818827649024
1324767856731451392
1324767886007767040
1324767974293647360
1324768040765034496
1324768122595876864
1324768152417435650
1324768175448231936
1324768250681528326
1324768304595193860
1324768315458441217
1324768363445424135
1324768424879423490
1324768490100826113
1324768569637429250
1324768716618375168
1324768758339002368
1324768800735113218
1324768822017069056
1324768882024943617
1324768980716851201
1324769021070368768
1324769210673827840
1324769236649009152
1324769282522230786
1324769316412157952
1324769350021083136
1324769383621758983
1324769413418143744
1324769527792619522
1324769538773319681
1324769731619016706
1324769763915038720
1324769911957311488
1324769934044516355
1324769974519549952
1324770029209063426
1324770184725495809
1324770268607356930
1324770310424424448
1324770348831789056
1324770406633402368
1324770415252660224
1324770469606838272
1324770489101881345
1324770490901131265
1324770702738612225
1324770712943550471
1324770750314631168
1324770771722477570
1324770808762372099
1324771480601829376
1324771480786358275
1324771498213675009
1324771681781616643
1324771782583341056
1324771807820394498
1324771816196300800
1324772017728606210
1324772035516649473
1324772069138178061
1324772522970238977
1324772550078013447
1324772579303919629
1324772608814968837
1324772768370597889
1324772818635182080
1324772961027452933
1324773045001613312
1324773182021214209
1324773263050862592
1324773309494579200
1324773326263377920
1324773330398834688
1324773343858405382
1324773461701627907
1324773514625298432
1324531947645927429
1324532088020914177
1324532120111345664
1324532136695668736
1324532346436071426
1324532359086178312
1324532367286042625
1324532501633593346
1324532573201051648
1324532623557865475
1324532682231984128
1324532766088769537
1324533138392076295
1324533197976330241
1324533340486205440
1324533344919457793
1324533386740989952
1324533705335959553
1324533814681546755
1324533826887032833
1324533843970334722
1324533886093852672
1324534254844420096
1324534259269423106
1324534267297386496
1324534380849778689
1324534393302560771
1324534414299324416
1324534540141056003
1324534611335106562
1324534681950396417
1324534720709849090
1324534724761686018
1324534822790852608
1324534917657755648
1324534947034599424
1324535068455522304
1324535127217786881
1324535164991606784
1324535224081022987
1324535777469059072
1324535798629281792
1324535806632091649
1324536247176601602
1324536259902136321
1324536486344097792
1324536675087822851
1324536675230515206
1324536743912112128
1324537097026330624
1324537119801446400
1324537220330643458
1324537328518483969
1324537455328989184
1324537966849654786
1324538008524230656
1324538038173765632
1324538067508699137
1324538163851907073
1324538193354567682
1324538327626883074
1324538407264178176
1324538566861574151
1324538596062318592
1324538613128978433
1324538723157991427
1324538726014472192
1324538796696883202
1324538873251303429
1324538877303050242
1324538927685029888
1324539036313120768
1324539078407344128
1324539245965488128
1324539275497689089
1324539384780259328
1324539422382166016
1324539435208290305
1324539451738148865
1324539518771494913
1324539669661376513
1324539833528832000
1324539888163647488
1324540022175883264
1324540244398657537
1324540726718377984
1324540756132995072
1324540965936312320
1324541112753688577
1324541120949460994
1324541167418171393
1324541171234951169
1324541171373285376
1324541188246892550
1324541192151961600
1324541322427015169
1324541406132621312
1324541414693392386
1324541519584464897
1324541603143442438
1324541767702773760
1324541775290064897
1324541809410846721
1324541811881320451
1324541823453454336
1324541842281525248
1324541846966718464
1324541867711672321
1324541884279107584
1324541912955658241
1324541913685524480
1324541989174599680
1324542039741136897
1324542135945764865
1324542152735559680
1324542156132904963
1324542205835513856
1324542249238220801
1324542276341780480
1324542318666518528
1324542324685172736
1324542471418875905
1324542515798773761
1324542593032691714
1324542594634960897
1324542705133854722
1324542836394528771
1324543108017770498
1324543166914113536
1324543197352235008
1324543200397127680
1324543262439460864
1324543285403242496
1324543327665037319
1324543385844228097
1324543423127408640
1324543429439823881
1324543524755427329
1324543667097382912
1324543721350795267
1324543847511195648
1324543923432337409
1324543926968094720
1324543952075345920
1324544015400722432
1324544096254513152
1324544096841682944
1324544343760277504
1324544459791429632
1324544602649448448
1324544673076203520
1324544982917808130
1324544991893450752
1324545021916319744
1324545038442004481
1324545076064739328
1324545109673889793
1324545205526241280
1324545244071952384
1324545538910552064
1324545566106251264
1324545772742938624
1324545782800932864
1324545814216142848
1324545833212080128
1324545859929911296
1324545885808680961
1324546045360168965
1324546078788751364
1324546191909146624
1324546196233334784
1324546348620910593
1324546431034789889
1324546481290911745
1324546665970388992
1324546674296037376
1324546707896569858
1324546776406384643
1324546783343648768
1324546786619387904
1324546830403862528
1324546904819036163
1324547013908795398
1324773562327158784
1324773573412663297
1324773724617347076
1324773808457293833
1324773837066686465
1324773850668781568
1324773938434502656
1324774152138559489
1324774171621076992
1324774207692148738
1324774244560080897
1324774251765899264
1324774445786009602
1324774445945397250
1324774496214155272
1324774575377440769
1324774584395116545
1324774777228304387
1324774802473865218
1324774896472334340
1324774909428617217
1324775100957286402
1324775148906553348
1324775163100041217
1324775196876709889
1324775229990694912
1324775246608637952
1324775318461112320
1324775353517297664
1324775356201639936
1324775454608396290
1324775666320056320
1324775725006815232
1324776019111211008
1324776044147011584
1324776108923998208
1324776212393349122
1324776245083734016
1324776278730272769
1324776340214714372
1324776434133426176
1324776513636569089
1324776598994882561
1324776672441245696
1324776702547951616
1324776752736919553
1324776806952640512
1324776832776826881
1324776991522844673
1324777027182960640
1324777055188250624
1324777249174740992
1324777260470177793
1324777448316280834
1324777562149703689
1324777599948648448
1324777683985829897
1324777696384135168
1324777998411796481
1324778002698350593
1324778023405715465
1324778191504945152
1324778216930873352
1324778221032902656
1324778292210118656
1324778308354015232
1324778314205171714
1324778363517587456
1324778479636787201
1324778556220674049
1324778711380537344
1324778787146326016
1324778912962899968
1324778925633974272
1324779072191385600
1324779202357448704
1324779240567570432
1324779248582762496
1324779261035687938
1324779436638687232
1324779437133615108
1324779495522398208
1324779550518218752
1324779715073318913
1324779810548232192
1324779860800262148
1324780085300244480
1324780091235336199
1324780104338313217
1324780108201209856
1324780141772378112
1324780192535994368
1324780204674502656
1324780255094181888
1324780299134279680
1324780418583977984
1324780424141438976
1324780435382087680
1324780552923336706
1324780575002136579
1324780930331009025
1324780955379392514
1324781039319994368
1324781093816569857
1324781261957656577
1324781282694438912
1324781358514872321
1324781360570159106
1324781467520573440
1324781677189672964
1324781871826378753
1324781916017577984
1324781932870311937
1324781962331082754
1324781978961367040
1324782025262403585
1324782314635763712
1324782357895770112
1324782375620861953
1324782398555512833
1324782486417801216
1324782536766218240
1324782591367667713
1324782691607285760
1324782749882855426
1324782813653032961
1324782874130874368
1324783363190747136
1324783379741659144
1324783400822165504
1324783761507180547
1324783769207844871
1324783790946947074
1324783791118966785
1324783873985826817
1324783967111909383
1324784047084765184
1324784399053934593
1324784411590631424
1324784424387596288
1324784503143976960
1324784625315729409
1324784663035039744
1324784755360124928
1324784801396727808
1324784856241496065
1324784952685125632
1324784965385658369
1324785527254560769
1324785724521127937
1324785791516569600
1324785917463130112
1324785984299540481
1324786097830961153
1324786131293020163
1324786132022939648
1324786168765054977
1324786326416351233
1324786366128050177
1324786379071627264
1324786379138781186
1324786407894847488
1324786437535883265
1324786479336476672
1324786567412621316
1324786569493008384
1324786655325265926
1324786835915075585
1324786978496385024
1324787012378021888
1324787293488635907
1324787301239693312
1324787334294966274
1324787355400757249
1324787439853031425
1324787498577526785
1324787586922172418
1324787695776894978
1324787942758490119
1324788102532108291
1324788266407780356
1324788308426326017
1324788530170658816
1324728350515040256
1324728459789279233
1324728476373495809
1324728669382811652
1324728711061491713
1324728728149200896
1324728828393148417
1324728937893777408
1324729021410652160
1324729032932352004
1324729109604261888
1324729126301978624
1324729231465717761
1324729288482906114
1324729327703990273
1324729327473360896
1324729420087730176
1324729516854403077
1324729549792432129
1324729659062444036
1324729692616712192
1324729746975035392
1324730006417846272
1324730011547394049
1324730225008193536
1324730233854087170
1324730271334195200
1324730288132542466
1324730375084613636
1324730404373450754
1324730430491402251
1324730430797631491
1324730481234059265
1324730637912297476
1324730685060382720
1324730703456645122
1324730812206645254
1324730812592459776
1324730913020911616
1324730925884809220
1324730935221329922
1324731030629175297
1324731062950469632
1324731089076838400
1324731093442912256
1324731143820701696
1324731290629951491
1324731320270942208
1324731333327777793
1324731450348965889
1324731517504049153
1324731550336909313
1324731647279853569
1324731714355286017
1324731726908719109
1324731907460931585
1324731936649084928
1324731936607244288
1324731945138479106
1324732025367126016
1324732091834208259
1324732121420890115
1324732154740416515
1324732208960163841
1324732246964740097
1324732326597840899
1324732418918653953
1324732435645562881
1324732448165560323
1324732666755850242
1324732676734070785
1324732679124885506
1324732687630872577
1324732712092127233
1324732750281248771
1324732783881789440
1324733006259523584
1324733094310649856
1324733266671341570
1324733299609149441
1324733362620149761
1324733379540094978
1324733397114228742
1324733408724062209
1324733618632093698
1324733660814315522
1324733685808193540
1324733710776836104
1324733763692220417
1324733824983420928
1324733832319389696
1324733966511935488
1324733969481388032
1324734050402271241
1324734058828599297
1324734136720986119
1324734277200846849
1324734342896087040
1324734352404713472
1324734414077779970
1324734461104345091
1324734474379284480
1324734494482587649
1324734558051442691
1324734570219016197
1324734613806370817
1324734683935055878
1324734700703911939
1324734817624330240
1324734842114920448
1324735087515193345
1324735145065259008
1324735145237221378
1324735518341500928
1324735694497964032
1324735723019251714
1324735904456544256
1324735988262969345
1324736060564426759
1324736096324870146
1324736184799682562
1324736252587970560
1324736267255484418
1324736369831325697
1324736441444913153
1324736537758732290
1324736642712829953
1324736667744284672
1324736722186297344
1324736822988034048
1324737091524157441
1324737099736641536
1324737133379117056
1324737178845458432
1324737217126821888
1324737221459615744
1324737238106804225
1324737338975682560
1324737607251746817
1324737741469454347
1324737917542084608
1324737998806753280
1324738031132303360
1324738441888882689
1324738488235888640
1324738542648487936
1324738580426727425
1324738701893783553
1324738706213871616
1324738739843796996
1324738890708647939
1324738892235419652
1324738928570634240
1324738987542650882
1324739100558135296
1324739176147918848
1324739251632787456
1324739373569630214
1324739494646444036
1324739570471231489
1324739577098260481
1324739926710169600
1324739968695226371
1324739983475941376
1324739985707290626
1324740060919570435
1324740098684903426
1324740107056881664
1324740257682804736
1324740270689275906
1324740341996638208
1324740371411169281
1324740438448697344
1324740685757644801
1324740795581276161
1324740819874680832
1324740820419907587
1324740926770565121
1324741230983602176
1324741256405155840
1324741312944476160
1324741591630839808
1324741705128660994
1324741910716710912
1324741910687305730
1324742183270801408
1324742200002007040
1324742225411121154
1324742363789615104
1324742489383849984
1324742703356223488
1324742707483463681
1324742753994104832
1324743274297393154
1324502445297455104
1324502466243821569
1324502502205722629
1324502512217608192
1324502533390266369
1324502558417833985
1324502611823857665
1324502738777100290
1324502894025052160
1324502961117122562
1324503070194151430
1324503103668916225
1324503166604386304
1324503246317244423
1324503351178993664
1324503447618637824
1324503682772131840
1324503746148290561
1324504005574230016
1324504156481216512
1324504177624711171
1324504232096006144
1324504320109412353
1324504351180730375
1324504362018770944
1324504496224030721
1324504789959516165
1324504831940321281
1324504907479715841
1324504999368577024
1324505069031739392
1324505087700586498
1324505159079133184
1324505251144085504
1324505295989673987
1324505307238858758
1324505368676937734
1324505410787790849
1324505473576505345
1324505674940882944
1324505731354316801
1324505888862937088
1324505943372083200
1324505955971801089
1324506132157763584
1324506148431630340
1324506148846899201
1324506471841865730
1324506606323691526
1324506823987240961
1324506933097881600
1324507105135644674
1324507155643293696
1324507197435449352
1324507486594994178
1324507663003242496
1324507813952049158
1324507868553306112
1324508044814856193
1324508099269414912
1324508522835595265
1324508535028371458
1324508866739056641
1324508878780928000
1324508942396018688
1324509239491133442
1324509399302492160
1324509449856438274
1324509504197767168
1324509546396737536
1324509550473523200
1324509604781477888
1324509672318128128
1324509697140051970
1324509877671112706
1324509949133692928
1324510003408052224
1324510093761781760
1324510576777830403
1324510688694382593
1324510716410372098
1324510741957758977
1324511056178327553
1324511081444872194
1324511110830149632
1324511406360846338
1324511475642355712
1324511483968049152
1324511513340637184
1324511593129017345
1324511685462298624
1324511723185844225
1324511796917653504
1324511844627816450
1324511869353119744
1324511920477659136
1324511955592351749
1324511974722572295
1324512070738579456
1324512079404040193
1324512146449981441
1324512225478860800
1324512242885398528
1324512322782662659
1324512539938639879
1324512562029957122
1324512655697170432
1324512696247685122
1324512704254672896
1324512863961014273
1324512935415291904
1324512985625210882
1324513001001504769
1324513036078473216
1324513119671001089
1324513170174758918
1324513233143795723
1324513262310957061
1324513271047626753
1324513327456915458
1324513360868646912
1324513620257067009
1324513778361389056
1324513811743805440
1324513849865834497
1324513967142653955
1324514050953277440
1324514092682485761
1324514206327164933
1324514214657085440
1324514222898843649
1324514227235807237
1324514260702154752
1324514458954334208
1324514587941752833
1324514625010978823
1324514730426380291
1324514797472436226
1324514886358097920
1324514889977618433
1324514952565182465
1324514956906164224
1324514965336805377
1324515004926877696
1324515032370237440
1324515309353656320
1324515347081367554
1324515359546814469
1324515430980034562
1324515485317292033
1324515572080660481
1324515821037768712
1324515841694670850
1324515909013327873
1324516047177814016
1324516081009086464
1324516118954938371
1324516314157740032
1324516525617930240
1324516563228250115
1324516664176709634
1324547094032617473
1324547127129890816
1324547223879708672
1324547320172572672
1324547475252813825
1324547534195445762
1324547580345409538
1324547590122340354
1324547613803323394
1324547731352932355
1324547756766232577
1324547857379168261
1324548314260512769
1324548359068278784
1324548452609626112
1324548532548894720
1324548568724742145
1324548591281606656
1324548691789840385
1324548784148406274
1324548796936785922
1324548821112786945
1324548911902695424
1324548974980726785
1324549090235936770
1324549098553237504
1324549200957247488
1324549330905178112
1324549361175592965
1324549375339728902
1324549702667309062
1324549705188204544
1324549715233439745
1324549726772056064
1324549750952235008
1324549811593486336
1324549857676320769
1324550015285538817
1324550080326705153
1324550105312202752
1324550193166143490
1324550440734748672
1324550474285002752
1324550478898831360
1324550629390454785
1324550659199410177
1324550797896650753
1324550927580229632
1324550950464425984
1324551091116277766
1324551187144736768
1324551363691487232
1324551488564199424
1324551506297868289
1324551528531681280
1324551637797535745
1324551648719626242
1324551719968231425
1324551871504150528
1324551912809766913
1324551938176933890
1324552072235134977
1324552122319425536
1324552202195595264
1324552261704601600
1324552357435244544
1324552357687021569
1324552375416344578
1324552399328071680
1324552462515068928
1324552563405062146
1324552659777527809
1324552807609856001
1324552882213978113
1324553057846308865
1324553091715420160
1324553150179676160
1324553158987841536
1324553334871650304
1324553444091453449
1324553464794533889
1324553481634652167
1324553502656520193
1324553527893655552
1324553540405141504
1324553917821296640
1324554001808084993
1324554083945111553
1324554181227761665
1324554228124258305
1324554467551944704
1324554598036643840
1324554764936531968
1324554790257467392
1324555021078433792
1324555042007908352
1324555121062113280
1324555305838018560
1324555368979070976
1324555482212782080
1324555964905914368
1324555972807778304
1324555985520893952
1324556073743847427
1324556132120186882
1324556253952151553
1324556832933859329
1324556840659607552
1324557118419120133
1324557206054932482
1324557386405695489
1324557407809392647
1324557455188238337
1324557717613256704
1324557780871761922
1324557835498221568
1324557838631505920
1324557856205668353
1324557902217125888
1324558011470385152
1324558134069833728
1324558168245096448
1324558179221577729
1324558200704675841
1324558397073752064
1324558800188252160
1324558889522778117
1324558917641424896
1324559039079063557
1324559151780007936
1324559202594000899
1324559350745149441
1324559405887770626
1324559410144907265
1324559542735249409
1324559571998937092
1324559752106545152
1324559995434758144
1324560100221165568
1324560171683762177
1324560205011701761
1324560263933235200
1324560344342130688
1324560391721070593
1324560624928595968
1324560674509459456
1324560767170105349
1324560834463367168
1324560846849155072
1324560849898401794
1324560926343790592
1324561011953831938
1324561127179657224
1324561211560742912
1324561266254426113
1324561274760409090
1324561666495770631
1324561727762124800
1324561886860529664
1324562025360564224
1324562075641761792
1324562105098555392
1324607500818284544
1324607692850298880
1324608096606457857
1324608125094236160
1324608377067130883
1324608444171657217
1324608578448142336
1324608578498547718
1324608611990097920
1324608687051284480
1324609006195806208
1324609110785040384
1324609320974192640
1324609421129953284
1324609538574618625
1324609576633802753
1324609576986124288
1324609626839502849
1324609702907568128
1324609774026022912
1324610033582252032
1324610201794891777
1324610226704781312
1324610227199741954
1324610268383617024
1324610361144668160
1324610411551887360
1324610504065732608
1324610512307527681
1324610524978565120
1324610746362155008
1324610788619919360
1324610830424420352
1324610834581041157
1324610985949356034
1324611011559804928
1324611103511384064
1324611137149706241
1324611187477131266
1324611233832701953
1324611242674323457
1324611291697262597
1324611682375659520
1324611816039813122
1324611816161464320
1324612109410406400
1324612122425368576
1324612168793378816
1324612461924884482
1324612487724048391
1324612550269521920
1324612588353679362
1324612605122629636
1324612625435602944
1324612688731803648
1324612705982935041
1324612722328297472
1324612785754570757
1324612798178013185
1324612803651493888
1324612876774957058
1324612936506236928
1324613094572777472
1324613171060088832
1324613175245983745
1324613184192471040
1324613263770804224
1324613338635005952
1324613460269899778
1324613565702053888
1324613676821811204
1324613707805184000
1324613866853158912
1324613945756438530
1324613980732583936
1324614026433830913
1324614110533672960
1324614291333537793
1324614337177288704
1324614423072460801
1324614441942585348
1324614572456759297
1324614605734379520
1324614643772542977
1324614718347161600
1324614732129669120
1324614794884820993
1324614856138498048
1324614878317826048
1324614961960640515
1324615020336963584
1324615075009826816
1324615192924295169
1324615229901209600
1324615309911859200
1324615310557806593
1324615406795960320
1324615524769239040
1324615592549240833
1324615746555645954
1324615783822073858
1324615994191523840
1324616073614815232
1324616144989335552
1324616474355531781
1324616501530415106
1324616535198076929
1324616560208683008
1324616594199379969
1324616606853464064
1324616711732109312
1324616857689579520
1324616933526876160
1324617027718246402
1324617163626455040
1324617361211621376
1324617444934127616
1324617503155236864
1324617658541682689
1324617688757534720
1324617705123684352
1324617831061872640
1324617861705453568
1324617968878292993
1324617976184819715
1324618045034172416
1324618279357304833
1324618287746060288
1324618309656961024
1324618367328804865
1324618535969042434
1324618569758498817
1324618623948783616
1324618758334369793
1324618803779698693
1324618934209957888
1324618936319553537
1324619004686688257
1324619428621856768
1324619441439604736
1324619500055076866
1324619709938094082
1324619894982381568
1324619953266479104
1324620084506230786
1324620104131366912
1324620372558270464
1324620553290878982
1324620649139240961
1324620795998621696
1324620817695723520
1324621131848933376
1324621140346634240
1324621160777220097
1324621375282270208
1324621576411795456
1324621647324667904
1324621697916391424
1324621723065528321
1324621790384070656
1324621855114878976
1324621941572018177
1324621950195519493
1324622053392052225
1324622377179881478
1324516848378011648
1324516935955042305
1324516957563973632
1324516968356040707
1324516997401579522
1324517045573197824
1324517049788469251
1324517146693668866
1324517250955661313
1324517273617530880
1324517380853293060
1324517414953013248
1324517452563316736
1324517540396101632
1324517653906657282
1324517767098343425
1324517778796130304
1324517913802493955
1324518070187036673
1324518278631477250
1324518396373934081
1324518400622821385
1324518421338316802
1324518512543543296
1324518677404942337
1324518802646831104
1324518862075891717
1324518882778951681
1324518907873501187
1324518970968494081
1324519013024780288
1324519052690206721
1324519117760663552
1324519285885120513
1324519380655333376
1324519390164013058
1324519579058667520
1324519652853194752
1324519721581088770
1324519755412287490
1324519906109493248
1324520002494615553
1324520140931825664
1324520172229517314
1324520233391038465
1324520342350684160
1324520497472745476
1324520540938272773
1324520812129316864
1324520864788975616
1324520883491348480
1324520908787167232
1324521194142502918
1324521231463469057
1324521246357422080
1324521470765117442
1324521470907813888
1324521584934137857
1324521713913135104
1324521970004824065
1324521971720327174
1324522015139790852
1324522275983577089
1324522309785321473
1324522392748777474
1324522464647544835
1324522632654577666
1324522737172402176
1324522838192246784
1324522997403721729
1324523026629746694
1324523106443104256
1324523345614954499
1324523387411189761
1324523459104305152
1324523781117874179
1324523793746808832
1324523857252818945
1324523869592498176
1324523903427948545
1324523983182716928
1324524073553154049
1324524083728556037
1324524196995735557
1324524199319281664
1324524226506756096
1324524310132936706
1324524507432775681
1324524528563834880
1324524570238423040
1324524817672929280
1324524859775455233
1324525031762784256
1324525048150065154
1324525130903552000
1324525153183846402
1324525219831259136
1324525296071045120
1324525312458125312
1324525698753679366
1324525778286108683
1324525833751531520
1324525946267934725
1324526134931922944
1324526303794524160
1324526457784328193
1324526461773074434
1324526470128148481
1324526520904359938
1324526545785004039
1324526566597107712
1324526621936812033
1324526772319363073
1324526818540572674
1324527074309070848
1324527082785964032
1324527216756076545
1324527485246042112
1324527510399406085
1324527556746502145
1324527653018312704
1324527670017798147
1324527795616231424
1324527824913354752
1324527879485558786
1324527912280715266
1324527946883805184
1324527976650866688
1324528097560055813
1324528143995039744
1324528198449876999
1324528277038551040
1324528408370597889
1324528487718215682
1324528488087506952
1324528516940156928
1324528525236424705
1324528621822840834
1324528730866372609
1324528806519099394
1324528861095317504
1324528911414415367
1324529137860571142
1324529288767541248
1324529297135030272
1324529532355989509
1324529796420960257
1324530056262275072
1324530060590723072
1324530157223378944
1324530173073596419
1324530333270749184
1324530412882927617
1324530458932236289
1324530463193575425
1324530681788116993
1324530763874721792
1324530777779064835
1324530908016398337
1324531218222862336
1324531239496331264
1324531433583632384
1324531478194196487
1324531562126467072
1324531717508661248
1324531780389638146
1324531788732092416
1324531847263649793
1324531858089103361
1324788627193372673
1324788660596858882
1324788664854028290
1324788685720543233
1324788761402564610
1324788786501349376
1324788842377977859
1324789184662544384
1324789097483902976
1324789315608608768
1324789264412979204
1324788945234919431
1324789461482393601
1324789373620097027
1324789444398981120
1324789549508091904
1324789587865034752
1324789600263393281
1324789651949809666
1324789889523658753
1324789919269576709
1324789965130256385
1324790065386586118
1324790330076651520
1324790380072755207
1324790447127093248
1324790447211008000
1324790591427907595
1324790665859997696
1324790282618048522
1324789638008102912
1324791022157586432
1324791248213991424
1324791286122139650
1324790527053750272
1324791318099361792
1324791432830476297
1324790854456934412
1324790884244819969
1324791525033869312
1324791646958034944
1324791663689191428
1324791771637944320
1324791793645424640
1324791219554234375
1324791844866265090
1324792091487150080
1324792355829022723
1324792382836101121
1324792414314373120
1324792572968161282
1324792724629921792
1324792900941684742
1324793081552637959
1324793316320432131
1324793340647378944
1324793341360377857
1324793376441540611
1324793433362489346
1324793462710063105
1324793550966530058
1324793589025525760
1324793593178005504
1324793643245490178
1324793695875534849
1324793811285979145
1324793949999964160
1324794117063241728
1324794125439348739
1324794209635868673
1324794264396664833
1324794362102951937
1324794381359026176
1324794452146343937
1324794510845583364
1324794523927695361
1324794553942102018
1324794574523478018
1324794704714702855
1324794754568257543
1324794762805784576
1324794785291411457
1324794936630403082
1324794952161918977
1324795283201548293
1324795087944060929
1324795325425528833
1324795457692934145
1324795543416115201
1324795606368399360
1324795627239313411
1324795801281925122
1324795845384888321
1324796139019866113
1324795853899485186
1324796260696629251
1324796344163311624
1324796398848585734
1324796600389087235
1324796650892763136
1324796941549666306
1324796956707835906
1324797292390600705
1324797319439634436
1324797376356376578
1324797464130527233
1324797468681375748
1324797698793459718
1324797760806289408
1324798005388738561
1324798013936730112
1324798202495860736
1324798219415597056
1324798361791303680
1324798383098368000
1324798420641599488
1324798462270033920
1324798698371620865
1324798988021805062
1324798991138127872
1324799168825696263
1324799251122192385
1324799271758106626
1324799339248685063
1324799429384294401
1324799531972780037
1324799561378877440
1324799566059835398
1324799670594478082
1324799683043205127
1324799917865525249
1324800001965461513
1324800089806786561
1324800320741003264
1324800396020297729
1324800584873029636
1324800676992552967
1324800769548341249
1324800803064975360
1324800998519562245
1324801004311777280
1324801067197042692
1324801113439219714
1324801314879086595
1324801373708406784
1324801516600020994
1324801557750337536
1324801658778517517
1324801671046828036
1324801846976802816
1324801922881228801
1324802014996500480
1324802114284068865
1324802153416921100
1324802245746044929
1324802415070072832
1324802568543965187
1324802590023049219
1324802653029892099
1324802673611362304
1324802980227522560
1324803042676539393
1324803147747926017
1324803152042987521
1324803210058543104
1324803386693328900
1324803487633428480
1324803563038662658
1324803593267019777
1324803936419827714
1324803957923946507
1324804129395408896
1324804359868321792
1324804398091018243
1324804405800194049
1324804577091153920
1324804846315327494
1324804944499634176
1324804955299962880
1324805119167385601
1324805152520523778
1324805216433221635
1324805299191091201
1324805358053777409
1324805438068711425
1324805446117609476
1324805534273339396
1324805550790553602
1324805609548558338
1324805794139828224
1324805914940067845
1324805940890148864
1324805949178236928
1324806007898464260
1324806163402166272
1324806192883933184
1324806414859083777
1324806503006674945
1324806603950927880
1324806612322820096
1324806784079532041
1324806880430972928
1324806922533507072
1324806997884182530
1324807174149836801
1324807186615357441
1324807186070052865
1324807262402207745
1324807280035069955
1324807564287217671
1324807631198969856
1324807644171948043
1324807660978475018
1324807682054868992
1324807971357024259
1324808080316600320
1324808151397408769
1324808162462048266
1324808176416419841
1324808276756910080
1324808461893423106
1324808466108682242
1324808503794552832
1324808583549132800
1324808793218166785
1324808835190693890
1324808847110729728
1324808868631891969
1324808889523671041
1324808923069775880
1324809002971181061
1324809110836137984
1324809225126637568
1324809266881056772
1324809317518856192
1324809535874215936
1324809636273422338
1324809661292269569
1324809661644709890
1324809690832883712
1324809728590073859
1324810009755222019
1324810191284674571
1324810231617069057
1324810256795488261
1324810387259379715
1324810412228022272
1324810567228542976
1324810571502415872
1324810594571165697
1324810643225104385
1324810671993851904
1324810692294107138
1324810767477202950
1324810856845185025
1324810978228375554
1324811129240068103
1324811133727858689
1324811284395761664
1324811310534721545
1324811402171863040
1324811540294438913
1324811544652320769
1324811684746330113
1324811733299564544
1324811787707904000
1324811909334523904
1324812324910161921
1324812330753024000
1324812470796648449
1324812471627120640
1324812488114872320
1324812551482347521
1324812639499743234
1324812660219744257
1324812765261893634
1324812849118552064
1324813117466021889
1324813192929955840
1324813230938664960
1324813261972271104
1324813524518932480
1324813557855326216
1324813600024862720
1324813725484929026
1324813759039348741
1324813989889609735
1324814157288558592
1324814161608671234
1324814183142166528
1324814208828137474
1324814325530255361
1324814325698224128
1324814426172727297
1324814476277915649
1324814631865602048
1324814639998377984
1324814719581102086
1324814821292974081
1324814849453383680
1324814916885295111
1324815025840771074
1324815038436282368
1324815075815776256
1324815214697762817
1324815310956957717
1324815353285877760
1324815382603988992
1324815864839942145
1324815889770962945
1324815907009552384
1324816095530885128
1324816191957991424
1324816292453535750
1324816376616361984
1324816443725283329
1324816556929519618
1324816766615302144
1324816875532988421
1324817294820823042
1324817336855982080
1324817366560235527
1324817370548858880
1324817542649679872
1324817542788108288
1324817576111804417
1324817605455065088
1324817672262045701
1324817794064543744
1324817840097038337
1324817844727549953
1324817857235062785
1324817898817249280
1324818079197659140
1324818104594145284
1324818221858496512
1324818544039727111
1324818545281171456
1324818632631853056
1324713125023748097
1324713137312952320
1324713302707052544
1324713401961062400
1324713456315092992
1324713811300024320
1324714102070087683
1324714203073007622
1324714234580738048
1324714278730031109
1324714307939147777
1324714312124919809
1324714374859292679
1324714656095739908
1324714823884570625
1324715109072199681
1324715307978657794
1324715310381936643
1324715343084888064
1324715494759407617
1324715544243785730
1324715557950758914
1324715620856975360
1324715813614530563
1324715885228138496
1324716052735913984
1324716102916689928
1324716300275363842
1324716438809120770
1324716443045294082
1324716581272887299
1324716619445243905
1324717311165665284
1324717374227042304
1324717411522777090
1324717437091270657
1324717482960130048
1324717637595734016
1324717726338789378
1324717776473366530
1324717797616852993
1324717852037947393
1324717881733586945
1324718036897718272
1324718159081910274
1324718430940004355
1324718451966025728
1324718548355293184
1324718560950788097
1324718661651804161
1324718787497758721
1324718946860322817
1324719093677760513
1324719353670098948
1324719394178650115
1324719420904771584
1324719546486325248
1324719890524073984
1324720314186649604
1324720494537547787
1324720540943323137
1324720716764372996
1324720796372185091
1324720838193631234
1324720896922320901
1324720918262939648
1324720925913370625
1324721031563587584
1324721107061145601
1324721272421408771
1324721455003783169
1324721480081571843
1324721488470151169
1324721562558365696
1324721639301545985
1324721723485335553
1324721773808529408
1324721790510399491
1324721835016101894
1324721975273627650
1324722105255108608
1324722306476814338
1324722369433374720
1324722520327507969
1324722545497702400
1324722617060749315
1324722620810579969
1324722671796453376
1324722696387760128
1324722725915631616
1324722814042079233
1324722864377991172
1324722881130074112
1324722906413359105
1324723213184733184
1324723430659289089
1324723472518598658
1324723475140018182
1324723585764786178
1324723622934695938
1324723715754569730
1324723753645846530
1324723808176082944
1324723858537091075
1324724000895938562
1324724030528757767
1324724089202700295
1324724181288800260
1324724449799798785
1324724474189471744
1324724694688432128
1324724828910178304
1324725154493157384
1324725158913867776
1324725221404876800
1324725309816688641
1324725469070168064
1324725510887378952
1324725578096926724
1324725717452677121
1324725800306794496
1324725845899026432
1324725850617663492
1324726001730002946
1324726077227323392
1324726182122840065
1324726198778343425
1324726228163665921
1324726299441553413
1324726310640517121
1324726358111563778
1324726412566319105
1324726437769871360
1324726503343415297
1324726559639506946
1324726593059782658
1324726647552180227
1324726661930168320
1324726706297593857
1324726806927167488
1324726827932418048
1324726903605919744
1324727091775082496
1324727222381371393
1324727263531847680
1324727347971383296
1324727348286103555
1324727394108887040
1324727486463287296
1324727578658131970
1324727729569366016
1324727801119793152
1324727813501497345
1324728093924274176
1324728220483280902
1324818985586708482
1324819031262711809
1324819077483954177
1324819174359769090
1324819287740239872
1324819421857255428
1324819673272254464
1324819694281510913
1324819782181416961
1324819857842515975
1324819929242214408
1324820776546111490
1324820869277917184
1324820939905839105
1324821014396739596
1324821169070133255
1324821207384903681
1324821300662198273
1324821984283398146
1324822042982711300
1324822189779128321
1324822251838070784
1324822390942142466
1324822517132021760
1324822596496642056
1324822768475516928
1324822848263741442
1324822869562560518
1324822903238488064
1324822944909086720
1324822948826546177
1324822974231240704
1324822978652155904
1324823032968450059
1324823074605309952
1324823238380277760
1324823377023041541
1324823435353182209
1324823632670007297
1324823636809785344
1324823686726209541
1324823699753754626
1324823871510511620
1324823893052305408
1324823900841267201
1324824122975608832
1324824161060048898
1324824362579599365
1324824415788539904
1324824442132852736
1324824551205801985
1324824576224800768
1324824592242909184
1324824643568496640
1324824914516353024
1324824933092917248
1324825009408409600
1324825117709508608
1324825129940099073
1324825175691579393
1324825272517042177
1324825364686868481
1324825629443776512
1324825671076585472
1324825679398096896
1324825784003997696
1324825843030495234
1324825910231461889
1324825926660739072
1324826178537115655
1324826178746753024
1324826315854352384
1324826354789969920
1324826740972163072
1324826862070177793
1324827004991115269
1324827042660052993
1324827071823155207
1324827118207934465
1324827130409222144
1324827189288833024
1324827231219290112
1324827277352411138
1324827300517629953
1324827340258594816
1324827440678580224
1324827522190618624
1324827558563643392
1324827642395316224
1324827650851016706
1324827759579959299
1324827768241139714
1324827770162155521
1324827813451616262
1324827826940452868
1324827831327694849
1324827839452094464
1324827870192115714
1324827957244928000
1324828024085372930
1324828297461747713
1324828355720609792
1324828435202609153
1324828585845280776
1324828644716457989
1324828921792237574
1324828997054844929
1324829064356491265
1324829160573968388
1324829198591139843
1324829248629202944
1324829295114637313
1324829317528907776
1324829458566623233
1324829466779127812
1324829596664160256
1324829638770757632
1324829641736097796
1324829739350061056
1324829790050791425
1324829865535631360
1324829894375809026
1324829915854917632
1324829949040230407
1324829957659467776
1324829999745142784
1324830025066127361
1324830174081404929
1324830276644753415
1324830343510269954
1324830406575730688
1324830477639913472
1324830482014609409
1324830498913456128
1324830553342939138
1324830683114708994
1324830712822927361
1324830775611740161
1324830800634769408
1324830820390051842
1324830833887334400
1324830877029982214
1324830989613498370
1324831144756584448
1324831154822787072
1324831266559172608
1324831530468954113
1324831639453786114
1324831647758516236
1324831744202362880
1324831761394737152
1324831790402433025
1324831829975707651
1324832004412743680
1324832218389368833
1324832357292060674
1324832801531826178
1324832893504352256
1324832940451418112
1324833224883843072
1324833258690011138
1324833304701534208
1324833333969379335
1324833476084928512
1324833531424485376
1324833602236919808
1324833607840604171
1324833707342110720
1324833828960112646
1324833858408337413
1324833887965642752
1324683056427446272
1324683107367297024
1324683542534721536
1324683707849052160
1324683840904974337
1324683840854642690
1324683849163591681
1324683951823310850
1324684055611281408
1324684231285628928
1324684268585521156
1324684276814807041
1324684386558636033
1324684612875026432
1324684750825598977
1324684767816798210
1324684805477421062
1324685358899077125
1324685455468621825
1324685518601396225
1324685576071766018
1324685606635532288
1324685644715741186
1324685661471969285
1324685707588362240
1324685736998772736
1324685984190128128
1324685996894638080
1324686067660849152
1324686241426776065
1324686294878982148
1324686332287873026
1324686336348114947
1324686382497886210
1324686390479654913
1324686416488599553
1324686420536078338
1324686432733171713
1324686449766268931
1324686495656103939
1324686516992544768
1324686563142520832
1324686689017749504
1324686986159005702
1324686994719428608
1324687128937275395
1324687271686262787
1324687322345017345
1324687401940299778
1324687506231746560
1324687594643337217
1324687837720182787
1324688047443709953
1324688097867714562
1324688291258601472
1324688295062867969
1324688379074654209
1324688408644648960
1324688515721035777
1324688739877216257
1324688852787859456
1324689156786835456
1324689181638037504
1324689272608329728
1324689285061234690
1324689486756913152
1324689595406143489
1324689599504011264
1324689611969466371
1324689654143045632
1324689666692571136
1324689868082106371
1324689892979347456
1324689897379274754
1324690022977675266
1324690064815890436
1324690191769128960
1324690312749527041
1324690329249976332
1324690450742157313
1324690463744544770
1324690505024897028
1324690568153387008
1324690585136041987
1324690660784484353
1324690803546066950
1324690862144655360
1324690979387928576
1324690991647989762
1324691021117169665
1324691298176040961
1324691377863729155
1324691503445385216
1324691663143448578
1324691759478329346
1324691782160932864
1324691923156803584
1324692023761317889
1324692124709933056
1324692136911081472
1324692409977131009
1324692464310116357
1324692481431072769
1324692539719536640
1324692556739829760
1324692724407279616
1324692867395149824
1324692976027619328
1324693045087002625
1324693231477678084
1324693265665372161
1324693281897385984
1324693365649276935
1324693458506928128
1324693626182656001
1324693684634398723
1324693689206263808
1324693714405654528
1324693798400618496
1324693961953468416
1324694108351418368
1324694142174273536
1324694242707542018
1324694255382667264
1324694339189121025
1324694355731488770
1324694356205412352
1324694416431456258
1324694431556132864
1324694506768388098
1324694800587579392
1324694892937846784
1324694964069163008
1324694964467494912
1324694972545880066
1324695056196857858
1324695345469730818
1324695383575056388
1324695437958262785
1324695572318748673
1324695647572951041
1324695660352872448
1324695718897045504
1324695740153778176
1324695990444711936
1324695998137016321
1324696142349819905
1324696159592488961
1324696197295034374
1324696209278357510
1324696239074615296
1324696251452035074
1324696377503469571
1324696398684717058
1324696418733318144
1324696423808446465
1324696490779025409
1324696675340951553
1324696691400863746
1324696914374270977
1324696931445059596
1324696989708201990
1324697032041353216
1324697082326908929
1324697086433153026
1324697123875684352
1324697203508678657
1324697287424200705
1324697296068583429
1324697346148585474
1324697402004119557
1324697556266397697
1324697753390403585
1324697983905112065
1324833942214725634
1324834030391615490
1324834063757254656
1324834215003914241
1324834265159229440
1324834278044168193
1324834355131359232
1324834449427587072
1324834474702610433
1324834768488378368
1324835074777513984
1324835196030648327
1324835724588425223
1324835768351756291
1324835816988987403
1324835846600548353
1324835926049230850
1324835925961093121
1324835972102660096
1324835992860196864
1324836006080688128
1324836399946878981
1324836647666667520
1324836725747781639
1324836748514349057
1324836760740859904
1324836802839171072
1324836831997890560
1324836915930157059
1324837134012997637
1324837154757906433
1324837285184131072
1324837322685296640
1324837398430289927
1324837494744092674
1324837536527765505
1324837541951012866
1324837649920659463
1324837742061244419
1324838014762168320
1324838056784990208
1324838249811058688
1324838260905041920
1324838329242836994
1324838452957990912
1324838463674421249
1324838539281006596
1324838564392181760
1324838589658734599
1324838635766796290
1324838711113252865
1324839149879271424
1324839184910192648
1324839273082867712
1324839352694956034
1324839520651694087
1324839524921466881
1324839579669712897
1324839583515840516
1324839885577048065
1324840011531870208
1324840074069135360
1324840120709795842
1324840259633344512
1324840359759761408
1324840401228976129
1324840523060908035
1324840577427525635
1324840591239401478
1324840594779312128
1324840758868910084
1324840984321118209
1324841060070268929
1324841064260317184
1324841097894547456
1324841123643232256
1324841177959538688
1324841487759265795
1324841512916668417
1324841605346590723
1324841647004332032
1324841837962633216
1324841953335365634
1324842007622230016
1324842045668794369
1324842360270966786
1324842364356173827
1324842435491618818
1324842452289785856
1324842469071200256
1324842612155711491
1324842662009151488
1324842666371239942
1324842838257995778
1324842863390302212
1324843019040886790
1324843073017446400
1324843182085951488
1324843350248271876
1324843492758179846
1324843538765377537
1324843563981672456
1324843631103119361
1324843682080718850
1324843736094760961
1324843815283224576
1324843882903994371
1324844071475580933
1324844101754343424
1324844180590501889
1324844243307896832
1324844459729821698
1324844528872779776
1324844545054420992
1324844721479520256
1324844797035728901
1324844860025745408
1324844884549799938
1324844914211983360
1324844998458748931
1324845036094279683
1324845115261681665
1324845164934819841
1324845246610608129
1324845333747150848
1324845450235580417
1324845535510056960
1324845535744954372
1324845635963596801
1324845732730490880
1324845807707820032
1324846063900008448
1324846105843159042
1324846201473273859
1324846214714691584
1324846248608804867
1324846281240596481
1324846303134781440
1324846363981611009
1324846709382565890
1324846776558473216
1324846789468528641
1324846838327906306
1324846864676589570
1324846873115566082
1324847154263851008
1324847175365468162
1324847204817920001
1324847418618175488
1324847900938117126
1324847909255303169
1324848127149527043
1324848236390068224
1324848437464985600
1324848608529842176
1324848655711555586
1324848714230489094
1324848747952640000
1324848748254486529
1324848863455432704
1324698193704071168
1324698227384483840
1324698277435101184
1324698306589712385
1324698365075038210
1324698537620312066
1324698546281406471
1324698881880428544
1324698906987532292
1324698969981689856
1324699015540318211
1324699015796060162
1324699031650656256
1324699112994988032
1324699154141057024
1324699162714218497
1324699410211565568
1324699585734975488
1324699597978128384
1324699876328939520
1324700072559390726
1324700086102876160
1324700190180298752
1324700521446445056
1324700607018512386
1324700751785041920
1324701201032765440
1324701205063348224
1324701339411238912
1324701465013792772
1324701485964398592
1324701671784648706
1324701683184738304
1324701738339807232
1324701973115998209
1324702043773218820
1324702115269324800
1324702205816045568
1324702232621862914
1324702320731561988
1324702345159155712
1324702425517858817
1324702504991543296
1324702542857527296
1324702576416329730
1324702689796726787
1324702824526188544
1324702824538755072
1324702903651700737
1324702945993236480
1324703037945008132
1324703088159170561
1324703101127897089
1324703230887137280
1324703235190493184
1324703256036126721
1324703323212185601
1324703348352819203
1324703381710114816
1324703423963475970
1324703507593621505
1324703517228048387
1324703612472336385
1324703713148067841
1324703734589497346
1324703805389373440
1324704090497175553
1324704162395901953
1324704249977163776
1324704305040003077
1324704409440391168
1324704523185774592
1324704539853938689
1324704569167814657
1324704615238127618
1324704648301871104
1324704757727068161
1324704757852852224
1324704937889222658
1324704948412686342
1324705147625242624
1324705160237666307
1324705328248836102
1324705349178400768
1324705701617410048
1324705864511590402
1324705865304166400
1324705906916020224
1324706074914684928
1324706120796114945
1324706213293154304
1324706355492626433
1324706393014865920
1324706406067589120
1324706502377119747
1324706665795641346
1324706812625637381
1324707031450898432
1324707047674433536
1324707198472232960
1324707219666075649
1324707232399777798
1324707341338632192
1324707404261531648
1324707467318603777
1324707519990816770
1324707542925234177
1324707683253981187
1324707710709977094
1324707865635028993
1324707890926682112
1324708088289488898
1324708190630666240
1324708327197126657
1324708352136515585
1324708402451288065
1324708645649657856
1324708840584011776
1324708960381870080
1324709224513970177
1324709429946785795
1324709459306926080
1324709832931319811
1324709853928001536
1324710147340537859
1324710294606721024
1324710550211842053
1324710688418353152
1324710722039910402
1324710785604587520
1324710831053971456
1324710881507348480
1324710906308296711
1324711074223038464
1324711199976656908
1324711207702458369
1324711229131264003
1324711292121264130
1324711606891196419
1324711682506022912
1324711732921720832
1324712030209777666
1324712126825533441
1324712147746783232
1324712290264952836
1324712506015830016
1324712626186817537
1324712747716718592
1324712772853239808
1324712826384965633
1324712898678149120
1324562181552246785
1324562209914146816
1324562268823212033
1324562310464196608
1324562310854250496
1324562474402799617
1324562537581551616
1324562549837340672
1324562591591636994
1324562621194907648
1324562793408974848
1324562968877666306
1324563099295215617
1324563115938295809
1324563470289903616
1324563501700898821
1324563535452659714
1324563653144662016
1324563968103485440
1324563984083832832
1324563988584243200
1324564064849285122
1324564151927263232
1324564336518422530
1324564407704195073
1324564487450562562
1324564555771506688
1324564722738483200
1324564827407216640
1324564881752825856
1324564940703883265
1324564970114293760
1324565087269638144
1324565108476071937
1324565170232954881
1324565217431425025
1324565221659209729
1324565536173248513
1324565548634644482
1324565582381895680
1324565590133145600
1324565645132967936
1324565737139281920
1324565997307584512
1324566065108537344
1324566085698420736
1324566140392148993
1324566177725624325
1324566223930167301
1324566341542662146
1324566387323404288
1324566429421637632
1324566528134696963
1324566567795990536
1324566832355844096
1324567155581554692
1324567310061981696
1324567372863328263
1324567440378851328
1324567490609868801
1324567528518111239
1324567629332467712
1324567742213599233
1324567926670807045
1324567931217465354
1324567952155291648
1324567994056478720
1324568176865234944
1324568199472553986
1324568526959583232
1324568555778695169
1324568606265532417
1324568673793810433
1324568732325171201
1324568888089088000
1324569118188531712
1324569138883403776
1324569671937466368
1324569751369084931
1324570074305470464
1324570091267235843
1324570229704253441
1324570495774318592
1324570519052689410
1324570573486215170
1324570724523298817
1324570990953689088
1324571084713320448
1324571215348916224
1324571609655468033
1324571702215364608
1324571735178596354
1324571735442690049
1324571828027826177
1324572075848310784
1324572146421665795
1324572263761485827
1324572280484208642
1324572339124662272
1324572628510597120
1324572657891921920
1324572720986816513
1324572872245833728
1324573060763127813
1324573100353024000
1324573370898243585
1324573522111451143
1324573576721166337
1324573794904666112
1324573798901772289
1324573815779844097
1324573941218873344
1324574118117867520
1324574125873127425
1324574273135087619
1324574524361396224
1324574633748815872
1324574653940142081
1324574675905646592
1324574717563543554
1324574763671556102
1324574985629929473
1324575451289948165
1324575543790956544
1324575606806368256
1324575690361024514
1324575795583414272
1324575967294164992
1324576000802492417
1324576110169018370
1324576294839877632
1324576374347100162
1324576575405305857
1324576626298990592
1324576638181531650
1324576772705316865
1324576986858164229
1324576999638208512
1324577024069955584
1324577125488353280
1324577133159575552
1324577204739678208
1324849087892652034
1324849133895798784
1324849310018662400
1324849452738228225
1324849494903717893
1324849673186795521
1324849704686047232
1324849737896439808
1324849817953144832
1324849825850953729
1324850027458678787
1324850274821984260
1324850354362658820
1324850384226062336
1324850571648663552
1324850581312294917
1324850649306193922
1324850815949963265
1324851142858317839
1324851231102218241
1324851256259604482
1324851273213136901
1324851352678375425
1324851356797145090
1324851491052625921
1324851562376765441
1324851633604493315
1324851851733454852
1324851931655921670
1324852124417667078
1324852439107932168
1324852476688822273
1324852598428618760
1324852615256154119
1324852644964433920
1324852715852353538
1324852728502235139
1324852749427712003
1324852767068966919
1324852916755320833
1324853005326393344
1324853039191252992
1324853105238839296
1324853172981043200
1324853243747299328
1324853254824493057
1324853403583946752
1324853429064376320
1324853634442604555
1324853978530795521
1324854099641249792
1324854271893032961
1324854364364804097
1324854376662507523
1324854837968838656
1324854884689063936
1324855006877655041
1324855194551799811
1324855307495878656
1324855387569360896
1324855622563590152
1324855634911809537
1324855865854365700
1324855886662299649
1324855895369654272
1324855970602905600
1324856046108741632
1324856117290323976
1324856117411934210
1324856146814029828
1324856201205747712
1324856268331298818
1324856385868361729
1324856415224270850
1324856469972553730
1324856486430912517
1324856528797532160
1324856549521727497
1324856583210389505
1324856801414754306
1324856876434137088
1324856901637754882
1324857019174735873
1324857031828938752
1324857102884466689
1324857220421611520
1324857233205874689
1324857245897723905
1324857296040693760
1324857334036918272
1324857535023640576
1324857560126656515
1324857580922019845
1324857652573331462
1324857723880607744
1324857753161129985
1324857904437075971
1324857958904328195
1324858034343063554
1324858176785715200
1324858512380358656
1324858556903002122
1324858697881882624
1324858818434658305
1324858868954902528
1324859086920437767
1324859321998475264
1324859334396792832
1324859367473221632
1324859464428769282
1324859514894561281
1324859674307518468
1324859808273543171
1324859997466075139
1324860064289746944
1324860156610445313
1324860416498028545
1324860550971584513
1324860659964792839
1324860789983883265
1324860894875181059
1324860928425222144
1324860934943346691
1324860966555820033
1324861058494951429
1324861284899282948
1324861405393137664
1324861439874625538
1324861457012563968
1324861461097832449
1324861595261005824
1324861620573573120
1324861670515044354
1324861701490139136
1324862056659644418
1324862110552252417
1324862184187437056
1324862308435300354
1324862350072049664
1324862367319138305
1324862371161018368
1324862525305982976
1324862595975712769
1324862921021722624
1324863008875671552
1324863155575590915
1324863163855106050
1324863461621334016
1324863562418970625
1324863629716549633
1324863684087328777
1324863755507953665
1324863781101424642
1324863809664782337
1324863906398023681
1324863919052230658
1324863977684406277
1324864061608226816
1324667982203813888
1324668078760878081
1324668171740209155
1324668396999479297
1324668397708320768
1324668498816229378
1324668649584631814
1324668699316551680
1324668707398963202
1324668892581634048
1324668938266050560
1324668992821354496
1324669094076026880
1324669156323545088
1324669429024776193
1324669458816864256
1324669555067637761
1324669567478607874
1324669580019699712
1324669622549962752
1324669881887956994
1324670184536363024
1324670217675509763
1324670259492659201
1324670406209527811
1324670595573911552
1324670872263774211
1324671090036252672
1324671350745739269
1324671430559191040
1324671438100537346
1324671564944728066
1324671673627496450
1324671681240117253
1324671937558315008
1324672134896115712
1324672193591128069
1324672311283355649
1324672343743094786
1324672369856811009
1324672411564986369
1324672524739702785
1324672629345837056
1324672721456926720
1324672759964684289
1324672898234224643
1324673200387694592
1324673464024879104
1324673510812180480
1324673660796370944
1324673732884025345
1324674118332002304
1324674259675975681
1324674379222077441
1324674491914588160
1324674537871519746
1324674717945454593
1324674764888301568
1324674768436518912
1324674873277501442
1324674915585396736
1324675045327818752
1324675090919886848
1324675123014750209
1324675137594118146
1324675158444023809
1324675221639626753
1324675237905113089
1324675255017840640
1324675703749529600
1324675854727745538
1324676013859635201
1324676060328337408
1324676181929721856
1324676291493273602
1324676345838919681
1324676776652582913
1324676936673697792
1324677222159011841
1324677398227542017
1324677415285784576
1324677452556361728
1324677465458036736
1324677629312729089
1324677637319655424
1324677910431633414
1324678068812697602
1324678144884908037
1324678274304430081
1324678442785320961
1324678580228403200
1324678633840091141
1324678862329024512
1324678870746976256
1324678954570162176
1324679059310321675
1324679252541779968
1324679319503966209
1324679369353318400
1324679486856638464
1324679797449105413
1324679848074293248
1324679856454541317
1324679868710309888
1324679869989441536
1324679927191527424
1324680019977728002
1324680041373048832
1324680111707357190
1324680305094103044
1324680313650487297
1324680317253439488
1324680389105913856
1324680493514850305
1324680497604251649
1324680514981236737
1324680553031962624
1324680569301716993
1324680602457657350
1324680602969276416
1324680736725639169
1324680741297524736
1324680791373348864
1324680900437827585
1324681738619150338
1324681877475741696
1324682137585549312
1324682364291850240
1324682654176829441
1324682750180397056
1324682762658418688
1324682838688604160
1324622549448380418
1324622591995318274
1324622645703434240
1324622818038996993
1324622907692244993
1324622972687056896
1324623039833714689
1324623065582428161
1324623086319185920
1324623111841435648
1324623341882322946
1324623493212868610
1324623602361245697
1324623619398475776
1324623643821834240
1324623715976519681
1324623762315079681
1324624004800421891
1324624273252605953
1324624739248340993
1324624740062056449
1324624798010511360
1324624910963134464
1324624918915567617
1324624969641259008
1324624998896525313
1324625041351467010
1324625095273324546
1324625154916249600
1324625204564250624
1324625217386213378
1324625305663885319
1324625334579339269
1324625727363362816
1324625753577820160
1324625993273921537
1324626034671546368
1324626177319841795
1324626231728443392
1324626337424957440
1324626596960108544
1324626618476683264
1324626664735866884
1324626760202391552
1324626815206354944
1324627029606731776
1324627263631978497
1324627339783729152
1324627347639803905
1324627347899850752
1324627364794388480
1324627733096198144
1324627762854985728
1324627884737253376
1324627914168717312
1324627926797737987
1324627977439793152
1324628237159456768
1324628374946566144
1324628409759256577
1324628459784531968
1324628463794401280
1324628582786723840
1324628606488858625
1324628656073879552
1324628706917289985
1324628853382209536
1324628937398382592
1324629126771331073
1324629214826504192
1324629239665172480
1324629259902595073
1324629407785459712
1324629427792289794
1324629533920616448
1324629575431847937
1324629834719514632
1324629934455853056
1324629957155287040
1324630034917842944
1324630153230606336
1324630250706395137
1324630329634803712
1324630388128600066
1324630464599105536
1324630534790750208
1324630568999542789
1324630594958041088
1324630761694240768
1324630880200118272
1324631068578906112
1324631504824147969
1324631525233623045
1324631588886335491
1324631608771555331
1324631625855045632
1324632087605899264
1324632175015284736
1324632289184227329
1324632481820192769
1324632565987397632
1324632603908055041
1324632700192477185
1324632981059895296
1324633035543728128
1324633077906317316
1324633148756357120
1324633165068177409
1324633366428217345
1324633396560232448
1324633534749908993
1324633634284789761
1324633643873148928
1324633716375855113
1324633895334105089
1324634184606978049
1324634289569370114
1324634330581401602
1324634483514114049
1324634490384322561
1324634495442685955
1324634528472801284
1324634532994273280
1324634545875001350
1324634571376226304
1324634926826676224
1324634998184488960
1324635090220187648
1324635102756810752
1324635237360558084
1324635485419958273
1324635552193286145
1324635719944425473
1324635778731761665
1324635850223878144
1324636047339327491
1324636257062920193
1324636290621435905
1324636310724894720
1324636378911678467
1324636403024584704
1324636402886316032
1324636512734994434
1324636735431651329
1324636814066425856
1324636873461960704
1324636878340055041
1324637410119077888
1324637460610113537
1324637589949788160
1324653042218766338
1324653113693900800
1324653276952850432
1324653495228780545
1324653616251260928
1324653985911898112
1324654014835920896
1324654074327928832
1324654098982051840
1324654120448438272
1324654157748457472
1324654162517221376
1324654183065288705
1324654371381137412
1324654413332516865
1324654447444828160
1324654539329445892
1324654669478678529
1324654745236115457
1324654874324275202
1324654921451384832
1324655063294447618
1324655135650275329
1324655323366465536
1324655445240414210
1324655592212992000
1324655663461617664
1324655773071364101
1324655777035001856
1324655944425418752
1324655960829341698
1324656011328823296
1324656074255945728
1324656359963467776
1324656464523350016
1324656469342670848
1324656503068987392
1324656737195040769
1324656820766597120
1324656858963963904
1324656964035629058
1324656990774206466
1324657047355428864
1324657073162911745
1324657418471526400
1324657429720780801
1324657710302961665
1324657979220635648
1324658096183148544
1324658140084899841
1324658184682962945
1324658221727043584
1324658238776840192
1324658415768006659
1324658436634603527
1324658465852297218
1324658495061446656
1324658519463940101
1324658533032431616
1324658856438325248
1324659018695168001
1324659052014718977
1324659132004069381
1324659208118276096
1324659212287397888
1324659220470484992
1324659379401011201
1324659572397801473
1324659648016732161
1324659660692082688
1324659714853056515
1324659753419788288
1324659987654733824
1324660240026128386
1324660440450932736
1324660616812990466
1324660688229265408
1324660735335682048
1324660830726770688
1324660847432617987
1324660935664029698
1324660966995464192
1324660989887803395
1324661422303924224
1324661577132302337
1324661640898449409
1324661891613032450
1324661963754856449
1324662063675940864
1324662085469511682
1324662101995118594
1324662135775916032
1324662205900414977
1324662353934340096
1324662371185545216
1324662420493770752
1324662428580413442
1324662457961484288
1324662500416245760
1324662554887684097
1324662559354617857
1324662755677278209
1324662819103608832
1324662852456714242
1324662911135002625
1324662938968428544
1324663096070283264
1324663142178299905
1324663309409374208
1324663637043150849
1324663679074402304
1324663821580075008
1324664073041170434
1324664118960394240
1324664149113217026
1324664169711443968
1324664371038048256
1324664639167336448
1324664736554885120
1324665105339109376
1324665168018788355
1324665176340099072
1324665503370063874
1324665570273492993
1324665641484357632
1324665713135702016
1324665939644829699
1324665973220233216
1324666065784348673
1324666115272880135
1324666204385169409
1324666432072941569
1324666505649442818
1324666518999879681
1324666530668384256
1324666543473676288
1324666568861720576
1324667026611314688
1324667038258892800
1324667097968988165
1324667202021318657
1324667483672834048
1324667600761196545
1324667617106427905
1324667768155897856
1324637661685030921
1324637716387143680
1324637791158824960
1324637841524027392
1324637883504885761
1324637906414219265
1324637938379083776
1324638110496546817
1324638218055159810
1324638232265437184
1324638463405248512
1324638605210488832
1324638622327492609
1324638747967787009
1324638827374399494
1324639058467950593
1324639063417200640
1324639243973455873
1324639670769197056
1324639675462651918
1324639892740231168
1324640332953214977
1324640350011596810
1324640471411544064
1324640761657413636
1324640971338977293
1324641084987854848
1324641152029626368
1324641185311371264
1324641195360997376
1324641201946021889
1324641344812404736
1324641390245093376
1324641789110878210
1324641901954256897
1324641940420194305
1324642007554424834
1324642040458731520
1324642049891749891
1324642125632491520
1324642145328861186
1324642418067562497
1324642789548851200
1324643034294849536
1324643161550004225
1324643168927711232
1324643169255018496
1324643202616406016
1324643223818719232
1324643244496617472
1324643294060580864
1324643298405855232
1324643316126912512
1324643328726462465
1324643474663157760
1324643601184415747
1324643723247034373
1324643743509565440
1324643849596248064
1324644552695816195
1324644652004376576
1324644796103884801
1324644918086766592
1324644951070629889
1324644967722192896
1324645068830134273
1324645115047141378
1324645303601999873
1324645626345254915
1324645655441215489
1324645743643234304
1324645855719157760
1324645894923321344
1324645928666619904
1324645978624970753
1324646098992918528
1324646234796093440
1324646263241928711
1324646304924852225
1324646318736871424
1324646737785532416
1324646738213306370
1324646820048375808
1324647002433572864
1324647182536826881
1324647204103974913
1324647497369792513
1324647601858174977
1324647610330861568
1324647631100981248
1324647706850189313
1324647745139986434
1324647824332595202
1324647970822901763
1324648021506838528
1324648151555428352
1324648290273632256
1324648307013132289
1324648327313526784
1324648383903014912
1324648436629565440
1324648566674149376
1324648721825628163
1324648776703733762
1324648983457878016
1324649128832491520
1324649250848866304
1324649304867426306
1324649422098104325
1324649988597649409
1324650130788810752
1324650340927655938
1324650353640366084
1324650437400797190
1324650664098713600
1324650916054642688
1324650991413854213
1324651103896719360
1324651280145424384
1324651280221032448
1324651389541253121
1324651475168055297
1324651477369933831
1324651541001695232
1324651553458847749
1324651595422945285
1324651666600316930
1324651843155353600
1324651943524925440
1324652107329425408
1324652165626023938
1324652165349154816
1324652203504787456
1324577318073856000
1324577346985353216
1324577452048396292
1324577527562530817
1324577624123973633
1324577701592780801
1324577863199318016
1324578035010600960
1324578110663262216
1324578223531970560
1324578261922316288
1324578299494998016
1324578375118196736
1324578509394726912
1324578580651667462
1324578605733740544
1324578777905573890
1324578819735511040
1324578932813754368
1324579033489698817
1324579105149345792
1324579188871847936
1324579200049688577
1324579314449424395
1324579398822014976
1324579524147924994
1324579654343237632
1324579893510868992
1324580035928510466
1324580052542148610
1324580165758914561
1324580170448080896
1324580337687666688
1324580622656962561
1324580711312039937
1324580761383493633
1324580769382211584
1324580996625371136
1324581277878652928
1324581378252570624
1324581411756498944
1324581482975973376
1324581570359955456
1324581613095845888
1324581633853427712
1324581713901748225
1324581758118072320
1324581785334915072
1324581788996395008
1324581927404404736
1324582095662977024
1324582099236446213
1324582174797029378
1324582280065527808
1324582477021777920
1324582552217276416
1324582674271510530
1324582791720456192
1324583072617168897
1324583139730022401
1324583512993771522
1324583559332564992
1324583630732062720
1324583697656537092
1324583831467425792
1324584024686403589
1324584096216064000
1324584209604923394
1324584230060498946
1324584264093081600
1324584313988517888
1324584327091523586
1324584738011701250
1324584931196985344
1324584984967966720
1324585198999265282
1324585274022617088
1324585404054556673
1324585492696965120
1324585593645359104
1324585723362762752
1324585748834611200
1324585773920882688
1324585941760180224
1324585965462061057
1324586104993980416
1324586113927913472
1324586323555028993
1324586357625421825
1324586507454324736
1324586588182106113
1324586671602622464
1324586671778619393
1324586885231116288
1324586986036994049
1324587035928137734
1324587171068739585
1324587287582281730
1324587313503051776
1324587330062016512
1324587472693592066
1324587514301091847
1324587623621435392
1324587892140838912
1324588088958570496
1324588362250940416
1324588697145151489
1324588701738041345
1324588743571824640
1324589326697603072
1324589351045652483
1324589392560857088
1324589540250734592
1324589549385850880
1324589590322114560
1324589607820906497
1324589733201272835
1324589774900883457
1324589808862302209
1324589858925391872
1324589943134408706
1324589968086454272
1324590777779978245
1324590798797766658
1324590857282936833
1324590882553737216
1324591004142489602
1324591004041793537
1324591033301278720
1324591079715459072
1324591108136046593
1324591243439996928
1324591247449796609
1324591255851094016
1324591348339671040
1324591608315043841
1324591788158521347
1324591893771026432
1324591955658055681
1324591956190621699
1324592136919154688
1324592187066195968
1324592320906432514
1324592370718040071
1324592505397104641
1324592513760415744
1324592631423356928
1324592777972338688
1324592799094771712
1324592807529586688
1324592815951745026
1324592849543811072
1324592858360389632
1324593025792659457
1324593206235865089
1324593360980488194
1324593470720278529
1324593495399665666
1324593650639212551
1324593848325148672
1324593952394108928
1324593973453901824
1324593989782175744
1324594157835476995
1324594250273705984
1324594309002395648
1324594494432399361
1324594657825902595
1324594716025892864
1324594778747641860
1324594930082226176
1324595256805879813
1324595261696581632
1324595295489908736
1324595379422162945
1324595525417496576
1324595554559660032
1324595602936664064
1324595609869996032
1324595668225155072
1324595670897086464
1324595710222757888
1324595825532563456
1324596016058826753
1324596272448344064
1324596402740207619
1324596461091344390
1324596516049346560
1324596583069933569
1324596838251548672
1324596868018483200
1324596892748161024
1324597047304093696
1324597270302629891
1324597274392092672
1324597484157587458
1324597622691241984
1324597664810414081
1324597727225909249
1324597732053454849
1324597874890547205
1324597891445514240
1324597983640461312
1324598105153654784
1324598126468980736
1324598448969056256
1324598452983111680
1324598583446876163
1324598596252086272
1324598738204151809
1324598978143571968
1324599069738782721
1324599082464079872
1324599262886416384
1324599389185363969
1324599649047662592
1324599673882116096
1324599740609175554
1324599782552162304
1324599792085966848
1324600210375364608
1324600313563602946
1324600357163470848
1324600495302942721
1324600554220376064
1324600659941953536
1324600751864336385
1324600781094440960
1324600789961199616
1324600890137944064
1324600907129114625
1324600952536539137
1324600952809246721
1324600966121844736
1324600982878052353
1324601078827110400
1324601258787790848
1324601561150976000
1324601879964385280
1324602105743712257
1324602110583988225
1324602227751817216
1324602291387772930
1324602332705935360
1324602345473282048
1324602438297374722
1324602491955224578
1324602521780948992
1324602693411766273
1324602886366482432
1324603008446091264
1324603087579869184
1324603125613776899
1324603176096616448
1324603335605825541
1324603368686391297
1324603486735081476
1324603511737233408
1324603549158907905
1324603667719294976
1324603679035502594
1324603737978056705
1324604178715578368
1324604190920908800
1324604204506210306
1324604228892086274
1324604295770181634
1324604376216866816
1324604401282027520
1324604430596087809
1324604505137180672
1324604505984585728
1324604674117373952
1324604715620016128
1324604770787741696
1324604862588313602
1324604887158513664
1324605537867235328
1324605575309701120
1324605579927511046
1324605709430894592
1324605780490821633
1324605856395235328
1324605994341699584
1324606468440678401
1324606586011099137
1324606740889923585
1324606887829114880
1324606933609840640
1324606938387259392
1324607051385896961
1324607273902243841