1325256723544862720
1325256723691659266
1325256803635040257
1325256842482753541
1325256874485223425
1325256887332302849
1325256979770712064
1325256987823796225
1325257017397710848
1325257062570291200
1325257088247926784
1325257154782244866
1325257262667976704
1325257268833628161
1325257307559587840
1325257364862345216
1325257435645440000
1325257495514804225
1325257501860892673
1325257539018235909
1325257548572717057
1325257558324621312
1325257569242247168
1325257873056796674
1325257892107325442
1325257939981053952
1325258002815885315
1325258054300913665
1325258115886018562
1325258120558424064
1325258151956901888
1325258179073159169
1325258250623741953
1325258313295142912
1325258346836893696
1325258372128657408
1325258405620035584
1325258439392710656
1325258442366349314
1325258447265427458
1325258525476597763
1325258552613724160
1325258623619125250
1325258669924130817
1325258673996722176
1325258706968219648
1325258711833534465
1325258712123011072
1325258754380718085
1325258787331043328
1325258882206343168
1325258910341750790
1325258925881634817
1325258958601392128
1325258967644246018
1325258992885657600
1325259104772886530
1325259114105040896
1325259134279835649
1325259154689314820
1325259243734392837
1325259345291071489
1325259369592795136
1325259391143186432
1325259395366838273
1325259461905305601
1325259469865938946
1325259477327765504
1325259479328428032
1325259490464296962
1325259509242220547
1325259566783758336
1325259604708745221
1325259676557012992
1325259714310119424
1325259732303671296
1325259783851700224
1325259817871691776
1325259822737072130
1325259828881739789
1325259839656718336
1325259928215359488
1325259941918240768
1325259974214299648
1325260120511537152
1325260123988746241
1325260151532609542
1325260167093477376
1325260183870713858
1325260184097226753
1325260305639772161
1325260335134216194
1325260393703419905
1325260406298959879
1325260452448841729
1325260519654232069
1325260620103618562
1325260645470646272
1325260686080012288
1325260750399672320
1325260787775049728
1325260811812663300
1325260862387580930
1325260976153792513
1325260988824788992
1325261029576593409
1325261094760435712
1325261142667780096
1325261215883546624
1325261300478390272
1325261366958063623
1325261396146343936
1325261470045704194
1325261521946079233
1325261521924976640
1325261550614142976
1325261622919770113
1325261627881615360
1325261665743622144
1325261731745071104
1325261800942735361
1325261860183085057
1325261898510602242
1325261910254743552
1325261999853490182
1325262021126807552
1325262061727862784
1325262089481543680
1325262105050746882
1325262163410345985
1325262175359938560
1325262228954681346
1325262245346111490
1325262322655498240
1325262336421031936
1325262389621780481
1325262495079133184
1325262514117091328
1325262534706933761
1325262541187112960
1325262565845438464
1325262567430791168
1325262629040959490
1325262633310695424
1325262689078304768
1325262692190392320
1325262713031946242
1325262731281195008
1325262822440382465
1325262843369943045
1325262939612467200
1325262972957192193
1325262998160748544
1325263005551108099
1325263057702977537
1325263093476200448
1325263186480816129
1325263194768732162
1325263258354388993
1325263265862197248
1325263298040836096
1325263309319319554
1325263367334989825
1325263589955997696
1325263627809533952
1325263652530892808
1325263761788162050
1325263874916970496
1325263879224627201
1325263904478539776
1325263917589925891
1325264227251220481
1325264235774013440
1325264303059066880
1325264351608012800
1325264428741386240
1325264504985276418
1325264554603864065
1325264609260019712
1325264781045977088
1325264806421524480
1325264936994545664
1325264969642864640
1325265026031218689
1325265183829352448
1325265194147225600
1325265213206179841
1325265296970616832
1325265393301262337
1325265523618185218
1325265523588833281
1325265567364702208
1325265596745998337
1325265661921288192
1325265673962938368
1325265772629798912
1325265930390269952
1325265955581202437
1325266134124335105
1325266168777568256
1325266181956268033
1325266200214048768
1325266236696104962
1325266282388705286
1325266341121699841
1325266353910149120
1325266534260944896
1325266605476106246
1325266857310511104
1325267025145421824
1325267033508864000
1325267108255596545
1325267191772614656
1325267247250739206
1325267276463919104
1325267343312891906
1325267444546465792
1325267473600536576
1325267486468677633
1325267612217962496
1325267817638350848
1325267830313377792
1325267832985300992
1325267858054504448
1325267914023383042
1325268035897274368
1325268044021690369
1325268169980833795
1325268212070510594
1325268304144060417
1325268354723143680
1325268365829689345
1325268388281688064
1325268413221122097
1325268429713104898
1325268451074695168
1325268505529257984
1325268513733267456
1325268564492881923
1325268600890908672
1325268661481844738
1325268720646836224
1325268732369924097
1325268807418404865
1325268862024081409
1325269080069312512
1325269097391792129
1325269239662432258
1325269449490919424
1325269465940983809
1325269570467336197
1325269587722579968
1325269597847777286
1325269600808833024
1325269622946476032
1325269633843269633
1325269671558438913
1325269671441002497
1325269826630283264
1325269835270524933
1325269843294253056
1325270070155567106
1325270175000768512
1325270212711739392
1325270250431057921
1325270380337106945
1325270392399925249
1325270464353153024
1325270476847935488
1325270477057757184
1325270619500449792
1325270636420194304
1325270668221485059
1325270720184807425
1325270825268703233
1325270841710444546
1325270909087850501
1325270992814477313
1325271030538129409
1325271338072731649
1325271445904232448
1325271566586929153
1325241649652523008
1325241741948162048
1325241842569539585
1325241863788322816
1325241980780113920
1325242002016002054
1325242111155974146
1325242127551520769
1325242304060301312
1325242488227991554
1325242492707610624
1325242685423280128
1325243058930245632
1325243096595095552
1325243134155108354
1325243232440123392
1325243436417495040
1325243576498987009
1325243734137647107
1325243780233125889
1325243826198487040
1325243901876162560
1325243926790496256
1325244044805623809
1325244149277155329
1325244165379207168
1325244199281815554
1325244212141436933
1325244543541911554
1325244627482501121
1325244836295925760
1325244874795347968
1325244904512114689
1325245000796540928
1325245067544698880
1325245157621473281
1325245193482891271
1325245223044313088
1325245331781640195
1325245454221598720
1325245482935988226
1325245583808933888
1325245701153050627
1325245818513678337
1325245955113951234
1325246204410736640
1325246271553114113
1325246342831202304
1325246376314331136
1325246468748357633
1325246619487408128
1325246682674638848
1325246959351967744
1325246997302013952
1325247060401156098
1325247110279815168
1325247160603054080
1325247211073122304
1325247253183913985
1325247420746227713
1325247437611495424
1325247712409743361
1325247760438792203
1325247974457430017
1325248007902785536
1325248066622992393
1325248142116319238
1325248356197703680
1325248473185333249
1325248528168361984
1325248581696172034
1325248662394515456
1325248674721632259
1325248750281875456
1325248777800855552
1325248779818164224
1325249081841655809
1325249094395129856
1325249152046030848
1325249178356785153
1325249224020144129
1325249950175858689
1325249953455869954
1325249970983809027
1325250172264308739
1325250289826459648
1325250319023022080
1325250328321798144
1325250566747021318
1325250587558989825
1325251136874409985
1325251154066944006
1325251174606368768
1325251195506630656
1325251297638051840
1325251328495464448
1325251411752443904
1325251466160975872
1325251560914395136
1325251623254327297
1325251660667629568
1325251673930027008
1325251675939086339
1325251686689083393
1325251775130177538
1325251816431497221
1325251830994014209
1325251913781219330
1325251942340300800
1325252060607107072
1325252069016674306
1325252072938352640
1325252151229050880
1325252189590335490
1325252216169648129
1325252251896729600
1325252298763857921
1325252514372079617
1325252550489235461
1325252636883505155
1325252642566676480
1325252668009410566
1325252877523169280
1325252948839030784
1325252957026344961
1325252969403617280
1325252995056078849
1325253183866810375
1325253188031713281
1325253191710240769
1325253250958942210
1325253255035719681
1325253263541694466
1325253318915092480
1325253351584436224
1325253404009132037
1325253405875560449
1325253454529515528
1325253498380947457
1325253513790828544
1325253573785972736
1325253604492644353
1325253624260251648
1325253653645692929
1325253934638723072
1325253947284713474
1325253951017676800
1325254201325350912
1325254208405217280
1325254322943365120
1325254413749907457
1325254414291013635
1325254450462732288
1325254612132257792
1325254622534103041
1325254668457480194
1325254719959408641
1325254781766610944
1325255033794011136
1325255053276553218
1325255067130351616
1325255081646837766
1325255126651707392
1325255142434873347
1325255205382991874
1325255243161088003
1325255323213553664
1325255337260224512
1325255346496155650
1325255402007666688
1325255404054573057
1325255444089212928
1325255486464090117
1325255490507399169
1325255517208514560
1325255580072599555
1325255607998361601
1325255709634797570
1325255729553551362
1325255792581353473
1325255813053644802
1325255820486041600
1325255830149730304
1325255868959522824
1325255955198730244
1325256049595703298
1325256082072211457
1325256165802930176
1325256295822340097
1325256576924573697
1325256593047490561
1325271805804900357
1325271915691446273
1325271923329261569
1325271961585520642
1325271962185310209
1325271963485474816
1325271978417254400
1325271978689884165
1325272079046828033
1325272146277355521
1325272154514944000
1325272242456965121
1325272314028691456
1325272506882781184
1325272518668677120
1325272570086617088
1325272573123457027
1325272590634586114
1325272623278854144
1325272635014406145
1325272678798925829
1325272704241426433
1325272767084769280
1325272771128078336
1325272930654298112
1325273031095115778
1325273207402803200
1325273232614813696
1325273240512524288
1325273316328841217
1325273383081291777
1325273421245276167
1325273481378934784
1325273488559497222
1325273693191335936
1325273751496269825
1325273849072640001
1325273853031899137
1325273995772526592
1325274163414773760
1325274493334466560
1325274562381090816
1325274603871215622
1325274603413975050
1325274678517174272
1325274708493873153
1325274755113521153
1325274818271449090
1325274860097040384
1325274868439523329
1325274977457811457
1325275137843851264
1325275195666427908
1325275341196124161
1325275425803816961
1325275427552813057
1325275459563753473
1325275527653982209
1325275615323426816
1325275615218556929
1325275884794880001
1325276011299266560
1325276161325355010
1325276235593879552
1325276554432143363
1325276562997071875
1325276600506740737
1325276617455902720
1325276659243655168
1325276701329387521
1325276809806671872
1325276853355962369
1325277166980960256
1325277192339804160
1325277414176530432
1325277422816813056
1325277456236867585
1325277477141426176
1325277503590699008
1325277528043425792
1325277695295459330
1325277728845819904
1325277843035713537
1325278005745348614
1325278089555800068
1325278138985828355
1325278330539679744
1325278341138583552
1325278374718107648
1325278446243680257
1325278453827035137
1325278454665801728
1325278504699760640
1325278576120221696
1325278684454981632
1325278743951249409
1325278753149362176
1325278907629789185
1325278995567370240
1325279020854947841
1325279037372116994
1325279125595041792
1325279339265613824
1325279360668979200
1325279401890762754
1325279438435717121
1325279444366290946
1325279637451247623
1325279637618880512
1325279687896141825
1325279763276025858
1325279772578963461
1325279952837763072
1325279982604705794
1325280086191452162
1325280123705233408
1325280287647911938
1325280337467830273
1325280350394867714
1325280388005158912
1325280418199859200
1325280434335473670
1325280511686807552
1325280545379553280
1325280547401314307
1325280648215425025
1325280860875218946
1325280920853749760
1325281214333382658
1325281239763480576
1325281306335469570
1325281408760205312
1325281440796446722
1325281474292051971
1325281537454182400
1325281633830907906
1325281717159137280
1325281805554098177
1325281877079547905
1325281906733166592
1325281956922191873
1325282015285899264
1325282043224338433
1325282200326184962
1325282237982666752
1325282266910756864
1325282460310122497
1325282472561532929
1325282661389234176
1325282774475890688
1325282814544277504
1325282903199150080
1325282913366073345
1325283215154671616
1325283223337750528
1325283240450682880
1325283410059857920
1325283437570363393
1325283441613660160
1325283512782499841
1325283528632832011
1325283533800296448
1325283580164050945
1325283693167063040
1325283772342833152
1325283923589558272
1325283999636475904
1325284129286610946
1325284140820832256
1325284289575940096
1325284423365955584
1325284465409581057
1325284473446035456
1325284485785587712
1325284662135070721
1325284665524097024
1325284720909938688
1325284778795536384
1325284943090638848
1325285039660101632
1325285090193248258
1325285312218554368
1325285316492742656
1325285331978039296
1325285333337059328
1325285366622875648
1325285421127884801
1325285429764091905
1325285522076553218
1325285639483318273
1325285647750328322
1325285656277479424
1325285773558636545
1325285794853122048
1325286134549676033
1325286159610679296
1325286241961725952
1325286293794910209
1325286457263742976
1325286476435910656
1325286552017248258
1325286553489387526
1325286654400032768
1325286859929387012
1325513514761515009
1325513549515517955
1325513564157845509
1325513587318722562
1325513600006561793
1325513637910306816
1325513883491110918
1325513935097720832
1325513952449626112
1325514028618231810
1325514069651169285
1325514119651463171
1325514203743072256
1325514253093150720
1325514305761140737
1325514356919062535
1325514782854815745
1325514799267115015
1325514816497348609
1325515134614327303
1325515141954351111
1325515160023347202
1325515160308637698
1325515231745900544
1325515315384512512
1325515386868076544
1325515688681811975
1325515700962791425
1325515713755418624
1325515783003230208
1325515889740034049
1325515919293091840
1325516001451061250
1325516041297014796
1325516091427344389
1325516175338573833
1325516187380436992
1325516678248140801
1325516850575286272
1325516909454843905
1325517022772539394
1325517085221523456
1325517186107052033
1325517215580385280
1325517219367952384
1325517249025863680
1325517391250427904
1325517425681592320
1325517437870206977
1325517437987659779
1325517462822117379
1325517491561361408
1325517526462197760
1325517605227016198
1325517606518976518
1325517681747955717
1325517844612866048
1325517973390569478
1325518003849617411
1325518259727314949
1325518267859955712
1325518297589112832
1325518318208348161
1325518392808202241
1325518447120420864
1325518528355553280
1325518630033911808
1325518851182768128
1325518997740269568
1325519152291999756
1325519191126892545
1325519396341690373
1325519585240608768
1325519682632179712
1325519695760470018
1325519866128977920
1325519903789473792
1325519916875747328
1325520004373225480
1325520097071476737
1325520168005619714
1325520177098842112
1325520247659630592
1325520260506791936
1325520352898920449
1325520402790178817
1325520435786682369
1325520436155834368
1325520516124450816
1325520599658147841
1325520625461563394
1325520722437894144
1325520755174625282
1325520801064505363
1325521028202827781
1325521034896941062
1325521224903110659
1325521231785889793
1325521266778976264
1325521279932391433
1325521376174895104
1325521418025529345
1325521462564958210
1325521464372715522
1325521540222480384
1325521804098727943
1325521829096665088
1325521958902099969
1325521959296315392
1325522080029347840
1325522093782429696
1325522105132310529
1325522210707152897
1325522248527048704
1325522278042529798
1325522282295406593
1325522336578154499
1325522500441300997
1325522537720270848
1325522550684741633
1325522680641179648
1325522751982096384
1325522785683247109
1325522894185586689
1325522962800398337
1325522978440962048
1325523175426437121
1325523204664938496
1325523204790775809
1325523214546579456
1325523297195450369
1325523368230182914
1325523401788846080
1325523439491325955
1325523498291372032
1325523540632858625
1325523627668860935
1325523728944476161
1325523745822318592
1325523758749200384
1325523991801585664
1325524001683345415
1325524005764345859
1325524013490302995
1325524036844056581
1325524081203089408
1325524118981193733
1325524350238294017
1325524445612531712
1325524626454290432
1325524660021325824
1325524744159043584
1325524763897339904
1325524773426917385
1325524991757201408
1325525033914167298
1325525060082425857
1325525084132536323
1325525141305122818
1325525202864726018
1325525209731002382
1325525348319186946
1325525349137068037
1325525431915835392
1325525440807665664
1325525520235302913
1325525663554658304
1325525730067947527
1325525742260727810
1325525805502500865
1325525855880273923
1325525868547088384
1325525889300516865
1325525956283478016
1325525969109708808
1325526016903639040
1325526090543230976
1325526107211370497
1325526224978980865
1325526249536589825
1325526505586380803
1325526560296800257
1325526563606171649
1325526941785595906
1325527122698448898
1325527154239696904
1325527340403716097
1325527428513599488
1325527504321392641
1325527541688446978
1325527638115495936
1325527705371152386
1325527721770774528
1325527826993274880
1325527902226702336
1325528002936020992
1325528108103946241
1325528133173391360
1325528292552810496
1325286972932415488
1325286977478946816
1325287010781831171
1325287053131722760
1325287093610942465
1325287096257572864
1325287216197857283
1325287468585914368
1325287598554718208
1325287769367867393
1325287845444120576
1325287875253047297
1325288269043490817
1325288311334834176
1325288361486151682
1325288395711635456
1325288512279687168
1325288516792819713
1325288550074552327
1325288688759173120
1325288692726947840
1325288726323466240
1325288781100974082
1325288884658434049
1325288956871798784
1325289025242947587
1325289141316198401
1325289251102060546
1325289326217998336
1325289330680754176
1325289653524639744
1325289692200378368
1325289707677184000
1325289708285534209
1325289779181793281
1325289812904058880
1325289821141565441
1325289963601027072
1325289976070877184
1325290046740590592
1325290073038925825
1325290143922544642
1325290383354568705
1325290492209328129
1325290513210150912
1325290517152849920
1325290617845415936
1325290907575353344
1325290932615450624
1325290986885574663
1325291247096000513
1325291356089176064
1325291546351071232
1325291546720292864
1325291809069625345
1325291821975670784
1325291847124709378
1325291977001193473
1325292092709593093
1325292299983544321
1325292301611008001
1325292346100113409
1325292841300594689
1325293600188588034
1325293633805967360
1325293642169217025
1325293663312883712
1325293688235450369
1325293738869055488
1325293860138995712
1325294006977388545
1325294070462345216
1325294174627880962
1325294205158125568
1325294263043842050
1325294443461705729
1325294539582550017
1325294770122526721
1325294832852623361
1325295083185299457
1325295227775684615
1325295252597469184
1325295306460815361
1325295387893256192
1325295420491247616
1325295429077118977
1325295562980122624
1325295838692782080
1325295876319834112
1325295948956889088
1325296032792653824
1325296099935088640
1325296116636790784
1325296183942782976
1325296268067790848
1325296310023380992
1325296322426118144
1325296376994029568
1325296418572165121
1325296477707513858
1325296666254209024
1325296716623572994
1325296863373824001
1325296915291009024
1325296926351220736
1325297090042408960
1325297102633758721
1325297105943072768
1325297401385672704
1325297530566008833
1325297736174940162
1325297841095417856
1325298007215120385
1325298050735206400
1325298088366501890
1325298361008676866
1325298528340631553
1325298671026626560
1325298719525269504
1325298891844182016
1325298943547252743
1325299350436675584
1325299360985354241
1325299680243310594
1325299694365536257
1325299756252368896
1325300042794631168
1325300197300314119
1325300247921352704
1325300301461647360
1325300344553934848
1325300348630798337
1325300399016988672
1325300466251669504
1325300487353196544
1325300667838156800
1325300739036549122
1325300788428746752
1325300877326999553
1325301354550718466
1325301464407879680
1325301489565306881
1325301514924126208
1325301820873379840
1325301846102077440
1325301871603576842
1325437980589367296
1325438018505887744
1325438135803797504
1325438249582665728
1325438429765754881
1325438500741771270
1325438553480945664
1325438563350142980
1325438592915628038
1325438727330488321
1325438759786131457
1325438869718831104
1325439381289754624
1325439432128925696
1325439536747356160
1325439629047320584
1325439668737826817
1325439696239951876
1325439804889305090
1325439910023745536
1325439926817722369
1325439947923447810
1325440052634157063
1325440124088438784
1325440254015369216
1325440262714355714
1325440379202621440
1325440526515056641
1325440560392404993
1325440577094246400
1325440949980434432
1325440950479544321
1325440962718535680
1325440974135451649
1325441004653191170
1325441075788517376
1325441127256743936
1325441306911502336
1325441385118408705
1325441411580243970
1325441508175212544
1325441788899975168
1325441824790548482
1325441830612307968
1325441994462801920
1325442032207327234
1325442187845316610
1325442330443345921
1325442355344846852
1325442510185885698
1325442598371270656
1325442745683615745
1325442858493513728
1325442875597983744
1325442896456261638
1325443001330651137
1325443009945636864
1325443076828041217
1325443221393182721
1325443261176160257
1325443282759950336
1325443408454971393
1325443458388127744
1325443533998796801
1325443590500327429
1325443684922499073
1325443685581025280
1325443703360655368
1325443726701899776
1325443789859663875
1325443890372087808
1325443982697050113
1325444125299126274
1325444196900233216
1325444368736587779
1325444402060398592
1325444463028809728
1325444473380343809
1325444649713094657
1325444762602676225
1325444783683170304
1325444796736020481
1325444818366050304
1325444846023217157
1325444855464677382
1325445232553566208
1325445316498305025
1325445400426389510
1325445500997406720
1325445547491291138
1325445794594316289
1325445929114034176
1325446103383289857
1325446128389795847
1325446365250424835
1325446386108817409
1325446466094190592
1325446658713382912
1325446724236742663
1325446838909079559
1325447329994977284
1325447336231899136
1325447350861574145
1325447438942035972
1325447497628708864
1325447627287171075
1325448219279708161
1325448227487932418
1325448512201482241
1325448599552077825
1325448779235909633
1325448802082451465
1325448850895597568
1325449112058277888
1325449179531980800
1325449232019550208
1325449234020249600
1325449250839420934
1325449300046966784
1325449410462052352
1325449535699607553
1325449569459712001
1325449578171260928
1325449602917666818
1325449800108609539
1325450211284709376
1325450299587383296
1325450332260995073
1325450454424297475
1325450567750197248
1325450618140577793
1325450769227714562
1325450827797057542
1325450831844536320
1325450966339117057
1325450995606941696
1325451179871129600
1325451423010582528
1325451532343521280
1325451603625701377
1325451633640181761
1325451696072503296
1325451775667826689
1325451821951946752
1325452057000644609
1325452104966795266
1325452199380586496
1325452266808217601
1325452278598410240
1325452282989744129
1325452358713634818
1325452446819250177
1325452559797145602
1325452644236865536
1325452699899457536
1325452710204870656
1325528598724419584
1325528656546942977
1325528805255999489
1325528938395938817
1325528988572381185
1325529105975140358
1325529265652240385
1325529605088940041
1325529626286960640
1325529841890979847
1325529898631507969
1325530012133548037
1325530012091621379
1325530041414004736
1325530104072601600
1325530370205491208
1325530456645804032
1325530632479444993
1325530716919259137
1325530817322487820
1325530847580205057
1325530849392128002
1325530889078628356
1325530955956838400
1325531014878425090
1325531237184835586
1325531379493449730
1325531400414617600
1325531400511090691
1325531434317045760
1325531513950261249
1325531557831053316
1325531635534753792
1325531643621367810
1325531656246108160
1325531836865531905
1325531874220007437
1325531908109840384
1325531912044228610
1325532038183620609
1325532063030796288
1325532141241839616
1325532168169381889
1325532210292805635
1325532251690573824
1325532258481049600
1325532298352205832
1325532629500719104
1325532742721867776
1325532742667427840
1325532994166263808
1325533006325493760
1325533044690874374
1325533292058259456
1325533316624343040
1325533367937458178
1325533402729078784
1325533417828737026
1325533434765324288
1325533493259022338
1325533510111735809
1325533526763040769
1325533598745731072
1325533615288168448
1325533623689175040
1325533716039479296
1325533790865862657
1325533967467110401
1325534055329304576
1325534059657879553
1325534068486836227
1325534164603564032
1325534252381909001
1325534437518553091
1325534608981708800
1325534818764001283
1325534869498155008
1325535129310130176
1325535244443918338
1325535297044688899
1325535364447145985
1325535489965780992
1325535742454423552
1325535808439250944
1325535925456211969
1325535950672433154
1325536127386836994
1325536169677959169
1325536219841884161
1325536316340097024
1325536337089290240
1325536417066356736
1325536495902597123
1325536525677944832
1325536634767597568
1325536706339205127
1325536776371499010
1325536923222421505
1325536964691562496
1325537062804549632
1325537063261904897
1325537326768947202
1325537407027081216
1325537591475671040
1325537633586483200
1325537880714973187
1325537972670914564
1325538056879939591
1325538438616117248
1325538471881175040
1325538513916469250
1325538539648540672
1325538581088235520
1325538593926864896
1325538715188436992
1325538879219224577
1325538966922211332
1325539075504345090
1325539235248529409
1325539453818048517
1325539549913751552
1325539613214171138
1325539788871540736
1325539822631411717
1325539843401723904
1325539982329712643
1325540019499638784
1325540137267236871
1325540145815171073
1325540225339199488
1325540481279799297
1325540493527117825
1325540516742766593
1325540577849577480
1325540762361196548
1325540800214818816
1325540858893119491
1325540993316364291
1325541035175522305
1325541167568613376
1325541168738836480
1325541232135823367
1325541645287223297
1325541659317243905
1325541715638317056
1325541919955488768
1325542104265756672
1325542158888263680
1325542288882274306
1325542305743458305
1325542573948231681
1325542751442759686
1325542842895364099
1325542993370083329
1325543015868489728
1325543329006723072
1325543337407995904
1325543354353012736
1325543564252766213
1325558864809512960
1325558936334819328
1325558986138120192
1325559011299782656
1325559078706274304
1325559145622364165
1325559228413730817
1325559241453658112
1325559342674874369
1325559661936992256
1325559836008980485
1325559934302490624
1325559959539638272
1325559971849904130
1325560001742528512
1325560056155287554
1325560060228096001
1325560173264506880
1325560286452064262
1325560312125415426
1325560429507010561
1325560471311806464
1325560512990629893
1325560605533560832
1325560731346079745
1325560853182246915
1325560865786048517
1325561012276301824
1325561186964828160
1325561410630324225
1325561536761491458
1325561541014548480
1325561561822408705
1325561654302683136
1325561834515165184
1325561964110688259
1325562027419512833
1325562048512749568
1325562073418493963
1325562140678217728
1325562182650761223
1325562224212013056
1325562291463577600
1325562463652343808
1325562559739666432
1325562568644177921
1325562765461909504
1325562915999641600
1325562950053191688
1325563108039987201
1325563205876387840
1325563344321880065
1325563377960280064
1325563440992149504
1325563553982554112
1325563717199814664
1325563763773337600
1325564040781864961
1325564099032444935
1325564119718748160
1325564145547304960
1325564439953891328
1325564476356259841
1325564493674409984
1325564728400203776
1325564728626860032
1325564845425479680
1325564978586382336
1325565273366261760
1325565273693360128
1325565336750612481
1325565659548323840
1325565693312466944
1325565781330063362
1325565859365052419
1325566037518147588
1325566150646919170
1325566263704379395
1325566432298455041
1325566464858984448
1325566548833079297
1325566792547250177
1325566833966133248
1325566906699456513
1325567233540624384
1325567245439864837
1325567315673542658
1325567325190414337
1325567360162361344
1325567441477439490
1325567530652602369
1325567542472138759
1325567660038516738
1325567660227252225
1325567691701235714
1325567777499869187
1325567975517167616
1325567999840034816
1325568041124556801
1325568286176800768
1325568331525496832
1325568507937959936
1325568524723613696
1325568604071358464
1325568625990914048
1325568692059566083
1325568767800324096
1325568780446044160
1325569166196285440
1325569245590114305
1325569300384649219
1325569409499484160
1325569597861466112
1325569765994352647
1325569921204457472
1325569925050740737
1325569933783207943
1325569986249809920
1325570009058439170
1325570029686038528
1325570089064648704
1325570239682277376
1325570281922949120
1325570542183854080
1325570552468279296
1325570684270104577
1325570948674822145
1325570975862312960
1325571023891165185
1325571116107137025
1325571133274431488
1325571259359395841
1325571288576847873
1325571345866911744
1325571376384798721
1325571413974130688
1325571443376185347
1325571561621839872
1325571611043491842
1325571665821114369
1325571745420611590
1325571879487336449
1325571954976452610
1325571955437809666
1325571980851089412
1325571992779689989
1325572085717069824
1325572194378903559
1325572269675061249
1325572324515590145
1325572372620054528
1325572597086642178
1325572747972521985
1325572756272984066
1325572991443378178
1325573259463692290
1325573524103290894
1325573528142245890
1325573624770646016
1325573641166188544
1325573800465928197
1325573877578264579
1325573922595565569
1325573930392850438
1325574146420510726
1325574224753414147
1325574238179356672
1325574371193180160
1325574677394317315
1325574700563652610
1325574898304086016
1325574941371211784
1325575021666988034
1325575176784842752
1325575239087120384
1325575247962267651
1325575305461952512
1325575316765618176
1325575394716749826
1325575432570241024
1325575436689137664
1325575460642840579
1325575537365032962
1325575562514092032
1325575703153143809
1325575957546225666
1325576023463882752
1325576082578432001
1325576195732365313
1325576212228403200
1325576231543304192
1325576237402607618
1325576267064696832
1325576321456549894
1325576363827474432
1325576376418754560
1325576430864928768
1325576681957027840
1325576711560433664
1325576756422733824
1325576858600001536
1325577131112402946
1325577181582553091
1325577248523612162
1325577248620077056
1325577393499758592
1325577466300264448
1325577692733911047
1325577755975618560
1325577877333618689
1325578147467649024
1325578150236065795
1325578179487133697
1325578299511287809
1325578326161854464
1325578327864774656
1325578393400668161
1325578518965735430
1325578535864573953
1325578658082299904
1325578661915996160
1325578682560339968
1325578720187387905
1325578962152591361
1325579228260216839
1325579254986399744
1325579285411713029
1325579447034998784
1325579601930809344
1325579785473548294
1325579974879764480
1325580218023768064
1325580243101429762
1325580243382505474
1325580280976068612
1325580337552924672
1325580364916674560
1325580453252898823
1325580492448673792
1325580498576560129
1325580549147254787
1325580603652255745
1325580721172312064
1325580859483672576
1325581027620904972
1325581031764865024
1325581119941730304
1325581178540183552
1325581275017728006
1325581296089829376
1325581371373350912
1325581427166089216
1325581438691942401
1325581472233902087
1325581493020880896
1325581627444097024
1325581677490532355
1325581685791092736
1325581711208407045
1325581866204762113
1325581883019677697
1325582222699728896
1325582244090613760
1325582265359998981
1325582398977953792
1325582487662292992
1325582554439819264
1325582575008706562
1325582755279859712
1325582797587705857
1325583107844608001
1325583120888967169
1325583233816416256
1325583321842278401
1325583377932627968
1325583585810657280
1325583636394074112
1325583926325178368
1325583942242635778
1325584273651462150
1325584299366764544
1325584357885669377
1325584445877972993
1325584672227807235
1325584735507255296
1325584982526619651
1325584991032631299
1325585176186003458
1325585192770301952
1325585330884501504
1325585352199966720
1325585389633990656
1325585427605172228
1325585662523944960
1325585947384139776
1325585949456207873
1325586123775569921
1325586203278766081
1325586224141135872
1325586295230488576
1325586383625449473
1325586484489940994
1325586513879584771
1325586519332188160
1325586622876770304
1325586635115950080
1325586865781690368
1325586950124957704
1325587038242922497
1325587268535427074
1325587340409135104
1325587534244622336
1325587629493063681
1325587725580460039
1325587755338854400
1325587952458588160
1325587959941357568
1325588019026407424
1325588065717538821
1325588271230021634
1325588333859401728
1325588477015068672
1325588518635266049
1325588625543847936
1325588636021256198
1325588816640561152
1325498298959065088
1325498395176230913
1325498504685481984
1325498546880086016
1325498647287635970
1325498827437006855
1325498990859726848
1325499015249747971
1325499083247792128
1325499104160526341
1325499448710074382
1325499519618977793
1325499641366933504
1325499645334872065
1325499712368152576
1325499909835878400
1325500027020570624
1325500110759997447
1325500144477999110
1325500517901086720
1325500542899073025
1325500735698726919
1325500990246825985
1325501033724981250
1325501039341133824
1325501226415435776
1325501524315934723
1325501629244739585
1325501641630621697
1325501822426091520
1325501857775685634
1325501927367434240
1325502016878043137
1325502082422542341
1325502174202355713
1325502178958725122
1325502279181602817
1325502296273383425
1325502359355727877
1325502560464228353
1325502694350524416
1325502720258813954
1325502730438406144
1325502795030597632
1325502967244599296
1325502996835393550
1325503240004276224
1325503336406257664
1325503453968412677
1325503462478655494
1325503659753484288
1325503772488048640
1325503822857445376
1325503906508632071
1325504104265900038
1325504116777488389
1325504118157422592
1325504208028766208
1325504226106122240
1325504544399384578
1325504623604453376
1325504637806366720
1325504657494564864
1325504678994583552
1325505001356206080
1325505123213250567
1325505203068690433
1325505215412510739
1325505228796473346
1325505341161869315
1325505542618456064
1325505546422788102
1325505584876179460
1325505912321302528
1325505962245984259
1325505975013400576
1325505999206297605
1325506020861497345
1325506058463408128
1325506150859567104
1325506272809070593
1325506398248194048
1325506440526749696
1325506502757658628
1325506750318047233
1325506863782195201
1325506889082417153
1325506893192843266
1325506926927605761
1325506972695867392
1325507288086568960
1325507495100522496
1325507538318618624
1325507564369555456
1325507711153401856
1325507736788983816
1325507912299581445
1325507916657426432
1325507941882073090
1325507996319838208
1325508025805901825
1325508050984210433
1325508134899773441
1325508235454017537
1325508369738657792
1325508541877276673
1325508549452070912
1325508722165166080
1325508755182784514
1325508856097673217
1325509007046569984
1325509011173740545
1325509167583522820
1325509221111255044
1325509279726645248
1325509415043096576
1325509871052222466
1325509875317809153
1325510021870972935
1325510025998073857
1325510043291299840
1325510110219698176
1325510202670665728
1325510222731939840
1325510337018343424
1325510429116862465
1325510718674796544
1325510802095398912
1325510843983925249
1325510875705380864
1325511158875496448
1325511196645142538
1325511242765754368
1325511380976463873
1325511418876207104
1325511670635048960
1325511804886405123
1325511808975826946
1325511819566477314
1325511830635208704
1325511880211828736
1325511880329269250
1325511930400923648
1325511957668093952
1325512054250360833
1325512058692046848
1325512105471172608
1325512161226067972
1325512177885786114
1325512215840116738
1325512276619759617
1325512285541031937
1325512303937286144
1325512382790193154
1325512437664190465
1325512463215849472
1325512480181850112
1325512794154930177
1325512806200868864
1325512932751511553
1325512992033796097
1325513062040875008
1325513117367996418
1325513163664551936
1325513237564190732
1325513377515450368
1325226583263731713
1325226990392270854
1325227032284782592
1325227061896687619
1325227065881337864
1325227229530509314
1325227232592236544
1325227263193997313
1325227292113707008
1325227355145555969
1325227472808366080
1325227518840901632
1325227523194593280
1325227535639203843
1325227749284343809
1325227774672592896
1325227887675531265
1325228198305681408
1325228202407636993
1325228282334351360
1325228466749530112
1325228479244345344
1325228739257487360
1325228789790511105
1325229137699762176
1325229420940910592
1325229519427444736
1325229546732482566
1325229590910922753
1325229619109367810
1325229620225077248
1325229683114434560
1325229947213012993
1325230108509167620
1325230387849736195
1325230584688422914
1325230588878532608
1325230618351869957
1325230765211258881
1325230815492640768
1325230828335616005
1325230889333366790
1325231075535118336
1325231142916792320
1325231302329708551
1325231352627818497
1325231541270802432
1325231679645081600
1325231683801673729
1325231818019377155
1325231855826853889
1325232526647029761
1325232589758590979
1325232623443013632
1325232652312584192
1325232694855421955
1325232849587490817
1325232937906958336
1325232988108386304
1325233005032579072
1325233059600326657
1325233092764839937
1325233240140079105
1325233361565179905
1325233629904187394
1325233650888269824
1325233743230070786
1325233755666051072
1325233852193759232
1325233974097170434
1325234124639117320
1325234263403368448
1325234556149112834
1325234581797269504
1325234703604060163
1325235043753725952
1325235467114016769
1325235647188250626
1325235693480800256
1325235869587017728
1325235949643595777
1325235991213432833
1325236049937920000
1325236075267284992
1325236079549587456
1325236188387663873
1325236268159078406
1325236440020758528
1325236648553058305
1325236653967880192
1325236733605105664
1325236909925396481
1325236964044361729
1325236981148880896
1325237027676315648
1325237182693580801
1325237555869184000
1325237623019900928
1325237790750236674
1325237820064210944
1325237899927957508
1325237903845429253
1325237962691530754
1325237987865751552
1325238021478756354
1325238117863809024
1325238176282267650
1325238193281789953
1325238218548256770
1325238558173458432
1325238793213972482
1325238839221366786
1325238843382132737
1325238960910721026
1325238998630068225
1325239095392493569
1325239140208828418
1325239199230877697
1325239250133020676
1325239405724930049
1325239438981685257
1325239502068195329
1325239598537170944
1325239888028033029
1325239913264996353
1325240153087107074
1325240294716170240
1325240638414221312
1325240643023613952
1325240709864185858
1325240803913031681
1325240974381998080
1325241016400670720
1325241091810095104
1325241238472306688
1325241326473011201
1325241372765532161
1325241377056239616
1325241540139249664
1325453163701411843
1325453206441357313
1325453252272467969
1325453348519206912
1325453457801826306
1325453584335560704
1325453834869747713
1325453852271906816
1325453939987210240
1325454010908897281
1325454079406071808
1325454917352513537
1325455009522331649
1325455078329823233
1325455152451526656
1325455307452059651
1325455345209249794
1325455441426571264
1325456099902955522
1325456155708059650
1325456293000306689
1325456350676197378
1325456482712870914
1325456603534024704
1325456676489670656
1325456842257031168
1325456918224244739
1325456976785104901
1325457018623307778
1325457018979819520
1325457047870038016
1325457052072878080
1325457106829504515
1325457148776751111
1325457313352753153
1325457454868668416
1325457510011166720
1325457715112660992
1325457765247176704
1325457778039812096
1325457951541301256
1325457974958157824
1325457979580293122
1325458202973114369
1325458243255218176
1325458444791373824
1325458494951202818
1325458520091881473
1325458622348931074
1325458646084542472
1325458661943222273
1325458713164050434
1325458969008238592
1325458985928028160
1325459057185058816
1325459161732165632
1325459171077222401
1325459308419670018
1325459396785295362
1325459648619704322
1325459688259944449
1325459694710710272
1325459795533500417
1325459854195109890
1325459920997609479
1325459933882691587
1325460181036261381
1325460181325582338
1325460357276688385
1325460742854897664
1325460860727332864
1325461004424278016
1325461044970598401
1325461074389381120
1325461125039878145
1325461136406421504
1325461196254941185
1325461240467087361
1325461288156327937
1325461313297002497
1325461355432988672
1325461456427515912
1325461544310804480
1325461581862494208
1325461669514932225
1325461678440505344
1325461787693752322
1325461796132630529
1325461800012427264
1325461841997402112
1325461858757664769
1325461862864068608
1325461867725250562
1325461902563143680
1325461992929439750
1325462060524838913
1325462345242570753
1325462404164104194
1325462487941193728
1325462643088510981
1325462702068621320
1325462991450599424
1325463066721521664
1325463138053939202
1325463235982667778
1325463276805783552
1325463327313682435
1325463381218897921
1325463402228174848
1325463545086144512
1325463553306886147
1325463687642144777
1325463729446645762
1325463731481038848
1325463827442528258
1325463880567500801
1325463956228628480
1325463981222465537
1325464039707832322
1325464048301961217
1325464090290999298
1325464115566010369
1325464270499438593
1325464371334537216
1325464438393118720
1325464501232209920
1325464568408252419
1325464572782735360
1325464589480456193
1325464644106899456
1325464766673002501
1325464799266795526
1325464861971787778
1325464886965641217
1325464907643490305
1325464920788529154
1325464966670012424
1325465080444588033
1325465239438024704
1325465248053211139
1325465365342810113
1325465633803350016
1325465744058937345
1325465751290060800
1325465847905865728
1325465868688633858
1325465897662869506
1325465940012769281
1325466117318586368
1325466338710654979
1325466480817958912
1325466921228230658
1325467009455251456
1325467059765997568
1325467345305874432
1325467380764602368
1325467424616042497
1325467454051676161
1325467596737576972
1325467655533260806
1325467726765232128
1325467731651563520
1325467835678781440
1325467957523308544
1325467990553366528
1325468017950556160
1325302073047601152
1325302119109435392
1325302509024505856
1325302659906215937
1325302781826134023
1325302782279168002
1325302790047092736
1325302982645223425
1325303142066614272
1325303171690885122
1325303183149690880
1325303284643475456
1325303490160316418
1325303616027021313
1325303629977276416
1325303666178465792
1325304166718328832
1325304257981997057
1325304316555485184
1325304367352750080
1325304396494811137
1325304431412457473
1325304446591492096
1325304488672944131
1325304514212204544
1325304736304701440
1325304748958904322
1325304809419808768
1325304971131314176
1325305021181775872
1325305053628993536
1325305058850910208
1325305100819079168
1325305105369870336
1325305134528782336
1325305138429431808
1325305147312967680
1325305163771486208
1325305205685063680
1325305226623025152
1325305268951904256
1325305382193991680
1325305655004106752
1325305788617912322
1325305917638803459
1325305964724170752
1325306040406011904
1325306132685053952
1325306220564148224
1325306464160854017
1325306678208770051
1325306728737550337
1325306938561847297
1325306942684737537
1325307030459064320
1325307063820570625
1325307172918452226
1325307403542388736
1325307521301557248
1325307839791984640
1325307864928440320
1325307957060497408
1325307969786015744
1325308179413086208
1325308288343433218
1325308292780888064
1325308305615572993
1325308351475904513
1325308364210008064
1325308575988789248
1325308601129263104
1325308603348213760
1325308733300224001
1325308775251775494
1325308909159116800
1325309031162933248
1325309047772418053
1325309172108431361
1325309186318741505
1325309228110782464
1325309295169163265
1325309312244224000
1325309391176781824
1325309538438946816
1325309597112963074
1325309717254529025
1325309727572635650
1325309760661577729
1325310041692368902
1325310121526714369
1325310247888515074
1325310415484710914
1325310511668400129
1325310537157267462
1325310679566389249
1325310784071753729
1325310888820301824
1325310897951174658
1325311178835324928
1325311233122242561
1325311250234896384
1325311308481359873
1325311325753532416
1325311501356298240
1325311644478672897
1325311753551568897
1325311824741404672
1325312017620721664
1325312055033950208
1325312067826573313
1325312155952979970
1325312252010958848
1325312419896430594
1325312480663531521
1325312487227416576
1325312511906811904
1325312596145283073
1325312764060053504
1325312910701301761
1325312944448528385
1325313045476773889
1325313061897465858
1325313149856219137
1325313165081645056
1325313166658531329
1325313225756344320
1325313242386759681
1325313321667604480
1325313619744215040
1325313712018792449
1325313783401766912
1325313787319128064
1325313792717283330
1325313879451164672
1325314169571168258
1325314209479979009
1325314264207298560
1325314399733739520
1325314474434162694
1325314487755431936
1325314546970423297
1325314571775717377
1325314827846365186
1325314836410953728
1325314982972583937
1325315003566743553
1325315041533583360
1325315050115112960
1325315083493396481
1325315091886116864
1325315222161285120
1325315242864209921
1325315262967582721
1325315268013395968
1325315335038377993
1325315523496861696
1325315536515784704
1325315767181561856
1325315784260915202
1325315842830004225
1325315888749408258
1325315939072692224
1325315940997849091
1325315977148588032
1325316059490967558
1325316140789166083
1325316203229941760
1325316262323490817
1325316421316878336
1325316622928678912
1325316860473176065
1325316924696391680
1325317016803184640
1325317050131079168
1325543690299969542
1325543735761973248
1325543748735012865
1325543820667314177
1325543911905914880
1325543933292777474
1325544218316640257
1325544512106721282
1325544626233647105
1325545128505856001
1325545171535220738
1325545220595806208
1325545249821892614
1325545325340340225
1325545325294194690
1325545371582533632
1325545404859965440
1325545778421653505
1325546013705334784
1325546089089536003
1325546114179760128
1325546122765627393
1325546164603789314
1325546193749897217
1325546277661257730
1325546487867088896
1325546508498821120
1325546638446825472
1325546675490836482
1325546751500038144
1325546843552550914
1325546885545857028
1325546893040996352
1325546994895638528
1325547083143802880
1325547346231521280
1325547385360146433
1325547575643082756
1325547586468634625
1325547653313269762
1325547773983399936
1325547783516872704
1325547858834169861
1325547883983147008
1325547909207633920
1325547955122827265
1325548026493022209
1325548453309669382
1325548487870656514
1325548572172021760
1325548651905609735
1325548826426544128
1325548831736475648
1325548889290674176
1325548890762981376
1325549196921901056
1325549325422895104
1325549385904779265
1325549435791749126
1325549578066784257
1325549675030700037
1325549713203073031
1325549835986989057
1325549888793419776
1325549901967577088
1325549906044530688
1325550068389216256
1325550289122942978
1325550363202576384
1325550367267057670
1325550400670494722
1325550425680928768
1325550476285243392
1325550779311157249
1325550803696967680
1325550899675103232
1325550937910489094
1325551130596823045
1325551248200802304
1325551302131257350
1325551339787653122
1325551650786996224
1325551654779973634
1325551722123636737
1325551738607251456
1325551758785957888
1325551902369730560
1325551948603518983
1325551952898514945
1325552122235023361
1325552149506387968
1325552305031221248
1325552355358744581
1325552463995432960
1325552631893340161
1325552770481594368
1325552841524711424
1325552908423794693
1325552959221084161
1325553013960953856
1325553093258440705
1325553156453961729
1325553344883159041
1325553377606946816
1325553457890258944
1325553520376885250
1325553739374219264
1325553810538835968
1325553826523439105
1325553999618076672
1325554142300041216
1325554167444893699
1325554196523966465
1325554284214194176
1325554321958776832
1325554401914871810
1325554452271689729
1325554536409337860
1325554620156968960
1325554741510885376
1325554821445902349
1325554825568849922
1325554922318913543
1325555022688624641
1325555093895147522
1325555358128103424
1325555400180117504
1325555492924649477
1325555509164826624
1325555542954225671
1325555576080838659
1325555597165518849
1325555660524834817
1325556013118992386
1325556083985944576
1325556099429249024
1325556147013758985
1325556173874016258
1325556184456306692
1325556482515980294
1325556503684771840
1325556537050468354
1325556759566508033
1325557263004651521
1325557270948671488
1325557501455179776
1325557614902611968
1325557816359342082
1325557992134225924
1325558038451941376
1325558097579020292
1325558130894376961
1325558131192176642
1325558252143218689
1325558583879229440
1325558621233672197
1325558671804395525
1325468104286146560
1325468166944944134
1325468343088898051
1325468351502675974
1325468687139221504
1325468712502259712
1325468779560755200
1325468825517649922
1325468825593274374
1325468842102042624
1325468922032906240
1325468963841585152
1325468971336822784
1325469216053424128
1325469391849459712
1325469404621012997
1325469685974921216
1325469882587078659
1325469895987965953
1325470000216481795
1325470326864670721
1325470412386525185
1325470557995982850
1325471006631358465
1325471008577511424
1325471145055948801
1325471270994112514
1325471291701420032
1325471476355649540
1325471485042040832
1325471539504967680
1325471770007232515
1325471837141217281
1325471996545822722
1325472021929725952
1325472108240048129
1325472131141021698
1325472214423105536
1325472290193215488
1325472327849697284
1325472361613815808
1325472474834763776
1325472612147990529
1325472612839956480
1325472688563949569
1325472730792275972
1325472821498294272
1325472869099446278
1325472885700513800
1325473011613446146
1325473015774273538
1325473036934520834
1325473104106192896
1325473128965763072
1325473162579103745
1325473206153613317
1325473284427812866
1325473296687616002
1325473388911976450
1325473489743015936
1325473510177824769
1325473581757706240
1325473867171831808
1325473938303037441
1325474022289772547
1325474079021916162
1325474181610434564
1325474294978187264
1325474311906467840
1325474341119778817
1325474387261329409
1325474420761251841
1325474529511092225
1325474529762709504
1325474706212835329
1325474718498033664
1325474911658381312
1325474924425863173
1325475088012107777
1325475109944037376
1325475465239400449
1325475624698454016
1325475628624171009
1325475670504443905
1325475838331035650
1325475881180127233
1325475976927703042
1325476119257075712
1325476157068877826
1325476169890754560
1325476263327248384
1325476425101676551
1325476568622227463
1325476786579312645
1325476802865864704
1325476966976335874
1325476983359332352
1325477088560820224
1325477155330011139
1325477218143834112
1325477266999046144
1325477289962991616
1325477432195907584
1325477457831583747
1325477612559323136
1325477637901459458
1325477834823970826
1325477935999053826
1325478078173294592
1325478099480403969
1325478149476544512
1325478388837085184
1325478585025458178
1325478704471007232
1325478963209244672
1325479164699435020
1325479193753235456
1325479562986319877
1325479583676764165
1325479865244553216
1325480014926770182
1325480271915995138
1325480410088927238
1325480443718873088
1325480507073650688
1325480556809887744
1325480607367958534
1325480628293263360
1325480799173545985
1325480922179751937
1325480930597855233
1325480951506493442
1325481014223921158
1325481329128038402
1325481402888933377
1325481454491480065
1325481756234027008
1325481853411880965
1325481874374979586
1325482020781264896
1325482238843219971
1325482359303643136
1325482507836518404
1325482562274385920
1325482636601565184
1325482914268712962
1325482943385661441
1325483006526550017
1325483047370813440
1325483048645824513
1325422821795827718
1325422893606477825
1325422904893386754
1325422948476461056
1325422982207037441
1325423170493550592
1325423363653853186
1325423502535630849
1325423519346397185
1325423900784795648
1325423933978529801
1325423972268331008
1325424105655513088
1325424446455361536
1325424462246899712
1325424467259092994
1325424550733991945
1325424642924941313
1325424844159283201
1325424919405076481
1325425008294961154
1325425083653922816
1325425272020234242
1325425382221344768
1325425439632986112
1325425502996234240
1325425536781447168
1325425662384082950
1325425687302430725
1325425750426652672
1325425800787730432
1325425808471715841
1325426157077008384
1325426194712563713
1325426199452119041
1325426261968248835
1325426358630055937
1325426639531085827
1325426714974052352
1325426735735840769
1325426794649047041
1325426832657747969
1325426882674892801
1325427008847949825
1325427058630123520
1325427104817754116
1325427208744132608
1325427248049119233
1325427536667561985
1325427885239316482
1325428052654952455
1325428120002813953
1325428195198447616
1325428245638963204
1325428287963877377
1325428396915126272
1325428518575091715
1325428715791282178
1325428723823349760
1325428744790695936
1325428791146020865
1325428992682332161
1325429017353220097
1325429378516443137
1325429407733964807
1325429465518911490
1325429541557460992
1325429604790767616
1325429776916549632
1325430028256088064
1325430049173090305
1325430632395182081
1325430716700758017
1325431067814338560
1325431085610770432
1325431236047728640
1325431521960976385
1325431551014866947
1325431605674930179
1325431768812556289
1325432054671175681
1325432154835259394
1325432293570220033
1325432705966862337
1325432781187506177
1325432807292870656
1325432808932847617
1325432879178899456
1325433069181038595
1325433123832795137
1325433220557660162
1325433235807956992
1325433526582472704
1325433551375003648
1325433602121854977
1325433732250079233
1325433891310759936
1325433924621897728
1325434151781199874
1325434281477480448
1325434329153953792
1325434520611516416
1325434524600332288
1325434537741086722
1325434646021234688
1325434801885679616
1325434807707291648
1325434935658885120
1325435153762693121
1325435246330994688
1325435263154348035
1325435286046838784
1325435321572618240
1325435364073492480
1325435560559861761
1325435967222796293
1325436051117256704
1325436105941016577
1325436177474674688
1325436269825056768
1325436419612024832
1325436449911615490
1325436550436548610
1325436710092738561
1325436781010018304
1325436957263081472
1325437003643543553
1325437012145545217
1325437133537103876
1325437330610671622
1325437339359961090
1325437360000077825
1325437452555837440
1325437456641089536
1325437519949860869
1325437611456950279
1325437653815332866
1325437821327437824
1325317164107067398
1325317209804042241
1325317386459885568
1325317419708133377
1325317453065330689
1325317533247787015
1325317537677123584
1325317746628890624
1325317994667335681
1325318074149576709
1325318107703906304
1325318292748165121
1325318305100361728
1325318372079202304
1325318535590125569
1325318862426923008
1325318953397317633
1325318977980002304
1325318995344564224
1325319076382732288
1325319080354537472
1325319214622760960
1325319286034849792
1325319357774274561
1325319571801141248
1325319655762718721
1325319844322037761
1325320158957760512
1325320196609896448
1325320317976371201
1325320334862544898
1325320367922163712
1325320435064434688
1325320447869804544
1325320468757270531
1325320485937311744
1325320632410632192
1325320719601983488
1325320754188091392
1325320817480093696
1325320884505153537
1325320968017829888
1325321118098534402
1325321144400928769
1325321349967929347
1325321693594853376
1325321815296667650
1325321983614054402
1325322079839858692
1325322088526323712
1325322549236887552
1325322595789500417
1325322721182576641
1325322906293866496
1325323019544387584
1325323103044431873
1325323337808179200
1325323350357336066
1325323572919873537
1325323594033991681
1325323602661699584
1325323677769093120
1325323749382529024
1325323820245389313
1325323820568350723
1325323849483870208
1325323900218171392
1325324114106609664
1325324168838193153
1325324185204383746
1325324231400435714
1325324252602568704
1325324290032537600
1325324504277585920
1325324579250851841
1325324604257284096
1325324718275059713
1325324730413375489
1325324801389555712
1325324919106924544
1325324932104982528
1325324944427917312
1325324995636187136
1325325032738983940
1325325230106169345
1325325254982561792
1325325275887001600
1325325347240341504
1325325418296193025
1325325447677292544
1325325593953538048
1325325645715529728
1325325720579534849
1325325857972482048
1325326185505550337
1325326228102975488
1325326369962790913
1325326487931645952
1325326538162704386
1325326752466530304
1325326984344264705
1325326995572592640
1325327029282091008
1325327125398908928
1325327175629869056
1325327330810589184
1325327460884340736
1325327653554057216
1325327712920088577
1325327805068963840
1325328062028910592
1325328198704488451
1325328304077856769
1325328429739364352
1325328532277350401
1325328564225335297
1325328568763764736
1325328603567976449
1325328912453312514
1325329030028070912
1325329063590850560
1325329084067483655
1325329084868554754
1325329218494894080
1325329243958546432
1325329289965834240
1325329323327303683
1325329671643303936
1325329722096672769
1325329793454276608
1325329915160358913
1325329956663156736
1325329977189912576
1325329978020356097
1325330132379205632
1325330200058474496
1325330522692677637
1325330610651615234
1325330754084147202
1325330761696772097
1325331055394500608
1325331156389171200
1325331223116312577
1325331277436874752
1325331345422209024
1325331373914263553
1325331399805722624
1325331496396181505
1325331508656283649
1325331567317692416
1325331651036143616
1325331987024867328
1325332037495115776
1325332112778518529
1325332163122835457
1325483350316953601
1325483442713239552
1325483530982338560
1325483748792672256
1325483752290734081
1325483849581735944
1325483992523665409
1325484042397970433
1325484046932209666
1325484227425693697
1325484269314183168
1325484323559116809
1325484420430778375
1325484478953902083
1325484745120231426
1325484776476860417
1325484873017155584
1325484881758072833
1325484894290522113
1325484939299741697
1325485192237244417
1325485493639852040
1325485523704705025
1325485565303812099
1325485707603795973
1325485892551708672
1325486164732735495
1325486375722868737
1325486630862524418
1325486706154467329
1325486714022891520
1325486835800236032
1325486940343300097
1325486944969691139
1325487192446136327
1325487385300398087
1325487440128221184
1325487553345105922
1325487582612877312
1325487611750670338
1325487653173784581
1325487758912221187
1325487859772641282
1325487951506182145
1325487988827185152
1325488123892142081
1325488421360578560
1325488677456400384
1325488723820154882
1325488865814188033
1325488941601071104
1325489323060260865
1325489461438930945
1325489578971594752
1325489688283582464
1325489733997191168
1325489910573363200
1325489960963764227
1325489964730241024
1325490065699725314
1325490107755925504
1325490237615742976
1325490283644121088
1325490313306234882
1325490329735188480
1325490350534832131
1325490412388118531
1325490426476982276
1325490443329658880
1325490883190468608
1325491030213451777
1325491189441769474
1325491233850978304
1325491353371865090
1325491466412597248
1325491516882771975
1325491948745056257
1325492103812669441
1325492381161037824
1325492552410214401
1325492569963311105
1325492603438034944
1325492619594657792
1325492776876843009
1325492783365447680
1325493052077731843
1325493207334088704
1325493282508582912
1325493408631189504
1325493580270538752
1325493714915979269
1325494003853225986
1325494012233609223
1325494096178319365
1325494200943714305
1325494393953005568
1325494461447757826
1325494511280279553
1325494624933195776
1325494939246096384
1325494989690793984
1325494997882458118
1325495006900219911
1325495010645606400
1325495069307265026
1325495162559225857
1325495186642923520
1325495255186206720
1325495455233536003
1325495460417720322
1325495463487795200
1325495535269146626
1325495639816462337
1325495643884802050
1325495660834066432
1325495702156316672
1325495715401854976
1325495744736890880
1325495748729987079
1325495878900191239
1325495887137665024
1325495933442936836
1325496042519814144
1325496881049440256
1325497019738312705
1325497280158298112
1325497506403414016
1325497800147152896
1325497896607866880
1325497909119512576
1325497984897986560
1325498093509414914
1325498139411947522
1325498190012014592
1325332271612657665
1325332364365598721
1325332431193268224
1325332498306510848
1325332527385616389
1325332547778179074
1325332574072397826
1325332804872200193
1325332955972030464
1325333069000302598
1325333086784073728
1325333110750408704
1325333186134634497
1325333232263467009
1325333479509417985
1325333748167151617
1325334221875892224
1325334222127550465
1325334276930461696
1325334393632731136
1325334398405783553
1325334450117341184
1325334478340886528
1325334524209860610
1325334574767878144
1325334637510619139
1325334683580854273
1325334696557834240
1325334784101376002
1325334813432180736
1325335203489984512
1325335232611049472
1325335472709660672
1325335513931407361
1325335656835416064
1325335711625736194
1325335820497268736
1325336101171589120
1325336147124318210
1325336239432556544
1325336290053730305
1325336503606599680
1325336730359230464
1325336806414405633
1325336814228439040
1325336814291464193
1325336831370649600
1325337195805200384
1325337225043861504
1325337343205761026
1325337372758855680
1325337385308139521
1325337435698470914
1325337694793240577
1325337833310089217
1325337867137191936
1325337917678612481
1325337920899747840
1325338039623671808
1325338063975800832
1325338114093682689
1325338164916080640
1325338307992023040
1325338391274205184
1325338580659499008
1325338668689616896
1325338697076760576
1325338714881593344
1325338866069463040
1325338885904191489
1325338991164444673
1325339032990089217
1325339285134974976
1325339385022222336
1325339406669000706
1325339483118718976
1325339599393206272
1325339700316364801
1325339771720372224
1325339909561978880
1325339977811697664
1325340014629191680
1325340039874637824
1325340202957598720
1325340320947564544
1325340505442455553
1325340936520544258
1325340954119852033
1325341020834369537
1325341037615669249
1325341512318644226
1325341595445592065
1325341709467873281
1325341902229676042
1325341986681987075
1325342023537156096
1325342119909859329
1325342393353314307
1325342447879270400
1325342491713826817
1325342556780179461
1325342573498601473
1325342770236682241
1325342800213323776
1325342934368194561
1325343032737140736
1325343042971136000
1325343114257715201
1325343289952907266
1325343575408828416
1325343680085991425
1325343717956317184
1325343869521768449
1325343873837764608
1325343881869750272
1325343911435407360
1325343915898236930
1325343931517775872
1325343957124079617
1325344302277521408
1325344372494364673
1325344464311906305
1325344473245650944
1325344608042151936
1325344851106418688
1325344917724467201
1325345085060509697
1325345143780728832
1325345211854200832
1325345400509796352
1325345606106279938
1325345642923765760
1325345659973640193
1325345727468367873
1325345752030253060
1325345752302956546
1325345861140959232
1325346079693533184
1325346154880495616
1325346213672095744
1325346218675986433
1325346738383843328
1325346788891521024
1325346914523635712
1325347262453723136
1325347330288128001
1325347492825759744
1325347706873802753
1325347824754683911
1325348187922702336
1325348214359224320
1325348269283811329
1325348296425168902
1325348319183384579
1325348356919619584
1325348361176834049
1325348378612396032
1325348562444509190
1325348601216733184
1325348637975719938
1325348730111922176
1325348859770527744
1325348935641149440
1325349060933513218
1325349111764299778
1325349250256035840
1325349322532089856
1325349505336750080
1325349623955771392
1325349772690120704
1325349843217354752
1325349951107330048
1325349954995458050
1325350114349645826
1325350130954985473
1325350181437517824
1325350244423495680
1325350529728307200
1325350634045005824
1325350639162028032
1325350672397709312
1325350906963980294
1325350990632030210
1325351028892504065
1325351134249234433
1325351159440134144
1325351217162297345
1325351242634289152
1325351583266328576
1325351595199008774
1325351875928084481
1325352144959021056
1325352265964609541
1325352308453085184
1325352354137268225
1325352388119592960
1325352404783669249
1325352580554371073
1325352601399906304
1325352630592417793
1325352656722948097
1325352681200902145
1325352696203894785
1325353016715833344
1325353172513280001
1325353209582456832
1325353287374282752
1325353365136662529
1325353368953499648
1325353374473199617
1325353533420441600
1325353726505328642
1325353801037934593
1325353813834952704
1325353864439148544
1325353905698426881
1325354136490012673
1325354385413713921
1325354581044367361
1325354754097082368
1325354828407648256
1325354874813472769
1325354967872385024
1325354984276430848
1325355071811543040
1325355101742096384
1325355123367948289
1325355558543757312
1325355709773586432
1325355773216612352
1325356019812192262
1325356091497189376
1325356187664125952
1325356212645486592
1325356229330395137
1325356263061020673
1325356330245349376
1325356494443982848
1325356540732321792
1325356548919529473
1325356577948315648
1325356623708106752
1325356678406082560
1325356682847793152
1325356875769139201
1325356942617931776
1325356972758200321
1325357034796093441
1325357060884672513
1325357220612239361
1325357268414685184
1325357434114875392
1325357768753213445
1325357807475040256
1325357953768153088
1325358209784229888
1325358256294932483
1325358289463414786
1325358310342742016
1325358511556087810
1325358785821503488
1325358888594546688
1325359262076461056
1325359325074821120
1325359333606117377
1325359660845715456
1325359727853760512
1325359802944466946
1325359874906132480
1325360105240539136
1325360139029897216
1325360235075264513
1325360283792060418
1325360374267457536
1325360600277372929
1325360675548491777
1325360688907292672
1325360701607604226
1325360716770107392
1325360742170845185
1325361195981869058
1325361204949344257
1325361267083653120
1325361368342597633
1325361649516097536
1325361770630840320
1325361786896457729
1325361937962602496
1325362034079232000
1325362089511297025
1325362164333502469
1325362214761586688
1325362281899757568
1325362311645814784
1325362484199428096
1325362592706162688
1325362609265078272
1325362838358159360
1325362974521896961
1325362991408185344
1325363117031747584
1325363197029752834
1325363431348736000
1325363439250731008
1325363619924643840
1325364048351924225
1325364055809331200
1325364266619310080
1325364701937590275
1325364722573733888
1325364840878235648
1325365130281046016
1325365344609984512
1325365457910525952
1325365524264587268
1325365557781098496
1325365566501249024
1325365574390718465
1325365715298185216
1325365759678308352
1325366161677185024
1325366313011834880
1325366379915128833
1325366413326864384
1325366422021701632
1325366497435406336
1325366518050398209
1325366790260740096
1325367160366133248
1325367406735323137
1325367533243834369
1325367541544476672
1325367541816946688
1325367574922752001
1325367593314603008
1325367613590024192
1325367662436880386
1325367667465793536
1325367684842872833
1325367697568362497
1325367839293894657
1325367965202657280
1325368087315685376
1325368104445112320
1325368212729581568
1325368908807884800
1325369005641773057
1325369148646580225
1325369270356897792
1325369299867983873
1325369316192231424
1325369413244231680
1325369458890739712
1325369643649916928
1325369962362523648
1325369990967676928
1325370075856171009
1325370188821270529
1325370230558830597
1325370264721514496
1325370313962500097
1325370431298293761
1325370565864030208
1325370594955653121
1325370633711194114
1325370649662074880
1325371061236498435
1325371064579403776
1325371144728440832
1325371328874995713
1325371506243883009
1325371530205827073
1325371820447576065
1325371920817205250
1325371929876975617
1325371949917286401
1325372026165530624
1325372067378835456
1325372142825824256
1325372290071195649
1325372340633538563
1325372470187200512
1325372612382511107
1325372629168087040
1325372646876356610
1325372705303126016
1325372759220891648
1325372889294647296
1325373041279332355
1325373099131494402
1325373305747087360
1325373451561914368
1325373574077538305
1325373627882041344
1325373744840396800
1325374315253084160
1325374454378147840
1325374663921459201
1325374676592447489
1325374760176345088
1325374987012874240
1325375242089467905
1325375314151829505
1325375427100160000
1325375599376953345
1325375603202199552
1325375712153497603
1325375796765200385
1325375799852150784
1325375863521763328
1325375877375463427
1325375921843482625
1325375993683570688
1325376173271085056
1325376273359675392
1325376442075639808
1325376497155149826
1325376500548427776
1325376538473328643
1325377155438669824
1325377289476071426
1325377364545728512
1325377462059085825
1325407740395622401
1325407903679909888
1325408075323502593
1325408150858551297
1325408264826318849
1325408306681286656
1325408343951872000
1325408420103647232
1325408557769101313
1325408629143592960
1325408654091120641
1325408827072802817
1325408868407549953
1325408985286135808
1325409082715549696
1325409158225649665
1325409241562308613
1325409253998333952
1325409367789694977
1325409452309303296
1325409577257627650
1325409706098249730
1325409950470971392
1325410092607475713
1325410105366548480
1325410222903615488
1325410227378860032
1325410392571478021
1325410684193091585
1325410772969803779
1325410823146070016
1325410831010459648
1325411061990830081
1325411343243964416
1325411447384502275
1325411481064792064
1325411549553586176
1325411636866392064
1325411682320048128
1325411703169966082
1325411783444717568
1325411829212798977
1325411858971553792
1325411996859293696
1325412167164682240
1325412168968396801
1325412248605626368
1325412353802952705
1325412552092823552
1325412626789261312
1325412752324780034
1325412869740097537
1325413154382295040
1325413221747077122
1325413599104421888
1325413645241683970
1325413717119537153
1325413783779504129
1325413914318954497
1325414111124070400
1325414182490157056
1325414295614746625
1325414314342313989
1325414350060998657
1325414396626145280
1325414412967088130
1325414820007571462
1325415012815474688
1325415063235125253
1325415276951838724
1325415348548620293
1325415475078164480
1325415566220423168
1325415667252817925
1325415797209133057
1325415822395838469
1325415847419129856
1325416014775980032
1325416036024242177
1325416174692282368
1325416186910105606
1325416393077100544
1325416430167334912
1325416573130170368
1325416656869339142
1325416737500590080
1325416740529037312
1325416950441369602
1325417050366480385
1325417097372033025
1325417235612098560
1325417348992544768
1325417378289741825
1325417537509724162
1325417575585468416
1325417684394250240
1325417952712265730
1325418149915791360
1325418414505013248
1325418745838317570
1325418750598811648
1325418791564529664
1325419361985650689
1325419383435497472
1325419425697325057
1325419571759652864
1325419580433588224
1325419618236829697
1325419639132794881
1325419799128788994
1325419836357439488
1325419882415058949
1325419966154350593
1325419987557888000
1325420779639631876
1325420796978737153
1325420855241928704
1325420880609103873
1325420994941444097
1325420996652912643
1325421023655686146
1325421069575090178
1325421098478039041
1325421232708313089
1325421236868968451
1325421241759625218
1325421333547716608
1325421588414668800
1325421761584885760
1325421866714984448
1325421925397639170
1325421925628305408
1325422101348687872
1325422147616059392
1325422277882646528
1325422327727710209
1325422458111991808
1325422466001489922
1325422583618166784
1325422722042761217
1325422743093993472
1325422751591620611
1325422759812468738
1325422792767107073
1325377503586873350
1325377669203177472
1325377846747914240
1325377998237790209
1325378108426432513
1325378132501622784
1325378286789173254
1325378485116932097
1325378586174500868
1325378606533660673
1325378623390543873
1325378786687389696
1325378878660104192
1325378933995401216
1325379117903175682
1325379277525803009
1325379332525744128
1325379394618208256
1325379545348923392
1325379866863276032
1325379873452552192
1325379907141185536
1325379990192447489
1325380133146910720
1325380162125377536
1325380212314546181
1325380217435729923
1325380275694690305
1325380276378349568
1325380317612449793
1325380426962067457
1325380615492005888
1325380871751397377
1325381001858719745
1325381059987509248
1325381114178002945
1325381177834795008
1325381428981493764
1325381458756661248
1325381634879787008
1325381857068933122
1325381861896548352
1325382067300020224
1325382205078728704
1325382246857990144
1325382305758797825
1325382313740541953
1325382452819468288
1325382469508599814
1325382561208610816
1325382679353843714
1325382700300038144
1325383019079864321
1325383022632456197
1325383153205317634
1325383165913952256
1325383308155432960
1325383546886787072
1325383635357356032
1325383644513505281
1325383824046346241
1325383946381615104
1325384201760333825
1325384226573848576
1325384289995825152
1325384332115062785
1325384343913549824
1325384754666106880
1325384856134619136
1325384897205166080
1325385031829876736
1325385087026946048
1325385191448317952
1325385280170434561
1325385309115322371
1325385318367965188
1325385418288869383
1325385434856255494
1325385480574169088
1325385481031458818
1325385494168035329
1325385510479597568
1325385606608850945
1325385782257881089
1325386081525751808
1325386400003338240
1325386622142197761
1325386626604929024
1325386743420514304
1325386810210603010
1325386848210980866
1325386861003608064
1325386952875646976
1325387003182067712
1325387033163034625
1325387200205361152
1325387390920355840
1325387511410139136
1325387586601414656
1325387624798937089
1325387674417590273
1325387830516834304
1325387863782027265
1325387980467564544
1325388005540966401
1325388040127324162
1325388160759525378
1325388169370431488
1325388227969126401
1325388660259188736
1325388667620356096
1325388685303447553
1325388706887442433
1325388773442674688
1325388853419642880
1325388878241521669
1325388906850709510
1325388978887995395
1325388979357802496
1325389146265849856
1325389184551460864
1325389239744393216
1325389330874044417
1325389352088735744
1325389985655238658
1325390023332679681
1325390027526868993
1325390153326731264
1325390220855021568
1325390299733090305
1325390895764697089
1325391009145098241
1325391160660144128
1325391303073357824
1325391348560760835
1325391353480531968
1325391465925672962
1325391684218261504
1325392158053064704
1325392183260835840
1325392297547206659
1325392795864100865
1325392917524078593
1325392926319448064
1325393200081629187
1325393257686294530
1325393353182240768
1325393357921787904
1325393420517576704
1325393496799289345
1325393537643393025
1325393638461894656
1325393703352070155
1325393706090864642
1325393785400909824
1325393940879695874
1325393941479399425
1325393995384676352
1325394353272000512
1325394456271613952
1325394566321762309
1325394683930042369
1325394838611693569
1325394859105062914
1325395090580320258
1325395149078351872
1325395265906413568
1325395375390289920
1325395391865630720
1325395434332811264
1325395614507655170
1325395941692596224
1325395970528567298
1325396050526556160
1325396054452285440
1325396155602235393
1325396156151701505
1325396788379963393
1325396797162987520
1325397036343189510
1325397103875481602
1325397187501699072
1325397283987464192
1325397363893006336
1325397400836575233
1325397585738260481
1325397690784440320
1325397694681141248
1325397980241801223
1325398085380476928
1325398378797125633
1325398851499520002
1325399192173481984
1325399242593153025
1325399338697318400
1325399352341368832
1325399414152851456
1325399502396796928
1325399532100677632
1325399767304712193
1325399896216784896
1325399909336494081
1325400165478494208
1325400198630289408
1325400207379623938
1325400311238897665
1325400479342399488
1325400651548028929
1325400655989673984
1325400706812014592
1325400773220593664
1325400835950600192
1325401000610500609
1325401025281314819
1325401100137209863
1325401272804126722
1325401272963502082
1325401352080658434
1325401398431899648
1325401410603786241
1325401419768213504
1325401604330315776
1325401695589961728
1325401720994852864
1325401801118654464
1325401834069102593
1325401864469352448
1325401938976976897
1325402283551592449
1325402334176874499
1325402480377815040
1325402644467359744
1325402669045837824
1325403025616351233
1325403084655386624
1325403147356024832
1325403390873133056
1325403788954521600
1325403802179162112
1325403847246766080
1325403914787840000
1325404111962058754
1325404191381020677
1325404326123065353
1325404376727433216
1325404506348167169
1325404510160883712
1325404559989235712
1325404702977241090
1325404758375620609
1325404846069985280
1325404884208906240
1325405051100262400
1325405218604011521
1325405261100703745
1325405324166238209
1325405332626157569
1325405454055452674
1325405668782837760
1325405676928196612
1325405768439525376
1325405873330511882
1325405961448665089
1325405987147309058
1325405994843856896
1325406158744657920
1325406208967155712
1325406439360303104
1325406506561495040
1325406582088331265
1325406620046667777
1325406686748815360
1325406691140263936
1325406691396120576
1325406741899726851
1325406767002554368
1325406905401921538
1325407140245348353
1325407178354683907
1325407282641989633
1325407685748121600