1326343892934029312
1326343895735803904
1326344000408784897
1326344051243835392
1326344092960350213
1326344109934612480
1326344231842099202
1326344239962271745
1326344274389073921
1326344328516567041
1326344361517387776
1326344444916936704
1326344587871391744
1326344593034633216
1326344649988960256
1326344734709850114
1326344842348167168
1326344938104164353
1326344948749275136
1326345010028163072
1326345023852568576
1326345036825464832
1326345053728616448
1326345519048876038
1326345547360456704
1326345619531816963
1326345716470444033
1326345808749359105
1326345917411205120
1326345928891129856
1326345983765065728
1326346030837764096
1326346165131079681
1326346282831470598
1326346349583986689
1326346396161728512
1326346454135414786
1326346517301563392
1326346521525186560
1326346529662230531
1326346672507596800
1326346722671390720
1326346840372092932
1326346919032057858
1326346924321017857
1326346979090182144
1326346987529265153
1326346991257915397
1326347058475753474
1326347113370968069
1326347300512337920
1326347359874408448
1326347393554554880
1326347456951447554
1326347477545578496
1326347528871112704
1326347750687039490
1326347767296438278
1326347809042427904
1326347851216134146
1326348012709244933
1326348149951238144
1326348187041468418
1326348223750004736
1326348231316418562
1326348347423256578
1326348362665365504
1326348375743148033
1326348379429900288
1326348400757968896
1326348434815807489
1326348531267989504
1326348593649815552
1326348723564240898
1326348791478317064
1326348824093229056
1326348916300931073
1326348976283643904
1326348987369197571
1326348996416167936
1326349014112022528
1326349159843172352
1326349177014669314
1326349211697352704
1326349388298522624
1326349391163174914
1326349428597293056
1326349446670659585
1326349470125223939
1326349470448181254
1326349641336631297
1326349681736167424
1326349762249945089
1326349779597746182
1326349843422470146
1326349942781321217
1326350086666813442
1326350126416355328
1326350183341445121
1326350282498875392
1326350336232099841
1326350370994495488
1326350447322542080
1326350606982914049
1326350626423517187
1326350686536134657
1326350786851434496
1326350854258044934
1326350966644477952
1326351088967102464
1326351185394225153
1326351225634304000
1326351331993378816
1326351407725809666
1326351407952310273
1326351445550108675
1326351556095090688
1326351563653263360
1326351622419738626
1326351722890006528
1326351820550250497
1326351902720757760
1326351952955940865
1326351972249731073
1326352099697942528
1326352129410412546
1326352184129298437
1326352225631920129
1326352246603386880
1326352323384381442
1326352339289079809
1326352416716042240
1326352439784706048
1326352546982588417
1326352567438200832
1326352636573048837
1326352782950092800
1326352808778493952
1326352837777842177
1326352846623821824
1326352880371167235
1326352884322152448
1326352964064305152
1326352972213850112
1326353048634093568
1326353056024453121
1326353081353838593
1326353110554472448
1326353232365412352
1326353261578825729
1326353374741147648
1326353404059406336
1326353422304636929
1326353429355225090
1326353472338288640
1326353505334906881
1326353601459970048
1326353609718689798
1326353678530273280
1326353685623037957
1326353719403835392
1326353731546451970
1326353790203781120
1326354036195545088
1326354078599929856
1326354104780689409
1326354226537254918
1326354357604941824
1326354364433379328
1326354393873068032
1326354409878659072
1326354755409510401
1326354767543738368
1326354843208966144
1326354897390903296
1326354985899204608
1326355073753079809
1326355131034599424
1326355196239212544
1326355401386958848
1326355434178039808
1326355589593763843
1326355627392765954
1326355694468018176
1326355887217205248
1326355897367621632
1326355921111539718
1326356021426655233
1326356122056450050
1326356151630442496
1326356281016393730
1326356281423241218
1326356331830239232
1326356365921583104
1326356445663813632
1326356461287518208
1326356580493824000
1326356780671250433
1326356812170452992
1326357028420247552
1326357069583290368
1326357086847037447
1326357107705196546
1326357150151618560
1326357204358868992
1326357272356859906
1326357288551149570
1326357506810056706
1326357590754856960
1326357887896182784
1326358085619867648
1326358094016819200
1326358182885646337
1326358285180657665
1326358349491933185
1326358383281262595
1326358460615725056
1326358585505275904
1326358618560671744
1326358638630379526
1326358781291323393
1326661023663845378
1326661044249489408
1326661048347275269
1326661085873647618
1326661169705328640
1326661350093938688
1326661358931337219
1326661539768754183
1326661602582663168
1326661740227125248
1326661815720357891
1326661828508852224
1326661862566584321
1326661896133632000
1326661920489943043
1326661950760251398
1326662029780738048
1326662038626562049
1326662118222012416
1326662168155201539
1326662256231407617
1326662327920435201
1326662341287575553
1326662399022297088
1326662436401770496
1326662608984944640
1326662625623756800
1326662746797170689
1326662944571203585
1326662957003124736
1326663061650993153
1326663078549843972
1326663088351834112
1326663091229093888
1326663112091717643
1326663124141879301
1326663158447026176
1326663159420215298
1326663312143245313
1326663323501416449
1326663330312953856
1326663565147840513
1326663674325557249
1326663713399730182
1326663752121520132
1326663885047230464
1326663898704044032
1326663971936608257
1326663987463905281
1326663988067901440
1326664139142524933
1326664156389515264
1326664190367592450
1326664248840261632
1326664366184407041
1326664382982418432
1326664462057795590
1326664551396487170
1326664592890671105
1326664936706232320
1326665047192596481
1326665184291778560
1326665489880281089
1326665565608554503
1326665649750466560
1326665666498355201
1326665763017650177
1326665783678820353
1326665876024795136
1326665888498655232
1326666039829164038
1326666194687037440
1326666199237861378
1326666366619934720
1326666685076680704
1326666719239213056
1326666748985106432
1326666835182358531
1326667008927293443
1326667134378893313
1326667276779741184
1326667318550654978
1326667357398294528
1326667427506163712
1326667448616153089
1326667554203463680
1326667645039464448
1326667659048591361
1326667688140271617
1326667700135997447
1326667784789630976
1326667998019588097
1326668070253957121
1326668257365909505
1326668292535312384
1326668321194958848
1326668409967423490
1326668472517095424
1326668552481378304
1326668585356455936
1326668611197444096
1326668707280588800
1326668819113369600
1326668844241461251
1326668937841442816
1326669047124037632
1326669155077132290
1326669277185925126
1326669503917219840
1326669566664007682
1326669634104389632
1326669663527292928
1326669751175835648
1326669889961160711
1326669948630958081
1326670212465356800
1326670247164862466
1326670309056008194
1326670351691096067
1326670397811482624
1326670444955656195
1326670485124472833
1326670636765175808
1326670653349564420
1326670910259159040
1326670951224922113
1326671149183463432
1326671181672554496
1326671232087990272
1326671303710044162
1326671504487178249
1326671613731999750
1326671668316499968
1326671719289991175
1326671794275721216
1326671803264200705
1326671873749512195
1326671899045187584
1326671901406670853
1326672171389902849
1326672183507087360
1326672233612398592
1326672259587563521
1326672301862088704
1326673144581681152
1326673144887742464
1326673167365058561
1326673392519491587
1326673490917855237
1326673505312792578
1326673510324973568
1326673660157988864
1326673673298857991
1326673700817690625
1326674031567917056
1326674046680002560
1326674063566270464
1326674082906206210
1326674186954305537
1326674222509400064
1326674323394924545
1326674386246656001
1326674489795612672
1326674549535109122
1326674586621026304
1326674599761727489
1326674600462327821
1326674612583755776
1326674704531300352
1326674746629451776
1326674761229987840
1326674851449372672
1326674872261513216
1326674880864063488
1326675019225706496
1326675027522170880
1326675032299495426
1326675124200873984
1326675170883489793
1326675204249067521
1326675245281972224
1326675300986609665
1326675552242167808
1326675594566832128
1326675690939420672
1326675695829831680
1326675725752078339
1326675950394863619
1326676025913315329
1326676034347937797
1326676046939303936
1326313700857270272
1326314062213472258
1326314070002204675
1326314078105726976
1326314180400525317
1326314191876050945
1326314212818382853
1326314330552406019
1326314397376126981
1326314465051222016
1326314506532900865
1326314508068007936
1326314603249274881
1326314691560431616
1326314724284379144
1326314840693084162
1326314894547951618
1326314934075088896
1326314992912785408
1326315488381706247
1326315500167696389
1326315501878972416
1326315805588525063
1326315814954422273
1326315939164459009
1326316041790742528
1326316041794883586
1326316083205320713
1326316305532682242
1326316322343383041
1326316385723584512
1326316457064615936
1326316546658951168
1326316913870446594
1326316943369007105
1326316967645556738
1326316989145509888
1326317060968775680
1326317086117859330
1326317185791352838
1326317242448015363
1326317362669363205
1326317383510876163
1326317396269948928
1326317476339126272
1326317478142763010
1326317532396007424
1326317593284718597
1326317596908597248
1326317635391385600
1326317715007549440
1326317748704731143
1326317878665244672
1326317903172562951
1326317989730213888
1326318016997576709
1326318026111799296
1326318038006763522
1326318091534561286
1326318206043082752
1326318335915646978
1326318380878585858
1326318490815434753
1326318663255912451
1326319057004425216
1326319082191220736
1326319254866628611
1326319381425520640
1326319388648239104
1326319426019479555
1326319426476634118
1326319427084804099
1326319445699153921
1326319447074762752
1326319560220413953
1326319633884983296
1326319643758366722
1326319740848103425
1326319819021545474
1326320030636707840
1326320043089485824
1326320101713326080
1326320103663816705
1326320122932367360
1326320159582121984
1326320172723032070
1326320218411393024
1326320248375611392
1326320315778019328
1326320319955574784
1326320500063154177
1326320612269322240
1326320808436920321
1326320835490181123
1326320842524028930
1326320927953604608
1326321003459272704
1326321049303134208
1326321117586366465
1326321128047046657
1326321360231161857
1326321426954072066
1326321536458878976
1326321540414267398
1326321695536263170
1326321882073882627
1326322255010336771
1326322333083074560
1326322375437201410
1326322379023294464
1326322459163852802
1326322492689035266
1326322545667301377
1326322618299895809
1326322664424706048
1326322672867954689
1326322794343395330
1326322974648131586
1326323041643745280
1326323197281775617
1326323293528461314
1326323297630367744
1326323331260420098
1326323411119992834
1326323511611199489
1326323511707766788
1326323813064335360
1326323955905540101
1326324127838375938
1326324211242201088
1326324580869419008
1326324589803286530
1326324631687540736
1326324652390699009
1326324702441316352
1326324744937824256
1326324866463772677
1326324916371804161
1326325277853708288
1326325310741155840
1326325562483245057
1326325573870899201
1326325608650051586
1326325632826011648
1326325663326932998
1326325692930387968
1326325877400096769
1326325915002023937
1326326046342393856
1326326053388738561
1326326228681371648
1326326322071826438
1326326380502659074
1326326589794246657
1326326598417649664
1326326631993106433
1326326688171454464
1326326691292041217
1326326693372588034
1326326716906803206
1326326757813751808
1326326829117018112
1326326868333703170
1326326875333947393
1326326984285237249
1326327047522803712
1326327067735183361
1326327078363537408
1326327149045932033
1326327345343508480
1326327367820664832
1326327408446873601
1326327450180128770
1326327458203914241
1326327663754170370
1326327663896612864
1326327704883351553
1326327761900867584
1326327766682390529
1326327869673500677
1326327888677920774
1326327960622817284
1326327986623275009
1326328104311271431
1326328141741174785
1326328150729629696
1326328179741478912
1326328205033140224
1326328217842507779
1326328280228753408
1326328309102370818
1326328310268375040
1326328388567486465
1326328553328300037
1326328599343980544
1326328838457077764
1326328862956023808
1326328917863510016
1326329006665453570
1326329034590941185
1326329062298619905
1326329116078071808
1326329200526028800
1326329271917441024
1326329349650444288
1326329412028047361
1326329438213206020
1326329480403693569
1326329530328510464
1326329555729178625
1326329697400197126
1326329731118227456
1326329755034128387
1326329935137562624
1326329945979695104
1326330117317070848
1326330218274021377
1326330252038197250
1326330333499969539
1326330344115744768
1326330624379146240
1326330629269696512
1326330646004948996
1326330801399627776
1326330826494242816
1326330830659137539
1326330894110625794
1326330910375960577
1326330914457202688
1326330960858800128
1326331069583470593
1326331141427781633
1326331283853684739
1326331359447560192
1326331480952377345
1326331493573152774
1326331632178114560
1326331759907237893
1326331799660859393
1326331807797800966
1326331819004923904
1326331988056412166
1326331988375171074
1326332043014369281
1326332097250816000
1326332252410798081
1326332345167843328
1326332394916474880
1326332617235582976
1326332620481945607
1326332634318983169
1326332635816337414
1326332667542036481
1326332718083416071
1326332730666315777
1326332780523876354
1326332819279290368
1326332932357824513
1326332940251328512
1326332949055352838
1326333061651460103
1326333083117875208
1326333422588014596
1326333447766503424
1326333531660849152
1326333585637388289
1326333745801072640
1326333766395162625
1326333841200607232
1326333842047684608
1326333946888671236
1326334156666773505
1326334354151387136
1326334400171274240
1326334417141436416
1326334448359497728
1326334466890100736
1326334513673244673
1326334819668783106
1326334865411747840
1326334882222534656
1326334907321290753
1326334999004672002
1326335050141454336
1326335108765380608
1326335209546149889
1326335268518060032
1326335335249403912
1326335398218407937
1326335901564362758
1326335918337220610
1326335939761725440
1326336304477425664
1326336312962650114
1326336333862801408
1326336335532191745
1326336417698619394
1326336514364760064
1326336597617496066
1326336942057811968
1326336954502418434
1326336968133783553
1326337042272428035
1326337156659482625
1326337193103810560
1326337284342493187
1326337328131010562
1326337382153674752
1326337474499469312
1326337486826532864
1326338028210630657
1326338225263308801
1326338287976521728
1326338414170476546
1326338477215068160
1326338590331203584
1326338623436939264
1326338623835426816
1326338657435971587
1326338816643391489
1326338854626922503
1326338870913495041
1326338870586314757
1326338896301535233
1326338925602897927
1326338967403421699
1326339051847356422
1326339055789899777
1326339139772559360
1326339316080054272
1326339458191384576
1326339492035272704
1326339766053433344
1326339773028577282
1326339806482329601
1326339827504123911
1326339911205654528
1326339970437705729
1326340057926656001
1326340167125377031
1326340406867615750
1326340565479395330
1326340731292819462
1326340775127420928
1326340994833539072
1326341203651145728
1326341310220034048
1326341324266758144
1326341505422913537
1326341546862632960
1326341559995035650
1326341654039715842
1326341759874392064
1326341836596629505
1326341846600216578
1326341916938670080
1326341932902195201
1326342029509529600
1326342079765680129
1326342115580907520
1326342117334061057
1326342201765490688
1326342293884792832
1326342323131871233
1326342423933415425
1326342457420775425
1326342507526049792
1326342754834722818
1326342759511445505
1326342931549204480
1326342935584124930
1326342956585000960
1326342965321752576
1326343017876189187
1326343043344072709
1326343070489534465
1326343073752821762
1326343124235509762
1326343266707628032
1326343310605213703
1326343329383067648
1326343425684344832
1326343426414096385
1326343518474760192
1326343531070369792
1326343538800553984
1326343626310492162
1326343654278115328
1326343678177107968
1326343682069463040
1326343727879774214
1326343862554648577
1326630782996189186
1326630798737502210
1326630907932012551
1326630954522251264
1326630979197415424
1326631054485151745
1326631105001369607
1326631116024016902
1326631260714889217
1326631283666006018
1326631283879981056
1326631291341561856
1326631352926658564
1326631403719634945
1326631432060506112
1326631457922580481
1326631503388925962
1326631536930787335
1326631604136140802
1326631679541342209
1326631692724031488
1326631704686194688
1326631885976571904
1326631894264377345
1326631897850662913
1326631904628645891
1326631923192639493
1326631956424105992
1326631985880686594
1326632171050835970
1326632245965299712
1326632393273450498
1326632418489626633
1326632473665695744
1326632489067147264
1326632506259542020
1326632514488819725
1326632699025567745
1326632736367337472
1326632757456334848
1326632776473468934
1326632824619880451
1326632879120556032
1326632883864285184
1326633001204273152
1326633001393016834
1326633071622414336
1326633080304644096
1326633147786649601
1326633273942966272
1326633332617080833
1326633341207121920
1326633399331729412
1326633441698443265
1326633454012755968
1326633470744010752
1326633525412564993
1326633538016452608
1326633575387701248
1326633636381143040
1326633650880831488
1326633751724527616
1326633773027483648
1326633991412326404
1326634041211301888
1326634041412628482
1326634372372590593
1326634536017551361
1326634560390459392
1326634729765007361
1326634809221734400
1326634876066549762
1326634909520322565
1326634993880195073
1326635055997923328
1326635069046394881
1326635168472461312
1326635236441120774
1326635329961529344
1326635429488111621
1326635451021660168
1326635503735635968
1326635598199877636
1326635848767508484
1326635853553217542
1326635886885408768
1326635928572583939
1326635965851586561
1326635969823432704
1326635982641369088
1326636085942886404
1326636335940186114
1326636464071987202
1326636628987711488
1326636704632025091
1326636734566846464
1326637119683637249
1326637162863894530
1326637211748626432
1326637247286816768
1326637362781315076
1326637366988206085
1326637400508993536
1326637543165714433
1326637543845060608
1326637579362512907
1326637635515736064
1326637736384733186
1326637808619057154
1326637881272754180
1326637993613004801
1326638105630187520
1326638181186478086
1326638188278935553
1326638510628081664
1326638549995716608
1326638563815993345
1326638566932443142
1326638634011947008
1326638667557986304
1326638675611049984
1326638818846515200
1326638831240699904
1326638902191534080
1326638931446800386
1326638998538735616
1326639238499201029
1326639347240755200
1326639370598821888
1326639372310081536
1326639476802785282
1326639774736805889
1326639800275902465
1326639858417283072
1326640122994028546
1326640232398196738
1326640433468944385
1326640433557098497
1326640697739522048
1326640710481833984
1326640735874146304
1326640869185904642
1326640983010926593
1326641196282863616
1326641197272608768
1326641246765342720
1326641744423743488
1326642491710320640
1326642513386627072
1326642544504041472
1326642555262562304
1326642576687030275
1326642601563447297
1326642651895042050
1326642769797013509
1326642920104079366
1326642983744266240
1326643087817527297
1326643120205914114
1326643180754919424
1326643260291510287
1326643360950591494
1326643453418237959
1326643690136285185
1326643751092178950
1326644006755790849
1326644153992798210
1326644177304768528
1326644233076289536
1326644316652138497
1326644346955894790
1326644355449417729
1326644490061279232
1326644778310782977
1326644820207693826
1326644892941103106
1326644983781335041
1326645051540164608
1326645068430782464
1326645142263009282
1326645231404642304
1326645275671269384
1326645286815457281
1326645345191915522
1326645390528008192
1326645450091401218
1326645642727448578
1326645696838053890
1326645844309909505
1326359033243004930
1326359066378072065
1326359163295952896
1326359255272730624
1326359398021652482
1326359452300283908
1326359490849955840
1326359500262137857
1326359522210959360
1326359629790654464
1326359654386053122
1326359745930924035
1326360170042023941
1326360215768494080
1326360302535970816
1326360379639926784
1326360413001424897
1326360434484588546
1326360530408312837
1326360614571274241
1326360627405860864
1326360648079597568
1326360735962652673
1326360794984968192
1326360907685851137
1326360915843952646
1326361012749041664
1326361138750173188
1326361168177410049
1326361181091672064
1326361507513339904
1326361507735724032
1326361516573069312
1326361528363347971
1326361550349770752
1326361612014526464
1326361656633544704
1326361810354663425
1326361877149069318
1326361900964306949
1326361982048604160
1326362220964536322
1326362253805948930
1326362258709032961
1326362396739334144
1326362428049940482
1326362564825997312
1326362690781143041
1326362711693856769
1326362854153465857
1326362944666562561
1326363118528815104
1326363239605821440
1326363256936562689
1326363278973562884
1326363386762813441
1326363395667488769
1326363468266606593
1326363617311264768
1326363659241619456
1326363680754307074
1326363810488332290
1326363860861743104
1326363940700315650
1326363998892281858
1326364087488569344
1326364091284385792
1326364105549246466
1326364128810852352
1326364191930855426
1326364288982921216
1326364381404393477
1326364523050176512
1326364594667970562
1326364758992449536
1326364793859698688
1326364852361760769
1326364863107657728
1326365039197085698
1326365145501626368
1326365165797974016
1326365182252228609
1326365203525591045
1326365228507009025
1326365240821510166
1326365610075443202
1326365689968386049
1326365773426782208
1326365869556043777
1326365916276404224
1326366154198294528
1326366281507999745
1326366448005091328
1326366470188785664
1326366692398731267
1326366712984465409
1326366788976828416
1326366973081636866
1326367032066142209
1326367141004709890
1326367618660519938
1326367623240683521
1326367635915804672
1326367723970940928
1326367778425757697
1326367903919304706
1326368474675949569
1326368479356870656
1326368755635679237
1326368838108188672
1326369011798585345
1326369034980503553
1326369082724200449
1326369330515341314
1326369395803742208
1326369447268012034
1326369447704027137
1326369464246562816
1326369507166707712
1326369601790353409
1326369694836789251
1326369720027721729
1326369728646897665
1326369746057527296
1326369900793794560
1326370245078999040
1326370323151745024
1326370349517320193
1326370454274240518
1326370552748109826
1326370598784806914
1326370727885492225
1326370777793441794
1326370781484388352
1326370903006081028
1326370927924408322
1326371084170645510
1326371299959201792
1326371394582683649
1326371460944818176
1326371489994706945
1326371544117882880
1326371614724943872
1326371654189068289
1326371859311554562
1326371898796748805
1326371981361614848
1326372040081874944
1326372051750445056
1326372052446556160
1326372119308066816
1326372195161927680
1326372299034013696
1326372371511603201
1326372421499314176
1326372428868587520
1326372778434420736
1326372832553660418
1326372972307894274
1326373096815644673
1326373142823137286
1326373168274173954
1326373251816148992
1326373403025166341
1326373722006106112
1326373742868647936
1326373947890421760
1326374001208422402
1326374108167368704
1326374108322537474
1326374134163628033
1326374195362721794
1326374447947911169
1326374531070648322
1326374703100014605
1326374786268860416
1326374879566983168
1326374913133973504
1326374913289183233
1326374951071477761
1326375017391779842
1326375072978903042
1326375285831430146
1326375424197156864
1326375441796653057
1326375443264495616
1326375474990374914
1326375550013874185
1326375592669941766
1326375664136630273
1326375671959007234
1326375680859394050
1326375853060546560
1326375887651155968
1326375922086240256
1326375923860451328
1326376044849401856
1326376066479517699
1326376139946930176
1326376166698209280
1326376205000585216
1326376242497654785
1326376250710036480
1326376288630829056
1326376603644022784
1326376711886426113
1326376712020635649
1326376947128147968
1326376959547420672
1326376993928192001
1326377231229329416
1326377253333250048
1326377303438487553
1326377336846086146
1326377350204940290
1326377366273339392
1326377421021597696
1326377437064785921
1326377454601170949
1326377526139244546
1326377542815772673
1326377551112138759
1326377639259598849
1326377710625632257
1326377881635876867
1326377966767583232
1326377971133915137
1326377983045738496
1326378075173629953
1326378159596597249
1326378340605976576
1326378507803439106
1326378712888193025
1326378762938814464
1326379013334593538
1326379127914565632
1326379178648801284
1326379243534692352
1326379362803965953
1326379610720907264
1326379673442529282
1326379790530715648
1326379814178189312
1326379988313141250
1326380030457499648
1326380080063451136
1326380172388478976
1326380189803294721
1326380268874309632
1326380340122951682
1326380369315246081
1326380474189688833
1326380544830140416
1326380608965267463
1326380747507322881
1326380788817010690
1326380881624387584
1326380883717271556
1326380994665050115
1326381133836267523
1326381213146296321
1326381389386747904
1326381431443103744
1326381670258368515
1326381758321975299
1326381841797025793
1326382210774077445
1326382240578859009
1326382282131824642
1326382307700314120
1326382345721614338
1326382361781686272
1326382479092162562
1326382638702190593
1326382720881201153
1326382827311681536
1326382974200401924
1326383192107003910
1326383280669790209
1326383343559200768
1326383511834685442
1326383545238106116
1326383562216665088
1326383700288876545
1326383734103400458
1326383848259788805
1326383857827016704
1326383934721167367
1326384186442346496
1326384198173732865
1326384220667834373
1326384279564283905
1326384459910959105
1326384497156366339
1326384555478093828
1326384698793357315
1326384744293167104
1326384887230771211
1326384887247609856
1326384959154688000
1326385406691172354
1326385420293300236
1326385483635716098
1326385705384370178
1326385902587949063
1326385964747468802
1326386100542312449
1326386120079368192
1326386401190010880
1326386589736587269
1326386682803982337
1326386841113726978
1326386862882250757
1326387185457778688
1326387194278318080
1326387214918557701
1326387432602951686
1326387622554595328
1326387692893073408
1326387738757787649
1326387760630992896
1326387827060387840
1326387890331521031
1326387971117944832
1326387980672638977
1326388075598065668
1326388385913696258
1326388546446503936
1326388641640439810
1326388666428772352
1326388678692925442
1326388708795441152
1326388759110299649
1326388763162009600
1326388867650514944
1326388976454938624
1326389001641750528
1326389114804068354
1326389153039310848
1326570383974273028
1326570476748099589
1326570598072541186
1326570719468085248
1326570730016923651
1326570871008452609
1326571038780530688
1326571260499922945
1326571386635235329
1326571390783328258
1326571411910094849
1326571505350799361
1326571680723054592
1326571810209619972
1326571873858170883
1326571894414462976
1326571919609622536
1326571986802372611
1326572031698219014
1326572074303893505
1326572141576220672
1326572313358327809
1326572409797844992
1326572418647941120
1326572615788597248
1326572695073529858
1326572766699589634
1326572804242694145
1326572959562158081
1326573058195386369
1326573198863978497
1326573232510689282
1326573299195842563
1326573408809865218
1326573567689940994
1326573613500272641
1326573887082164225
1326573941503139841
1326573961984028672
1326573986994556930
1326574197808787458
1326574226397143041
1326574238904569860
1326574424523419648
1326574427170082820
1326574523710320640
1326574633252909058
1326574880586919940
1326574880909881344
1326574935242895363
1326575273727438848
1326575316555472896
1326575421345959936
1326575509447258118
1326575706642419713
1326575828780666880
1326575945969446913
1326576126064427008
1326576156884275201
1326576244964651008
1326576504072003584
1326576549810692097
1326576629297020928
1326576965189578754
1326576977655050244
1326577048811352064
1326577061184540676
1326577095632277506
1326577181686812672
1326577275689709572
1326577286007590912
1326577393138610177
1326577413543907328
1326577414043033601
1326577443789008897
1326577535174516736
1326577744818401289
1326577766272172033
1326577806436917252
1326578062209798145
1326578110070837248
1326578294599389186
1326578311980609536
1326578395443060736
1326578420269113344
1326578488145567744
1326578571352092675
1326578584299954177
1326578987129311232
1326579070344237059
1326579125662986242
1326579239018180609
1326579429276061697
1326579599657095174
1326579757899780096
1326579760793870341
1326579767592804352
1326579821363736578
1326579846428979202
1326579867501080578
1326579926439514112
1326580077505765379
1326580123534057472
1326580386479169537
1326580394477711361
1326580526292078592
1326580790382227457
1326580815489331201
1326580862176079874
1326580954077536267
1326580972939173888
1326581096197222400
1326581125679116290
1326581180427194368
1326581213075791874
1326581247888527361
1326581277139509250
1326581394198450176
1326581440851611648
1326581495172050944
1326581574448635905
1326581709555560448
1326581784776204294
1326581788257505281
1326581813465153537
1326581822449348608
1326581914573164544
1326582023486664705
1326582098606616577
1326582153606434816
1326582203397140481
1326582426483699713
1326582578766376960
1326582585384792064
1326582824514822144
1326583089347301377
1326583355349979137
1326583357547933697
1326583457766465536
1326583471146364928
1326583633600258050
1326583711463247873
1326583756090712068
1326583764034740225
1326583986018283520
1326584065861054464
1326584078716563463
1326584212833460224
1326584519856680960
1326584544108142594
1326584741123026946
1326584783225430017
1326584867065356289
1326585022472724483
1326585085445943296
1326585093893156867
1326585152403857411
1326585164781281283
1326585245001543681
1326585282477629441
1326585286772584449
1326585307878318082
1326585387775631361
1326585412614283275
1326525166030086147
1326525446402551809
1326525514425589760
1326525580905390080
1326525703005868032
1326525719661449217
1326525743677968386
1326525748128190464
1326525781066002436
1326525840415465473
1326525883218227201
1326525898376564737
1326525954068533251
1326526143428775936
1326526164198858754
1326526197413654529
1326526276803452933
1326526507947319299
1326526550917910528
1326526612112879616
1326526612154839042
1326526742580883457
1326526809823981568
1326527023800586242
1326527082776588288
1326527198111559680
1326527422154608641
1326527460155027456
1326527463724359682
1326527491582926853
1326527606339072003
1326527631169253378
1326527632805154817
1326527694566289410
1326527816322568192
1326527830579089409
1326527946979332097
1326527950120865792
1326527971243520001
1326528007398449152
1326528243705524224
1326528500124143616
1326528525487181824
1326528555090468870
1326528713874436101
1326528863216676864
1326529037964107781
1326529225361420288
1326529460473040898
1326529485781557248
1326529486159040513
1326529521441501191
1326529577859035136
1326529606979973121
1326529691424088065
1326529732691816448
1326529737129250823
1326529787884658690
1326529842045612034
1326529955870744584
1326530090373701632
1326530258066173953
1326530263019556865
1326530350097502210
1326530408251613185
1326530508885536769
1326530527562657793
1326530601776787459
1326530659716915202
1326530669024059393
1326530702138028032
1326530722669203457
1326530853925740544
1326530902982320129
1326530910032891905
1326530936289320960
1326531087871438849
1326531104422158336
1326531435856015361
1326531457066688512
1326531478356975617
1326531608053100544
1326531695999406081
1326531759190794243
1326531779772047360
1326531956222259200
1326532001181020163
1326532303774953472
1326532316680781833
1326532425971851270
1326532513687199750
1326532568771072001
1326532777525698563
1326532828499079172
1326533126353375233
1326533139250860041
1326533481535565824
1326533507955318784
1326533570534498305
1326533659214680064
1326533663677427712
1326533897774014470
1326533961535909889
1326534217048731649
1326534225764364291
1326534419373568000
1326534439032119301
1326534583005818880
1326534607148249089
1326534644913766400
1326534686672347137
1326534926515097607
1326535219537715200
1326535223337648134
1326535403927695361
1326535487587168263
1326535507170521089
1326535576057597953
1326535672333787137
1326535776675393539
1326535807289602049
1326535814835101696
1326535923178250241
1326535936079851520
1326536175784374274
1326536263160066051
1326536351282417664
1326536590978674688
1326536670720663554
1326536871392940032
1326536964183502848
1326537064326729730
1326537098162139139
1326537300533112843
1326537307764109312
1326537370871558147
1326537417268977666
1326537630389997575
1326537691870056448
1326537840986001410
1326537882916450306
1326537991662100485
1326538000457633794
1326538188622450688
1326538268393889792
1326538360635101186
1326538464041472000
1326538503891550215
1326538600004022277
1326538772402511872
1326538930489946113
1326538952631726082
1326539019866443781
1326539040284241928
1326539375132303368
1326539442778116096
1326539560080171009
1326539563938897921
1326539623913254914
1326539816092102656
1326539925265637379
1326540004680585217
1326540034921517057
1326615863638827013
1326615884371288066
1326616047940558848
1326616269714563072
1326616307354177537
1326616312051687424
1326616471456215040
1326616727371870217
1326616822075043841
1326616831898087424
1326616987250774016
1326617016770449409
1326617079546605570
1326617158894366721
1326617216469643264
1326617293523185666
1326617301748166660
1326617385554616321
1326617402000355329
1326617456962654208
1326617637615513605
1326617755039240194
1326617780406296577
1326617788543242241
1326617846974046209
1326618002129907713
1326618031313854465
1326618249304412161
1326618333559611394
1326618438723362821
1326618446923259905
1326618619866968066
1326618719443947521
1326618765950296064
1326618841204445184
1326619026110492675
1326619038315851779
1326619038429097987
1326619118292799489
1326619138857578496
1326619436464238598
1326619503749378048
1326619517066227713
1326619533147254787
1326619557901918208
1326619851859890186
1326619961125728256
1326620034995793920
1326620045150220289
1326620057774993415
1326620162083213313
1326620348901715968
1326620351636365321
1326620388802048003
1326620471736078342
1326620691010088961
1326620736941920256
1326620749017182210
1326620770441732097
1326620791195140098
1326620825282285568
1326620912616083458
1326621026097229825
1326621140115218432
1326621181726908426
1326621236500307968
1326621466054504449
1326621572069691392
1326621596891504641
1326621600729346048
1326621630580346881
1326621672498208768
1326621974391500801
1326622171687342081
1326622213567442944
1326622242722238464
1326622385437462528
1326622410565677059
1326622578773987330
1326622586256715781
1326622611380596736
1326622662609661953
1326622691965558785
1326622716527583235
1326622800187174912
1326622897293713409
1326623027740741632
1326623192299917312
1326623198633451521
1326623363855511552
1326623396214534145
1326623496605143043
1326623643129040896
1326623645800656896
1326623796418269186
1326623848729616386
1326623907357581313
1326624041856344064
1326624481004154881
1326624486456692736
1326624629339906050
1326624633269989376
1326624650575671297
1326624717512593412
1326624809665646592
1326624830683303937
1326624940196589568
1326625027933032451
1326625312550105091
1326625392216641539
1326625434369486850
1326625464287334401
1326625741279289345
1326625778201669633
1326625823751811079
1326625954878255104
1326625992484544519
1326626237436063746
1326626407670140928
1326626415673040896
1326626436757647360
1326626462015713281
1326626579292680192
1326626579519328256
1326626680157319168
1326626730266669056
1326626893756469249
1326626898949120002
1326626981912465408
1326627087470440451
1326627116566319105
1326627187605188613
1326627301279338498
1326627317112856578
1326627351749341188
1326627498222907394
1326627598718341120
1326627644553748480
1326627673939079172
1326628178014691329
1326628202626732032
1326628223824826369
1326628421288538112
1326628521175900163
1326628622388637696
1326628710045376518
1326628781243715584
1326628894749954054
1326629100849668101
1326629175768264707
1326629524126138369
1326629561904361472
1326629591327322114
1326629595412533249
1326629746638254080
1326629748244615168
1326629779840397317
1326629805056552962
1326629863797661696
1326629974007222273
1326630018030637056
1326630022975795200
1326630034392616961
1326630069561921537
1326630236876836865
1326630262323642369
1326630371367268353
1326630677299736576
1326630681175207936
1326630753103437824
1326540348756090883
1326540364824543235
1326540537311064071
1326540637911412736
1326540692517085186
1326541058327552000
1326541356169269255
1326541456429912069
1326541485529948162
1326541532267122688
1326541564299026435
1326541565750226947
1326541631936360448
1326541917409013763
1326542085692952584
1326542321282813961
1326542479265390603
1326542480234348547
1326542504963928068
1326542630683992065
1326542672723542020
1326542686543732740
1326542739454877696
1326542906564304901
1326542970615558144
1326543117160312839
1326543163293495296
1326543339261317127
1326543469205049345
1326543472715685890
1326543596191772672
1326543632954925064
1326544277346791426
1326544336121573378
1326544371131449347
1326544396439879682
1326544442438742027
1326544591227559936
1326544677038747649
1326544727810793474
1326544745594642439
1326544799277568000
1326544828826411015
1326544975438307332
1326545094707605514
1326545353894604803
1326545373943328768
1326545466079604737
1326545478197022729
1326545574410158084
1326545697039020034
1326545848050708486
1326545987632984073
1326546237537988612
1326546275358044169
1326546300846759936
1326546421571448832
1326546757660991492
1326547180769824768
1326547361556881411
1326547407908167685
1326547584479981569
1326547667556528129
1326547709231198208
1326547768236601346
1326547790198026240
1326547797865230336
1326547908066332679
1326547988789932033
1326548157086326785
1326548339320516609
1326548365723643910
1326548372849745922
1326548452092698629
1326548536171753478
1326548628089958404
1326548679050682368
1326548700013817860
1326548746256097287
1326548905337630720
1326549052398292992
1326549275015221250
1326549345814999040
1326549517534064645
1326549546994823170
1326549630356606980
1326549630612459523
1326549691253714945
1326549715123539970
1326549749072228352
1326549844488433665
1326549903732928514
1326549920560545794
1326549949392146437
1326550289499873282
1326550528784883713
1326550574129577991
1326550578420350977
1326550696439635971
1326550738193903622
1326550834952376320
1326550876668850177
1326550935561142272
1326550986228289539
1326551145536348161
1326551178813923328
1326551241661411328
1326551338411413505
1326551635095511042
1326551660626206721
1326551899982606339
1326552042827993089
1326552395380256768
1326552402959376384
1326552466226257920
1326552563110481922
1326552738537205760
1326552781054910464
1326552856380338177
1326553007085871105
1326553096005148674
1326553145917411328
1326553150170394628
1326553313412743180
1326553393184141317
1326553506480676866
1326553523094343681
1326553556447420429
1326553628295884803
1326553644657864709
1326553698986700804
1326553754137628681
1326553783174770694
1326553854670827522
1326553917673541635
1326553951005708288
1326554009348399105
1326554023827185669
1326554072250507265
1326554177678422017
1326554202659835904
1326554286147461120
1326554475759202306
1326554614414651392
1326554655820636160
1326554743179599874
1326554747940298752
1326554794308358145
1326554890450055168
1326554983114960898
1326555142133411841
1326555218247606272
1326555230780026880
1326555427367215104
1326555472728612864
1326555519528611840
1326555620028239880
1326555734050562048
1326555868909903873
1326556132576555010
1326556153048780800
1326556241389367296
1326556316752605189
1326556391734206467
1326557268456828928
1326557360714895363
1326557423910318080
1326557486686498816
1326557625106968577
1326557658808283136
1326557742631411712
1326558376504020992
1326558434515316736
1326558573200027649
1326558630720757761
1326558761704677376
1326558883339399168
1326558954961428480
1326559122628743168
1326559198621151234
1326559223300329472
1326559256997490688
1326559298931945472
1326559299359870982
1326559327885258757
1326559332335575041
1326559386609840128
1326559428603162626
1326559596387983362
1326559734552522753
1326559789921538048
1326559990950236160
1326559995412930562
1326560044834500609
1326560058025644033
1326560230700802049
1326560255359201280
1326560262560886784
1326560489682456582
1326560530891329536
1326560733598019584
1326560787700322306
1326560815089033216
1326560925457940485
1326560947507499009
1326560963760361474
1326561018173038594
1326561286323310595
1326561304010649600
1326561379256512512
1326561488027398145
1326561500434112518
1326561542830231554
1326561642570715136
1326561731506827265
1326561987137064966
1326562027511406592
1326562033958080512
1326562138048110593
1326562196827099136
1326562260194615302
1326562276397244421
1326562524398047234
1326562528319647744
1326562662617141249
1326562700369948673
1326563090826223616
1326563208275120128
1326563352987004928
1326563392094576640
1326563421459013632
1326563471975182336
1326563481047347200
1326563543475507201
1326563585422667778
1326563631362953216
1326563656339922944
1326563694420090882
1326563794710114304
1326563875244941317
1326563912062545930
1326563996468539392
1326564004370681857
1326564109823979520
1326564121605771265
1326564122335596547
1326564164274413574
1326564180628033538
1326564184910426112
1326564189893062656
1326564222675808257
1326564310517239808
1326564374228606976
1326564649890951168
1326564709034848258
1326564789355745281
1326564943961989121
1326565002988445696
1326565288381476864
1326565363182690307
1326565432434827265
1326565531655299072
1326565573434675208
1326565619895062535
1326565669983326208
1326565694788558858
1326565837650583552
1326565845661753345
1326565979921522688
1326566017980657666
1326566022455783425
1326566118845247490
1326566169558519809
1326566248683982853
1326566273615077377
1326566298738831360
1326566329952952320
1326566340606402560
1326566379357687808
1326566406763274242
1326566558727016455
1326566659717525509
1326566726625071107
1326566789682257921
1326566861006364677
1326566865435566080
1326566882145656834
1326566936189263872
1326567062081134592
1326567091990790144
1326567150857936896
1326567175696445441
1326567196462559232
1326567209305403392
1326567255199641601
1326567372833099782
1326567533881806851
1326567544602456065
1326567658314149890
1326567930948149258
1326568043707846657
1326568051874164739
1326568148284411916
1326568166152155136
1326568194610507778
1326568233617551366
1326568409052532744
1326568626464436227
1326568763727122432
1326569205836222467
1326569294151491586
1326569344168464385
1326569625371303937
1326569662658863104
1326569705075744769
1326569734599479299
1326569871170220033
1326569930913951745
1326570002279931904
1326570006574985218
1326570107494150145
1326570229502242816
1326570258207928320
1326570287475924993
1326645933971484676
1326645978418589701
1326646372779618304
1326646527285137409
1326646645602344968
1326646645770096640
1326646652837502976
1326646745992998913
1326646842105475073
1326646998431232000
1326647031046213635
1326647039451664393
1326647139930398723
1326647345019236352
1326647467300040711
1326647483724947456
1326647517434572802
1326648022013530121
1326648109045256193
1326648167551655936
1326648220899008513
1326648247931252738
1326648285159895041
1326648298267058176
1326648342282203138
1326648368681127936
1326648590828265480
1326648603444613120
1326648666845634561
1326648826720096257
1326648876678393860
1326648910144704512
1326648914032939008
1326648956202278917
1326648960421933056
1326648989341667329
1326648990616727557
1326649002616643584
1326649018911391744
1326649060741287943
1326649081717022722
1326649123702009856
1326649236922884096
1326649510047703046
1326649518352379908
1326649643929919488
1326649773852663808
1326649820480679938
1326649895655190532
1326649991973244930
1326650079999004672
1326650323323195392
1326650538746896389
1326650590705946624
1326650797506105346
1326650801478135808
1326650885875884034
1326650918914453504
1326651030394859520
1326651259546447872
1326651380157845508
1326651690850918400
1326651716629106688
1326651808601632768
1326651821205630977
1326652030086230016
1326652139578515458
1326652143672111115
1326652156422754304
1326652202669191173
1326652215147307008
1326652428448653314
1326652453920649218
1326652458043662343
1326652584824856577
1326652630207098880
1326652764403986435
1326652890333794305
1326652906863546375
1326653031207858181
1326653045669834753
1326653088946675719
1326653154201640968
1326653171717074951
1326653250678951948
1326653398289178624
1326653456938115080
1326653578128318466
1326653590245662722
1326653620062875650
1326653905900625922
1326653989295849477
1326654115238309888
1326654278933602309
1326654375721365505
1326654400027267073
1326654538820902912
1326654640918769670
1326654744937508864
1326654756492881921
1326655033941897216
1326655088245551111
1326655108776665095
1326655163663257600
1326655180906115074
1326655348745318400
1326655495097245696
1326655604245590018
1326655671392231425
1326655863843659778
1326655897658150912
1326655910677258245
1326655998547865600
1326656094572343297
1326656261375602688
1326656321433833474
1326656326026596352
1326656352677220357
1326656434596163589
1326656602443673601
1326656745410764800
1326656782643630082
1326656883114053638
1326656896028250129
1326656976290525185
1326656992526671874
1326656992983855108
1326657055231500291
1326657071820001285
1326657147187376128
1326657436942544898
1326657528416100355
1326657600532992000
1326657601052930049
1326657609353621508
1326657692887379969
1326657981937840128
1326658020122779657
1326658074619351045
1326658209067708424
1326658283973849089
1326658296359555073
1326658355285254144
1326658376860794880
1326658628124893188
1326658636664299521
1326658775110004737
1326658792411426816
1326658829979963392
1326658841413623810
1326658871218360320
1326658879875387392
1326659005796806658
1326659026822852610
1326659043419697155
1326659048297492480
1326659114748026880
1326659295551905793
1326659308319281153
1326659530369982471
1326659550687096832
1326659605506748420
1326659647609057280
1326659697848377344
1326659701598253056
1326659735811203073
1326659815775506433
1326659899296722946
1326659911221129216
1326659958302236672
1326660016737280000
1326660171653804032
1326660372879773698
1326660603562364935
1326660666640359424
1326660754372763648
1326660788334059525
1326660939463208960
1326389195171110914
1326389211575029760
1326389283679244288
1326389375110877186
1326389399786024962
1326389688496758785
1326389991157731334
1326390108933775361
1326390625235849217
1326390671289294848
1326390720740077568
1326390750213533698
1326390826570829833
1326390826566606848
1326390872489988097
1326390893469962243
1326390909735415808
1326391291580731396
1326391535160750081
1326391610972774400
1326391636151169025
1326391648130052097
1326391690157035523
1326391719265447941
1326391799829684225
1326392021544792064
1326392042319122432
1326392171285590017
1326392206983385088
1326392285756608519
1326392382112329731
1326392424059559937
1326392429126234112
1326392537154809857
1326392629651791878
1326392898573774848
1326392940869144577
1326393136793448448
1326393145710563328
1326393213138120704
1326393337566420993
1326393348115083266
1326393426758279170
1326393452037345282
1326393477240942596
1326393523504082950
1326393598498267136
1326394036698177539
1326394071749947397
1326394160698552322
1326394240704925696
1326394416840531969
1326394422091780097
1326394480048660480
1326394483517366279
1326394794856357888
1326394928126169088
1326394990889676801
1326395040298627073
1326395180820344832
1326395284289703937
1326395323397378052
1326395444906385408
1326395498308177921
1326395512824729609
1326395516180180998
1326395683495096321
1326395910197305347
1326395989054418944
1326395990518214656
1326396024030683136
1326396050622590976
1326396104863338497
1326396421164167168
1326396445637939212
1326396541221920771
1326396581449494531
1326396777319305218
1326396899260239880
1326396953199071235
1326396991602044928
1326397310964740096
1326397314894802946
1326397382989410306
1326397402450964481
1326397419362414599
1326397567136096257
1326397612866629634
1326397617618759681
1326397789551665155
1326397817766748163
1326397978496688128
1326398031873380353
1326398141667680257
1326398315488022529
1326398456815087616
1326398502281355264
1326398528764207104
1326398597395599364
1326398649123921924
1326398702731358211
1326398782603481089
1326398849854951426
1326399039433297921
1326399072266280962
1326399152662712326
1326399218941124609
1326399442392666117
1326399516623429633
1326399530867322880
1326399714074497025
1326399793598521344
1326399856928296962
1326399882517753863
1326399911185801221
1326399998733524994
1326400036650029066
1326400117168017409
1326400170578354178
1326400255718543360
1326400342943277056
1326400464888467456
1326400550116745216
1326400552750682118
1326400653888024576
1326400754345709568
1326400826361982976
1326401094281531393
1326401137659015168
1326401235990290439
1326401249869172738
1326401286330322947
1326401316948733958
1326401341615452165
1326401404622295041
1326401769581273088
1326401840615985152
1326401854083883009
1326401907125063680
1326401933360435200
1326401942260690944
1326402247262089216
1326402268514672644
1326402298604556290
1326402527911415808
1326403040530878465
1326403048583868416
1326403279585218562
1326403396656640000
1326403606153662464
1326403779529494528
1326403828816764934
1326403891358003200
1326403924920840192
1326403925554188289
1326404047889453056
1326585571968380933
1326585606139469827
1326585659771924482
1326585685478764544
1326585747093254148
1326585924189360128
1326585932494086146
1326586276095668231
1326586301290860546
1326586364691947525
1326586410816729088
1326586410976108545
1326586425278689280
1326586515875536896
1326586561274798081
1326586570141560834
1326586838879002625
1326587014746165248
1326587027467464704
1326587312495611904
1326587501776166913
1326587517706137601
1326587618956632069
1326587945692901385
1326588033848680448
1326588172445372417
1326588619755171840
1326588621319757824
1326588759303999495
1326588885347037194
1326588906427572228
1326589094890180610
1326589103736037376
1326589161927827456
1326589392681492480
1326589459907960832
1326589531462787074
1326589623011741696
1326589648660033537
1326589738107588608
1326589762543742977
1326589845498720257
1326589921847513089
1326589963065057280
1326589994467799041
1326590105981759489
1326590243819065344
1326590243949178880
1326590316770684930
1326590362090156034
1326590450304757761
1326590500346994688
1326590516658515968
1326590645964779527
1326590649055866880
1326590671835246598
1326590739330064389
1326590764512501760
1326590798075469826
1326590843315122176
1326590923573223425
1326590933786370048
1326591028682518534
1326591126602657795
1326591150526849024
1326591220563456008
1326591510750650370
1326591582167031809
1326591666560622593
1326591724660133888
1326591825797410817
1326591943103668224
1326591959822118912
1326591989475897344
1326592035655053312
1326592068899233792
1326592181847678979
1326592182086631424
1326592362517323776
1326592375322501123
1326592576846258176
1326592592981667842
1326592760837787650
1326592781674979333
1326593143152762882
1326593305942044676
1326593306533486592
1326593348551892998
1326593520228995072
1326593566248894466
1326593658448195593
1326593800865804289
1326593838673240069
1326593851943948294
1326593949792940033
1326594111894396929
1326594258615332866
1326594480716328964
1326594497464180738
1326594648106790914
1326594669329993733
1326594682286198785
1326594791384076288
1326594858367201281
1326594924884619264
1326594975241527298
1326594998918262784
1326595139175788545
1326595168489922561
1326595323716919297
1326595349167935489
1326595546367188992
1326595650243473409
1326595789213327361
1326595814106542083
1326595864593199105
1326596103416868864
1326596301048442881
1326596422163161091
1326596686937022464
1326596893032517633
1326596921704779776
1326597295706566656
1326597315260542977
1326597605929996298
1326597756660703233
1326598016376197120
1326598154435743744
1326598188472668160
1326598255564759040
1326598301815365636
1326598355556962309
1326598377128267777
1326598549509971968
1326598678912655360
1326598687498399746
1326598708683747338
1326598772021882880
1326599090394763265
1326599165460148224
1326599216207196160
1326599522475274241
1326599622958182402
1326599644487561217
1326599794429661189
1326600017239552000
1326600138857525248
1326600264774680576
1326600293996519424
1326600348233068544
1326600420475678720
1326600712935993345
1326600742338179072
1326600805143764993
1326600847543906305
1326600849242677249
1326601023507591169
1326601091111399425
1326601103333593089
1326601145230495745
1326601178780737537
1326601359374888961
1326601548445569024
1326601685939138560
1326601699423887361
1326602072100368384
1326602105373724674
1326602143495720960
1326602269278625792
1326602600872103938
1326602617213095940
1326602622506242048
1326602701929582592
1326602793730207744
1326602990652968961
1326603062815895557
1326603150112018434
1326603225378721795
1326603405645783040
1326603513779122184
1326603569269706756
1326603632360435713
1326603666078326784
1326603787868495872
1326603812489097217
1326603871800713218
1326603925789831177
1326603930177052673
1326604253515935744
1326604266191138821
1326604303621120001
1326604307953750017
1326604366917341186
1326604462996197378
1326604735684759553
1326604810775367680
1326604828047511559
1326604887011045376
1326604924612800512
1326604974508347392
1326605096487182348
1326605143383572480
1326605188501807104
1326605289773273088
1326605329522692097
1326605607844130816
1326605952485904385
1326606115279310848
1326606182568488960
1326606252626075648
1326606304081833985
1326606342317101057
1326606450769063937
1326606568742383616
1326606761239826432
1326606765878865923
1326606787055906822
1326606833008730113
1326607030249947136
1326607054811901952
1326607410371325952
1326607440813568002
1326607495343779841
1326607571051044865
1326607633982259200
1326607805240004609
1326608049449164804
1326608070592655361
1326608649339498498
1326608736857825281
1326609080526364672
1326609098012561410
1326609245127626752
1326609534282993665
1326609563156680704
1326609617988816896
1326609781122101249
1326610070503911430
1326610171196551168
1326610310086627328
1326610729437442055
1326610826493489152
1326610860735918080
1326610863457923072
1326610960405164045
1326611224163999751
1326611295794302979
1326611417462697989
1326611434264961024
1326611493119533056
1326611795063304192
1326611824033357824
1326611886893314050
1326612044271988742
1326612235062550530
1326612273369030656
1326612545243811841
1326612696264040455
1326612750903209990
1326612969103515648
1326612973062922244
1326612986891440128
1326613111684669442
1326613291943124992
1326613300067569671
1326613447182671873
1326613695233994752
1326613807750320131
1326613825265655808
1326613853644447746
1326613892982738944
1326613942110724096
1326614160411664391
1326614499642793984
1326614562733518848
1326614605322477568
1326614667347824643
1326614749325488128
1326614877859885056
1326614902971232257
1326614991143886848
1326615137357336576
1326615196266360838
1326615360041218048
1326615404391796736
1326615410549149700
1326615522067275777
1326510016464097281
1326510028677931009
1326510050354016256
1326510154578337794
1326510158781018112
1326510233410285568
1326510330286010368
1326510380353544193
1326510565481730054
1326510716824788994
1326510763226304512
1326510954880831499
1326510989286780929
1326511022866374656
1326511110330200065
1326511114797117440
1326511333114777600
1326511601294462977
1326511685243441157
1326511719225548801
1326511915657428993
1326511928202522625
1326511999992418305
1326512175767293953
1326512520006422528
1326512617075171328
1326512645747470337
1326512662591705088
1326512746712633347
1326512750554570753
1326512897250521088
1326512972693458944
1326513048505311232
1326513266915414016
1326513350960959493
1326513547635912704
1326513875290906624
1326513912913797121
1326514042249338884
1326514058959482880
1326514092987789312
1326514163783405568
1326514177016532992
1326514197698650113
1326514218707849219
1326514372223623168
1326514462183075840
1326514499155857409
1326514562972184577
1326514633474265091
1326514705268158464
1326514717708476418
1326514873438674944
1326514902337458176
1326515116083470339
1326515468555972610
1326515589452607489
1326515765671915520
1326515862510120960
1326515871506968578
1326516344788054017
1326516394792464396
1326516517861797888
1326516709847601152
1326516826818433030
1326516911182655489
1326517150903840769
1326517163432308737
1326517397696745473
1326517418978652161
1326517430546558978
1326517508191342592
1326517582787207171
1326517657219321858
1326517657517105152
1326517686898094080
1326517741583536128
1326517809422233600
1326517931052855297
1326517963554316288
1326518021930831872
1326518035532947458
1326518085277380610
1326518106538307584
1326518142659682305
1326518369936347142
1326518442485288960
1326518467722420226
1326518589696958464
1326518601675911174
1326518674052747264
1326518794412584961
1326518811244130304
1326518823311302662
1326518874154655744
1326518912360591362
1326519117189427200
1326519142061539328
1326519163792273408
1326519235129077760
1326519310173540353
1326519339600793600
1326519491010899972
1326519545566261251
1326519621227311104
1326519762810179587
1326520098585272320
1326520144693178374
1326520287832182787
1326520405390094337
1326520459307995136
1326520677592141824
1326520916571017216
1326520928176640003
1326520962691567618
1326521059504484354
1326521113673920514
1326521273195880448
1326521406952267776
1326521600036974593
1326521663320682501
1326521759370153985
1326522024009850886
1326522162048495616
1326522271389917185
1326522401031643138
1326522502579949568
1326522539565215746
1326522543767957506
1326522577523798019
1326522670389878784
1326522896831930370
1326523021998305280
1326523055993020417
1326523076616589314
1326523079657287680
1326523215213047808
1326523240433537024
1326523290421112833
1326523324046876674
1326523684748713990
1326523739215851521
1326523814591815680
1326523940722896898
1326523982397513729
1326524003369054209
1326524004866387969
1326524162601603072
1326524234068320256
1326524565380620291
1326524654186590210
1326524804531449857
1326524812890607616
1326404421044072450
1326404516862889989
1326404609376706560
1326404830630440963
1326404831339286528
1326404931591475201
1326405078908100609
1326405128505733121
1326405136806268928
1326405318537076739
1326405363722317829
1326405417602338818
1326405515610566659
1326405573915635712
1326405846994210818
1326405877188923392
1326405975641907201
1326405985037115393
1326405997443887107
1326406042578726912
1326406299760939008
1326406607903854593
1326406642737565698
1326406684638646272
1326406828163522563
1326407020321378309
1326407297145462785
1326407515064721409
1326407779226177537
1326407856296517632
1326407863884009478
1326407986974253057
1326408094935642113
1326408098794319873
1326408355489964035
1326408554992033792
1326408613921959940
1326408731756793857
1326408761645346824
1326408790120558599
1326408832801714178
1326408945095815171
1326409047344558080
1326409139417985026
1326409181335871495
1326409320087629824
1326409625533640704
1326409886582890496
1326409936591581184
1326410086357602305
1326410161800556544
1326410544765612038
1326410687128739841
1326410808352444418
1326410924564111362
1326410968629456897
1326411151618486274
1326411202860363776
1326411203619516419
1326411308586180608
1326411352987021312
1326411484432392197
1326411530913636354
1326411563897589761
1326411579441733635
1326411600417468418
1326411663772422144
1326411680067293184
1326411697196765184
1326412145970589697
1326412297921835008
1326412461000585218
1326412507473465344
1326412631784165376
1326412745647001600
1326412797463433218
1326413233419399170
1326413392899428353
1326413681979166729
1326413861138952192
1326413878784307200
1326413914024910852
1326413928776294400
1326414096045125633
1326414101313167361
1326414377193496579
1326414532839952384
1326414608530370560
1326414739556233218
1326414914005704705
1326415055467008000
1326415111746150402
1326415350406258688
1326415359554023425
1326415444325044225
1326415551976103946
1326415752627367937
1326415820981985281
1326415870684504064
1326415991543357440
1326416311682019328
1326416364949696514
1326416371094331395
1326416382653845505
1326416386407673857
1326416442821140480
1326416538874867719
1326416563273158658
1326416633779384320
1326416836100026385
1326416843611975683
1326416847529517058
1326416920107741184
1326417025468653568
1326417029268697089
1326417049581727744
1326417091440865281
1326417107559571456
1326417138270277633
1326417141705355264
1326417275168186369
1326417280994045954
1326417330562338817
1326417442835472384
1326418298343477248
1326418441994186753
1326418708043100160
1326418940424314887
1326419239096504323
1326419339122274305
1326419351851978752
1326494928537575425
1326495039099269123
1326495083596832768
1326495135404863489
1326495316057726978
1326495411465560065
1326495479081865217
1326495549835497472
1326495579136958469
1326495599655608322
1326495625882570757
1326495868070080518
1326496023305449472
1326496136501338113
1326496154259951616
1326496178670854144
1326496255166570496
1326496304311140352
1326496556435038213
1326496834026614784
1326497319903260677
1326497320389799937
1326497378757644288
1326497496349220864
1326497504347770886
1326497555631497216
1326497588212883456
1326497631107952642
1326497685113876480
1326497748892471298
1326497797965828097
1326497811781873665
1326497903104454656
1326497932451909633
1326498335222542336
1326498360849784832
1326498608129175556
1326498649472454656
1326498795354533889
1326498850371198982
1326498959792205824
1326499224763117569
1326499249283096576
1326499295332360195
1326499391419654144
1326499447438790657
1326499665618100226
1326499899165335552
1326499982493487111
1326499987233136641
1326499987476385793
1326500007583813632
1326500381438971906
1326500411080060930
1326500536439492609
1326500566189608961
1326500578894213122
1326500629691424768
1326500892607205376
1326501031287660545
1326501066205253636
1326501119439360002
1326501121607733254
1326501243481546752
1326501267183579139
1326501317167214592
1326501367834431490
1326501514429538304
1326501598823059456
1326501795246399489
1326501883251478535
1326501908803166211
1326501929149665280
1326502080606048257
1326502097773232129
1326502206372147200
1326502248000548864
1326502508395552768
1326502608673136640
1326502633826381824
1326502710217224197
1326502830497271809
1326502931735121921
1326503007282896896
1326503066502373376
1326503145913118720
1326503216608129024
1326503254235213830
1326503279703035905
1326503443947663361
1326503565142200320
1326503756305895424
1326504195067949057
1326504215175458817
1326504282061991936
1326504299455766529
1326504318313390083
1326504785856622594
1326504873538498563
1326504990769356802
1326505187620642818
1326505272060366848
1326505307749584896
1326505405938339840
1326505686952505345
1326505741604229120
1326505784432275458
1326505854779203586
1326505868653981697
1326506072614596616
1326506102280884224
1326506240726495233
1326506337002528771
1326506346049581061
1326506418086797312
1326506597099560960
1326506887446220801
1326506992228298758
1326507029909827584
1326507184977403904
1326507189448617985
1326507197312999430
1326507230481457158
1326507234608746497
1326507247598510081
1326507273498193923
1326507625194917889
1326507696149966850
1326507788458209280
1326507801263398912
1326507935208534019
1326508182852825088
1326508249827454976
1326508417662513153
1326508476722536449
1326508547887132672
1326508732436590600
1326508744491102209
1326508950058045440
1326508983558033408
1326509001165721600
1326509071491497984
1326509092991459328
1326509093146800130
1326509205809999872
1326509428141600771
1326509503785947136
1326509562782908419
1326509567535034368
1326419498904260610
1326419549080653825
1326419675488645120
1326420031211769857
1326420099813822466
1326420261869150208
1326420480694292482
1326420601137934337
1326420967032238081
1326420993347350528
1326421054382886912
1326421079603240965
1326421101849829376
1326421139292364801
1326421144212279296
1326421163871002624
1326421352539099136
1326421394297679872
1326421428460277761
1326421520260935681
1326421651043528706
1326421726104784896
1326421856677732353
1326421907483353089
1326422045769527297
1326422120809816066
1326422305451421696
1326422427501531138
1326422575522701313
1326422645609467906
1326422757937180673
1326422761783386114
1326422928783790082
1326422943275028482
1326422994865049602
1326423057137872898
1326423344447709186
1326423450110582784
1326423455424802821
1326423488303927296
1326423726745923585
1326423807125561349
1326423845432143873
1326423953871687687
1326423982149611528
1326424037996830723
1326424064265760768
1326424405669519361
1326424416855724033
1326424696762626048
1326424967899197440
1326425086602129408
1326425132026523650
1326425177606017025
1326425211642781698
1326425228537454592
1326425408686972929
1326425429717245955
1326425458959917057
1326425488181649424
1326425510101078017
1326425526303592449
1326425855611056128
1326426015334346756
1326426049991860225
1326426129448792066
1326426206888226817
1326426211103494146
1326426218657439748
1326426378531696641
1326426572350509056
1326426650213543937
1326426663337529346
1326426717641187328
1326426758359490560
1326426993982910464
1326427251722903553
1326427450159534089
1326427627549241347
1326427698743435264
1326427746424270848
1326427842192830465
1326427858319921152
1326427946609938432
1326427979287826432
1326428001156833280
1326428441315577856
1326428597477908480
1326428663353647104
1326428912969191427
1326428986038169601
1326429083874496512
1326429108994269184
1326429125540802560
1326429162672959521
1326429230377414662
1326429380885811200
1326429398229262343
1326429446899961856
1326429455443779585
1326429483285454854
1326429527933939712
1326429582816370690
1326429589531463682
1326429785560649728
1326429851738312704
1326429884311367686
1326429944122118146
1326429973150896129
1326430135843741702
1326430182727618561
1326430353121288194
1326430694474706944
1326430738833608705
1326430886913601536
1326431144754212865
1326431193311694851
1326431225964335105
1326431244515741696
1326431449696919552
1326431725853929472
1326431829470089219
1326432204789080067
1326432267678470150
1326432278407483393
1326432611997249539
1326432681136107520
1326432753903149059
1326432828096131072
1326433059290427394
1326433093213974530
1326433188516827137
1326433239305777154
1326433332331155456
1326433562434936833
1326433637647216641
1326433651299672064
1326433664020996096
1326433677245636608
1326433704596664320
1326434170181054466
1326434181589716994
1326434245397590017
1326434348418162688
1326479938522853377
1326480060740628481
1326480074674200577
1326480232946167808
1326480329046159361
1326480386763988992
1326480459891691522
1326480510219034627
1326480553911087104
1326480579957837825
1326480611687751681
1326480786493739008
1326480895537197056
1326480911416782849
1326481146440462337
1326481286400258048
1326481305299644416
1326481429627330560
1326481508757082112
1326481742941786112
1326481750252511232
1326481931417100288
1326482364600512512
1326482371537899520
1326482586424717312
1326483026260488195
1326483043352252422
1326483168103444480
1326483462363222016
1326483679745503232
1326483790374424578
1326483856145444869
1326483889603350535
1326483899275497472
1326483906745528320
1326484050656321536
1326484097468862465
1326484497966063618
1326484610641899521
1326484648877305857
1326484716023914496
1326484748982775808
1326484757774000128
1326484833963397121
1326484853802627073
1326485126579097600
1326485497498243079
1326485744165203968
1326485873211355138
1326485878865321985
1326485880090079235
1326485912499449856
1326485933210951681
1326485954408796161
1326486002827980802
1326486007437529088
1326486025816989696
1326486038429257728
1326486179743666177
1326486306843717637
1326486430902857729
1326486448766332928
1326486554013884417
1326487250075590659
1326487349463838726
1326487493106077696
1326487614044712964
1326487643463577601
1326487657493442565
1326487757489905666
1326487803799146499
1326487988185018368
1326488307392524288
1326488335397736448
1326488423029334017
1326488533821894657
1326488573651120128
1326488608023457792
1326488655582679040
1326488775569137664
1326488910202097676
1326488938899451904
1326488978007134209
1326488993412902914
1326489406434324481
1326489408732803078
1326489489062076416
1326489668926513153
1326489845783465986
1326489867774287873
1326490164839976961
1326490265083895814
1326490274181353472
1326490294544699392
1326490370365067264
1326490411343482885
1326490484471164928
1326490634014887936
1326490685374144513
1326490814609035264
1326490953897693185
1326490970116902914
1326490991059197952
1326491048831488003
1326491100459249664
1326491230444851200
1326491384392642564
1326491427036143616
1326491439514136581
1326491648398925825
1326491791466622976
1326491914380726272
1326491967694516225
1326492082027040768
1326492651051479040
1326492790990249984
1326493003175882754
1326493016660566021
1326493099879698432
1326493326879625217
1326493582237315072
1326493657483128832
1326493767474569216
1326493942830030849
1326493943551373316
1326494050799804417
1326494136145338368
1326494136598364160
1326494199890505728
1326494212922208259
1326494257906126849
1326494329326587904
1326494505651085312
1326494606846988290
1326494770710126595
1326494828373417984
1326494828750843906
1326464667217092610
1326465292604674050
1326465321729990658
1326465430404390912
1326465506220576768
1326465606418374657
1326465687112601600
1326465853567750145
1326466029745299457
1326466105561505793
1326466221395628032
1326466265448394759
1326466302530162689
1326466379856273409
1326466516385140737
1326466589366083585
1326466615219793920
1326466794282835968
1326466835831808000
1326466952437567489
1326467054321479680
1326467129445543937
1326467216649445382
1326467226564616192
1326467345817235456
1326467432710627330
1326467562067079168
1326467696490409984
1326467943547482113
1326468085981741057
1326468102331240448
1326468216873508865
1326468223848443904
1326468389326491655
1326468685792468993
1326468775240208384
1326468825584463872
1326468833222266880
1326469067369222145
1326469353915752449
1326469457892421632
1326469492420063232
1326469565585502215
1326469654366330880
1326469698284826624
1326469718467866624
1326469798864281601
1326469843885809665
1326469873929687041
1326469876341481473
1326470015307100160
1326470191216254981
1326470192189370369
1326470270471856130
1326470381725753345
1326470585665298432
1326470661171277824
1326470787352698880
1326470908769398784
1326471197064826880
1326471264706256898
1326471650980864000
1326471696350662658
1326471769725652993
1326471836142612480
1326471972029685760
1326472168394420224
1326472242818125824
1326472356148236289
1326472377899905024
1326472413274492928
1326472461131653121
1326472477753679872
1326472894109667329
1326473090470195201
1326473141699440642
1326473357735333888
1326473432599420928
1326473563927359491
1326473651785523201
1326473755669884933
1326473885529812992
1326473912117563393
1326473936687816704
1326474105420439552
1326474129621520385
1326474272420880385
1326474284223631361
1326474495062761474
1326474529032560641
1326474679536717824
1326474763192184838
1326474843978682368
1326474846318985216
1326475060916457474
1326475162498306050
1326475211026255872
1326475350294007808
1326475467432603648
1326475494242594816
1326475510663286784
1326475655966576641
1326475694696783872
1326475803870289922
1326476075753467905
1326476273187696640
1326476545049944064
1326476882058092544
1326476889066704896
1326476928719724544
1326477509874094082
1326477531973881857
1326477577368735744
1326477723494178817
1326477733023584256
1326477771451863041
1326477792628809730
1326477916448968705
1326477955934134273
1326477993053741056
1326478042601041920
1326478127426637824
1326478149241221120
1326478957835849728
1326478978459299840
1326479036147757057
1326479061909168128
1326479180444348416
1326479180549255169
1326479209229791233
1326479255618904064
1326479283511058433
1326479419788103680
1326479423776940032
1326479431158951939
1326479523488043008
1326434485194403848
1326434662424735746
1326434770285457408
1326434831526363136
1326434832646221824
1326435011206275072
1326435060992540672
1326435194245689344
1326435244380098561
1326435378300137473
1326435386378301440
1326435504217337856
1326435647754821633
1326435669338681346
1326435677362409473
1326435686317240320
1326435718680489990
1326435730109812736
1326435898339315714
1326436074671939584
1326436226895806464
1326436338187575298
1326436361230983170
1326436516579532800
1326436716811579393
1326436821241389057
1326436841831227393
1326436858415493120
1326437023947911169
1326437118030311425
1326437174309507072
1326437358422679552
1326437520930820096
1326437576987783169
1326437637029302273
1326437787667673088
1326438112923275264
1326438118728282112
1326438152408453120
1326438236227579904
1326438381828632576
1326438411444563969
1326438461369274368
1326438466910097408
1326438525357580288
1326438528352313344
1326438568307421184
1326438678894358529
1326438865331052545
1326439122005856256
1326439253417451524
1326439309726150656
1326439363958493185
1326439430631120896
1326439681702031361
1326439713037815810
1326439736936894464
1326439888464596992
1326440110418759685
1326440115321917442
1326440323560697856
1326440458244009984
1326440495522983936
1326440555312795650
1326440562455506944
1326440704189607936
1326440720559972352
1326440814378151936
1326440935815835649
1326440956787220482
1326441272710721538
1326441276183613445
1326441407230382080
1326441421679718400
1326441560821493762
1326441804695134213
1326441896697188352
1326441907858321408
1326442089027051520
1326442215447539712
1326442471837093889
1326442496742789120
1326442560651452416
1326442604515504128
1326442614795751425
1326443029901795328
1326443134042198021
1326443175628533760
1326443310072750080
1326443369539596293
1326443474644856833
1326443565476614145
1326443594543214592
1326443603707703296
1326443704249442305
1326443721055821825
1326443764894883840
1326443766211874816
1326443780312985602
1326443796461219861
1326443889528541184
1326444064321933312
1326444366257393664
1326444682289717248
1326444904067833856
1326444909595865088
1326445024775639046
1326445089154101260
1326445128072966144
1326445141146673152
1326445231621988354
1326445282503122946
1326445315138809856
1326445482172878848
1326445672309121026
1326445793377652736
1326445870196396033
1326445908318429189
1326445957807017986
1326446115806474240
1326446147070615553
1326446266302291968
1326446291568693248
1326446326733709312
1326446444237107201
1326446454056103937
1326446513401245697
1326446947243347969
1326446957284356105
1326446971863904257
1326446994295054337
1326447059633909760
1326447140458045442
1326447165112086530
1326447194300428288
1326447265528082433
1326447266811490304
1326447434046730241
1326447475499130880
1326447531535036418
1326447622777958404
1326447643803877376
1326448288137158656
1326448322836566018
1326448329782407169
1326448455477325824
1326448523894788101
1326448599111176193
1326448731269468162
1326449196237418496
1326449312012918785
1326449467369861120
1326449761067560962
1326449883822383106
1326449894622629888
1326450167755669504
1326450224257101824
1326450319186751493
1326450324681465856
1326450386115457024
1326450467988140032
1326450504675823616
1326450607767564289
1326450673500778502
1326450676596154370
1326450756572999682
1326450911288422400
1326450913398157314
1326450966271504384
1326451326604042240
1326451430132101120
1326451543873359872
1326451662538461185
1326451817165836288
1326451837348753408
1326452073207107584
1326452131948339205
1326452247820177408
1326452358411214848
1326452374907486208
1326452420872822784
1326452601999790082
1326452931881824257
1326452959228522496
1326453041231396865
1326453045669072896
1326453144881164289
1326453146143531016
1326453778258780160
1326453788367069186
1326454028692320256
1326454097139150848
1326454181721481216
1326454279121498112
1326454358205034496
1326454390937579520
1326454581182689285
1326454686526935040
1326454689832038400
1326454983638781953
1326455091482693632
1326455383368589312
1326455855731109888
1326456200456712193
1326456251501465601
1326456329427431425
1326456346607316993
1326456362205810688
1326456421714702340
1326456511678320641
1326456544628789249
1326456781506285568
1326456907297660929
1326456921860268032
1326457179709321216
1326457213238595584
1326457221606072322
1326457323796172805
1326457494130974720
1326457670652616705
1326457673743822848
1326457727342661634
1326457792631361536
1326457855856283648
1326458023133450240
1326458046294454278
1326458124006432768
1326458299982766080
1326458300712558592
1326458380639145984
1326458428265357312
1326458440022171648
1326458451229339648
1326458636680359936
1326458725868179456
1326458753516965889
1326458834857177093
1326458866964500480
1326458900019781632
1326458972459720705
1326459319756464130
1326459371124101120
1326459518255919106
1326459684925009928
1326459709759623168
1326460067420450817
1326460126237224960
1326460188325539840
1326460430894723074
1326460828816564228
1326460842682900480
1326460886698119172
1326460955312709632
1326461153418080256
1326461234045218816
1326461371052134400
1326461421840965634
1326461551193321473
1326461553579753472
1326461602179280898
1326461748732334080
1326461807100268546
1326461894664851458
1326461933520707584
1326462098134634496
1326462266040967168
1326462310253268994
1326462374946234368
1326462386610573312
1326462508106919936
1326462726214922240
1326462733764743168
1326462823753420800
1326462930423078912
1326463020466380800
1326463046546501632
1326463055937626112
1326463222958985218
1326463274125303808
1326463506443464707
1326463576261988352
1326463652543799296
1326463692557443072
1326463758793912320
1326463764976214016
1326463765974544386
1326463819166720001
1326463843384627201
1326463985269477377
1326464220645511168
1326464260889747457
1326464365235757057
1326464396709797891