1327370661782724608
1327370665394130945
1327370796289978369
1327370859145818113
1327370909603291136
1327370930964758528
1327371076981186563
1327371085495603202
1327371122640359424
1327371163048132609
1327371187354263552
1327371211458764801
1327371256522477568
1327371386977980417
1327371391914668033
1327371449976414210
1327371534340562944
1327371644382404611
1327371743674183681
1327371754067664896
1327371815589720064
1327371831687450625
1327371844756889603
1327371865229324288
1327372137456422912
1327372355845414918
1327372384064692226
1327372385989824512
1327372460707246085
1327372565531168768
1327372662402793473
1327372758934810626
1327372779948224514
1327372792489185280
1327372851280703488
1327372905806630912
1327373048908013571
1327373178134556677
1327373249223794688
1327373299597373440
1327373362524418048
1327373429247516672
1327373433840156672
1327373439863123970
1327373592007487490
1327373644230750215
1327373773801201665
1327373862003220480
1327373866419810304
1327373928667426818
1327373937488007172
1327373941376053249
1327373943095832578
1327374017108602887
1327374075728195584
1327374285032153089
1327374352673869826
1327374386647552000
1327374457694941184
1327374478914035720
1327374537185484800
1327374587508760577
1327374776466173953
1327374793457295362
1327374839074729985
1327374885505609730
1327375078103937026
1327375323076374530
1327375382018928643
1327375438960848897
1327375451321413632
1327375623912906753
1327375644880146432
1327375666321494022
1327375673711878145
1327375702971342850
1327375753487339520
1327375897398276096
1327375989232574465
1327376164923596802
1327376239691182083
1327376269340778497
1327376361342840832
1327376425410850817
1327376437444108289
1327376449607589888
1327376466665934851
1327376625885917192
1327376650841976832
1327376709478359040
1327376709239394304
1327376978589212682
1327376985195241474
1327377033941291009
1327377058327105536
1327377088035266561
1327377091311009792
1327377317564461058
1327377372438540290
1327377480894861313
1327377502529073153
1327377585408454663
1327377708494499841
1327377896919351296
1327377947200778240
1327378018809958402
1327378144282767364
1327378211882364930
1327378257516371968
1327378353935015938
1327378555639115777
1327378579747790848
1327378656260308993
1327378702049611777
1327378777966571520
1327378857826144257
1327378994765856769
1327379146754887680
1327379264380022787
1327379315546316802
1327379448610525185
1327379539480223747
1327379540839174145
1327379587530182657
1327379621587906565
1327379719512158208
1327379729490587648
1327379796972679168
1327379916485177345
1327380035775434752
1327380137013284869
1327380203371376640
1327380224405856259
1327380378764660744
1327380413992603650
1327380432091033601
1327380482615619595
1327380501368242176
1327380531122753536
1327380556103954441
1327380652459765766
1327380670516252674
1327380765471092738
1327380791035310082
1327380920974929921
1327380946434273285
1327381029863256067
1327381208859246594
1327381240014508032
1327381275079028736
1327381286235869187
1327381324253065222
1327381328233426949
1327381390632095750
1327381424287182849
1327381432906309632
1327381528733655042
1327381533351702528
1327381563521306624
1327381596547198982
1327381618089205760
1327381743138168834
1327381780370952192
1327381931751841795
1327381982339338240
1327382024643092480
1327382036802273280
1327382121426661379
1327382179219968003
1327382267354882053
1327382329904521216
1327382342516809730
1327382446229266432
1327382456463486976
1327382506841247745
1327382527527460864
1327382544652914697
1327382603591151617
1327382615574327302
1327382972144775168
1327383001265704961
1327383035508035596
1327383047080009728
1327383072719908870
1327383248691933189
1327383428195610625
1327383433979383808
1327383473712025600
1327383495954616320
1327383962281447436
1327383977804566528
1327384075179581440
1327384144305938433
1327384260152582146
1327384374451580929
1327384444525752321
1327384528051113986
1327384783593242625
1327384822151598081
1327385026640703489
1327385073335865346
1327385157305856002
1327385228164296705
1327385399585595395
1327385413468753921
1327385446842712065
1327385513700052992
1327385572931866629
1327385706428153856
1327355545607614464
1327355704945106949
1327355705209147393
1327355767830290432
1327355809945284615
1327355905814433792
1327355920284835842
1327356065839783936
1327356300691378179
1327356338557489152
1327356539473063936
1327356602677071873
1327356652505493505
1327356673342595073
1327356698458267648
1327356751834976264
1327356816372736008
1327356896274227200
1327356913147756544
1327356959280963584
1327357147550789632
1327357181189042176
1327357239645106180
1327357563625631744
1327357745750798337
1327357751685652481
1327357806618480640
1327357846112010242
1327357880027197441
1327357931810136066
1327357959307989001
1327358024122560513
1327358124005617664
1327358152866746369
1327358166623981569
1327358297079484418
1327358517754425344
1327358531952107526
1327358535387189252
1327358562499244033
1327358628056141825
1327358762060034051
1327358770578649096
1327358909334564870
1327358955975286792
1327359065077518338
1327359127585251328
1327359137836011520
1327359165182971908
1327359190243962880
1327359207113371650
1327359232556101632
1327359295428599809
1327359303754375168
1327359366450778113
1327359408217628672
1327359479919337473
1327359550635184128
1327359563746713603
1327359646437236736
1327359710278905856
1327359965636464645
1327359986817785863
1327360149158182912
1327360334873710602
1327360397976866816
1327360414502461440
1327360536728793090
1327360557817556992
1327360569855401993
1327360574221643777
1327360598393307137
1327360599513305088
1327360612033323018
1327360652873232384
1327360653703647237
1327360834725560320
1327360847455399937
1327360855340707841
1327361128083714051
1327361254034448385
1327361300192759811
1327361342647492609
1327361497178066945
1327361509979197453
1327361577021026307
1327361593777266688
1327361610290139136
1327361609933615104
1327361782734868482
1327361803425357824
1327361841568288768
1327361904499695617
1327362037941493760
1327362055154921474
1327362143033942017
1327362244129288195
1327362290077863945
1327362679904735233
1327362809894752258
1327362964849127424
1327363310841434113
1327363400104611840
1327363497878052869
1327363518623059968
1327363627733688320
1327363648973660160
1327363753822871553
1327363767450136582
1327363803621642240
1327363938221240321
1327364114235047936
1327364121134710784
1327364307017895936
1327364668185317377
1327364704919031810
1327364740608184320
1327364839694426112
1327365037779001347
1327365175905751041
1327365330637889536
1327365376380989440
1327365418995097600
1327365490637987840
1327365515065647106
1327365632304799744
1327365729235193862
1327365746142437377
1327365779315183618
1327365790757171200
1327365888148791296
1327366115278860289
1327366198389059584
1327366362532986881
1327366396473344000
1327366434041847811
1327366463401947147
1327366559405387783
1327366626631671808
1327366714720477185
1327366748207714305
1327366777773445120
1327366882211598343
1327367000411299842
1327367023718924288
1327367126152253443
1327367243718651909
1327367360865595392
1327367493007126528
1327367737912516608
1327367801359765506
1327367805386321930
1327367876869754881
1327367910067728386
1327368001981657093
1327368149411487750
1327368216461512704
1327368346845798401
1327368493138923522
1327368531072180225
1327368597744676864
1327368644448423945
1327368694478102531
1327368745128521728
1327368786945609728
1327368951769264131
1327368967896375296
1327369244514938886
1327369289804951554
1327369441739493376
1327369499528540165
1327369532260950016
1327369587890008064
1327369659490963466
1327369872737792005
1327369983949762561
1327370036818767872
1327370090841563144
1327370170562736129
1327370179504902145
1327370254406782978
1327370279622995979
1327370283901136897
1327370565758447616
1327370581541531648
1327370631923576838
1327340458499059718
1327340504539807744
1327341389659648001
1327341390074961922
1327341414229938177
1327341649895301120
1327341784167575553
1327341816958619649
1327341826450354177
1327341867260911616
1327342085637369859
1327342107103813633
1327342137093074950
1327342149298319361
1327342715319808002
1327342752405860358
1327342786388111360
1327342824451436546
1327343029389197312
1327343092567928832
1327343268137459712
1327343377810034688
1327343545292783616
1327343646379794432
1327343705301413890
1327343729812795392
1327343733919145985
1327343750717247488
1327343810024652800
1327343902114914307
1327343969085263873
1327343994154717185
1327344136672907265
1327344168390299653
1327344183162519552
1327344392538099717
1327344408090476544
1327344413769609220
1327344547819622400
1327344619131121664
1327344669295058944
1327344728115855360
1327344791408025600
1327344812417114112
1327345181465534464
1327345242144526336
1327345382653796353
1327345390635675648
1327345432213794822
1327345751740002304
1327345860200509448
1327345869587410944
1327345889950699520
1327345932225159168
1327346304318582795
1327346310178070529
1327346317941755904
1327346431699668994
1327346443825233921
1327346467854557192
1327346590869286912
1327346661832724480
1327346733509189632
1327346758222032898
1327346762319794177
1327346774911180802
1327346778933506049
1327346879974305794
1327346971456151553
1327347001936257030
1327347123558506498
1327347182215852033
1327347219712839681
1327347282388398082
1327347827442409474
1327347848497799174
1327347853388369922
1327348004332863488
1327348296998907906
1327348314019389442
1327348540897697792
1327348733042941952
1327348733433040896
1327348801498189826
1327349090204717057
1327349153102516228
1327349175009353730
1327349236804018177
1327349262041174018
1327349274544365568
1327349380148555777
1327349509853229057
1327350004579758082
1327350046111756289
1327350075744530433
1327350101455630339
1327350189724741639
1327350215922364419
1327350277452730368
1327350299825156098
1327350340187000833
1327350433032138755
1327350449746350081
1327350457912623104
1327350462098460673
1327350533385048064
1327350533766615041
1327350583175606272
1327350633897349120
1327350638125215752
1327350671885037569
1327350747449749506
1327350776990232577
1327350897974923268
1327350918438907909
1327350999187677186
1327351027570515976
1327351036537925634
1327351040824410112
1327351048806215681
1327351099930648577
1327351128393211905
1327351153789710337
1327351212514033664
1327351336862699521
1327351378679910406
1327351484405739521
1327351509886128128
1327351653691838464
1327352034409000963
1327352056458391553
1327352227384619008
1327352238944129024
1327352345546649605
1327352353817825281
1327352391369453574
1327352395190460416
1327352395303579648
1327352411174825984
1327352412185751560
1327352483430215681
1327352526329573376
1327352605459296256
1327352613470412801
1327352709972889600
1327352790033698817
1327352857297899521
1327353007965552640
1327353020515033089
1327353079075893249
1327353082469101568
1327353103990091776
1327353136613355526
1327353150597107712
1327353196549988352
1327353226308448256
1327353297343307778
1327353301361434624
1327353376594669568
1327353481624248321
1327353596103389185
1327353796708552704
1327353829659193356
1327353834700738560
1327353926652469250
1327354005870186496
1327354052208975881
1327354124204208135
1327354135574966273
1327354148820553729
1327354375119855616
1327354442723840002
1327354558847205378
1327354559954628612
1327354630733504514
1327354732088791040
1327354811658932226
1327354929170694144
1327355213561335808
1327355321430515715
1327355407124324352
1327355453555105793
1327355456994545682
1327385732231667714
1327385740339253255
1327385774338281473
1327385834195193856
1327385912410574850
1327385962956156930
1327385975128027137
1327386109253398530
1327386306104668160
1327386374249598979
1327386549571493888
1327386654265417728
1327386655343456257
1327386692223950848
1327386780568588288
1327386888999723013
1327386889653981193
1327386889695989760
1327387216721694722
1327387369968967680
1327387556971941894
1327387648298799104
1327387665990299650
1327388022078320640
1327388031687356416
1327388076381855744
1327388097177378817
1327388097902911488
1327388144463843328
1327388190441922561
1327388320045948929
1327388370763460609
1327388745163796480
1327388777107632129
1327389036781121537
1327389049129218049
1327389083530772481
1327389108478599169
1327389141588381697
1327389171594440710
1327389225357094912
1327389364616384515
1327389405619875845
1327389540139544578
1327389548544811009
1327389553330708485
1327389737376755712
1327389837817769984
1327389896668041218
1327390118961762304
1327390129388916736
1327390169293533186
1327390257298493441
1327390262406967301
1327390266261708805
1327390320561156101
1327390408398213121
1327390416510062592
1327390534999138306
1327390607971639298
1327390618969133056
1327390810720112645
1327390907902042112
1327390937488658439
1327390957696847875
1327391045722779648
1327391062957191171
1327391318688063495
1327391344147443712
1327391390293225475
1327391436187189248
1327391444697567237
1327391675048742913
1327391675212238848
1327391733991268352
1327391823103467520
1327391834344091648
1327391939398778880
1327392048614346757
1327392084987404289
1327392208215973888
1327392250200932352
1327392446519648257
1327392459756765184
1327392501242720257
1327392518024163329
1327392560193687556
1327392597887815686
1327392616149872640
1327392706507706368
1327392744898170881
1327392749247721473
1327392865274703873
1327393113695006727
1327393185283383296
1327393319685525504
1327393533783928833
1327393567006867456
1327393637194461184
1327393642743521292
1327393768451018754
1327393781092638720
1327393808909099008
1327393848218284032
1327393923405234176
1327393960885673985
1327394038832631808
1327394133120573443
1327394234383548416
1327394321742639105
1327394359101300736
1327394417506914305
1327394481520451587
1327394515066433536
1327394698915409921
1327394737641418753
1327394769094410240
1327394988813008896
1327395001777745921
1327395215297052672
1327395345135964161
1327395387603292161
1327395488421830656
1327395500639866880
1327395847936602115
1327395853166800896
1327395877472886784
1327396067177082880
1327396099980730369
1327396104372068352
1327396184529526787
1327396204611715072
1327396209930199042
1327396268037922817
1327396397973377027
1327396427719344133
1327396490277478402
1327396666664570881
1327396754740965378
1327396901365301248
1327396913977696257
1327397040565923841
1327397086241951744
1327397236943286275
1327397283550408706
1327397291502817282
1327397304781795328
1327397513255587840
1327397513649860608
1327397580771364867
1327397646810681346
1327397676858523650
1327397840793051136
1327397954383130625
1327398012876951552
1327398016874110977
1327398280918167552
1327398285871624193
1327398303458267137
1327398306859810817
1327398344524763138
1327398407116361729
1327398419409891329
1327398478306177026
1327398528809717771
1327398582782050305
1327398666580135936
1327398675388174337
1327398684917579776
1327398701321625602
1327398822172045313
1327398851590844416
1327398905986867201
1327399142583361536
1327399258207576065
1327399287576260608
1327399386024796160
1327399447639298049
1327399644444258305
1327399665453686784
1327399754003865602
1327399754523959298
1327399875600814082
1327400118539186176
1327400345140682758
1327400398613835777
1327400420134805505
1327400453756383232
1327400474287296512
1327400529505394689
1327310284281708545
1327310337213947907
1327310359422791682
1327310389529505792
1327310503304171526
1327310566524940289
1327310638717157376
1327310763455868929
1327310837938352128
1327310892615290881
1327310918036852736
1327310993312141313
1327311270094233600
1327311614199140361
1327311634575093761
1327311660391018496
1327311668372779014
1327311954139090950
1327312092702142464
1327312142454972419
1327312151497740288
1327312177351577603
1327312180451045376
1327312281005277184
1327312395006582785
1327312494902304770
1327312746606637057
1327312922826174464
1327312936092774404
1327312956518895617
1327313052677488641
1327313061577973762
1327313141244497921
1327313199704707074
1327313246089408512
1327313358924746754
1327313414495105024
1327313484661420032
1327313601925824512
1327313615389679624
1327314290701791233
1327314534307143683
1327314613323567104
1327314646492209152
1327314647117144065
1327314743548399617
1327314763894775808
1327314844157177856
1327314982548234243
1327315023904067585
1327315024617025536
1327315066178433024
1327315258713669632
1327315305467613187
1327315322433572865
1327315322559488000
1327315355451097088
1327315389412499461
1327315439949672449
1327315544618438656
1327315548649234432
1327315649509646338
1327315863171686400
1327315938195202048
1327316034781470720
1327316076842115075
1327316408779280386
1327316417088278530
1327316458548948992
1327316484415246339
1327316581160943616
1327316655655972864
1327316760903655425
1327316890876784640
1327317179625336838
1327317365604851713
1327317456851931136
1327317562267406337
1327317612863209473
1327317831894003712
1327317872796987392
1327318123792510978
1327318249848057857
1327318266688065538
1327318367095676934
1327318483508613120
1327318527263600642
1327318547056402432
1327318656582299649
1327318781929119744
1327318870638485504
1327318882584031234
1327318971260018688
1327318988683157505
1327319050708348928
1327319109202292736
1327319168539123712
1327319210775732224
1327319210977062912
1327319315285217280
1327319416346992640
1327319445623156736
1327319528745828352
1327319547129499649
1327319574816047105
1327319736816857089
1327319742449934341
1327319764427960322
1327319897798561792
1327319902592503809
1327319931369762818
1327319944355340288
1327320024005173250
1327320061380538369
1327320099313901569
1327320102300229633
1327320168524091394
1327320350862917632
1327320401752567810
1327320426356367362
1327320540323917827
1327320543624794112
1327320651040911361
1327320665641213952
1327320674386513925
1327320775683141633
1327320812215525378
1327320841244332034
1327320843475673090
1327320895887642627
1327320914921279488
1327320965869613061
1327321005463916546
1327321047406940166
1327321080885895174
1327321093783359495
1327321218962350088
1327321290408071170
1327321321135599616
1327321425200427010
1327321495761264642
1327321509476577280
1327321698379722763
1327321722882813957
1327321727593046023
1327321727857270784
1327321739160903685
1327321819662196737
1327321836108066821
1327321886477398018
1327321922141626370
1327321958673944576
1327322016714780682
1327322058624299014
1327322146696278018
1327322246554275840
1327322263293661184
1327322276174254080
1327322368524611589
1327322376946774020
1327322511026102272
1327322519678971905
1327322523734740992
1327322531913752576
1327322556949467140
1327322598745620482
1327322636448387072
1327322685454442496
1327322872260517889
1327322966376341505
1327323148866510848
1327323182152511490
1327323245331312640
1327323265858035712
1327323285806309377
1327323295419600899
1327323518351060997
1327323563695730689
1327323589272485890
1327323612139847680
1327323669014609921
1327323735997755392
1327323742154993665
1327323883247177729
1327323885038133249
1327323932945489921
1327323966273449985
1327323978894073858
1327324059068198914
1327324210247708673
1327324280514899969
1327324289729769474
1327324357392289794
1327324410148220930
1327324423561613312
1327324444025643009
1327324507183460352
1327324507309273089
1327324520785600514
1327324566444654592
1327324641602400256
1327324655678595072
1327324780043919360
1327324805218115594
1327325065768275972
1327325124622749696
1327325128007380992
1327325522393751552
1327325711091306499
1327325741218996232
1327325938590257152
1327326030328180736
1327326109554397187
1327326147290521601
1327326247861497862
1327326316685832192
1327326332628443139
1327326445241204736
1327326525117640711
1327326634115014658
1327326747495260160
1327326773038571521
1327326810296631298
1327326831708569602
1327326948465446913
1327327238287740931
1327327246131077121
1327327284454371329
1327327331040432129
1327327375194005505
1327327380155797505
1327327397327286273
1327327511156568079
1327327796906000385
1327327944654598144
1327328136170713096
1327328227552006157
1327328265242103811
1327328706675806210
1327328758483873792
1327328815333462017
1327328857439965184
1327328991473242112
1327328999434022913
1327329033844121600
1327329192871071744
1327329196780244992
1327329234445086721
1327329301331660800
1327329419078361088
1327329503341932546
1327329582614261761
1327329716827729921
1327329844120743937
1327329880393064455
1327329927025324032
1327329934612652032
1327330308585304066
1327330354131206144
1327330370958790661
1327330374440030208
1327330451506257924
1327330489812783104
1327330500973793280
1327330598143332360
1327330601918226433
1327330664971026433
1327330677843439618
1327330760857186307
1327330791102287876
1327330870005477376
1327331147311792128
1327331272600018944
1327331297770037250
1327331298499833856
1327331415533477888
1327331751522287617
1327331781117239296
1327331842798874626
1327332145950547968
1327332270815006723
1327332496904695810
1327332497458343936
1327332501984071681
1327332799284727808
1327332812840722433
1327332845417865216
1327332992730206208
1327333122912948226
1327333361443082242
1327333362852311040
1327333416539283456
1327333986209677312
1327334837921996800
1327334860021772289
1327334897367715840
1327334909149663234
1327334934206410753
1327334959967854593
1327335018281111552
1327335153040035845
1327335324675149827
1327335395940503552
1327335513695596544
1327335551297576960
1327335618435801090
1327335706545549319
1327335823747010563
1327335932673056769
1327336155034087424
1327336197211914240
1327336268276113410
1327336519623974912
1327336540733923329
1327336695927365638
1327336717553176577
1327336776294408192
1327336864030797830
1327336901330735105
1327336910218547200
1327337056910053376
1327337258375020544
1327337359143301121
1327337403992911874
1327337480572465153
1327337576550817793
1327337651972792325
1327337669131583489
1327337745237368832
1327337840691261442
1327337889731002368
1327337903874306048
1327337965610299401
1327338012271931394
1327338076578996225
1327338285727838208
1327338340673331200
1327338499327074305
1327338553806905346
1327338562954653696
1327338688796372993
1327338730835877888
1327338744131809287
1327338747201990656
1327339053721632768
1327339137385590784
1327339183715676161
1327339393065992192
1327339501727969280
1327339589661577219
1327339669789552643
1327339719953436674
1327339759602057216
1327339993107296256
1327340043854172161
1327340223794085888
1327340336994246656
1327340374763847680
1327340428975288320
1327280115038912512
1327280151978074113
1327280261868863488
1327280372959367168
1327280547593326592
1327280618154160131
1327280668863238144
1327280681001553921
1327280706465243138
1327280844789018624
1327280874417778695
1327280987164659712
1327281502976086016
1327281557401374722
1327281660841271297
1327281755150196736
1327281797038739457
1327281826323456007
1327281938755948546
1327282044326600705
1327282060973670400
1327282085833420808
1327282194977599489
1327282269996904450
1327282363240505344
1327282405275697153
1327282415786745856
1327282532287594496
1327282685753044993
1327282720205058048
1327282740656447495
1327283126263922690
1327283126809227264
1327283139371290624
1327283151777849344
1327283180773072897
1327283252906737664
1327283307017592833
1327283495962439681
1327283575297695745
1327283601105248258
1327283701781245952
1327283990261362691
1327284032149872641
1327284040563642369
1327284208444735490
1327284246768017408
1327284409612070913
1327284469150216192
1327284497562349568
1327284561638797315
1327284586879934465
1327284758578139136
1327284871061000193
1327285072966397957
1327285214087962624
1327285236489723904
1327285261244399617
1327285386704515073
1327285399811710976
1327285479893569536
1327285655416827904
1327285701910679553
1327285727525285888
1327285880227209216
1327285940646133760
1327286033155821576
1327286100285554693
1327286209304023041
1327286209773588481
1327286230539755525
1327286259526545409
1327286332175970304
1327286448870084610
1327286460983205888
1327286561818497031
1327286726071644160
1327286813359284224
1327287010747441154
1327287048789766144
1327287118931124231
1327287132252229632
1327287215941181447
1327287341413789699
1327287468031356931
1327287493092397063
1327287509785714688
1327287537245761539
1327287564588421130
1327287580828651521
1327287728036253696
1327288020928655360
1327288117628448768
1327288217091989510
1327288327645655044
1327288386118422530
1327288667673604097
1327288738771128320
1327288822707724288
1327289020150292480
1327289049141436416
1327289321192181760
1327289342524583937
1327289435218702343
1327289653351866375
1327289728253652998
1327289854711894016
1327290420540399622
1327290427364548610
1327290441688096768
1327290546742845440
1327290611595051010
1327290667660435457
1327290755732414472
1327291423318806531
1327291423540928513
1327291431501901826
1327291649274175488
1327291754819837953
1327291800051212289
1327291851280289792
1327292060764942337
1327292088858402816
1327292140901322752
1327292433441435648
1327292505562484736
1327292567604535297
1327292568145711104
1327292588462903296
1327292638119268352
1327292765332328448
1327292903719374853
1327292941413527554
1327292953887379456
1327292978696744962
1327293193562501122
1327293649101627394
1327293746917027843
1327293780857274368
1327293918317322240
1327294044905508866
1327294103210532866
1327294271695720448
1327294336023801861
1327294341921038337
1327294492861288448
1327294522792038400
1327294723724341248
1327294975365632000
1327294988498006016
1327295004587470849
1327295104575541248
1327295178768605184
1327295210574012416
1327295230979272706
1327295273438228482
1327295356779065344
1327295404111781890
1327295651235958784
1327295700988620803
1327295800569827328
1327295872829276160
1327295881364856843
1327295885559074817
1327295965154439175
1327296057320099841
1327296175221903360
1327296264493559810
1327296325982040066
1327296334299156481
1327296548024225793
1327296753566167043
1327296816539426817
1327296984038912002
1327297131389067265
1327297185915006976
1327297219062542337
1327297315804123137
1327297446721052674
1327297492061401090
1327297617911431168
1327297781095161857
1327297873415987202
1327297896979468288
1327298134075117571
1327298200756248581
1327298330712485889
1327298330796298240
1327298361544720384
1327298431971450880
1327298734137483266
1327298792857669633
1327298834272174081
1327298859375194114
1327298941818433537
1327299031471710210
1327299127454023680
1327299236661260296
1327299274544214016
1327299274858770434
1327299320803037184
1327299392928301057
1327299459588509699
1327299568623611906
1327299656863330305
1327299706276474887
1327299866528264193
1327299890842656770
1327299891337506817
1327299928998227968
1327300017187672064
1327300067284271104
1327300155616485378
1327300163988316165
1327300176348930048
1327300382750617603
1327300423808659458
1327300462022971394
1327300465894117376
1327300611952365569
1327300634081693697
1327300654537220097
1327300721373376513
1327300751224426498
1327300797001052162
1327300839757783042
1327300849723469824
1327300893490909184
1327301253953679362
1327301375030603777
1327301375970177024
1327301644044935168
1327301656950628352
1327301698986127361
1327301971200524288
1327301996647493632
1327302051953397760
1327302088766918657
1327302105607122946
1327302122904416259
1327302185789616129
1327302206245269504
1327302223358005251
1327302268966809601
1327302307097182208
1327302324746919941
1327302336012840960
1327302436705460225
1327302516556656642
1327302706915127297
1327302714456481792
1327302810648551424
1327302815463604224
1327302827379728385
1327302931910193154
1327303028253351936
1327303188328767489
1327303234210422786
1327303422488571906
1327303649996005378
1327303707676073985
1327303934743109633
1327303989063348224
1327304114280288262
1327304173570781185
1327304244999966721
1327304261038968843
1327304378760503296
1327304656222105602
1327304727193923585
1327304760668659712
1327304852658073601
1327304857858961409
1327304886518738947
1327305079616049152
1327305129620488192
1327305184834273280
1327305268250763273
1327305289327017984
1327305310323798020
1327305339218386944
1327305398882332683
1327305482608930817
1327305516003991553
1327305543053049857
1327305633612312576
1327305713375391749
1327305789044887554
1327305951641174017
1327305997682155520
1327306052417810435
1327306103181385728
1327306103902920705
1327306232592539653
1327306388452765696
1327306476667478016
1327306665113374723
1327306677167730688
1327306723833556999
1327306992612995076
1327307012435189761
1327307092957536257
1327307185345458178
1327307487628943360
1327307608374587392
1327307642025467906
1327307688347197442
1327307718005301249
1327307762620133376
1327307776813641735
1327307909462716424
1327308091302490113
1327308187196907523
1327308301135187968
1327308468148076545
1327308711799394304
1327308812622106624
1327308883715624964
1327309072857706498
1327309110774165504
1327309131531816960
1327309286620467202
1327309324268548097
1327309450831679488
1327309462365896704
1327309546033975297
1327309579726811136
1327309823902318593
1327309836367835138
1327309864947867652
1327309931557564418
1327310137741111297
1327310176014249984
1327098849832312832
1327099013531840518
1327099064576475136
1327099223263895552
1327099223410700288
1327099303651921924
1327099806343262211
1327099822952783873
1327099893933084673
1327100141933797376
1327100364068442112
1327100432297160714
1327100587066986496
1327100608046915584
1327100757846396929
1327100926423822338
1327101140174065665
1327101249511170048
1327101426389053441
1327101454625239041
1327101823405047808
1327101833098063875
1327101857014165506
1327102101101502466
1327102322854400000
1327102402529517569
1327102456988372992
1327102482158297088
1327102553327284224
1327102616338386945
1327102680356040706
1327102687775756288
1327102691844112384
1327102775969394689
1327103065112141826
1327103220812943363
1327103316245970945
1327103338098401280
1327103350488391680
1327103380230184962
1327103434043002880
1327103438014935040
1327103543631884288
1327103652297797635
1327103677560184834
1327103794790887424
1327103832967557120
1327103874654728194
1327103962621775874
1327103967336263682
1327104089046593538
1327104214422614017
1327104227106287618
1327104269594615808
1327104369762988034
1327104545969860608
1327104772080472064
1327104901953036288
1327104906386432001
1327104927278239744
1327105027677114368
1327105213073862656
1327105347723653120
1327105418032783361
1327105438937198592
1327105464635699200
1327105536064704513
1327105558294523905
1327105577206521856
1327105582013136896
1327105623511556096
1327105695251042305
1327105878886125568
1327105980237193216
1327105989162766341
1327106198290698241
1327106215156084736
1327106278355841024
1327106357414273024
1327106395276079105
1327106559474868224
1327106663845928961
1327106814580838401
1327106848328200193
1327106916078772224
1327107036849401856
1327107205406011393
1327107255955836929
1327107549167022080
1327107608092676096
1327107629362110464
1327107661712805888
1327107973332705281
1327108010796343298
1327108028303351808
1327108274345357312
1327108275184218112
1327108400312852480
1327108539807117312
1327108811740635136
1327108849384312832
1327108852802854912
1327108918254956547
1327109339459547137
1327109390688788480
1327109519839813638
1327109625397833728
1327109868734599174
1327110018861174785
1327110157986394112
1327110371816124416
1327110409984290816
1327110514845970432
1327110828533813249
1327110879528116224
1327110971593265152
1327111374401626117
1327111390453264384
1327111474330832897
1327111487492476929
1327111529725128705
1327111633911443456
1327111747224932354
1327111759732346881
1327111882180874241
1327111903403929605
1327111906834845696
1327111942314422272
1327112046215909377
1327112095557693441
1327112241775165440
1327112292421562368
1327112318128324611
1327112368405540867
1327112670022045696
1327112724896210945
1327112938356785155
1327112959592697856
1327113056267104256
1327113084951998464
1327113165314740224
1327113257748992005
1327113274777694208
1327113443036569601
1327113743868653568
1327113836718120961
1327113903457718273
1327053639328931842
1327053727958700033
1327053861358592000
1327054059245764608
1327054239793774592
1327054243753299968
1327054255610605569
1327054315425509376
1327054343741132800
1327054365333610496
1327054436657577984
1327054612352937984
1327054663229771776
1327054965383311366
1327054977051676673
1327055128894058496
1327055439490654208
1327055470633259009
1327055526556033026
1327055631711432704
1327055652913463296
1327055795335270400
1327055829225398272
1327055893326950400
1327055929746071555
1327055971684904965
1327056005981724672
1327056139385778176
1327056181320425472
1327056189943930882
1327056252799770630
1327056339521196033
1327056486929874945
1327056570916728835
1327056571675914242
1327056601027649537
1327056613296005120
1327056717780312065
1327056835489173504
1327056915709497347
1327056978107985920
1327057032516603910
1327057116834656258
1327057284418072576
1327057452307795968
1327057460637675521
1327057720822951939
1327058009697234944
1327058010544377858
1327058026919059457
1327058123245432832
1327058299850686465
1327058303755710464
1327058412241252354
1327058427923877888
1327058542923309063
1327058580411965440
1327058605519101952
1327058693540749312
1327058743922733063
1327058751958953985
1327058995853598720
1327059084126859265
1327059100207886336
1327059247163695105
1327059595236356097
1327059620708356096
1327059838589923328
1327059884941176832
1327059977031340032
1327060149173936133
1327060173584732161
1327060220313542656
1327060228802707457
1327060291444764672
1327060304027660289
1327060392682655744
1327060433811898368
1327060438333280256
1327060463377653761
1327060547527987203
1327060576825077760
1327060728260554752
1327060967096610816
1327061013527752704
1327061084973518848
1327061155378987008
1327061281455521794
1327061298006396941
1327061319535751168
1327061324103254016
1327061360837070848
1327061419515318273
1327061466126577671
1327061478948499456
1327061541443743744
1327061814996135938
1327061851482566658
1327061898261655556
1327062011457531906
1327062237320626177
1327062321907130369
1327062380145045504
1327062380342177795
1327062456389177345
1327062456439599104
1327062624199208960
1327062711671382016
1327062975841071104
1327062988185067527
1327063047882612738
1327063190363103232
1327063278204411904
1327063462464290817
1327063508450570241
1327063512439431168
1327063545935237121
1327063684531810310
1327063712285515777
1327063718123905030
1327063793386594304
1327063940971458562
1327063961213145089
1327064104012570624
1327064106596241409
1327064129882898434
1327064175198277632
1327064456543821835
1327064767245164544
1327064800040427520
1327064834349944834
1327065021915033601
1327065024725127169
1327065198881075201
1327065401717633025
1327065618491781126
1327065890697961472
1327065916543209474
1327065920313974787
1327065953599959041
1327065962022137857
1327066029261021184
1327066062861586432
1327066163705221134
1327066180968992768
1327066206096953344
1327066213936209927
1327066272643903489
1327066332060323840
1327066465518972935
1327066616857817088
1327066805903499265
1327066813776027648
1327066910710587393
1327066977446338562
1327067090218577920
1327067111693291525
1327067195411722245
1327067261845131264
1327067274931544064
1327067312915173376
1327067334138351617
1327067488518086656
1327067543710797824
1327067552233689088
1327067581241552896
1327067753501560832
1327067773919404032
1327068156360323078
1327068181542752261
1327068193584783370
1327068197435154433
1327068206863765506
1327068356822913026
1327068454210457600
1327068529410105344
1327068554194284545
1327038556695621635
1327038606754664448
1327038838171181056
1327038942995243012
1327038959369793537
1327039077229752326
1327039081377714176
1327039181567258624
1327039244448264193
1327039475852210176
1327039534228500485
1327039680701927426
1327039868602486784
1327039882569650177
1327040264184221696
1327040297331638274
1327040364264484864
1327040461429673990
1327040469126279169
1327040628807540736
1327040729416409088
1327040803768819714
1327041086309756928
1327041098456453122
1327041312529539073
1327041333538775040
1327041493144662022
1327041518088187905
1327041559896973323
1327041605845483520
1327041840630161408
1327041870636179456
1327041904358400008
1327042197108101121
1327042201151442944
1327042323230978048
1327042398749245440
1327042490868883458
1327042512075231232
1327042565586120705
1327042591632723969
1327042694305247233
1327042709622820864
1327042810114170882
1327042843693772808
1327042851503542274
1327042968981708801
1327042981501820930
1327043242005762048
1327043337883365377
1327043434499215360
1327043695074570240
1327043782236311552
1327043997282471936
1327044101682946054
1327044210105536512
1327044244696076288
1327044470525792257
1327044475114418181
1327044545779994627
1327044596820549637
1327044609650929664
1327044827473731584
1327044898084839424
1327045062178508800
1327045108043304960
1327045225693421573
1327045237831831553
1327045439502344195
1327045527343484929
1327045619794530310
1327045628006981634
1327045742289059840
1327045788229390336
1327045892638175235
1327046081323130886
1327046253050437635
1327046278426095616
1327046350240968707
1327046371073953792
1327046735793950720
1327046810796376064
1327046936797474816
1327046940798951424
1327047008251645952
1327047217660747778
1327047334979457025
1327047422929940480
1327047456698363904
1327047847598911488
1327047872286781440
1327048073340538880
1327048295718510593
1327048308448235525
1327048337824968705
1327048384033808384
1327048391998787584
1327048581262450691
1327048845335932928
1327048891448119302
1327049000999120896
1327049013246496768
1327049201755316225
1327049237385850891
1327049311356502016
1327049403044040704
1327049470165594113
1327049562188521472
1327049570522689538
1327049667910262784
1327049686637752326
1327049751305580544
1327049927948603392
1327049957644316673
1327050094483558403
1327050120974667776
1327050132668493826
1327050196379791360
1327050372561604608
1327050405495398400
1327050653273874434
1327050753438085120
1327050875089670146
1327050883763490818
1327051084834234373
1327051198155816960
1327051248781193216
1327051333040529408
1327051538477486081
1327051551198896130
1327051554373951490
1327051643033178113
1327051663857889281
1327051991265193985
1327052070579527684
1327052087285469184
1327052104545001474
1327052129710731264
1327052461148921859
1327052586650918913
1327052670578937859
1327052683166052352
1327052696340336640
1327052813097111553
1327053022061617154
1327053023294742528
1327053065061543941
1327053160838475776
1327053258246873093
1327053279990255617
1327053408558145536
1327053459531689984
1327053475574845441
1327053497200640000
1327053521720664065
1327264952822992896
1327265053125599233
1327265183589347329
1327265317572272128
1327265364552642563
1327265430457774080
1327265695394979840
1327265816966926336
1327265846478196738
1327265849871364097
1327265887360065536
1327265934222848004
1327266286192226304
1327266516761522179
1327266564157157381
1327266596721713152
1327266760601559040
1327266790074945536
1327266987412742144
1327266994786164736
1327267024192630785
1327267083801997313
1327267120762081280
1327267146544652290
1327267242837499905
1327267356599410688
1327267510798802944
1327267700343676928
1327267708514209792
1327267897476083712
1327267934717272064
1327267946998206464
1327268047850262528
1327268216343814148
1327268220114493440
1327268395675480064
1327268451140972544
1327268517692002304
1327268669001400320
1327269172762570752
1327269180140347398
1327269340039630849
1327269343919546368
1327269364794462209
1327269440006840321
1327269541332848643
1327269562950234113
1327269688884088832
1327269789144903686
1327270111602872322
1327270200417378311
1327270246642823169
1327270283867279361
1327270602357547011
1327270640429248512
1327270691239059459
1327270841650991106
1327270883875041281
1327271160325791746
1327271348868100096
1327271357323890692
1327271382208581633
1327271411841458176
1327271546650562566
1327271549888589831
1327271664267239429
1327271721964072960
1327271906706411521
1327271914830581760
1327272007075983360
1327272130266873857
1327272162378600448
1327272242686939136
1327272372580229123
1327272389143617536
1327272430763642880
1327272528218296323
1327272594576445440
1327272703900803072
1327272754198900736
1327272787610886150
1327273035435552774
1327273346120126464
1327273374654017539
1327273396103761921
1327273614291427328
1327273723431448576
1327273841073278979
1327273940675424257
1327274020539084802
1327274147953528832
1327274390057340932
1327274515227930626
1327275001448370177
1327275048634380289
1327275086148218880
1327275090724016129
1327275286187171840
1327275287114117120
1327275325504425984
1327275358941556738
1327275434392870912
1327275576655273988
1327275627909681160
1327275635652354048
1327275652001779712
1327275652890959872
1327275694959849472
1327275904264003585
1327275937201868801
1327275945653391367
1327276068055597059
1327276201996640260
1327276428329672704
1327276440702889984
1327276444683218945
1327276541919817729
1327276763588685824
1327276777018855425
1327276970091155456
1327277083475779585
1327277145824092161
1327277557209735168
1327277766866296833
1327277884407418881
1327277884642299904
1327277996827238400
1327278030302175235
1327278080549933057
1327278114230112264
1327278118181236736
1327278185914970112
1327278499804176388
1327278684403884033
1327278957264252934
1327279121156747267
1327279124575088642
1327279142535106560
1327279251368927233
1327279292733075456
1327279304754016257
1327279351398731779
1327279507120779265
1327279569762541568
1327279712519946240
1327279733017460742
1327279758598676480
1327279931022258182
1327068826719105025
1327068873309425664
1327068923708239872
1327068996324220928
1327069032588201986
1327069154709544965
1327069300969115650
1327069581748396034
1327069603021860864
1327069699360890881
1327069779853762560
1327069859226726400
1327070798025207808
1327070802542522373
1327070894641082374
1327070903700742151
1327070982532546560
1327071062388072448
1327071159104413696
1327071231011643399
1327071272447176704
1327071377229275138
1327071868264693760
1327071958706614273
1327072131746828298
1327072195382657024
1327072358163750917
1327072421803945984
1327072577026658312
1327072719565955073
1327072803451924480
1327072992602550274
1327073084138983427
1327073113301925888
1327073151667367939
1327073197573935105
1327073201440968706
1327073231044546561
1327073235863793669
1327073298484764673
1327073348287930368
1327073537568411650
1327073697082077184
1327073763259785216
1327073990247022592
1327073995087220736
1327074049516822529
1327074067166470144
1327074152554131456
1327074266580480003
1327074292241207296
1327074297077248000
1327074371542810624
1327074552237658113
1327074594797314048
1327074825563680768
1327074883923275778
1327074917297377280
1327075038584037376
1327075064345468928
1327075080971694085
1327075143219372035
1327075201889218560
1327075445599301634
1327075466805714944
1327075554391109633
1327075676520812544
1327075689221160960
1327075739406110724
1327075852161601536
1327075957044375553
1327076255364050946
1327076301690310657
1327076309789515779
1327076427687194625
1327076494619897864
1327076572763926529
1327076588350033920
1327076875554992128
1327076876033040384
1327077031071268865
1327077052072271872
1327077076839657472
1327077518130765834
1327077656018513922
1327077752302923778
1327077823840915457
1327077869688934407
1327077903662788608
1327077962194173953
1327077974731071489
1327078029835837441
1327078042397679616
1327078093085962240
1327078146781360128
1327078176166719490
1327078222899638273
1327078318315892737
1327078340281430017
1327078438818045952
1327078478542479362
1327078578991878144
1327078588131258368
1327078713180123136
1327078725431734274
1327078727713316864
1327078758621212672
1327078775855656962
1327078793022935041
1327078797276028928
1327078805912039426
1327078843748900864
1327078947851481088
1327079023856529409
1327079246032900096
1327079345836453899
1327079413100384256
1327079506507669507
1327079682009833472
1327079752772050944
1327080068078739456
1327080076282892289
1327080163784343557
1327080239290310657
1327080240275988482
1327080353782136833
1327080369695428609
1327080399604912128
1327080457553448960
1327080512406638592
1327080537337552896
1327080700986744832
1327080709278863360
1327080864270921733
1327080910378979330
1327080911326883841
1327081020139692032
1327081078532812802
1327081162582482945
1327081191653089281
1327081217284562945
1327081254374625281
1327081263002337280
1327081309252960257
1327081338579673089
1327081506188222465
1327081557056573440
1327081560810676231
1327081616167014400
1327081675067588608
1327081689663737856
1327081762044792833
1327081837366288384
1327081842290294784
1327081845910085632
1327081859424071688
1327081921181069312
1327082059798601728
1327082093734608896
1327082157358112768
1327082185686335488
1327082207018508294
1327082223363891201
1327082273800380417
1327082403970641922
1327082580425011200
1327082592596873216
1327082722687397890
1327083019136602112
1327083145930416129
1327083151802458113
1327083259617046528
1327083284535201798
1327083314100965380
1327083360770932736
1327083460654231554
1327083561497706499
1327083574307205120
1327083670805618689
1327083704871686147
1327083804457046018
1327083805430083584
1327083840817541122
1327083849315184641
1327083959864406017
1327084447724957701
1327084547578728449
1327084602155016192
1327084908662185985
1327084920515284994
1327084958079279107
1327085008679473152
1327085040984002561
1327085160437837825
1327085192817889280
1327085256457981953
1327085336359563267
1327085340595789831
1327085361479159808
1327085453019926528
1327085591343878145
1327085621697982464
1327085654703026177
1327085826275151874
1327085880729763845
1327086338600910848
1327086514514370560
1327086652616044547
1327086653568131074
1327086656650874881
1327086661717676032
1327086770417242112
1327086882270932994
1327087067910840324
1327087105873498112
1327087114677334019
1327087232377733122
1327087399189442560
1327087420706332672
1327087421087858688
1327087470861721601
1327087617083666432
1327087634599047169
1327087674138759168
1327088259399364608
1327088360460931072
1327088430451286016
1327088489654050816
1327088523606888454
1327088565524733953
1327088582918615041
1327088632889565185
1327088662698344449
1327088921981890567
1327088934657036288
1327089010120921088
1327089194821414918
1327089253180968960
1327089290996830208
1327089295472128005
1327089341869527043
1327089349456850945
1327089379756662784
1327089383434903553
1327089395921350657
1327089412895768576
1327089459708399616
1327089484538777600
1327089534182567937
1327089668282855425
1327089987033198595
1327089995622928384
1327090138933993472
1327090289232781317
1327090344400482310
1327090431587442689
1327090537158090754
1327090637737365505
1327090918957125633
1327091166131654658
1327091166341337088
1327091224961048576
1327091463495278593
1327091467593146373
1327091566968795139
1327091603198992385
1327091729065934848
1327091958813130752
1327091996247420929
1327092131274629120
1327092478516875264
1327092506400595969
1327092612914884608
1327092626202484737
1327092860039155721
1327092982760214528
1327092986811826176
1327093002871959554
1327093053744672769
1327093067170664449
1327093305755246592
1327093334511239169
1327093338500194305
1327093481744068609
1327093531748540419
1327093681845923840
1327093821180678144
1327093837894983680
1327093975895851008
1327093992304087040
1327094039548547072
1327094114375114754
1327094135233372162
1327094219907891202
1327094361486630912
1327094383473135616
1327094386933473281
1327094450594619392
1327094588327292932
1327094601371451394
1327094635374768128
1327094671625965568
1327094954490028033
1327095046097817600
1327095188980981760
1327095377040863234
1327095486172463104
1327095511514542080
1327095674366791680
1327095792264503296
1327095909658865665
1327095922623385602
1327096240635584515
1327096244746014720
1327096303420121088
1327096322093006848
1327096387528515587
1327096408604876800
1327096602096410624
1327096769134669825
1327096890899517441
1327096970389938183
1327097184592883713
1327097226380894209
1327097239886565376
1327097339782127617
1327097445587836939
1327097511480340480
1327097637712048128
1327097706712604672
1327097713494810625
1327097742309593088
1327097835393847296
1327098027929071617
1327098195336454144
1327098234309840897
1327098350722756614
1327098367457988609
1327098461880246275
1327098480515555329
1327098481056632832
1327098550879211520
1327098568663031809
1327098653257969665
1327114088464334848
1327114192579665920
1327114272300802054
1327114272955113472
1327114281494728711
1327114373643468801
1327114700337917952
1327114743346302976
1327114804717375489
1327114952780304386
1327115036402343938
1327115052093157379
1327115119604551680
1327115145009647617
1327115425411379201
1327115434471137280
1327115594265743361
1327115615350427650
1327115656945311744
1327115669188521984
1327115703246270464
1327115715300626432
1327115856111919104
1327115879230951425
1327115899648741379
1327115904702967808
1327115979000692736
1327116181161926656
1327116197280813061
1327116445650718727
1327116465619791877
1327116528383184896
1327116575745449985
1327116633354227713
1327116634457337861
1327116676354220033
1327116767735414785
1327116859670347777
1327116869036339200
1327116926884122626
1327116990608248834
1327117162897682434
1327117384709246985
1327117644131143680
1327117712137580545
1327117812918345743
1327117853850554370
1327117947333173251
1327118019378679808
1327118073455906820
1327118089637535745
1327118173364215810
1327118273444524034
1327118302565556224
1327118626860699649
1327118966305779714
1327118995431059456
1327119061822689280
1327119099944644612
1327119680025268226
1327119733167157252
1327119787852500993
1327119821432090624
1327119909395030019
1327119909533396993
1327119961219862530
1327119983227396101
1327119999954247680
1327120430847700993
1327120703645167616
1327120791134232576
1327120819257040899
1327120829231083520
1327120878962929665
1327120908591525888
1327120975033462786
1327121003718320128
1327121244576227331
1327121268190154754
1327121412109312000
1327121453230288897
1327121462453526529
1327121537170870279
1327121642892521474
1327121690564976654
1327121696940302336
1327121817929179139
1327121919318089729
1327122141825921026
1327122220972470272
1327122230149599232
1327122270414909445
1327122485096148994
1327122497431605248
1327122573159763968
1327122599214800899
1327122712570056704
1327122724125368323
1327122807940149249
1327122836834684929
1327122863372034054
1327122916601962497
1327122997220679681
1327123110529822726
1327123484187693059
1327123523861614593
1327123622587215872
1327123710373933056
1327123907355308032
1327123912417832960
1327123977656020992
1327123979002327042
1327124080131190784
1327124326454267906
1327124470528679938
1327124540154114048
1327124595221155842
1327124750481694721
1327124862805151744
1327124905960366080
1327125040559775746
1327125099351334912
1327125118334754816
1327125122868711425
1327125303555186688
1327125555398008832
1327125639787376641
1327125644212400130
1327125681411665925
1327125709987438592
1327125769479393280
1327126117162115073
1327126143359721472
1327126250943623170
1327126297030631425
1327126512571703299
1327126646109900802
1327126671695228932
1327126705526411269
1327126750200012811
1327127103372922881
1327127107353399296
1327127183102500865
1327127203210027008
1327127221211951104
1327127384563343365
1327127421078933505
1327127438279708673
1327127442855768070
1327127631746265089
1327127661370626051
1327127841297879049
1327127899917479936
1327128021074063360
1327128210551824387
1327128369121595394
1327128419411390467
1327128445818703874
1327128521626574848
1327128579520524293
1327128638966390788
1327128726946123776
1327128802347069441
1327129011953299464
1327234744992542720
1327234833366605825
1327234904179040256
1327235128616235008
1327235152221769729
1327235232907538432
1327235250225897472
1327235450327736321
1327235538739408896
1327235609937780742
1327235639222235140
1327235668695769089
1327235766204981248
1327235807372079104
1327235898317139968
1327235954092883970
1327236049710542848
1327236143033757697
1327236280699248641
1327236373078822914
1327236373619863553
1327236439663382528
1327236485985284097
1327236595821535232
1327236676536692737
1327236972780294144
1327237022457671683
1327237128208707584
1327237144461664258
1327237182239764480
1327237195455926278
1327237219657060354
1327237245267566592
1327237312992976905
1327237367552385025
1327237710751346689
1327237752866426880
1327237789918912512
1327237803848163329
1327237861821849606
1327237890812895232
1327237899981623297
1327237984178089984
1327238231679614977
1327238256400994304
1327238290429403137
1327238537746526209
1327238906539110401
1327239095513452544
1327239103729922048
1327239347318484993
1327239358630539266
1327239484996415488
1327239711736336385
1327239904070340609
1327239959053545472
1327240026548281346
1327240063881797634
1327240064443817986
1327240198074327040
1327240328575934464
1327240567714177025
1327240608914808832
1327240667345674242
1327240697863426051
1327240768671674368
1327240970170216455
1327240979120754689
1327240987010330624
1327241170838286338
1327241369019174913
1327241397792071682
1327241473348268032
1327241523474337793
1327241523734347778
1327241540939509761
1327241636611452931
1327241682870419464
1327241691611484160
1327241973158342659
1327242173863981057
1327242189794111489
1327242204725846016
1327242441536253952
1327242513191727104
1327242534788227072
1327242734751653889
1327242749335179264
1327242865597177858
1327243239137701888
1327243336126771201
1327243498886672384
1327243554452766720
1327244010583429120
1327244014517686273
1327244169908195329
1327244312573317122
1327244337365848064
1327244547617910785
1327244559869501440
1327244622863720449
1327244887507562496
1327244963634089984
1327245044328361991
1327245142844125187
1327245171973644288
1327245268459241474
1327245294724026375
1327245381957279744
1327245466589945856
1327245508268605440
1327245546575237121
1327245671594926080
1327245819381215232
1327245821604147200
1327245864952184834
1327245902508142593
1327245952420376577
1327246050101325824
1327246104392572929
1327246120939114497
1327246263176339456
1327246267668455425
1327246291991228422
1327246360018563078
1327246367509651458
1327246392826363904
1327246430973509633
1327246480583897088
1327246569222135809
1327246581544923136
1327246686633086976
1327246796259815425
1327246824529399810
1327246900958015494
1327247097930932227
1327247172920872960
1327247223973941248
1327247303388884992
1327247399425863685
1327247463036690432
1327247575624380421
1327247701893926912
1327247722328494085
1327247752561123328
1327247806382432258
1327247843896094720
1327247966218964992
1327247969435983874
1327248166547304449
1327248179222470656
1327248397372428289
1327248410978754562
1327248594970112000
1327248619544539139
1327249011045122048
1327249190246895617
1327249191035428870
1327249237168492546
1327249425853505537
1327249476189368320
1327249580010958848
1327249735636365313
1327249777097121795
1327249790892187648
1327129103640702977
1327129283853242368
1327129447577907200
1327129488350711809
1327129694609797121
1327129711387009026
1327129791603089409
1327129876260925440
1327129900495613953
1327129914735288320
1327130035069784064
1327130107446693890
1327130177294495746
1327130235310051328
1327130260924665856
1327130416134975490
1327130446086496260
1327130617067212800
1327130645647290370
1327130652026789891
1327130802270965760
1327130864522842112
1327130978872139779
1327131133155414019
1327131158623252482
1327131215359512577
1327131486089322497
1327131704419561472
1327131800800538624
1327131837836238853
1327132128849649665
1327132358231920640
1327132387650760704
1327132634795954177
1327132799351058434
1327132821345988611
1327133147377659904
1327133311844708353
1327133600320544773
1327133751890108416
1327133789945032706
1327133864041574405
1327133915807686656
1327133970501414913
1327133995386212352
1327134186499608576
1327134214098198529
1327134326971109383
1327134337813372931
1327134360185823241
1327134430150975488
1327134467689996289
1327134778961915904
1327134860528508928
1327134916224626689
1327135247968972800
1327135357146685441
1327135381796638724
1327135538915270657
1327135782356840448
1327135915526004737
1327136053925437444
1327136084648718336
1327136145986220033
1327136226969870337
1327136543878819840
1327136573838725123
1327136645347487744
1327136689194668037
1327136691912646660
1327136879557423104
1327136953008082945
1327136967310643201
1327137013506723841
1327137022390231040
1327137047937773569
1327137248236728322
1327137291329036289
1327137452075732993
1327137600969338881
1327137618514075648
1327137661430210563
1327137941907513345
1327138022513664002
1327138058853113857
1327138100334784515
1327138236247011330
1327138599859597315
1327138613700780034
1327138622332657664
1327138710220124171
1327138810828820480
1327139015942926339
1327139023907934208
1327139053247094784
1327139106451763204
1327139201175973889
1327139282486775809
1327139480034299904
1327139599425171456
1327139660649426945
1327139728815239168
1327139765716733959
1327139897531113478
1327139921665077250
1327139991458295809
1327140046475038722
1327140051495612421
1327140071506669568
1327140412574871558
1327140425363238913
1327140465922207744
1327140471936839682
1327140536713621505
1327140642225614850
1327140941015244802
1327140997801930752
1327141019884916737
1327141041192005632
1327141104593088513
1327141146179596290
1327141199782744065
1327141333547569157
1327141382390165505
1327141432382152706
1327141543426265088
1327141586384384000
1327141889808752643
1327142265807114240
1327142441091272704
1327142514025959426
1327142592161738753
1327142618090917888
1327142647174230016
1327142692464291845
1327142808235499520
1327142891001704448
1327142936899948545
1327143147361734657
1327143155330854918
1327143176075882499
1327143227414245376
1327143441214660608
1327143466061750272
1327143855746113536
1327143889300578305
1327143948457041921
1327144032057905153
1327144101872078848
1327249980294389760
1327250247295270917
1327250269017616384
1327250863761596417
1327250885307666433
1327250976936402949
1327251346764992513
1327251368160137217
1327251526579052545
1327251833203552257
1327251862584774656
1327251921774780417
1327252096694054912
1327252403285012480
1327252511162572801
1327252659619950598
1327253112093085697
1327253217185415170
1327253254712025092
1327253255135633409
1327253363445166081
1327253644174106631
1327253721173135360
1327253796007923713
1327253851192385536
1327253870045749249
1327253934478675968
1327254253379973124
1327254286514987009
1327254354219261953
1327254521286860801
1327254723632705536
1327254765512896515
1327255054185742336
1327255213955309570
1327255273015300097
1327255507111976962
1327255511302103040
1327255528284811265
1327255662074716162
1327255855436337152
1327255860196773888
1327256018678468609
1327256286875054081
1327256404483330049
1327256425270112258
1327256450897481729
1327256493389910017
1327256543687897088
1327256778539757568
1327257244346556417
1327257268186984450
1327257369160671235
1327257436420513793
1327257524085657601
1327257634379063297
1327257814709006336
1327257848557006851
1327257969130496001
1327258161724665857
1327258241475047427
1327258455032422402
1327258509965029377
1327258518999580677
1327258661589311488
1327258794867363840
1327258892552740865
1327258908403118086
1327258930100248576
1327259039634481152
1327259046659956736
1327259122694303745
1327259227522555904
1327259278432878594
1327259475628224512
1327259638983692288
1327259688904351749
1327259890717515778
1327259928503803904
1327259965128667137
1327260057629814784
1327260061836709888
1327260167730237447
1327260293488123905
1327260573688479744
1327260662435885056
1327260699979083782
1327260905864835072
1327260918611202049
1327260997590118402
1327261082050727936
1327261182374281217
1327261547689897984
1327261563485515780
1327261652182593536
1327261681148432385
1327261698584162304
1327261789696962563
1327261793975152640
1327261945595006976
1327262025429422081
1327262106186633217
1327262348143435778
1327262386332569601
1327262440334168064
1327262654193405953
1327263006754037760
1327263048353058818
1327263186735783937
1327263204058279938
1327263241425330178
1327263317195370497
1327263333536452609
1327263356143726592
1327263379480866822
1327263543486541824
1327263631860510720
1327263640379121665
1327263681185538052
1327263749741297664
1327263825033355264
1327263903991132161
1327263917295489026
1327264084874637312
1327264114473889792
1327264348306280451
1327264608394956800
1327264725915189248
1327264856932806658
1327219805594718208
1327219909739339777
1327220010394267648
1327220250295881734
1327220253848342529
1327220360761274373
1327220522212536322
1327220574117040129
1327220583126462464
1327220784343953408
1327220830091272193
1327220887964225536
1327221000249831425
1327221064053743617
1327221295797440514
1327221357587832833
1327221391230464001
1327221495781875714
1327221507764887562
1327221520855392257
1327221567747731458
1327221851697737730
1327222184004247552
1327222221207638016
1327222266799616002
1327222423465365507
1327222629669933057
1327222929520807936
1327222988446593024
1327223162329833477
1327223446242291713
1327223530426142722
1327223538659577856
1327223556090990592
1327223673338687491
1327223790112305154
1327223795388702720
1327224074548908032
1327224288508841986
1327224351574401025
1327224478066204673
1327224511155097601
1327224540712366080
1327224587063615494
1327224707788140544
1327224821189648385
1327224918950498308
1327224964160888832
1327225110932013056
1327225438838677505
1327225723262803969
1327225777495056384
1327225933787406336
1327225935473627137
1327226016872349696
1327226369009336321
1327226436248346625
1327226587771789312
1327226721431678976
1327226843590692866
1327226852637859841
1327226894018863107
1327227087686692865
1327227141382139905
1327227144926277635
1327227258608685059
1327227305119379456
1327227444420628480
1327227494467051522
1327227530999455747
1327227545109065728
1327227568748191746
1327227636817534976
1327227655570161664
1327227674050375680
1327228159985672192
1327228210266910723
1327228323584483331
1327228496075231232
1327228546587258880
1327228679919898624
1327228799155662848
1327228856890249216
1327229126051328000
1327229255646842880
1327229326153158658
1327229498157359106
1327229806069497858
1327229997107585025
1327230015185055745
1327230053491617794
1327230069115383811
1327230245724938240
1327230253345935360
1327230547450617857
1327230717647007744
1327230799444324352
1327230934047928321
1327230940758814721
1327231125694140418
1327231184443740160
1327231274407301121
1327231336155926528
1327231588455903232
1327231599558225920
1327231691589636096
1327231712703754241
1327231805213306880
1327232015175970818
1327232086579826690
1327232140728274945
1327232266691620864
1327232605889171456
1327232661480501248
1327232669118291970
1327232682049331200
1327232685874565120
1327232745475551232
1327232849536299009
1327232874832146432
1327232946764320768
1327233160875307009
1327233168898834433
1327233172908744704
1327233252130603013
1327233362273079298
1327233366668812288
1327233387573223425
1327233432297107456
1327233449112064000
1327233483027206144
1327233483945746432
1327233629123203072
1327233634554810368
1327233688237711361
1327233806206709761
1327234557570134016
1327234719675781120
1327204673405775872
1327204733212389376
1327204937961517058
1327204958853279751
1327205209140031488
1327205439357005825
1327205529945481219
1327205633645572097
1327205647637688320
1327205731389542400
1327205851468271617
1327205898553462786
1327205956179136512
1327206149943341056
1327206251743342592
1327206325181362176
1327206397763870720
1327206426389803008
1327206429720272896
1327206451761311744
1327206482123886592
1327206741810040832
1327206909019971585
1327207033993572353
1327207052624728064
1327207077924712449
1327207113769308160
1327207160292446210
1327207212075376640
1327207485212684288
1327207781728985088
1327207985949659136
1327208130653073410
1327208300224552960
1327208301566840834
1327208362669453313
1327208488586665991
1327208494857129985
1327208552495190016
1327208585001136129
1327208632912670720
1327208690097774592
1327208757596729344
1327208758573985794
1327208811241857024
1327208825787613185
1327208922764222469
1327208954393485313
1327209257129938946
1327209386687799297
1327209412054953988
1327209415129391104
1327209681832513536
1327209726023757830
1327209882718588928
1327209942491729923
1327210063082254338
1327210347611111424
1327210372500238336
1327210423079276550
1327210524921253888
1327210583708606466
1327210818845483008
1327211070306574337
1327211156478550017
1327211162388336642
1327211162803597312
1327211182390960130
1327211576814948353
1327211585492938752
1327211618095214594
1327211751826341888
1327211783220674561
1327211798358061057
1327211853735399424
1327211992814395395
1327212133457674241
1327212281613217793
1327212322113384453
1327212376723234824
1327212378937765890
1327212509741207554
1327212536031309824
1327212588778876929
1327212645280264192
1327212777522536448
1327212803195891712
1327212894640107521
1327212895197917185
1327213103067623431
1327213199859585024
1327213228137570305
1327213249234931712
1327213410266845184
1327213430936309760
1327213544878845952
1327213590294777860
1327213871757733890
1327213979610079235
1327214005556039680
1327214088670220288
1327214216831528962
1327214324293758976
1327214407378755584
1327214469890650118
1327214554565271553
1327214629676834816
1327214668574642176
1327214698312437760
1327214874116706306
1327215003787616256
1327215078416977920
1327215204934021121
1327215208058777600
1327215679838191616
1327215700012716040
1327215771106254848
1327215791088005120
1327215809077325824
1327216309394935814
1327216403418636288
1327216527398088705
1327216735519272962
1327216826921652229
1327216865152733184
1327216967405678593
1327217267386560513
1327217324798173184
1327217372017668096
1327217444604284928
1327217461096288256
1327217675693649921
1327217709315203073
1327217856212328449
1327217961728262144
1327217973698805761
1327218052119801856
1327218236430163970
1327218241417203715
1327218551166365696
1327218664605708289
1327218706213113856
1327218871108063233
1327218875382034432
1327218883338637314
1327218916532183040
1327218921607348224
1327218936778207232
1327218964288692224
1327219339456630784
1327219415352545280
1327219439876632578
1327219515470573574
1327219528271622144
1327144174320308227
1327144329815724032
1327144438926290944
1327144510095302656
1327144689733165056
1327144753717260294
1327144829705445377
1327145026158268416
1327145038674096128
1327145260544352258
1327145297408126976
1327145316735459328
1327145390869782529
1327145415985270785
1327145415742001158
1327145536579919872
1327145775978192897
1327145857037312001
1327145921679941632
1327145927694540800
1327146406868635653
1327146497704681472
1327146552369016834
1327146689673768962
1327146922608562179
1327147063944089600
1327147139143700482
1327147277476106240
1327147311215075328
1327147329653268480
1327147543961227268
1327147672751452160
1327147807745183751
1327148063950057475
1327148092102205440
1327148155226509318
1327148183529590784
1327148206585679872
1327148247077556230
1327148251355734016
1327148272557953024
1327148470541705217
1327148514649006080
1327148552322244609
1327148649692934146
1327148787190607878
1327148866618134528
1327149004220747780
1327149056771153922
1327149204444241921
1327149283473305600
1327149354776457216
1327149478156046336
1327149564680433664
1327149609777590272
1327149767479222272
1327149845174489090
1327149961763573760
1327149965534257152
1327150105007362050
1327150141053292546
1327150158258315267
1327150210972311567
1327150279184297984
1327150417353060352
1327150586383503363
1327150699591966721
1327150706470641664
1327150742596182018
1327150994615119873
1327151083970580482
1327151126052032512
1327151239168225282
1327151267509121025
1327151328758550535
1327151355681779715
1327151392293855235
1327151725686427648
1327151737560559616
1327151913511563268
1327151916888043522
1327152041651826688
1327152329565614082
1327152458745978880
1327152506137423877
1327152554762002433
1327152591298584577
1327152609493458944
1327152797821915142
1327152819883880448
1327152851429302275
1327152882370613250
1327152906571816965
1327152923013509122
1327153209228529665
1327153277398609921
1327153450652749827
1327153487218692097
1327153572715356160
1327153658274910208
1327153662217641986
1327153669805137920
1327153839611518976
1327154018125291528
1327154048995352578
1327154131811889153
1327154147540529153
1327154205065351168
1327154248019300352
1327154500046626822
1327154777738895361
1327154990536945664
1327155183839801346
1327155259375022080
1327155280417857536
1327155310704939009
1327155411875753986
1327155428388708353
1327155525801406466
1327155560593170432
1327155582147637248
1327155916236582912
1327155927523471360
1327156055613321216
1327156063477653506
1327156220587892737
1327156292155289600
1327156562234785792
1327156640106352641
1327156749841915904
1327156775339106304
1327156792548229120
1327156830183837698
1327156858876989443
1327156905182179328
1327156957711577091
1327157070009827329
1327157090939400192
1327157143578038278
1327157151291338761
1327157182782009344
1327157231046037505
1327157290563153920
1327157297496338434
1327157513364639746
1327157586882400256
1327157622366040065
1327157686744518656
1327157717530656769
1327157891107876866
1327157941883920384
1327158125439365122
1327158307929419776
1327158491501502464
1327158537634635776
1327158698788196353
1327158982113251330
1327159035632775173
1327159071363854337
1327159094231359489
1327159153467514880
1327189515799322625
1327189751305101315
1327189816975396869
1327189929005248512
1327189999301894144
1327190352575352832
1327190425191510017
1327190437145305088
1327190630691467265
1327190798513942528
1327190872866377730
1327190951299670018
1327191034443550726
1327191288274317313
1327191327214358529
1327191432633913344
1327191444755415040
1327191487059288064
1327191588943110144
1327191846494363648
1327191930208477185
1327191946180382720
1327191959878987776
1327191974705733632
1327192003533271040
1327192510981091329
1327192522133790720
1327192589645307905
1327192700995690498
1327193010359083008
1327193142894977024
1327193159386820608
1327193328866226183
1327193432369082368
1327193495644332039
1327193578766995456
1327193636380037120
1327193681045168128
1327193709889327104
1327193745108979714
1327193935278706688
1327194052207513606
1327194069420961792
1327194324262658049
1327194477157560321
1327194495985852417
1327194634552897537
1327194722050445312
1327194975503781889
1327194982743085057
1327195182316523521
1327195651168374785
1327195657447243776
1327195890805657600
1327195973475590151
1327196362295955456
1327196381191294978
1327196478352179200
1327196510069665793
1327196830514388992
1327197063378067457
1327197185314787328
1327197258148958208
1327197294115090432
1327197304487546882
1327197311756333057
1327197463460065280
1327197512319574016
1327197944177696768
1327198062419259392
1327198104727281665
1327198177460695040
1327198212629868545
1327198222700453888
1327198304736841735
1327198323799851009
1327198482210369536
1327198577131741194
1327198614653972481
1327199017898369024
1327199286962966528
1327199420849373186
1327199423668097024
1327199430701953024
1327199431570165760
1327199467985100801
1327199489401229314
1327199511580651520
1327199562889621505
1327199567809540097
1327199588273549312
1327199601875709952
1327199754783174669
1327199891697889281
1327200022937661441
1327200043020021760
1327200157549531137
1327200907428245504
1327201015486160896
1327201170625081344
1327201301395025921
1327201333510803456
1327201350283759619
1327201455401545729
1327201505351331840
1327201703033270273
1327202046081118208
1327202076175187968
1327202168718430209
1327202288365162496
1327202330291412993
1327202367998107648
1327202419734966272
1327202547199848448
1327202693404893185
1327202722987208705
1327202768147394562
1327202782995214341
1327203030777753602
1327203227369148416
1327203229277376512
1327203314551975937
1327203389231415297
1327203510845403136
1327203700453093379
1327203724788379649
1327204040891977728
1327204148899696640
1327204158626205696
1327204179450994688
1327204261663559680
1327204304210583553
1327204385068363776
1327159245905801217
1327159299739672578
1327159442031448067
1327159591788965888
1327159610290163712
1327159631307804673
1327159693068873728
1327159749603975168
1327159891828551680
1327160042823544832
1327160060506562561
1327160107734593536
1327160122229985281
1327160351004254209
1327160399393935360
1327160506457714695
1327160641581420544
1327160698871410688
1327160825421852672
1327161447038726144
1327161556270870533
1327161598935502850
1327161826732355584
1327161841089277953
1327161928020602885
1327162172426870784
1327162449657663489
1327162530582523904
1327162551826866176
1327162651353485312
1327162838444601345
1327162842009759744
1327162958410113024
1327163049371783168
1327163049694916615
1327163120834457600
1327163134428151808
1327163181085691906
1327163242444099585
1327163258734739456
1327163450167074816
1327163559361597442
1327163735472033792
1327163796146819072
1327163797568630789
1327163838026825728
1327164184862334977
1327164504250216450
1327164533107011584
1327164649750597633
1327164731698810880
1327164835826688000
1327164920828452865
1327165095542026240
1327165281144238081
1327165362086027264
1327165485037670400
1327165532538331136
1327165571771863041
1327165576670801920
1327165654919733249
1327165803310018560
1327165880661397505
1327165906716418050
1327166095833219073
1327166139898728449
1327166262921867264
1327166370686013440
1327166450927210496
1327166540618330117
1327166551947153409
1327166677071572994
1327166767819595776
1327166904054779909
1327167046564515840
1327167313389481990
1327167467769143302
1327167485137674240
1327167612053303296
1327167619695333379
1327167798305427456
1327167968883642368
1327168118507106304
1327168214888017921
1327168267652358144
1327168276770791425
1327168529842511874
1327168588197847040
1327168844083863554
1327168954876391424
1327168994697228288
1327169073810051075
1327169139102781440
1327169170669113347
1327169219801325569
1327169242790309888
1327169332326133761
1327169380212371456
1327169412424613888
1327169414513504256
1327169567949533184
1327169756231847936
1327169758509346821
1327169845532639237
1327169967079485440
1327170188018638849
1327170273162915841
1327170411289735168
1327170541451665408
1327170820104466434
1327170853155454976
1327170926916624384
1327171355884675072
1327171406140936193
1327171489536176129
1327171563850850305
1327171597896192000
1327171648831713285
1327171694801219584
1327171716632678400
1327171725885321216
1327171936233943041
1327172016558862337
1327172145651331073
1327172169810337792
1327172208582651905
1327172265381752832
1327172281823600640
1327172742295281664
1327172957408538625
1327173016300740608
1327173253685780481
1327173326524047361
1327173335671844864
1327173478907166722
1327173576206807041
1327173690921005062
1327173837818126336
1327173867589275649
1327173895762313216
1327173945083228161
1327174087416766465
1327174112041725952
1327174271077117952
1327174284851208192
1327174523687460864
1327174564342861830
1327174593384214531
1327174730298707968
1327174822586179584
1327174914428715008
1327174916110737408
1327175153860702208
1327175266716831744
1327175324321210369
1327175478239760396
1327175610226053120
1327175640651587585
1327175659370672128
1327175822411788289
1327175866611343361
1327175990154506241
1327176293503426560
1327176516866891781
1327176709389635585
1327176820307996674
1327177196629237762
1327177203294101506
1327177249687293952
1327177320008994817
1327177353332731904
1327177436350451712
1327177897984057345
1327177923435130881
1327177972315549696
1327178137269010432
1327178148929286144
1327178193204338688
1327178217719955456
1327178355209363456
1327178400017096704
1327178439699402753
1327178492639776770
1327178585572970497
1327178613079367680
1327179517031378944
1327179540104409089
1327179604671438853
1327179633385672705
1327179767871893504
1327179768333266945
1327179801275338755
1327179852005433344
1327179883676540930
1327180038114971649
1327180041810288644
1327180048902856704
1327180153018077185
1327180441267425280
1327180639762743296
1327180759552069632
1327180825549565953
1327180826694594561
1327181025336692736
1327181080131219458
1327181227716202502
1327181283332661248
1327181433400676353
1327181442472964097
1327181574429958145
1327181736304926721
1327181761323778048
1327181770962440192
1327181780206534656
1327181820455133184
1327181831695859713
1327182020670263296
1327182225826328576
1327182394760318976
1327182522455887872
1327182548984803328
1327182585139761152
1327182723224645633
1327182946437115904
1327183061088350208
1327183085956452355
1327183105581453312
1327183290122399745
1327183393986142208
1327183458934812672
1327183665806323718
1327183844408176640
1327183908383780864
1327183974263787520
1327184144338599936
1327184504235188225
1327184512271273984
1327184550137532418
1327184641497960449
1327184799950376960
1327184831210532864
1327184885094596608
1327184894271819777
1327184960059486213
1327184961850499073
1327185007912382465
1327185130071461888
1327185339711107073
1327185623711703041
1327185768406781953
1327185830868176897
1327185889554878465
1327185961348894720
1327186242719592448
1327186281235841024
1327186306728927232
1327186477617475584
1327186614804754433
1327186721633656832
1327186726318714881
1327186823316205570
1327186955935883264
1327186959437950976
1327186991117688833
1327187108134522880
1327187153642606592
1327187219212361728
1327187225956802562
1327187379464019970
1327187397663219712
1327187497684668419
1327187507772071939
1327187632821047297
1327187656200105985
1327188006797594624
1327188011071758337
1327188154709925888
1327188168865673217
1327188321261457410
1327188583807995907
1327188684341456896
1327188697306046465
1327188705921130496
1327188894043889665
1327189030451228673
1327189317358211072
1327189343543336961
1327189417463779328