1327717798794076160
1327717799070875649
1327717883384881153
1327717924497477634
1327717954482565120
1327717967501594626
1327718067934273543
1327718075781632001
1327718108602232833
1327718155733532672
1327718185118863362
1327718256438894593
1327718381886337025
1327718386957250565
1327718436890402821
1327718512240914432
1327718612631773189
1327718703409008641
1327718713026621442
1327718765161816067
1327718778021556224
1327718789119668231
1327718804491821058
1327719220738592768
1327719246177165312
1327719308575846400
1327719399571251207
1327719480932192256
1327719580681297920
1327719589829079043
1327719640428998656
1327719686340026368
1327719807727374337
1327719913075527681
1327719971292639232
1327720013650857989
1327720064229978113
1327720120282537984
1327720123130671104
1327720130407772163
1327720257201516547
1327720301791236106
1327720407953190913
1327720479235465218
1327720483484209152
1327720534637948929
1327720542640758796
1327720546256220167
1327720609615388674
1327720655660462083
1327720803119587328
1327720844102168581
1327720865094529024
1327720910032396289
1327720924150456323
1327720963010678784
1327720999182237696
1327721129209966598
1327721141897662470
1327721172260311041
1327721205126877186
1327721347842191364
1327721531317870592
1327721574171090947
1327721616290304003
1327721624641081344
1327721754299670530
1327721771412451330
1327721788277604353
1327721792329408513
1327721813753933824
1327721854606471168
1327721964052615169
1327722034571472897
1327722170064146432
1327722242407591945
1327722278218575872
1327722374653886464
1327722438289993728
1327722450038165504
1327722460746137600
1327722479847051264
1327722642892337152
1327722667336720385
1327722723297038336
1327722979896209408
1327722985386430464
1327723033600069644
1327723059030200321
1327723088222560259
1327723088948162560
1327723298155868165
1327723347438948352
1327723444545445888
1327723465294680071
1327723540754284544
1327723652767387648
1327723821986701313
1327723866651811845
1327723931613208576
1327724044427333632
1327724103520956417
1327724143660429312
1327724232940335105
1327724421381963776
1327724442244452352
1327724513728081925
1327724625049088002
1327724702706634752
1327724824836370435
1327724966649933828
1327725076184264705
1327725122447400960
1327725244166107143
1327725327594835968
1327725328035418115
1327725370037178369
1327725491730608128
1327725499888484354
1327725564845649920
1327725671905431552
1327725782811222018
1327725874796322816
1327725935790075906
1327725953418747907
1327726095093809152
1327726128966946818
1327726191374192640
1327726237788364800
1327726259128791040
1327726350904553473
1327726368138932224
1327726452708499458
1327726479132639232
1327726598540439557
1327726623777501184
1327726699866451968
1327726867655364614
1327726898927919104
1327726930251149314
1327726941961596928
1327726979215286272
1327726980813426690
1327727039307276290
1327727072194797578
1327727080759390216
1327727168605065218
1327727173709520898
1327727202943836162
1327727236011728897
1327727257209679878
1327727374268559363
1327727404387770369
1327727543030525954
1327727592590483457
1327727630242746369
1327727639667347456
1327727718381842434
1327727769250193408
1327727912880136194
1327727927904133120
1327728020996513792
1327728032920924160
1327728079955963905
1327728096598925312
1327728113011322881
1327728179864346625
1327728515228311553
1327728540985552900
1327728574229516291
1327728586879504384
1327728607674843136
1327728768971051009
1327728932867731460
1327728939503128591
1327728976513601536
1327728995819941888
1327729429578072064
1327729442102280192
1327729533940854793
1327729597597831176
1327729706439852032
1327729811398258689
1327729879757025286
1327729958685380611
1327730196531662848
1327730235337560064
1327730420109221890
1327730463595704321
1327730545246302208
1327730767716360197
1327730780764835842
1327730809982382085
1327730875124101126
1327730929448742914
1327731049187606528
1327731086617681923
1327731238224932866
1327731239554433024
1327731300581695489
1327731342306648064
1327731432203177985
1327731447914893313
1327731593490927622
1327731820520157186
1327731855030853632
1327732050892185600
1327732108673118208
1327732156022419456
1327732176876687360
1327732198745792513
1327732251002593281
1327732311031472136
1327732394875645952
1327732411606716417
1327732659930492928
1327732756462202881
1327400873840918528
1327401124811431943
1327401137155104768
1327401246475489280
1327401315878711296
1327401372413808642
1327401451778437121
1327401497852784643
1327401594804199424
1327401745215995904
1327401787704315904
1327401808378163200
1327401989244821505
1327402295164882944
1327402315762995201
1327402319915388936
1327402354522677249
1327402441604665345
1327402618696597504
1327402630478491648
1327402812167180289
1327402874343747587
1327403012910936066
1327403091965210627
1327403104795410432
1327403138538635264
1327403171766018049
1327403193421213706
1327403226438791169
1327403302250631171
1327403311713148929
1327403373138735105
1327403411223015429
1327403485944573952
1327403554097803267
1327403569792884737
1327403646615695360
1327403709085716482
1327403975948312578
1327403998299774978
1327404169859379201
1327404337908289543
1327404390362324993
1327404404517945344
1327404510075994112
1327404528845475840
1327404538807029760
1327404542619766784
1327404561494052866
1327404563893202945
1327404574345469952
1327404614078132225
1327404614438817798
1327404781925662721
1327404793258799106
1327404799789305858
1327405058963759105
1327405177003855872
1327405222604525568
1327405264400769024
1327405415345364993
1327405428246974466
1327405507813007361
1327405522195259395
1327405524531499009
1327405688851664896
1327405709500313600
1327405747739758592
1327405810486366208
1327405942087053312
1327405960806215680
1327406044679720962
1327406142000164864
1327406187328008197
1327406564731473921
1327406686269812743
1327406834022420480
1327407169264889858
1327407256694976512
1327407349754163201
1327407367349276672
1327407470973693953
1327407493937463296
1327407596450418688
1327407609863942150
1327407773450076160
1327407941633384448
1327407948843331585
1327408113322926080
1327408310430158848
1327408334979346433
1327408355971919872
1327408418265722880
1327408549320937472
1327408645055930370
1327408750345531392
1327408783715430401
1327408813733982209
1327408863985983488
1327408880490487811
1327408965815156737
1327409038888407041
1327409051152621568
1327409075244642304
1327409082613940224
1327409153506086912
1327409326059753472
1327409388051697665
1327409543337357314
1327409575373529089
1327409597632688128
1327409673042014210
1327409723780558848
1327409794588700672
1327409823512633345
1327409845511786496
1327409928668065795
1327410023253880833
1327410044829306882
1327410126152667136
1327410222609076225
1327410314816569345
1327410423583293441
1327410624956076032
1327410676353077248
1327410679549145089
1327410738512719872
1327410763871309824
1327410843319988225
1327410968465469440
1327411019577053185
1327411130650726401
1327411252654714882
1327411285605093377
1327411338713440256
1327411380916539392
1327411425732661249
1327411467960848385
1327411502115119106
1327411640279601152
1327411656507367424
1327411892298670081
1327411931070803968
1327412117721505792
1327412144996896768
1327412193416130565
1327412259489013764
1327412449373515778
1327412550288359424
1327412600091664384
1327412647298543617
1327412717985148928
1327412726570774529
1327412792966537221
1327412814718365697
1327412818241593347
1327413074727497729
1327413086714781702
1327413133485379586
1327413158449917954
1327413200283963392
1327413884333002758
1327413884639129600
1327413900623695872
1327414054386798592
1327414143486455814
1327414163002494976
1327414170841542656
1327414198591217665
1327414354208120833
1327414369785966592
1327414400177762306
1327414823429173250
1327414848779657218
1327414876017467393
1327414903582248960
1327415058377281537
1327415107291320320
1327415246571487233
1327415330491273218
1327415461210968064
1327415540948881408
1327415588067700737
1327415607491440642
1327415608623984640
1327415624356691968
1327415742124285952
1327415792909094913
1327415813293416448
1327415926581411841
1327733027540267008
1327733037086478337
1327733190308585495
1327733200999882752
1327733204782968832
1327733301772226561
1327733351617343488
1327733387017261058
1327733427500625920
1327733487055540224
1327733759047856136
1327733804639858690
1327733908570599431
1327733913888972800
1327733943249072129
1327734186413756416
1327734268676636673
1327734276671025152
1327734291133042689
1327734324272259074
1327734608469708802
1327734613788286979
1327734618288689154
1327734706486595584
1327734715303010307
1327734735213383680
1327734832147808256
1327734886749396993
1327734941279539201
1327734974909386754
1327734977040146432
1327735054622199808
1327735129595392006
1327735151267344386
1327735249812393984
1327735293873692673
1327735326283096066
1327735373817122816
1327735809445924864
1327735826311221253
1327735830908047361
1327736186685812737
1327736196772950016
1327736379967680513
1327736534813040641
1327736535157002241
1327736589485625345
1327736878523682817
1327736899566526464
1327736970886320129
1327736979535126529
1327737068202684418
1327737172372447232
1327737588292214787
1327737621846626304
1327737646991482886
1327737671477727234
1327737755158376449
1327737780844236806
1327737889560485890
1327737956539523073
1327738086206435329
1327738107672760322
1327738124424916992
1327738212819881984
1327738213302218752
1327738271753854976
1327738334890876929
1327738338795687938
1327738382106075136
1327738470643560449
1327738506479771648
1327738648444465156
1327738673656459265
1327738762802065408
1327738795295449095
1327738804904603648
1327738816736555009
1327738871736569858
1327738993887350792
1327739135109472256
1327739181271957504
1327739294761558017
1327739475242360834
1327739877572571137
1327739902776270849
1327740076223291393
1327740087816364032
1327740200576028673
1327740207819599883
1327740246931374081
1327740250714632192
1327740250605621250
1327740267798138880
1327740268116725762
1327740385246867456
1327740460601847808
1327740469065916416
1327740565803425795
1327740646074044416
1327740867780763648
1327740879969398785
1327740939213877249
1327740940899864576
1327740960516825088
1327740993899294723
1327741009590177798
1327741056432082945
1327741086161362946
1327741156717850626
1327741158534082565
1327741233347907586
1327741342034882561
1327741454899433473
1327741653000577024
1327741682847260672
1327741689931423746
1327741777911058432
1327741849814118400
1327741896601452544
1327741966529028097
1327741974892277760
1327742216480165889
1327742281604952064
1327742396499697669
1327742398877884416
1327742562438766593
1327742755251040257
1327743132755238915
1327743212593819651
1327743257623683072
1327743258794070016
1327743342436896768
1327743376070995974
1327743431540690945
1327743504878104579
1327743551854276608
1327743560356126722
1327743682607538178
1327743862211743745
1327743928448262145
1327744088695861251
1327744181570252801
1327744185533927425
1327744218698280962
1327744298826207240
1327744399367938048
1327744399481122817
1327744701403852802
1327744840252198913
1327745012411543553
1327745099090993152
1327745114832158720
1327745460803694592
1327745469058068480
1327745510975926277
1327745531901136896
1327745577988321281
1327745622376542208
1327745741704531969
1327745790794665984
1327746148359172097
1327746179736727554
1327746421924225027
1327746433445982210
1327746467600207873
1327746492002684930
1327746521547173890
1327746550890684417
1327746596881264643
1327746727554650112
1327746765274099713
1327746898787233794
1327746903421956096
1327747082451644418
1327747175946854401
1327747230758002689
1327747444038221824
1327747452879970309
1327747490603479046
1327747570077233166
1327747574560927746
1327747578440478721
1327747629032194048
1327747708359098372
1327747826135298049
1327747889146302471
1327747901297221635
1327748069048393728
1327415968180674561
1327415992625090565
1327416006734733316
1327416097285550081
1327416305377480705
1327416325807824897
1327416366702465026
1327416404669239296
1327416410419564546
1327416606134296582
1327416606423732227
1327416656482725890
1327416731585941504
1327416740435927047
1327416832270225408
1327416921260744706
1327416950847369217
1327417055537111040
1327417092371582977
1327417255479664645
1327417302749425665
1327417318939512832
1327417355241132033
1327417386484559872
1327417402922070017
1327417478155124736
1327417511848120331
1327417515451043845
1327417612649762816
1327417825879859201
1327417885690617858
1327418187575488512
1327418216436686850
1327418275093889024
1327418280815042562
1327418388281520128
1327418418002153473
1327418447697899521
1327418503725416450
1327418594351788032
1327418669358452737
1327418749306155009
1327418817140699137
1327418845519253504
1327418891715321856
1327418942181183488
1327418967623827458
1327419121546489858
1327419156149329920
1327419180900085765
1327419369006256128
1327419379215183875
1327419559159193600
1327419668496314369
1327419705867513858
1327419790353379328
1327419801858260993
1327420095900114944
1327420101700837377
1327420120667463681
1327420284928921600
1327420313752248320
1327420317644562434
1327420385051086848
1327420401287372803
1327420406320431104
1327420452000690176
1327420557432860674
1327420582707687425
1327420632657776641
1327420779483557889
1327420854607679490
1327420976796225537
1327420989441855488
1327421097722122240
1327421136154443776
1327421265783746561
1327421305302507520
1327421312390864899
1327421325183496193
1327421502472523776
1327421504913543168
1327421563709370368
1327421618642186240
1327421783272792064
1327421884195954688
1327421937174327297
1327421940865359872
1327422168318164992
1327422172634210304
1327422188979412992
1327422192120958977
1327422226048618497
1327422278158651393
1327422289445523457
1327422340171325442
1327422385453088769
1327422428360839170
1327422502960726018
1327422508270833664
1327422519939371011
1327422640861175808
1327422663468474373
1327423015148204033
1327423040217608192
1327423123910778882
1327423178784854017
1327423350558351363
1327423369772298240
1327423447400665095
1327423449908867074
1327423556356091908
1327423774539526144
1327423980291190789
1327424029242888192
1327424048150802434
1327424080233050112
1327424097203138561
1327424147727605762
1327424459737763842
1327424505459961856
1327424524623593473
1327424549726670854
1327424645730078720
1327424696657338373
1327424756098928641
1327424858121150465
1327424919475539968
1327424987926507520
1327425053710036994
1327425567768113152
1327425585031868417
1327425607156699137
1327425611103694848
1327425980173049856
1327425989014663171
1327426010070061058
1327426010237661185
1327426097420578817
1327426194065723392
1327426277989625856
1327426641199468544
1327426652620664834
1327426668344926208
1327426748913475584
1327426873664679937
1327426911404912642
1327427007580413952
1327427056788004869
1327427112983285760
1327427213751242753
1327427226439090176
1327427800345677824
1327428005891891201
1327428070094082049
1327428098573230080
1327428178625794048
1327428197294587904
1327428263329710082
1327428384150917121
1327428417600548867
1327428419303452672
1327428454640336897
1327428614439260160
1327428652905111552
1327428668839370752
1327428668839358464
1327428694328172545
1327428726993215488
1327428769083224074
1327428854189846528
1327428857935388675
1327428945440960514
1327429129764036609
1327429188975005697
1327429272689012736
1327429306486669312
1327429583604383744
1327429589589778432
1327429625425719296
1327429646481317890
1327429730874912768
1327429790735843328
1327429879869046785
1327429987222351872
1327430232266006529
1327430392933212161
1327430472075517952
1327430560638177281
1327430603189456901
1327430825596620806
1327702829675343872
1327702953373872129
1327702970130161670
1327703185956466692
1327703231565361153
1327703249093324800
1327703358212227072
1327703479708749824
1327703567868719104
1327703580564889600
1327703668418867203
1327703685229637632
1327703803131547649
1327703862149603330
1327703903547383809
1327703903983505411
1327704008568483842
1327704117335224321
1327704151199936512
1327704272256036865
1327704310365515780
1327704369081487361
1327704658765344773
1327704666793271296
1327704907131088896
1327704915385360384
1327704955843735553
1327704972817928192
1327705056397836288
1327705077893779458
1327705103328010241
1327705106129752065
1327705153298980864
1327705304327475205
1327705349969891328
1327705367376064512
1327705467980828679
1327705470447067138
1327705564017799174
1327705577288568834
1327705585257766913
1327705674126508032
1327705706519203844
1327705729910910978
1327705732251316224
1327705780271931392
1327705798923829250
1327705920449769473
1327705947159080966
1327705961998520321
1327706072027684864
1327706138859741185
1327706164654731270
1327706263778684928
1327706323736293380
1327706337975939072
1327706512186171393
1327706538983579648
1327706539034021890
1327706549830213633
1327706625143156736
1327706684526096386
1327706715329064962
1327706749818839043
1327706802050494465
1327706841883824129
1327706922590605315
1327707009936973826
1327707027095764996
1327707040295301123
1327707259238043648
1327707268402601987
1327707271611244552
1327707279760650240
1327707304582471680
1327707344113856512
1327707380235157504
1327707602738876422
1327707694304661505
1327707871564402689
1327707904842100736
1327707967374942208
1327707984240185348
1327708003844325376
1327708013453598722
1327708227954503681
1327708269910102021
1327708295315001346
1327708319755231232
1327708374138576896
1327708436965056513
1327708441759129608
1327708579957235713
1327708580225671172
1327708663704936448
1327708672647000064
1327708752196329474
1327708902574542848
1327708969960312832
1327708979930140672
1327709046128992256
1327709096208986114
1327709108921720832
1327709129339793410
1327709196146540544
1327709209291485184
1327709254602661890
1327709322663632896
1327709339138756608
1327709460891054082
1327709485960409095
1327709742249234439
1327709800856236032
1327709802601074688
1327710190603526146
1327710383214358528
1327710412729618433
1327710609656270848
1327710698214854656
1327710778183528453
1327710816012034048
1327710915672887296
1327710987085090818
1327711004130729984
1327711117150281728
1327711197328666624
1327711306166591490
1327711423506624513
1327711448974422016
1327711507971530753
1327711621561475074
1327711914290536448
1327711922142240768
1327711960129961984
1327712007982870529
1327712052643827713
1327712056854900737
1327712073586008066
1327712187415023616
1327712476826394626
1327712623316643848
1327712811833843713
1327712904477634563
1327712941546868736
1327713385996316672
1327713437452001282
1327713494800732162
1327713537435824128
1327713665815105537
1327713671812964352
1327713709712523264
1327713869431787520
1327713873260998659
1327713910711939072
1327713974666727424
1327714091310444550
1327714175544602625
1327714254833799168
1327714385536626690
1327714515023237127
1327714552411205633
1327714598405988352
1327714603095252993
1327714974018375681
1327715018293567488
1327715034944909313
1327715038686277632
1327715114653462528
1327715152297398272
1327715161252261888
1327715257205338115
1327715259726012416
1327715320988131330
1327715337068965888
1327715417033383936
1327715450210320384
1327715529948336128
1327715803144347653
1327715915509747713
1327715935881482242
1327715937059966976
1327716001778184192
1327716201234112512
1327716221710716929
1327716261413974020
1327716466775318528
1327716553370992640
1327716713069240321
1327716712599478276
1327716717058027525
1327716926865412099
1327716938953453570
1327716956284325893
1327717044670881793
1327717127927771137
1327717287634276352
1327717290939453441
1327717323466268674
1327717622385954818
1327431550095527936
1327431571331305473
1327431605632327681
1327431614469713921
1327431638251413504
1327431663186546689
1327431714235412480
1327431836335652865
1327431991386628103
1327432057920712704
1327432166859362304
1327432200976019456
1327432263571828736
1327432347059417090
1327432452885901314
1327432555168149504
1327432800052588545
1327432863113904129
1327433127095136257
1327433276328382465
1327433299762040832
1327433357706350592
1327433441995071494
1327433475130073088
1327433483984252930
1327433625025925121
1327433916467310595
1327433954513784832
1327434026383097856
1327434112983035906
1327434180943368194
1327434198240604165
1327434268218445828
1327434356076531717
1327434398904573959
1327434410979897344
1327434468957839363
1327434511408377857
1327434570082488321
1327434761820893184
1327434816078323712
1327434965642952705
1327435019841900545
1327435031871098880
1327435199785865221
1327435212859584516
1327435216005292035
1327435522642489344
1327435656243552261
1327435861663903746
1327435966903169025
1327436135077965825
1327436185053040640
1327436225519570944
1327436508052271104
1327436685123100675
1327436835547717634
1327436889612292096
1327437066150490113
1327437120168886273
1327437548331937792
1327437560633704448
1327437887881678848
1327437901207048193
1327437963765100545
1327438257278373888
1327438420336107520
1327438471187759104
1327438529941692417
1327438575491801091
1327438578302021633
1327438626498748417
1327438688658350081
1327438702101008384
1327438831847571457
1327438886335811584
1327438927750455297
1327438995496841217
1327439402507907077
1327439499740258304
1327439523475808256
1327439546989023234
1327439823121080321
1327439847179554817
1327439872232017921
1327440134086639617
1327440195751342082
1327440203250851840
1327440228483784705
1327440299954585602
1327440383404490752
1327440416837394442
1327440484596289536
1327440526833053696
1327440552644763653
1327440622643507206
1327440668747198464
1327440694181507072
1327440828449632256
1327440841087086593
1327440937987960832
1327441050059878403
1327441075158482944
1327441184629907456
1327441462540242944
1327441490788794368
1327441603741421568
1327441650667307008
1327441658619650053
1327441847535341571
1327441931404795906
1327441989906776066
1327442006705106945
1327442049008734209
1327442145259573248
1327442203707314180
1327442274398195712
1327442305104670720
1327442317440008192
1327442380149190656
1327442418501902338
1327442707975835649
1327442880038719489
1327442917431111681
1327442960099676160
1327443088642633730
1327443181231861760
1327443223539806210
1327443344847478785
1327443353701552133
1327443361112854532
1327443366062157827
1327443403685163009
1327443621260505089
1327443756329684992
1327443793327628296
1327443903348314114
1327443978065641472
1327444070705360897
1327444075054723073
1327444138002952192
1327444145598820353
1327444154511732736
1327444196068831233
1327444225894592513
1327444514487889920
1327444552995676162
1327444565540835329
1327444640849559552
1327444699355910145
1327444791429357574
1327445003904327680
1327445052491264000
1327445073274023937
1327445148058472454
1327445293504163840
1327445332842733568
1327445374487838721
1327445576284303360
1327445799245127682
1327445838252150785
1327445945026449408
1327627407512072192
1327627446322073605
1327627567407501312
1327627686232002562
1327627876376727552
1327627948745080833
1327628002792861703
1327628013928845313
1327628041728749568
1327628187728273408
1327628218703208448
1327628335313129472
1327628871227699201
1327628926320074758
1327629035015430144
1327629131719139329
1327629173809180672
1327629202942791680
1327629316130299905
1327629423051476992
1327629438415155200
1327629463987712005
1327629571861180416
1327629643885793280
1327629777524711425
1327629789608349696
1327629907338399749
1327630058698256384
1327630096119648256
1327630113190547458
1327630491911131139
1327630494440239104
1327630506998063105
1327630518842576896
1327630548127375361
1327630619820625927
1327630674749235200
1327630856228204545
1327630935332884481
1327630961094389761
1327631061799510027
1327631351244353536
1327631391891329034
1327631397293608960
1327631564784721923
1327631602076291073
1327631765259902978
1327631850072911875
1327631916766539778
1327631941739245574
1327632109276684288
1327632218127273985
1327632423790718979
1327632562873831429
1327632584336154624
1327632612462981121
1327632738636148737
1327632751265079296
1327632831569420289
1327633007742775297
1327633053930369024
1327633082300698624
1327633233647783938
1327633288190701569
1327633365571350528
1327633406574804993
1327633485750734851
1327633487613087744
1327633502561439744
1327633523176591360
1327633581473034245
1327633673953435649
1327633760041508864
1327633866656538627
1327633925556998147
1327634073217421313
1327634101982130178
1327634152619819008
1327634161063108609
1327634224011243520
1327634320543068160
1327634420052975616
1327634436637208578
1327634450130329601
1327634470955061250
1327634492660477954
1327634504219979776
1327634844856299522
1327634924258680834
1327635004130615296
1327635095394652160
1327635141091618818
1327635372868837379
1327635496982351874
1327635657984864258
1327635679317209090
1327635901284020224
1327635919755767810
1327635997304172551
1327636182004621313
1327636241496596480
1327636350313500672
1327636830439706629
1327636836269891590
1327636849351856130
1327636936891244544
1327636992012681217
1327637038355640323
1327637113211219970
1327637688833495046
1327637696164945921
1327637979041587205
1327638061711241217
1327638241852342279
1327638264036040704
1327638312903991297
1327638572460093440
1327638635798175744
1327638685949431808
1327638686557564928
1327638702814765057
1327638744799784966
1327638837334581249
1327638942414417921
1327638971229360128
1327638980033056769
1327639000622854144
1327639176414523392
1327639545739882496
1327639628342386689
1327639655282565122
1327639767958376448
1327639871008223237
1327639919624392704
1327640061689651200
1327640112633614336
1327640116785983491
1327640245890936833
1327640271715176452
1327640443551506432
1327640677346381825
1327640775270789121
1327640846011932672
1327640875300696064
1327640930082549760
1327641009631719426
1327641055467089921
1327641274434908160
1327641316449247233
1327641404751958021
1327641471076474882
1327641479938969601
1327641483210498048
1327641550717935616
1327641631093305345
1327641739352551431
1327641817752498176
1327641869287821319
1327641877563183105
1327642253309870082
1327642313770688513
1327748157695029248
1327748287076716544
1327748332928847872
1327748362632716289
1327748447328366592
1327748564051693570
1327748602110701568
1327748937537769472
1327748958727311360
1327749168501297153
1327749224339886080
1327749335761686530
1327749335879012352
1327749363528048640
1327749424131559431
1327749685461839874
1327749738276532225
1327749772174893056
1327749944418193408
1327750028727889920
1327750128522960898
1327750161934774274
1327750162127712262
1327750200438435841
1327750266955948036
1327750325529415691
1327750539602497537
1327750682024177666
1327750699413889025
1327750702228267011
1327750736373903360
1327750812559347713
1327750854355644421
1327750930058670082
1327750938308866049
1327750950384070656
1327751131519397889
1327751168706162688
1327751202373857281
1327751206811308032
1327751416790867968
1327751439742083072
1327751458167480320
1327751517055672320
1327751543429402624
1327751588123840514
1327751626233298944
1327751634546462720
1327751673545101312
1327752008561029120
1327752120842543105
1327752121224208386
1327752368264515586
1327752380797104132
1327752418625527809
1327752666483552256
1327752690860920832
1327752741754707968
1327752775057498113
1327752787875262470
1327752804308553731
1327752859614633985
1327752879818506241
1327752893290618880
1327752934428471297
1327752972047167489
1327752988753059841
1327752997284286464
1327753089542205440
1327753161604358144
1327753341238177793
1327753425573060608
1327753429628891136
1327753441888804864
1327753533551206402
1327753618792075264
1327753808433188866
1327753978852102144
1327754184712736769
1327754238785622016
1327754495120510978
1327754612053598210
1327754663102349312
1327754729997287425
1327754855335800837
1327755111377022978
1327755174530732033
1327755287831392257
1327755295813214214
1327755318193897472
1327755493448818689
1327755539053416454
1327755589427064836
1327755682402058240
1327755702954233856
1327755783031955456
1327755858621706245
1327755888111865857
1327755996240887808
1327756069519626240
1327756139103043584
1327756285979213825
1327756327678930944
1327756424529764352
1327756428283682816
1327756542947463168
1327756684870168576
1327756764683661313
1327756945328136193
1327756990718816258
1327757234336641025
1327757325764059136
1327757408635150338
1327757682284093440
1327757787590397952
1327757819710500865
1327757859157913606
1327757888220254212
1327757929844453379
1327757943006064640
1327758062086709248
1327758223206715393
1327758303577985029
1327758408263602176
1327758555332702209
1327758772865994753
1327758861210705920
1327758923852513280
1327759092304261120
1327759125728669703
1327759143160180738
1327759280733253632
1327759313956462594
1327759427118788609
1327759435452870656
1327759511256502274
1327759754979135489
1327759767046119434
1327759790043521024
1327759851003396096
1327760031601860608
1327760065382780928
1327760123528237057
1327760266231230465
1327760312045539328
1327760454261858312
1327760454870065152
1327760525619552257
1327760962796056584
1327760977094451202
1327761038142443521
1327761257953312768
1327761449444368390
1327761512061132800
1327761650515021824
1327761667535548427
1327761948193144832
1327762132700721155
1327762227298926592
1327762380374355968
1327762405246513152
1327762728421904384
1327762737225555968
1327762757941399552
1327762975923564550
1327763168890736642
1327642439557935104
1327642485737263110
1327642507153461250
1327642570109935616
1327642629253709824
1327642709394329605
1327642717397118976
1327642812909686786
1327643111334555648
1327643270462066690
1327643359138238465
1327643383574261760
1327643395922210820
1327643424690847744
1327643472178896897
1327643476398366721
1327643580421255168
1327643684238553088
1327643707210952705
1327643815788896256
1327643853634023426
1327643891424780291
1327643975289716737
1327643979849093122
1327644096421388289
1327644210149818368
1327644222275645443
1327644260481568768
1327644352592670721
1327644512160804864
1327644717723627526
1327644839165403136
1327644843749777408
1327644863572086786
1327644956211736576
1327645124139114501
1327645245614534656
1327645304762535936
1327645325742534662
1327645350509875200
1327645413629980672
1327645455770116096
1327645496798744576
1327645560329867268
1327645727862898689
1327645820792004609
1327645829826564098
1327646017995542532
1327646091416920064
1327646159469490179
1327646193632030722
1327646340394913793
1327646432644526080
1327646567139061760
1327646600466874373
1327646659375816704
1327646768687947776
1327646920412602368
1327646966466154497
1327647229889245186
1327647284130148355
1327647302438187008
1327647330242355201
1327647610237308931
1327647641577025543
1327647657980878848
1327647883047432194
1327647883743653889
1327647993588170752
1327648120847568896
1327648366579179520
1327648400028831745
1327648400536449025
1327648458510008321
1327648836106465281
1327648882675879937
1327648996328763392
1327649092273655816
1327649314198286337
1327649444154798085
1327649574089936896
1327649767166500864
1327649801119420416
1327649901312786435
1327650182410932225
1327650228875522048
1327650312879042560
1327650677695393792
1327650690622246912
1327650767054852100
1327650782271787008
1327650820075245568
1327650912358248454
1327651013264752640
1327651022001487872
1327651135365255170
1327651155695038467
1327651159557988353
1327651189534707712
1327651286460887045
1327651512332521488
1327651537296920578
1327651583920799750
1327651856789762059
1327651906685202432
1327652103733522432
1327652123371253760
1327652212575662080
1327652236026130432
1327652309241835520
1327652396898586624
1327652410391752714
1327652837694836741
1327652921325064195
1327652980892471298
1327653101260709891
1327653298812411907
1327653479377117186
1327653646838874113
1327653647505879043
1327653657958092800
1327653714291732482
1327653739126272001
1327653760898916357
1327653823687630855
1327653978176360449
1327654020585025536
1327654283953795072
1327654293009297409
1327654427554091010
1327654700557033472
1327654729414012929
1327654779158368258
1327654871936364545
1327654892442365952
1327655022595768320
1327655052144762880
1327655109724082176
1327655144054427650
1327655182088376320
1327655212090150912
1327655333813252096
1327655383930974208
1327655438607904773
1327655521697009664
1327655660096417792
1327655736545927168
1327655740128043014
1327655765818171392
1327655777658613760
1327655874521944066
1327655983666126848
1327656061893898240
1327656118269726727
1327656168970465281
1327656247563223040
1327656402865836034
1327656553688694784
1327656562018627585
1327656805133131778
1327657071463051265
1327657074206138368
1327657090802978816
1327657178782703617
1327657342255599617
1327657346223529988
1327657443313156097
1327657459771723776
1327446225994600449
1327446302171426817
1327446347449061376
1327446352251465729
1327446569843613697
1327446646502928384
1327446660998434816
1327446792456212480
1327447094647541761
1327447119670566912
1327447312508063744
1327447354618880000
1327447434805485569
1327447589352927232
1327447610500784128
1327447652255092739
1327447660341710848
1327447715207376896
1327447727580598279
1327447804885733376
1327447841237831680
1327447845348073472
1327447866709688320
1327447942349799425
1327447967712899074
1327448105789353984
1327448314841690115
1327448356767993857
1327448419531632640
1327448479380037637
1327448592186036225
1327448608489148416
1327448629284659200
1327448633436897281
1327448662943948801
1327448714127011840
1327448756170739717
1327448768384430080
1327448823350824960
1327449057866997760
1327449087638028289
1327449133309779969
1327449234174570496
1327449509123805185
1327449560344637440
1327449628569194496
1327449628694994948
1327449775806013440
1327449852486299648
1327450089913266182
1327450157101813764
1327450286739369984
1327450531606872064
1327450572123848706
1327450576141971457
1327450606735216640
1327450727044833286
1327450752151937024
1327450756480462851
1327450823228534784
1327450952832491521
1327450966346653698
1327451091852812296
1327451095820427264
1327451116653531137
1327451154230501377
1327451402948411392
1327451675225952256
1327451704430911490
1327451734189465605
1327451899356868610
1327452056345579520
1327452240521605120
1327452434231246849
1327452677522018304
1327452702670950401
1327452705816678400
1327452732215734272
1327452740851822594
1327452802721996805
1327452830869884928
1327452924524392449
1327452963196071941
1327452967381987328
1327453021123571712
1327453075389476864
1327453193517797376
1327453335448936450
1327453511538380802
1327453516349255680
1327453607864700928
1327453666790563841
1327453767919304706
1327453788630896641
1327453864405180416
1327453925092581377
1327453935662149633
1327453969837395968
1327453990246903808
1327454127840841728
1327454178696949761
1327454186888261638
1327454212557565953
1327454372163448832
1327454388911267841
1327454736723931136
1327454758655975424
1327454782739554305
1327454917418684417
1327455009106243584
1327455076076679168
1327455097014673408
1327455277961129984
1327455325100847104
1327455634992881665
1327455647793819648
1327455761220288512
1327455851913863169
1327455907400314880
1327456120974163968
1327456174862635016
1327456309113970688
1327456481160138752
1327456494376415232
1327456846735695873
1327456875957288960
1327456938720776194
1327457027291942912
1327457034850029569
1327457270163247109
1327457337800486912
1327457598812151811
1327457610132574209
1327457805184319489
1327457823492599808
1327457970163052544
1327457991872876544
1327458030158430210
1327458071598174208
1327458322145009664
1327458352855719936
1327458620963917826
1327458625296736256
1327458809682423810
1327458893564440577
1327458914246553600
1327458986367594496
1327459081867636737
1327459190546296835
1327459220598517762
1327459228244729857
1327459337380515841
1327459349904584704
1327459590439653376
1327459678230556672
1327459769859313666
1327460008846520324
1327460088936878080
1327460290326310912
1327460386770137088
1327460486401511426
1327460520606175232
1327460727125315586
1327460734251331584
1327460797161693184
1327460844720979974
1327461061654622209
1327461124325904384
1327657568450338823
1327657607167954944
1327657715456380928
1327657724369362948
1327657908654407681
1327657988685959169
1327658080893603841
1327658186845859842
1327658230281953281
1327658324100255746
1327658496054206464
1327658655303528448
1327658677524901889
1327658743170019329
1327658761318666241
1327659096129015809
1327659163103625216
1327659279927681024
1327659284130250752
1327659346961047552
1327659536451325960
1327659645373206528
1327659728265224193
1327659758313222146
1327660122928189444
1327660144264695808
1327660329145430017
1327660577007804417
1327660619521253378
1327660626676756480
1327660806645886980
1327661096107466755
1327661197865447430
1327661209869496320
1327661385820631041
1327661419488227328
1327661487163379713
1327661573368729601
1327661637470281729
1327661721100677122
1327661729237540864
1327661821822726155
1327661838281158656
1327661897815089153
1327662091122085889
1327662216292700160
1327662245208354819
1327662253479514112
1327662312589811716
1327662477828558849
1327662507905994753
1327662736780664832
1327662828854145024
1327662941680918532
1327662950145028097
1327663135461924865
1327663239933669378
1327663288533078016
1327663368182910977
1327663560084791296
1327663571468075008
1327663571661164544
1327663654821646336
1327663675444871168
1327663982447046657
1327664057243947009
1327664073769701376
1327664090479661057
1327664112327745536
1327664426003156992
1327664540172103680
1327664619327016963
1327664631649873922
1327664644547219456
1327664753884483584
1327664950739779585
1327664954921660416
1327664992959819779
1327665081174413313
1327665190452695040
1327665310950977536
1327665357885239297
1327665370551910401
1327665391695503360
1327665412625100808
1327665450138873856
1327665539599089665
1327665659291996161
1327665781312806920
1327665823830294528
1327665881707466752
1327666120795492355
1327666230203998208
1327666255805911041
1327666259312381953
1327666292841738240
1327666335279673345
1327666653765701632
1327666863824728064
1327666909198872583
1327666938798108673
1327667086139789314
1327667114807877632
1327667295271997442
1327667299709378562
1327667325018001409
1327667383360770049
1327667413350043648
1327667437978886144
1327667525367320579
1327667626550693888
1327667761280131072
1327667937088507904
1327667945162608640
1327668117745643520
1327668151291621378
1327668163450900481
1327668255922606080
1327668411233673218
1327668415625125890
1327668574694076416
1327668627231928321
1327668687608877057
1327668826331353089
1327669284055683073
1327669291408306176
1327669438628438018
1327669439064657920
1327669459788546048
1327669526973075456
1327669619235151873
1327669640215076867
1327669753184456709
1327669831106170880
1327670052515057664
1327670122010595329
1327670155602694144
1327670181624229888
1327670420124811265
1327670450072080384
1327670488483704838
1327670609246085121
1327670642909515776
1327670864515620864
1327671018421358592
1327671024012435457
1327671044795142146
1327671067595464706
1327671179214110721
1327671179403022336
1327671272952750081
1327671320843325441
1327671477039149058
1327671481799729152
1327671560967245824
1327671662653923328
1327671690646568960
1327671758028230659
1327671864404086789
1327671879667228675
1327671913540292609
1327672051658878980
1327672146177519616
1327672189844287488
1327672217027584000
1327476409900683265
1327476434470887424
1327476458688831488
1327476665153294336
1327476769008480256
1327476877922103298
1327476970343591936
1327477045614551040
1327477166502768641
1327477391623671808
1327477508908965888
1327477966260084736
1327478015031439360
1327478049550585857
1327478053568720896
1327478237421727744
1327478237950304258
1327478275019395073
1327478308217315328
1327478379650588672
1327478511066632193
1327478561041735683
1327478568595517440
1327478581987930112
1327478585314078720
1327478624551899136
1327478821075841025
1327478850847170560
1327478859223150592
1327478979398287361
1327479330331447297
1327479333263437824
1327479428411236353
1327479634586308609
1327479650398965760
1327479830812659712
1327479934420275201
1327479991244877825
1327480376504307714
1327480580888350720
1327480694746976256
1327480800602853377
1327480833394020352
1327480883377545216
1327480914335641600
1327480918081105921
1327480985483505665
1327481287410585600
1327481467170152449
1327481780857958401
1327481988886843392
1327481991734890497
1327482017735270401
1327482138086830080
1327482179765506048
1327482192281313280
1327482234392117251
1327482377967345664
1327482435173572608
1327482567717650433
1327482587368009728
1327482612575858690
1327482779601399808
1327482901013819392
1327482902838345728
1327483023214964736
1327483057113161732
1327483698149638144
1327483757960585216
1327483791393255426
1327483816827445248
1327483861693988866
1327484008998047744
1327484093920108545
1327484144167788544
1327484161469284353
1327484214279749632
1327484243744870400
1327484390360813570
1327484508136894464
1327484770037637121
1327484789729837057
1327484882327457794
1327484893572448256
1327484922693525504
1327484991748575236
1327485117007163393
1327485271538012166
1327485414781890560
1327485673394286592
1327485711356923905
1327485736799580164
1327485861898948610
1327486203923374083
1327486605452570625
1327486634586214403
1327486816581275648
1327486865088212994
1327487020675915778
1327487045715988480
1327487130008862720
1327487171620573185
1327487233809518592
1327487259164110849
1327487265136906240
1327487378194358273
1327487458200707072
1327487506477092865
1327487629735194625
1327487818428387328
1327487835683753984
1327487846257573890
1327487852339367937
1327487932064694274
1327488018882514944
1327488115854991360
1327488173413441537
1327488193952931840
1327488241595944962
1327488401847685120
1327488555598434309
1327488560371544065
1327488785454665729
1327488854547451904
1327489029961441280
1327489059564883968
1327489144524828675
1327489146995281920
1327489207347019783
1327489234509369345
1327489268105830400
1327489364654399488
1327489424234516481
1327489441280139264
1327489470074073089
1327489821799903232
1327490064713183233
1327490110863126530
1327490115246108672
1327490236931330053
1327490277054033920
1327490379533336576
1327490422277513217
1327490484143591424
1327490535746129920
1327490695335034882
1327490729447395328
1327490794941415424
1327490896372359170
1327491198077071360
1327491223683121152
1327612404415430657
1327612450506731527
1327612500658020352
1327612569843019779
1327612603804344320
1327612724642242562
1327612866204151809
1327613139224064001
1327613160614981634
1327613256429613056
1327613336498831362
1327613413116301313
1327614321069875203
1327614418629382144
1327614493522874369
1327614572719706116
1327614737220308992
1327614777833648129
1327614879679868928
1327615613959856128
1327615677369176065
1327615832462143488
1327615898618908672
1327616045830443011
1327616184175497217
1327616264441896960
1327616448932573185
1327616536559890440
1327616564867293184
1327616602867605509
1327616648803704834
1327616649692925952
1327616679334080512
1327616686283919360
1327616745402675200
1327616791800111107
1327616977196691456
1327617131509403649
1327617194872561664
1327617417527365633
1327617424800313345
1327617478135078915
1327617493465239552
1327617686126333954
1327617714467315713
1327617719248834561
1327617966620499969
1327618008974565376
1327618234380652546
1327618290068443136
1327618319298519041
1327618439939313667
1327618465532928000
1327618482029158403
1327618540770373632
1327618834564526080
1327618855657635840
1327618939271208962
1327619059802836993
1327619070758359045
1327619120234459137
1327619228267122688
1327619329131749381
1327619619344044039
1327619664617369602
1327619673328939017
1327619786377981953
1327619845802913795
1327619909057069058
1327619923296673797
1327620143011176455
1327620143434743808
1327620268475473920
1327620303216910337
1327620667622055940
1327620780641890304
1327620859079626754
1327620918689009666
1327620953178742785
1327620982199050241
1327621030974812161
1327621040768475137
1327621099752927235
1327621141851201538
1327621187124551680
1327621208775528457
1327621246746443776
1327621347359526912
1327621430461095940
1327621464636461056
1327621548535115776
1327621556705562629
1327621662171336707
1327621673756012544
1327621674741731330
1327621716370026497
1327621731662536704
1327621736578355202
1327621741930229762
1327621775279222784
1327621862571061248
1327621929730269184
1327622202309701633
1327622257754181632
1327622337324204032
1327622486205337602
1327622546397786113
1327622827697201153
1327622899222581248
1327622965832257536
1327622968281862145
1327623066252419072
1327623104999383040
1327623154567622658
1327623203624251393
1327623225875042304
1327623366207967232
1327623373304709120
1327623503785373697
1327623544633577474
1327623547833954305
1327623641803214849
1327623695959986176
1327623771482587137
1327623797009121280
1327623821612892160
1327623852009074694
1327623863061020672
1327623903221592067
1327623930035777538
1327624077994045440
1327624127491026951
1327624178065838082
1327624241282473985
1327624303848853505
1327624370915782656
1327624376016101381
1327624392763912195
1327624445939224576
1327624568786325504
1327624601459851264
1327624660465426432
1327624685383782405
1327624702584446976
1327624714592739328
1327624761967566849
1327624878837567488
1327625035398348802
1327625046127472640
1327625160107634688
1327625427595177985
1327625537649520643
1327625545388085249
1327625642612035591
1327625663264813057
1327625692071165952
1327625733905260544
1327625909877297155
1327625922992812032
1327626132246687744
1327626133609861122
1327626170721054737
1327626271220756481
1327626712306298880
1327626803914170368
1327626854174375938
1327627135486484481
1327627172547342338
1327627215450877952
1327627244316086273
1327672651293323266
1327672677167992834
1327672735544307712
1327672805433946112
1327672810630754305
1327672907632357378
1327673029099458560
1327673058262274048
1327673087391895554
1327673238332133376
1327673284909879296
1327673687127023617
1327673842660159490
1327673964944977923
1327673965255528456
1327673972780109824
1327674069697884160
1327674169694285825
1327674333783855104
1327674366914662401
1327674375240359941
1327674480865521666
1327674651879804929
1327674693944569856
1327674822709686274
1327674837456850944
1327674874433839107
1327675390568132608
1327675479147614209
1327675541361549312
1327675595669590018
1327675624966791169
1327675660270231554
1327675676980285440
1327675721779716103
1327675747276894208
1327675981612670976
1327675994048770048
1327676057684742144
1327676228816531459
1327676279856873472
1327676314946596864
1327676317454790658
1327676363264946176
1327676367719313410
1327676396865515520
1327676400946409472
1327676410081677312
1327676426569601029
1327676468676202500
1327676492109799434
1327676535353077762
1327676652898328576
1327676938580865026
1327676947326001159
1327677080381779969
1327677215220305921
1327677265996632067
1327677344526577669
1327677441469419521
1327677529931603975
1327677780922920967
1327678003271397376
1327678003573387264
1327678054739578882
1327678271836786689
1327678276018454529
1327678364174471168
1327678397577908232
1327678511184826368
1327678750385954817
1327678875606933505
1327679202825482241
1327679228565991426
1327679328554000386
1327679341392752640
1327679555218321409
1327679672113635329
1327679676802732034
1327679689595494407
1327679736500391940
1327679748802277377
1327679970467000326
1327679995716759552
1327680000003239936
1327680130647355392
1327680176147337218
1327680314953535488
1327680444532469760
1327680461225611264
1327680588329803777
1327680603399933954
1327680649919127552
1327680717254438912
1327680737936551940
1327680813845139458
1327680965209169921
1327681027901448192
1327681153386606592
1327681165927477248
1327681198211145733
1327681493649350662
1327681577447546881
1327681711237439488
1327681879370309632
1327681979962241025
1327682004893265922
1327682155472957666
1327682261416808448
1327682370317606912
1327682382833491968
1327682676128563207
1327682734551130112
1327682752624226306
1327682814251212801
1327682831774937088
1327683010062381062
1327683162357448705
1327683275477880834
1327683347317989379
1327683548065767424
1327683585864818688
1327683598212853762
1327683690688901120
1327683791263973377
1327683967647158274
1327684030674812929
1327684035318079490
1327684063835152384
1327684152318169088
1327684326172086272
1327684479679336451
1327684517671428096
1327684626148585472
1327684641604583424
1327684727642464256
1327684744037937152
1327684747779338240
1327684810165211136
1327684825789194246
1327684903610298368
1327685217998561287
1327685314148773888
1327685389969133569
1327685393454682117
1327685398865309697
1327685486136217600
1327685792253288449
1327685834489819136
1327685889472999432
1327686031508901893
1327686110793895936
1327686123964010496
1327686187444817928
1327686212149100545
1327686479779418115
1327686488386129920
1327686635975299072
1327686656263032833
1327686694762471424
1327686706724818944
1327686739985657862
1327686748940460032
1327686885473443844
1327686908265328641
1327686925432524800
1327686933175300097
1327687000636448770
1327687192999841794
1327687206052519937
1327687440845459460
1327687461342998529
1327687520344162305
1327687566280146945
1327687617664704512
1327687621405970432
1327687658735247360
1327491451307970561
1327491538688086016
1327491550184570881
1327491601489342464
1327491663451852801
1327491827746926592
1327492037676064768
1327492277208457221
1327492342501175296
1327492432557006848
1327492469215416320
1327492560806408192
1327492628380790784
1327492677781258250
1327492691941158917
1327492767833088000
1327492864138375169
1327492889975300097
1327493195060682752
1327493516562292736
1327493542500069376
1327493603086757888
1327493639325544448
1327494105165860864
1327494148052590593
1327494194861125632
1327494221738041344
1327494293515329537
1327494293594902529
1327494338989993985
1327494356912254982
1327494372196315136
1327494743635345408
1327494985084588033
1327495061500796928
1327495086800859136
1327495097391443968
1327495140374695936
1327495167243399170
1327495250575757312
1327495467131867136
1327495486228619264
1327495619745865729
1327495656156647424
1327495733633642496
1327495829284851712
1327495871131422720
1327495878274396161
1327495983509475328
1327496076287471616
1327496345314349056
1327496389853650946
1327496586524581888
1327496596402155522
1327496663947124741
1327496788929105920
1327496798198398977
1327496874010554368
1327496899717455872
1327496924962832386
1327496971708489729
1327497046182522881
1327497493505077248
1327497527780892673
1327497621074817025
1327497702607876099
1327497881364926464
1327497887488503808
1327497943172059136
1327497946166910977
1327498262618796033
1327498395183964160
1327498458710888448
1327498509218705408
1327498653204963328
1327498755554172928
1327498797723762694
1327498923347484673
1327498975348330497
1327498992075239424
1327498996122742785
1327499164645806080
1327499396943142912
1327499474017472513
1327499477524078593
1327499510629736453
1327499537422938113
1327499592091324416
1327499914922893312
1327499940667355137
1327500039229485057
1327500081747079169
1327500283082133509
1327500405870309376
1327500429828059136
1327500460492812290
1327500502318391296
1327500830640050176
1327500835958386692
1327500904300486656
1327500923464265728
1327500940837064705
1327501092419227649
1327501140041244672
1327501146102042625
1327501322950758406
1327501349970329601
1327501516962410496
1327501571928838144
1327501687779627009
1327501866893078528
1327502016684453888
1327502063455113216
1327502091254960128
1327502162688139264
1327502217029541888
1327502272444715009
1327502356385185793
1327502426476261376
1327502619397513216
1327502653203550208
1327502734241755136
1327502799341453312
1327503030103601152
1327503105114640385
1327503119752851456
1327503306739085313
1327503390713274369
1327503455217283074
1327503483402997760
1327503510024327170
1327503600583467008
1327503639737475072
1327503722122006528
1327503776249487361
1327503862333366273
1327503950623494144
1327504078776184832
1327504167477207047
1327504168383377408
1327504230811193344
1327504273308069888
1327504376789917697
1327504451381280769
1327504729136652289
1327504772107300864
1327504871650684928
1327504887790243841
1327504921957044228
1327504955402579968
1327504978492133376
1327505043700936704
1327505412828979202
1327505451781648385
1327505488003657730
1327505501173723136
1327505554416283650
1327505583654596608
1327505592919920641
1327505907031433218
1327505929848295426
1327505962626932737
1327506194840207360
1327461413581938689
1327461418640179200
1327461636483891200
1327461645107429377
1327461759024820224
1327461963438432256
1327462139217530881
1327462186034278401
1327462248256843776
1327462280414564353
1327462282054557703
1327462404431765505
1327462737186840577
1327462773018808320
1327462823832612864
1327462853498966016
1327462919219666944
1327463100522573824
1327463109229948929
1327463117538947072
1327463461115277313
1327463486901932033
1327463552987357185
1327463599187644416
1327463599330103299
1327463615725772801
1327463700295462912
1327463742519447553
1327463751470047232
1327464010594144258
1327464190865416192
1327464203934953472
1327464433598271489
1327464497230057472
1327464697730277376
1327464711491710976
1327464816496308226
1327465157535162370
1327465247318282240
1327465390407118848
1327465853600878592
1327465856767561728
1327465998916661248
1327466128327716865
1327466149630636032
1327466342497345538
1327466351716225026
1327466409773780992
1327466650124378112
1327466720177451009
1327466795339493382
1327466883965202432
1327466912255602688
1327467001988718592
1327467026550558721
1327467111132884993
1327467189826330624
1327467231920340992
1327467265755914240
1327467382131077126
1327467521994330113
1327467522216628225
1327467601195360256
1327467647383072769
1327467739586367489
1327467790312214531
1327467805743214593
1327467936542560257
1327467940933931008
1327467962102542336
1327468032839467008
1327468057267118081
1327468092071567361
1327468137588121600
1327468217984577542
1327468230743625729
1327468326369505281
1327468430564368384
1327468455713329152
1327468527129911296
1327468779576590339
1327468829216182272
1327468904868966400
1327468989572792321
1327469048167161856
1327469153280638976
1327469274374541312
1327469291759935490
1327469320767729664
1327469367454433282
1327469403940728832
1327469517686120450
1327469518218641408
1327469701602140162
1327469711404134400
1327469916597989382
1327469929319313410
1327470100778246151
1327470121779126273
1327470491322507275
1327470654652870658
1327470658310135808
1327470700702134273
1327470876867112960
1327470923641999360
1327471018789597186
1327471165095485440
1327471203326459905
1327471216886734848
1327471317474549762
1327471484730712065
1327471635788689410
1327471862222241792
1327471879377068033
1327471953922420736
1327472033911881729
1327472055588163585
1327472071300046848
1327472181245259777
1327472248400166913
1327472314708062208
1327472369049489410
1327472391707111424
1327472537207336960
1327472566781452288
1327472726530007040
1327472752832499713
1327472956411420673
1327473062095118337
1327473207859847170
1327473230475522048
1327473283457974272
1327473531119132672
1327473733985054722
1327473862385262593
1327474135673528320
1327474350371594240
1327474379131904003
1327474756594110465
1327474777209139200
1327475078599221248
1327475229887582209
1327475498772017152
1327475638387654656
1327475675293380608
1327475742381314049
1327475791496503297
1327475842721611776
1327475864435494914
1327476042928246786
1327476069054754817
1327476174730063874
1327476185928970241
1327476207559061504
1327476273879285760
1327476308176203776
1327687989850476555
1327688061971550209
1327688115864150016
1327688426175475714
1327688527048368129
1327688548292710400
1327688695990939648
1327688921065537541
1327689043002404864
1327689169393561600
1327689198573260800
1327689256735698944
1327689331994222592
1327689621384404994
1327689650673242113
1327689714405609474
1327689755988013059
1327689759553155078
1327689931892862976
1327690003078651917
1327690015628021761
1327690058300870656
1327690091423174656
1327690275695833089
1327690464363831296
1327690599147794432
1327690615644164097
1327690989427888128
1327691022692966400
1327691060588421120
1327691186643951616
1327691522008117250
1327691534800736258
1327691542639816704
1327691622587518976
1327691718511222787
1327691907624022018
1327691915966504960
1327691991740780544
1327692079531606017
1327692154764869633
1327692339092054016
1327692448760541184
1327692504632860672
1327692570143625225
1327692603396153350
1327692722950598656
1327692746598002688
1327692809265053696
1327692860091756549
1327692864252497923
1327693199628931073
1327693212107104264
1327693250132668416
1327693257795657729
1327693316821979137
1327693413647466496
1327693692346519557
1327693745026977797
1327693766048829440
1327693786479288321
1327693845593804800
1327693883350921217
1327693933678366723
1327694055162191872
1327694101647679488
1327694147864715265
1327694251925368833
1327694294279446528
1327694574907748353
1327694919218188288
1327695082921865218
1327695150336892934
1327695224970366977
1327695275821973504
1327695317463134213
1327695426045304834
1327695544777539585
1327695737489121280
1327695745412108290
1327695766194843648
1327695812751732736
1327696010588590084
1327696035502813185
1327696395889852416
1327696428693680129
1327696483395702791
1327696559170007040
1327696626035666944
1327696798266298370
1327697049802862592
1327697071114248193
1327697653380083716
1327697737777885190
1327698085775101952
1327698106603941888
1327698257850605569
1327698547723132929
1327698576344973312
1327698634725527552
1327698795245694976
1327699084057210882
1327699184225570823
1327699323094769665
1327699746870370304
1327699844094337024
1327699880731697153
1327699880958193665
1327699981080387584
1327700245707444225
1327700317715238912
1327700387579781122
1327700439454912512
1327700456198508546
1327700518156836866
1327700820054450178
1327700849641070597
1327700912874393601
1327701068478746625
1327701261177606144
1327701302609141760
1327701571543724032
1327701722572140545
1327701777144295424
1327702002919497730
1327702003888365569
1327702021026279424
1327702146515496961
1327702330138124288
1327702334714081281
1327702481590247424
1327702732879249410
1327597146812583941
1327597166794330112
1327597192023056384
1327597230346395648
1327597277767036934
1327597499054342144
1327597955801604103
1327598048684421122
1327598111275974657
1327598192154857473
1327598298857955328
1327598466638491650
1327598497743323136
1327598610331078659
1327598791097257986
1327598867282620418
1327599067585765377
1327599119934894081
1327599129481056258
1327599261140316161
1327599385442652161
1327599478325579776
1327599491176951808
1327599512207065089
1327599616049750018
1327599620378288129
1327599692142825474
1327599789115142144
1327599835134840832
1327600023165689856
1327600174869385223
1327600221321355267
1327600409939210240
1327600443288027136
1327600477698224129
1327600564637757441
1327600569490546689
1327600787636285441
1327601051357343745
1327601135046316032
1327601171805171714
1327601361308045314
1327601373727371264
1327601445194108929
1327601524172873734
1327601616678219778
1327601960837672966
1327602053997359106
1327602082057170945
1327602099446833153
1327602183638904833
1327602187799818245
1327602329881882630
1327602402468499458
1327602478804738048
1327602704160591875
1327602791460859904
1327602988299530240
1327603318173130753
1327603356743864321
1327603484674363394
1327603504337317889
1327603537539461121
1327603608964263939
1327603622239145984
1327603643856596992
1327603664018661380
1327603819123941379
1327603911235162113
1327603948132429824
1327604013286690816
1327604083663007745
1327604155733651456
1327604170963247106
1327604326844551170
1327604355470647296
1327604569992351745
1327604925937971201
1327605048805875713
1327605228707966977
1327605324564619264
1327605333385228288
1327605807865802755
1327605857975144448
1327605983946924032
1327606180844277760
1327606297504657408
1327606381579419648
1327606624970813441
1327606637561999360
1327606872715702272
1327606894526156804
1327606902566612993
1327606981859942400
1327607057692975105
1327607129298132993
1327607132049444866
1327607158058397697
1327607212110270465
1327607283082256386
1327607405027397633
1327607433989156864
1327607492638109696
1327607509452992517
1327607553417748480
1327607576876494849
1327607611500490753
1327607837917372416
1327607913825832960
1327607938547130369
1327608059833638913
1327608072936837121
1327608143648415745
1327608264444538885
1327608278638096385
1327608290445037568
1327608344392200192
1327608382862233601
1327608584281104386
1327608609140854786
1327608631592890369
1327608702220836866
1327608776367738881
1327608805736263681
1327608958442369026
1327609015245959170
1327609091380965383
1327609230241665025
1327609569405673472
1327609616419745804
1327609762813448192
1327609880618827777
1327609934838714372
1327610153571586049
1327610395587174400
1327610407670964224
1327610441992970241
1327610542039719939
1327610593327591426
1327610754875396100
1327610890682773505
1327611086082875392
1327611150784212998
1327611246909263873
1327611511645360130
1327611649700728833
1327611758647898112
1327611888436453378
1327611994191523840
1327612027737501698
1327612035149017088
1327612069651288064
1327612162261479425
1327582185356988416
1327582286083207169
1327582381264482310
1327582608755142661
1327582612462784512
1327582714980134915
1327582866050572291
1327582916302565378
1327582924984573952
1327583115511009280
1327583158364237824
1327583213045362689
1327583317328338944
1327583377243955201
1327583597830705152
1327583656530108417
1327583686779228160
1327583785379094533
1327583796313673730
1327583809269866496
1327583853700116481
1327584118419443716
1327584433831030785
1327584468002017280
1327584512147066882
1327584660419915776
1327584857522905091
1327585138901983232
1327585196221345793
1327585361023864833
1327585629664899075
1327585709297860608
1327585717665591299
1327585735424217088
1327585843935145988
1327585951959355400
1327585957894295552
1327586219295911937
1327586421918429184
1327586480060059648
1327586598817472513
1327586630383915013
1327586657319567361
1327586702173548544
1327586813507080194
1327586920734584834
1327587013638361094
1327587054998458376
1327587192328380417
1327587496226672643
1327587763571585024
1327587813550940161
1327587961911844866
1327588038294310913
1327588363793178626
1327588426431025152
1327588572489248768
1327588694132285440
1327588807781347328
1327588854077992960
1327589034923855879
1327589086023004160
1327589088208162816
1327589193502089216
1327589236267159552
1327589366978457601
1327589413061181442
1327589445168717824
1327589459072839680
1327589480182779906
1327589545655808000
1327589560348393472
1327589577821810688
1327590032157388800
1327590183416553473
1327590343596904451
1327590390153814018
1327590515265552384
1327590629589848071
1327590683641860096
1327591057106690048
1327591120176619526
1327591279325220870
1327591571106242560
1327591746499457024
1327591765302538243
1327591798932430854
1327591814904344578
1327591978834554880
1327591983599284224
1327592259345408002
1327592415708909570
1327592494536781827
1327592623993991168
1327592798019858433
1327592939300777985
1327592997559668736
1327593231794704385
1327593241772924930
1327593325424152576
1327593430885703682
1327593627531554816
1327593694845825025
1327593744238055429
1327593861535903744
1327594176352030722
1327594227149238273
1327594234980003842
1327594247256608774
1327594248938643461
1327594306610270208
1327594402932469760
1327594425208500224
1327594491918815233
1327594691743932417
1327594697989058560
1327594701118115842
1327594775902646277
1327594878105231361
1327594881909485569
1327594902205702144
1327594940432609282
1327594956635201540
1327594990038609926
1327594991099777026
1327595124050817024
1327595130040299520
1327595178815868928
1327595287808970752
1327596139110084611
1327596282186174464
1327596524705099780
1327596542144950273
1327596770642300928
1327596985965113344
1327597067057983489
1327506565897744384
1327506578614968320
1327506658663260160
1327506769975848960
1327506814292770818
1327506868256780289
1327507048389619712
1327507142962679808
1327507209022894082
1327507279193595905
1327507305319915520
1327507307979214848
1327507327314964481
1327507356117331968
1327507595427508224
1327507749698199552
1327507864064233477
1327507882838007809
1327507904807776256
1327507981118758914
1327508029231624194
1327508281313681408
1327508558481649664
1327508886564315136
1327509044613980161
1327509045935267840
1327509104722644992
1327509221659844609
1327509228727263232
1327509281185226752
1327509310897745921
1327509356154408961
1327509409258500097
1327509472709787648
1327509473267683330
1327509522424840192
1327509535125278720
1327509625466478592
1327509654159691779
1327509938265075712
1327510059253985280
1327510085141225472
1327510333515153408
1327510374523031552
1327510523127205889
1327510580605796352
1327510690135822336
1327510952732856321
1327510975105224704
1327511022412853248
1327511119297179648
1327511175781871617
1327511397631107072
1327511633699205122
1327511714049519618
1327511719988535298
1327511720470990848
1327511738758008832
1327512114739638273
1327512147048349696
1327512274110541825
1327512304573968384
1327512317324525569
1327512369111715841
1327512636607565824
1327512775028068352
1327512812080521217
1327512865151062016
1327512868472958977
1327512993936994305
1327513018872184833
1327513068763557888
1327513123260047360
1327513274057822208
1327513360510951425
1327513559782318080
1327513651108933633
1327513677331742720
1327513698190188545
1327513851852513280
1327513869808521216
1327513980886200325
1327514023743557632
1327514286114029569
1327514388786421761
1327514413100716032
1327514493207777280
1327514615014592513
1327514720732016641
1327514797705994241
1327514858137403392
1327514940115185669
1327515011158163458
1327515048734982144
1327515075897331713
1327515245623984129
1327515371646058501
1327515441388982272
1327515567213867009
1327516020643426304
1327516041044520960
1327516107318714368
1327516124221759488
1327516143687446528
1327516623482351617
1327516712632279040
1327516833692471296
1327517032460546048
1327517120528228353
1327517157190742016
1327517260815151105
1327517550708572160
1327517607503794181
1327517652772904960
1327517723203694595
1327517738982461447
1327517944318996480
1327517976833236998
1327518120479748096
1327518223248486400
1327518234476732416
1327518307419885574
1327518493529477121
1327518797679489024
1327518907595362304
1327518947823022080
1327519110960476161
1327519115402100745
1327519122985340928
1327519156820791297
1327519161539555328
1327519175351312384
1327519201808900096
1327519571587129344
1327519644396228609
1327519741142044674
1327519753519435776
1327519892094980098
1327520155669204993
1327520226158792706
1327520400272605189
1327520462314766340
1327520537313234944
1327520733480816640
1327520744536936449
1327520961017622528
1327520997046566913
1327521015765692416
1327521090202079232
1327521115749670912
1327521116361932800
1327521231772454912
1327521466905210880
1327521549331689473
1327521614393614336
1327521620571787266
1327567485277712387
1327567540718067712
1327567678031212544
1327568055069593600
1327568132467273728
1327568303515197440
1327568537427308544
1327568665131110400
1327569053033132032
1327569082443575296
1327569142937915392
1327569169622163457
1327569192980189184
1327569233241366528
1327569237599252480
1327569258688212993
1327569457527414784
1327569499755663361
1327569537039028224
1327569633734488066
1327569769990672386
1327569848944242691
1327569986550894593
1327570039692693504
1327570186610888709
1327570266097135616
1327570461329338370
1327570545773305856
1327570589532508168
1327570748861399042
1327570822882598914
1327570936321683456
1327570940373438464
1327571112356704256
1327571129423171586
1327571181399117824
1327571248310841344
1327571382708826112
1327571549025517568
1327571659667222528
1327571666415874049
1327571703405408258
1327571947291459585
1327572034067509249
1327572075624751104
1327572186228469762
1327572212505747456
1327572270651498496
1327572298145144832
1327572656611336192
1327572668644810752
1327572959045758976
1327573241016279042
1327573363829575681
1327573408364834816
1327573454456020992
1327573489893728256
1327573507564318720
1327573692453416961
1327573714037317639
1327573744383107072
1327573773911011328
1327573796778356736
1327573812926353408
1327574149901021185
1327574317773819905
1327574353962278913
1327574436157992962
1327574517196218370
1327574521424080896
1327574527652585473
1327574694573211648
1327574892246671362
1327574971200253952
1327574984181637126
1327575039542222848
1327575080310689792
1327575318182424576
1327575578359291905
1327575781825011712
1327575962985394177
1327576034099728384
1327576084632788992
1327576180183224320
1327576196461301761
1327576289188962305
1327576322009227265
1327576344155353088
1327576796275982336
1327576954556571648
1327577022290333696
1327577277098577920
1327577350456954881
1327577452365963265
1327577475581431809
1327577493063278592
1327577528026894336
1327577596532580352
1327577749427531776
1327577767848894466
1327577815001264134
1327577822794289154
1327577852569669632
1327577895653478400
1327577952184381446
1327577957452242944
1327578158506389506
1327578225153769473
1327578256044855296
1327578317583736833
1327578346797076481
1327578510567878656
1327578557527199745
1327578729980198912
1327579070025101312
1327579112609705984
1327579263634116610
1327579524914098181
1327579572167176193
1327579605763502081
1327579626974154752
1327579681990832129
1327579832327278592
1327580108673208320
1327580211941175296
1327580272838184961
1327580591093669894
1327580654465396737
1327580664791756804
1327580840654557192
1327580994866618374
1327581062407409665
1327581136101527553
1327581208633626626
1327581438338887680
1327581472400707585
1327581568496513025
1327581618094137344
1327581709307613184
1327581938924785664
1327582013050785793
1327521629509922816
1327521641795002368
1327521654444998656
1327521681427079168
1327522156654301184
1327522168159277057
1327522233112289281
1327522339081367555
1327522632485326850
1327522759832784897
1327522774710169600
1327522933170872320
1327523030290063361
1327523088091766784
1327523159994556436
1327523214080180224
1327523256153366529
1327523282426335233
1327523314672275457
1327523498550460418
1327523609963859969
1327523625302249472
1327523868748115969
1327524014009434118
1327524031965274112
1327524162060111873
1327524245073580033
1327524484895666176
1327524492281749505
1327524685731467265
1327525135532736514
1327525142042329088
1327525365187633153
1327525823025438720
1327525842583388161
1327525940029775873
1327525971088576512
1327526277453123587
1327526501865189376
1327526619733512192
1327526688297771015
1327526722284216320
1327526731897393152
1327526738998349825
1327526888705671168
1327526937154244609
1327527358933442560
1327527476092866561
1327527518576971776
1327527589213216768
1327527623870869504
1327527634138382336
1327527718720851968
1327527739864223745
1327527896685162500
1327527992914976769
1327528029518610432
1327528439046430720
1327528702947704832
1327528840067952640
1327528848808943616
1327528849572171776
1327528884619849729
1327528907407503361
1327528930476101633
1327528981906776064
1327528987049029633
1327529006649008129
1327529020649574401
1327529175293550592
1327529314447974400
1327529446656647168
1327529467816804352
1327529583608938502
1327530343260246016
1327530453570527233
1327530610596962310
1327530743115833346
1327530776502673408
1327530794248773635
1327530902952534016
1327530954987106305
1327531156586184705
1327531509276954624
1327531539190702080
1327531633654849536
1327531752726822913
1327531794036613120
1327531831814725632
1327531885371809792
1327532016703840256
1327532167140786176
1327532199801884672
1327532244513267713
1327532260531310593
1327532719983656961
1327532722500210688
1327532807275634688
1327533010539855873
1327533207479173120
1327533232838029312
1327533554054651904
1327533665673498624
1327533677308350470
1327533697734746113
1327533782358847489
1327533824486608896
1327533907894472704
1327534074072764418
1327534130385522689
1327534272916369410
1327534434590076928
1327534454949220357
1327534479406223373
1327534540185882626
1327534599954632704
1327534742779031553
1327534915357962241
1327534964431351808
1327534977630650371
1327535208212557825
1327535256249847808
1327535367160000513
1327535505752330240
1327535564896264192
1327535692617031680
1327536327638675458
1327536491350863874
1327536727179882497
1327551842130210817
1327551935730180097
1327552194342752258
1327552494789128193
1327552579341934592
1327552707780104193
1327552908448022529
1327552911359037441
1327553036231720962
1327553136634990592
1327553137817817088
1327553212371656709
1327553226082820096
1327553276758278144
1327553361260908545
1327553563170488321
1327553678920867841
1327553868939583491
1327553934563663872
1327553935889076224
1327553979677601797
1327554669930016768
1327554700510703616
1327554821059186689
1327554904701865991
1327555011757355015
1327555102786408448
1327555286299717633
1327555479208333315
1327555561907499008
1327555689061838848
1327555735291629568
1327555774978142209
1327555860000870400
1327556010010161153
1327556090612101120
1327556118764130304
1327556313170259968
1327556358607155201
1327556491147059201
1327556604447891456
1327556688312995841
1327556787164360705
1327556798270877696
1327556927430291458
1327557025363087361
1327557172771885058
1327557319488630785
1327557587634515969
1327557748515594243
1327557766916005888
1327557892095041539
1327557899103596544
1327558083707596800
1327558406467534848
1327558506057240577
1327558562487431169
1327558570154528768
1327558833808568321
1327558892193275905
1327559149798866946
1327559263489671169
1327559301729308672
1327559376492781568
1327559471862870017
1327559519006842880
1327559540473151488
1327559631632293888
1327559677648003072
1327559710225158145
1327559712112570368
1327559867289260032
1327560053440843776
1327560055860957184
1327560138341888000
1327560255350444032
1327560469062643713
1327560553896714247
1327560686868828161
1327560816825143296
1327561126482219009
1327561199794286593
1327561617643499521
1327561667023155200
1327561747851571207
1327561819163156480
1327561852549816321
1327561963023589382
1327561971940679680
1327562175582498817
1327562254397571078
1327562377202720768
1327562397616197632
1327562437181267968
1327562489886887938
1327562505938415616
1327562962974994432
1327563174351155205
1327563231540498433
1327563467142930432
1327563537691123719
1327563546004246530
1327563683338268673
1327563779970793474
1327563890054602753
1327564026516107265
1327564054337040384
1327564080673136642
1327564259287556096
1327564281693437953
1327564438245785600
1327564450958864384
1327564672862543873
1327564709931921408
1327564865813307392
1327564959635607553
1327565046285815809
1327565047497977858
1327565273927282690
1327565381192572928
1327565432396582914
1327565575019769856
1327565698118332416
1327565728686325760
1327565746864615424
1327565899507904512
1327565941866115072
1327566058182512640
1327566340673073157
1327566551596355584
1327566843159179265
1327537012849709058
1327537019678035968
1327537068113866752
1327537174611255297
1327537259244032006
1327537733221445632
1327537756474630146
1327537804117745666
1327537969490661377
1327537979603214337
1327538025623117824
1327538048448552960
1327538187049328641
1327538233970921473
1327538275200929792
1327538327482896384
1327538424513916933
1327538449352597506
1327539363211829248
1327539383994634241
1327539449878642689
1327539478949408768
1327539612013768708
1327539612449976320
1327539644704034816
1327539699737653248
1327539728674152449
1327539890469416960
1327539896202928128
1327539903941513218
1327540009201786882
1327540304745009154
1327540505740156929
1327540628524199943
1327540700657967105
1327540701782011905
1327540901347012614
1327540954874613760
1327541108629442561
1327541164564762631
1327541313508675585
1327541322333499392
1327541461252976641
1327541623417397248
1327541650516799489
1327541659899490304
1327541669110026243
1327541708352057344
1327541719412269058
1327541902774681601
1327542104978055172
1327542274285133827
1327542397232934913
1327542423065686016
1327542457421197313
1327542594830815233
1327542812108234754
1327542932707020800
1327542954991509504
1327542974616535040
1327543161724555266
1327543271132893184
1327543338241720327
1327543554349158403
1327543733387210752
1327543797778145282
1327543860105523201
1327544031019233282
1327544390793965568
1327544398826131458
1327544437803679747
1327544534591434752
1327544697385062401
1327544727793659905
1327544784110673921
1327544792520257538
1327544860216324096
1327544862288166912
1327544905451917313
1327545032405086215
1327545243168878592
1327545545095864320
1327545690319446018
1327545754769043457
1327545818304352256
1327545891956420608
1327546181027770369
1327546216150757376
1327546240222048256
1327546412683440129
1327546661380427777
1327546666644246528
1327546911176470530
1327546914657751041
1327547063236694016
1327547109860524032
1327547179741839361
1327547186993836032
1327547346675240960
1327547364903620608
1327547470310727681
1327547608622051328
1327547632999305217
1327547994393243648
1327547997627035649
1327548146390601731
1327548160655437824
1327548322291265538
1327548591221694464
1327548699275370497
1327548711380115456
1327548918356389888
1327549068600631296
1327549365255163904
1327549392556068864
1327549462659682305
1327549511560953856
1327549526136270848
1327549990797971456
1327550110700613632
1327550159291617281
1327550312421363712
1327550376372015104
1327550492264771584
1327550590348509185
1327550622133071873
1327550632216186880
1327550739892346882
1327550759991328769
1327550808414515200
1327550809417019392
1327550825766350848
1327550844749946881
1327550950043742208
1327551147284914176
1327551487367655426