1328095433541910528
1328095435844710407
1328095535845302273
1328095584973058048
1328095626635190272
1328095643076792320
1328095764913004547
1328095773582618629
1328095814980231168
1328095873205751808
1328095907817140224
1328095994060410885
1328096142220029952
1328096150377943040
1328096211061141504
1328096299967778817
1328096410315710464
1328096511239090177
1328096521582211073
1328096583016214530
1328096599025741824
1328096613588459521
1328096632785743874
1328097110294745089
1328097139851976706
1328097213709508614
1328097316570505216
1328097412586622977
1328097526508032005
1328097539002863618
1328097597228281856
1328097647912251392
1328097787226054669
1328097907933929472
1328097974786940928
1328098021826060288
1328098083729707011
1328098148221325314
1328098152264724485
1328098159969656833
1328098309458817024
1328098357273772032
1328098478300557312
1328098561607680001
1328098566317989888
1328098624828547072
1328098633720467456
1328098637453406214
1328098709268140034
1328098767929815040
1328098960267997192
1328099023144759297
1328099054451109888
1328099120574291968
1328099141214490625
1328099195786551299
1328099242116837376
1328099421637185537
1328099438439653380
1328099477589266433
1328099522392838144
1328099703209209857
1328099934172659712
1328099992276508672
1328100043673329664
1328100055564382209
1328100223860809731
1328100243662012417
1328100265212448773
1328100270035791873
1328100298578153472
1328100348628709377
1328100486499721217
1328100571564404736
1328100745766432770
1328100835528740866
1328100878050615296
1328100998791958530
1328101071303155718
1328101083445661698
1328101095940485125
1328101116467404800
1328101250865516545
1328101271430000642
1328101318070738944
1328101552322605056
1328101556458315781
1328101603337973767
1328101627195232256
1328101653350932481
1328101653887688705
1328101854824308740
1328101903063011331
1328101997040463872
1328102014467903489
1328102086106615810
1328102196358033412
1328102366558744580
1328102411496529920
1328102476038463488
1328102588458233856
1328102647799320576
1328102686110191616
1328102777164218369
1328102966197424131
1328102988519534592
1328103058425966599
1328103171831435264
1328103247303897090
1328103370834382848
1328103507698872324
1328103616880766992
1328103663294951425
1328103787966459904
1328103871923761156
1328103872464887810
1328103914030305280
1328104035484917766
1328104044108374017
1328104107601752064
1328104215785463814
1328104325038690304
1328104417493737474
1328104476310441984
1328104497118384131
1328104639779246080
1328104672163475457
1328104735040221184
1328104752803176449
1328104781064384514
1328104803088674823
1328104891097751552
1328104908302802947
1328104992096591872
1328105016180289538
1328105134547726343
1328105156324409344
1328105234523099136
1328105394917425152
1328105424864817154
1328105457727238150
1328105466451386374
1328105503822495744
1328105507995807745
1328105566678495232
1328105596676169728
1328105604641034240
1328105688296542212
1328105693782503424
1328105722211549185
1328105755132768258
1328105776787955713
1328105893637083137
1328105927069769730
1328106070103900160
1328106119089299457
1328106157362343942
1328106167202099201
1328106246281580544
1328106297103953921
1328106443116056576
1328106455996706828
1328106552440614913
1328106564578725889
1328106612280733701
1328106631628947456
1328106646116179970
1328106711857700865
1328107046848249856
1328107072160985092
1328107102548725761
1328107114875809793
1328107136132452354
1328107299274100736
1328107466664661003
1328107474784641024
1328107508632748033
1328107529281425414
1328107962104213510
1328107974909431812
1328108070183047169
1328108136264241152
1328108244276047872
1328108351566254092
1328108419367268353
1328108498513661954
1328108737933045761
1328108775375593475
1328108957387382784
1328109001620344833
1328109081014325251
1328109303488802817
1328109316444991489
1328109345226285060
1328109404852523008
1328109458673766400
1328109580329644032
1328109615695884288
1328109765764014083
1328109765948424197
1328109827755704320
1328109866221637632
1328109958248980484
1328109974560641024
1328110117112442880
1328110340324769792
1328110377356447744
1327974678749712385
1327974742331109377
1327974796282507264
1327974817824468992
1327974847243198464
1327974905397260288
1327974976985722881
1327975073039441921
1327975094208131072
1327975380213436416
1327975493191102465
1327975890974740482
1327976151428583425
1327976163579490306
1327976278088183808
1327976355825393667
1327976411815178240
1327976499173965825
1327976545567256581
1327976646293516288
1327976805962289152
1327976848383422465
1327976869560414208
1327977062154514432
1327977380296728577
1327977401368915969
1327977405374484489
1327977443500679168
1327977535204782082
1327977724208578565
1327977732182061056
1327977926592172032
1327977992346365954
1327978139318968320
1327978219744747520
1327978236031143936
1327978273180151810
1327978307661520899
1327978332756078592
1327978366977372160
1327978450167025666
1327978462389411842
1327978545960914945
1327978598016409602
1327978697241006081
1327978780825149440
1327978794527952898
1327978878162374659
1327978915391016961
1327979120144297986
1327979137903038464
1327979284737130497
1327979452270333952
1327979511040905216
1327979527344107521
1327979640867213312
1327979660471373828
1327979670449565696
1327979674153091073
1327979695166648320
1327979695598612480
1327979707783143425
1327979742436450304
1327979744017735683
1327979871751036928
1327979878227042306
1327979882052259841
1327980058166910979
1327980147975331841
1327980180271411200
1327980211221172225
1327980320101191680
1327980329961832448
1327980390859091970
1327980403161001988
1327980404129742851
1327980528323096578
1327980544131543045
1327980573919473664
1327980622539857927
1327980718962528258
1327980731809804291
1327980794971873281
1327980874013560832
1327980907777683456
1327981193011355649
1327981286540062728
1327981401677901825
1327981659334057984
1327981725998145536
1327981800677838850
1327981814258962435
1327981897620787200
1327981914221924353
1327981995687874561
1327982006500671489
1327982136356429824
1327982271425556480
1327982277733851136
1327982418360377344
1327982702746865665
1327982732270592001
1327982759575314432
1327982835303649282
1327982992019623937
1327983101574852608
1327983227655643137
1327983265425149953
1327983302637182976
1327983365073485824
1327983383000076289
1327983482992283654
1327983566828007424
1327983579901677570
1327983608968130560
1327983617566511106
1327983697082019840
1327983893383946247
1327983961243590662
1327984129749655552
1327984165439082498
1327984191473061890
1327984271513038849
1327984334096248832
1327984405873307648
1327984434944073728
1327984460231548930
1327984548509081602
1327984652909424641
1327984674363363329
1327984762280087553
1327984866215030784
1327984963380256768
1327985072667041792
1327985284051595265
1327985341253480453
1327985344948551681
1327985404293771264
1327985433263923201
1327985513391812609
1327985643075608576
1327985697785925632
1327985814807130112
1327985940900564998
1327985974543065097
1327986029232590849
1327986074883403784
1327986116906143750
1327986158802972672
1327986192428756992
1327986335790096385
1327986351678107650
1327986594805059587
1327986632579026949
1327986818235723778
1327986847268605953
1327986897436758016
1327986964570771456
1327987153603792897
1327987257396109315
1327987304380702724
1327987354016112640
1327987421703790593
1327987429681360898
1327987493493469184
1327987517723914242
1327987518319443971
1327987773912076289
1327987785853177856
1327987832577781760
1327987857366134785
1327987895974682625
1327988670989799424
1327988671425900545
1327988692267520000
1327988901697359875
1327989017313484800
1327989044660359168
1327989053262876672
1327989086704050183
1327989279616688135
1327989299481088008
1327989325624184832
1327989334226644994
1327989837446713345
1327989866773307392
1327989896171167744
1327989929255837699
1327990076723310593
1327990127168266240
1327990269350916097
1327990357469126657
1327990496019456000
1327990576118042626
1327990625459814400
1327990642669088769
1327990645575671810
1327990659500953601
1327990780745682944
1327990835334557696
1327990853135110146
1327990971594919938
1327990998979502082
1327991011478433793
1327991187635056643
1327991200373149696
1327991204601094144
1327991317935353856
1327991376747900928
1327991418934071302
1327991469748219905
1327991544180183040
1327991851039813634
1327991904852733954
1327992022834221057
1327992030686044162
1327992065033183235
1327992337398718466
1327992433200820224
1327992442126290945
1327992458458787843
1327992496132136961
1327992815352209409
1327992820112699392
1327992828077740037
1327992929168846848
1327992940942266368
1327992961246883845
1327993069954850818
1327993129824378882
1327993192617283584
1327993230001102851
1327993230542204930
1327993318295257089
1327993398662295553
1327993425774440458
1327993531453956098
1327993579613130753
1327993612798468098
1327993666753925120
1327994138588041218
1327994157282029568
1327994161329446914
1327994291352973313
1327994543820574721
1327994556369965058
1327994749119328259
1327994916203618306
1327994916463464450
1327994975162916870
1327995279438729217
1327995298594119682
1327995370962554886
1327995382777999360
1327995474788438019
1327995587652849670
1327996028658741249
1327996065325461510
1327996091237863425
1327996116328095744
1327996200226844672
1327996229062574081
1327996347417579522
1327996418129342464
1327996557208285185
1327996581858177029
1327996590326382592
1327996598253740033
1327996694877798401
1327996695230128128
1327996762120990722
1327996829364051968
1327996833512239105
1327996876013117441
1327996972180123655
1327997009668829185
1327997156641345536
1327997185397440512
1327997281962840065
1327997311876816897
1327997323964723202
1327997337143283712
1327997397054746626
1327997529359749122
1327997672205193217
1327997719152103433
1327997839801192448
1327997869169717248
1327998033297072131
1327998455017578498
1327998481995325441
1327998667098382342
1327998679312056324
1327998801051873283
1327998808404283392
1327998850888450049
1327998854978035713
1327998855195947015
1327998871855915016
1327998873579757569
1327998997554978819
1327999077682978817
1327999086738485260
1327999190891425792
1327999275050045442
1327999353957601284
1327999513269739520
1327999526150434817
1327999588813262849
1327999589262241794
1327999610447671298
1327999647705681920
1327999660909162505
1327999711207428099
1327999744455618567
1327999815846928387
1327999819613417472
1327999899774963716
1328000011628670978
1328000130474242051
1328000340323561472
1328000372556836865
1328000377812226049
1328000470628110336
1328000553528532998
1328000601368657927
1328000675775717377
1328000685632315394
1328000935298289665
1328001002985848832
1328001124377518080
1328001128257228800
1328001195898793984
1328001300634734598
1328001503685189632
1328001905017106433
1328001989251313664
1328002036894474242
1328002038660272129
1328002118679052290
1328002126845513729
1328002163898019848
1328002222970466305
1328002299067772929
1328002348812144640
1328002357267992578
1328002491330433024
1328002684482252800
1328002753520689154
1328002923486318593
1328003021838565377
1328003024615321600
1328003061747380226
1328003144916242432
1328003250856071171
1328003250956734467
1328003568662695936
1328003716390281217
1328003901715574784
1328003991658254336
1328004009635012609
1328004383066435587
1328004392138670080
1328004437386915840
1328004458278739968
1328004505116372992
1328004554881781760
1328004684876025856
1328004739368423424
1328050428785909762
1328050462554263554
1328050738652610561
1328050751155957765
1328050789668020224
1328050818126209025
1328050851479515136
1328050881678483457
1328050939719266306
1328051086842687488
1328051129205354502
1328051271748759554
1328051279248183297
1328051472576090112
1328051574191448064
1328051636636409859
1328051870955343872
1328051883542536197
1328051925863067655
1328052017701523456
1328052022084558851
1328052026803097602
1328052084567052288
1328052173360353281
1328052181413621762
1328052307737645060
1328052383163834369
1328052395541221376
1328052588772696064
1328052693156450312
1328052723430825984
1328052743492100097
1328052854481948673
1328053120899936258
1328053146116034560
1328053193146839045
1328053239279886336
1328053246464651265
1328053486764781569
1328053489742741505
1328053549087993859
1328053641484197888
1328053653471518720
1328053762821414915
1328053873152565250
1328053909819174924
1328054039192461312
1328054081173143552
1328054282315124741
1328054337977782272
1328054357967863808
1328054400733089793
1328054439937269760
1328054459444944897
1328054551774179336
1328054593440321536
1328054597496180736
1328054718808031232
1328054974702637057
1328055046567849984
1328055390697828356
1328055415272329216
1328055459903889408
1328055464924491798
1328055546965078017
1328055557056466944
1328055575020638208
1328055603986653184
1328055660278407168
1328055750594351104
1328055822690107393
1328055906450497543
1328055973848690688
1328056003036909569
1328056051686633476
1328056107017904132
1328056132489850881
1328056289503703040
1328056325713125378
1328056354750275590
1328056551190405120
1328056563886678022
1328056749832560640
1328056866220470273
1328056904757624832
1328056996277444608
1328057005622366209
1328057319754706944
1328057327417655297
1328057344748646401
1328057520896741377
1328057550240092161
1328057554438549510
1328057625989312514
1328057643043336193
1328057650077118465
1328057701180403713
1328057826925834240
1328057856407597056
1328057911587844098
1328058070816219137
1328058146309345281
1328058257600958465
1328058267877187584
1328058369941311490
1328058406469595137
1328058532281929733
1328058573247684614
1328058581644546048
1328058593468268544
1328058767221592064
1328058770405122048
1328058825207898112
1328058883827511296
1328059052480458753
1328059152103563271
1328059205702574080
1328059207657148416
1328059440109502464
1328059445809582081
1328059459436949504
1328059462905704454
1328059496653008901
1328059551501979653
1328059563455737856
1328059614412365825
1328059660058898435
1328059706036936711
1328059781500833794
1328059789667041281
1328059798861082627
1328059920403501056
1328059945032568832
1328060310394200065
1328060336566652928
1328060427415285761
1328060482528403456
1328060658907189249
1328060679484559360
1328060762791825408
1328060763026698243
1328060872548380672
1328061094544478214
1328061304297295873
1328061354113200130
1328061374807752704
1328061405312872448
1328061423604424705
1328061476687396864
1328061803667091456
1328061853222674434
1328061870603862016
1328061898525454337
1328062000337874947
1328062055790862342
1328062118197923841
1328062227153240064
1328062289929506817
1328062361471741957
1328062428198936577
1328062964537102338
1328062981960298496
1328063003225448454
1328063007826522113
1328063355744038913
1328063400933515271
1328063409154297857
1328063431195373568
1328063434143961095
1328063520471199747
1328063623990677504
1328063711492206592
1328064085041229824
1328064097787719686
1328064114342576128
1328064199617114113
1328064328839270401
1328064370216091648
1328064470837456896
1328064521408307203
1328064583806889988
1328064684709335040
1328064697459937280
1328110591123148804
1328110789115269122
1328110855792234496
1328110884649111556
1328110964395438088
1328110981202010112
1328111047299960832
1328111161720664064
1328111193194704897
1328111195820265472
1328111229685039104
1328111384442400769
1328111424518856704
1328111438720851975
1328111438745927680
1328111463924379648
1328111495817859075
1328111536070660098
1328111623719038977
1328111627368067077
1328111711711277056
1328111894075469824
1328111954859356160
1328112038082646022
1328112075189739525
1328112352676507648
1328112357894217728
1328112391117303808
1328112412453720064
1328112495551279105
1328112555097681920
1328112638262468608
1328112742834860033
1328112974079246337
1328113128995864576
1328113200852766723
1328113288081764352
1328113330196713472
1328113543766487041
1328113749350379526
1328113851011837953
1328113866820231170
1328114042540613639
1328114081249824770
1328114097565683713
1328114186497429505
1328114291216588800
1328114367011938304
1328114378718195712
1328114450528948227
1328114466764902402
1328114564152561664
1328114614215741440
1328114651075399681
1328114651490619393
1328114735896780802
1328114827286503424
1328114856910856197
1328114958899552260
1328114992919375872
1328115041879556098
1328115285178556417
1328115291591684097
1328115495233589249
1328115503789793281
1328115540490129408
1328115557388873729
1328115658576388096
1328115703875063811
1328115751002181633
1328115754991038466
1328115838138912768
1328116052912467970
1328116115428532226
1328116141093318656
1328116276330336256
1328116279090307072
1328116405112369159
1328116422124322816
1328116434208251904
1328116551376056320
1328116589703671808
1328116622410838016
1328116626781327361
1328116682305527809
1328116704556290048
1328116761556750337
1328116807434182663
1328116852925534209
1328116891085225985
1328116904687333377
1328117042386399233
1328117120878718978
1328117155603296256
1328117269336125440
1328117344225415169
1328117360725692416
1328117567358119936
1328117599964712967
1328117599973105675
1328117609804554242
1328117697012527110
1328117768634380291
1328117805858828290
1328117844026933248
1328117907117793280
1328117951942180866
1328118044330237956
1328118146079870978
1328118166069895168
1328118179294367744
1328118426469011456
1328118435545575427
1328118439626612736
1328118447775969280
1328118473013268480
1328118516264779776
1328118556806893568
1328118607201660930
1328118803398418433
1328118900454780929
1328119090947497986
1328119126313885697
1328119193921675264
1328119211223343104
1328119231527968768
1328119240168267777
1328119470515236864
1328119516685975552
1328119542145486850
1328119567323979776
1328119626056667144
1328119692972744709
1328119698253172738
1328119844181594113
1328119844408086532
1328119894005608448
1328119928650489858
1328119940407320581
1328120021478944768
1328120175858774016
1328120245320622081
1328120255319842817
1328120326006263809
1328120376803663872
1328120389696970753
1328120409951150080
1328120477181751301
1328120490574061568
1328120537348968454
1328120612351520769
1328120628805840896
1328120753724776451
1328120778982895620
1328121043261779969
1328121101788975107
1328121102636298240
1328121493469839364
1328121685245972480
1328121715084312576
1328121908512976896
1328121999751835651
1328122079942762496
1328122117276246016
1328122214244257792
1328122285165858824
1328122301695594502
1328122411020070918
1328122490485415936
1328122595670188033
1328122708706529285
1328122734409289729
1328122792924110854
1328122903058145280
1328123186702118916
1328123191416532992
1328123232013135872
1328123275583639552
1328123320416559105
1328123324497489920
1328123340108783622
1328123451777970176
1328123740203442176
1328123879659868160
1328124064498638855
1328124151593398273
1328124185684692994
1328124616959725568
1328124667115282435
1328124721934852097
1328124760958484480
1328124889820061696
1328124894882787330
1328124931658412034
1328125086889504768
1328125089477505024
1328125125946798080
1328125191478763521
1328125304632696832
1328125385628913665
1328125464276189184
1328125590793117696
1327808635464863750
1327808677017919489
1327808726967803904
1327808732026216448
1327809125904838657
1327809172004593665
1327809188618244098
1327809192544104453
1327809273284489216
1327809313872736256
1327809323016343554
1327809423788662786
1327809428255629312
1327809493720326145
1327809508660416513
1327809595348307972
1327809628814491648
1327809707914915843
1327809998592897024
1327810128838488069
1327810157494095874
1327810158903185409
1327810279451873280
1327810627990147072
1327810660638584833
1327810723804704768
1327811037186437120
1327811164970102784
1327811401864208385
1327811402942328832
1327811407509745664
1327811692559036416
1327811705443782656
1327811726067294209
1327811809798066177
1327811890374963200
1327812059187167233
1327812061611560963
1327812099876286466
1327812535878238208
1327813223760982021
1327813244325482496
1327813275472580608
1327813282858749953
1327813303905693699
1327813328572444677
1327813374797881345
1327813491785412609
1327813632126832641
1327813693678235648
1327813794823876608
1327813827308646400
1327813886658158592
1327813962650378240
1327814065670877184
1327814159153717248
1327814389664083970
1327814452213903360
1327814696422891520
1327814842942509056
1327814867399557121
1327814922114240512
1327815002493956098
1327815035704520707
1327815043619155974
1327815178143064068
1327815370967633921
1327815464102326272
1327815505026039808
1327815580561321985
1327815665831583744
1327815735905665024
1327815753060343810
1327815824325844997
1327815912444014593
1327815958258278402
1327815970547773443
1327816025950146560
1327816071244484608
1327816133475405825
1327816327621382144
1327816380100513793
1327816533263912961
1327816587869626369
1327816599567384576
1327816767071281152
1327816780081819649
1327816780832792577
1327817091848622081
1327817225194115073
1327817438851981314
1327817544472928257
1327817716200140806
1327817766020259845
1327817807845855232
1327818042512793600
1327818093092106240
1327818264681050113
1327818411339034624
1327818461888864256
1327818634442444802
1327818685390745602
1327819103772368896
1327819115386593280
1327819440231227393
1327819456152621056
1327819518949941248
1327819809577443329
1327819968734519296
1327820018877222912
1327820077241151495
1327820123047137280
1327820127241461761
1327820177929613313
1327820248704196608
1327820270124609536
1327820456393633792
1327820530531979270
1327820583703359488
1327820672974925824
1327821163154665473
1327821277311234048
1327821304590786560
1327821331887427592
1327821650604199936
1327821679607779328
1327821708552761345
1327822007094837249
1327822081963089921
1327822090079186944
1327822116016820224
1327822203379978241
1327822296665395201
1327822337534808064
1327822414043107331
1327822463728721921
1327822492707205120
1327822568749936641
1327822622835535873
1327822652820631552
1327822811465977857
1327822824933707776
1327822933738229760
1327823061756862464
1327823090294861824
1327823215582982144
1327823537382387712
1327823570739879936
1328080396215607298
1328080434870120448
1328080560481202176
1328080685656010752
1328080874492014592
1328080946273325056
1328081001113919490
1328081013625393152
1328081042385801216
1328081185755566081
1328081219255492608
1328081339950632960
1328081881942929409
1328081937660063750
1328082047383072774
1328082145827463168
1328082187560898560
1328082217185259525
1328082334977908736
1328082447360270341
1328082461927108614
1328082489122959368
1328082600599105536
1328082678365753349
1328082816832315400
1328082825078161408
1328082946490839041
1328083101621358593
1328083135997722624
1328083156038250496
1328083551225516032
1328083551749885952
1328083564215209984
1328083576722776065
1328083609102782464
1328083680640819207
1328083735422578688
1328083928251588610
1328084007842615296
1328084033524412416
1328084137589272578
1328084431672913921
1328084473368473611
1328084481421537285
1328084653903896579
1328084692223074305
1328084863463854081
1328084948235014145
1328085014911852546
1328085039746265092
1328085208407666703
1328085316763340805
1328085526356893698
1328085668644462592
1328085690442272771
1328085715905892353
1328085844683526150
1328085854087213062
1328085937050542082
1328086111147741190
1328086159948476423
1328086188687847427
1328086341297594375
1328086402513383424
1328086496524558337
1328086566397505537
1328086675810095104
1328086679429783553
1328086700434796545
1328086725747503105
1328086801144221696
1328086918962311174
1328087029872201735
1328087195559755776
1328087279798157313
1328087481267355648
1328087522505859073
1328087590491353089
1328087602981986306
1328087686863699968
1328087812420333568
1328087938371112960
1328087963243307014
1328087980662284289
1328088005639286785
1328088034798137345
1328088047825661958
1328088198283751433
1328088483945177089
1328088583773720576
1328088681723404289
1328088797955969025
1328088853098487809
1328089137904140289
1328089292132978689
1328089486052376581
1328089515404226560
1328089779678875648
1328089804764942337
1328089893013127168
1328090106637389829
1328090178464985090
1328090304201830407
1328090856793010183
1328090861884870661
1328090878116732928
1328090979212079106
1328091041820532736
1328091096577167360
1328091182585565184
1328091839589720069
1328091847437086720
1328092169727401984
1328092211720957954
1328092262350397441
1328092463999967232
1328092489467629569
1328092543633006592
1328092836575645697
1328092909338578947
1328092967400247297
1328092971288367105
1328092988849999872
1328093042687897600
1328093168617721856
1328093306652405760
1328093344178741250
1328093353246801922
1328093378253385728
1328093525171343360
1328093822656655361
1328093894135984130
1328093919142436864
1328094012230799367
1328094103633092608
1328094145626431490
1328094262660128768
1328094300790550535
1328094303084797955
1328094380327104515
1328094398274543616
1328094515752742914
1328094656849211393
1328094726348746753
1328094774646149120
1328094793310892034
1328094835056799745
1328094888412336128
1328094921715113985
1328095089432743936
1328095123138179072
1328095190444290048
1328095240964726784
1328095248849850368
1328095251798618112
1328095307314434048
1328095371533324288
1328004874009796610
1328004957832945664
1328005012148998144
1328005020550369281
1328005411300134914
1328005469529542657
1328005620121956353
1328005756298391553
1328005805447270401
1328005835264561154
1328005923269435401
1328006044216422406
1328006085450592258
1328006430004301824
1328006451600580609
1328006673672400898
1328006732073865216
1328006845475082240
1328006845466701825
1328006874831077376
1328006937573797890
1328007212615282690
1328007264431706112
1328007302163681283
1328007482254495746
1328007566606147585
1328007667764359171
1328007701264273408
1328007701453004802
1328007743060512768
1328007810400067585
1328007871011950596
1328008049303433219
1328008091355414528
1328008241872158720
1328008262571200512
1328008262877401091
1328008296918347777
1328008376555626499
1328008418783858691
1328008499457089539
1328008506885206021
1328008519065460743
1328008707209359363
1328008744274333701
1328008779045146625
1328008782832668672
1328008916102500352
1328008938181206018
1328008955453464577
1328009017940090881
1328009043185688579
1328009086689026048
1328009127457644547
1328009135435051008
1328009177000763393
1328009517167153154
1328009630962905090
1328009634163138560
1328009890049167361
1328009899180130305
1328009940561137664
1328010196359188482
1328010218219900930
1328010272699604992
1328010306971381763
1328010322226147329
1328010339191980033
1328010397882880001
1328010416870592519
1328010432213291010
1328010473783103488
1328010511208898561
1328010528300666886
1328010536773152769
1328010632331931650
1328010708102090755
1328010889191034880
1328010976873111554
1328010981398769664
1328010993327243265
1328011090207383555
1328011179978076160
1328011369417895936
1328011546748997633
1328011760876593152
1328011812026118145
1328012027193921539
1328012075805724672
1328012197121847297
1328012251169775617
1328012318031155207
1328012331071234048
1328012440567754762
1328012700501196800
1328012767597535233
1328012884962664454
1328012890712862720
1328012918441603078
1328013098695979009
1328013141255524358
1328013191771811841
1328013267680301057
1328013287645179904
1328013308608139264
1328013388450996225
1328013464518979585
1328013495527297024
1328013603367243778
1328013677946171392
1328013749039542274
1328013895475277826
1328013937476997121
1328014034784968704
1328014038182350848
1328014156176318464
1328014303077740549
1328014386355695616
1328014562746986496
1328014571618054144
1328014617184923648
1328014872878133249
1328014963219206144
1328015049294831617
1328015330078314496
1328015439281205254
1328015471845666816
1328015513537024000
1328015540431036423
1328015582025965569
1328015595066036224
1328015716600131584
1328015888889548803
1328015976676339712
1328016088903409664
1328016241064337415
1328016471193161729
1328016563690229761
1328016629406584832
1328016802367070209
1328016839981621250
1328016857488613376
1328017000208228352
1328017034181967873
1328017154738970625
1328017163437879298
1328017242592858120
1328017272196247553
1328017498718035969
1328017511007174656
1328017532587028487
1328017595564519426
1328017784362606592
1328017821834600450
1328017880445820935
1328018027087065088
1328018073224351749
1328018220037537792
1328018220167606272
1328018291831365632
1328018753234190336
1328018769348751360
1328018833181863937
1328019062908211203
1328019264679325697
1328019327367454720
1328019470376448000
1328019490781663233
1328019780834631680
1327838776824123392
1327838868087971841
1327839015085563904
1327839037919473664
1327839287069593600
1327839294610960384
1327839308863168512
1327839487448256512
1327839651810353155
1327839711046627329
1327839752570236928
1327839773411643392
1327839828742955009
1327839883268820992
1327839954311983104
1327839962180489217
1327840046263787520
1327840323448475648
1327840470194671617
1327840558023401472
1327840579162664960
1327840591154012160
1327840620669448192
1327840667201130497
1327840671432990720
1327840771450527746
1327840872268894208
1327840897405337600
1327841006331432960
1327841044143157251
1327841081967353861
1327841163546660864
1327841170127523841
1327841284023676928
1327841400600154112
1327841409689296897
1327841451510796288
1327841543391211521
1327841702858485761
1327841906496327681
1327842025325142016
1327842029901066241
1327842047391305728
1327842139175313409
1327842306712498176
1327842429219684353
1327842491689648128
1327842508571754497
1327842533754490880
1327842598027808768
1327842642105778182
1327842680236253186
1327842742907506690
1327842911153696769
1327843003013140481
1327843011863195648
1327843200090869761
1327843272107184130
1327843343338881026
1327843380299239424
1327843531524890626
1327843625409990656
1327843762941407232
1327843796046921729
1327843859179646976
1327843970404077568
1327844124188405761
1327844170489278464
1327844437314060289
1327844492658008065
1327844509791760384
1327844538484867072
1327844824322596865
1327844861194752000
1327844876130656256
1327845104225280000
1327845104644591616
1327845218142494721
1327845347431952386
1327845595395076096
1327845629318467584
1327845630450880512
1327845692321136640
1327846081829376000
1327846128855998466
1327846245935710208
1327846346175303680
1327846569304076288
1327846707191717888
1327846837118771205
1327847034985074688
1327847071957729281
1327847172163973121
1327847457888366598
1327847507808940034
1327847592642842625
1327847969517834240
1327847982339923968
1327848062241419266
1327848074765508608
1327848116372967424
1327848212829511688
1327848319029293056
1327848330370703360
1327848447530180608
1327848464680628224
1327848468417798144
1327848501838049280
1327848599112216576
1327848829010333696
1327848852871917571
1327848900171010048
1327849177670356994
1327849230946320385
1327849432713334787
1327849450484551681
1327849544273383424
1327849571335032832
1327849647247822849
1327849736276086784
1327849752336232450
1327850197012021254
1327850285016903682
1327850348078198785
1327850474243026945
1327850684100829184
1327850875562278914
1327851049084973056
1327851052914405376
1327851061768380417
1327851123303190531
1327851148871487490
1327851171403374592
1327851240726827009
1327851409178505217
1327851459543707649
1327851749227499521
1327851760220860416
1327851908963262465
1327852213931216898
1327852242934902784
1327852294231232512
1327852398547755008
1327852419737219072
1327852558392709122
1327852592345608192
1327852654467424258
1327852691830284289
1327852731105734658
1327852767977775105
1327852898479349763
1327852952262905856
1327853014728777728
1327853099185295360
1327853253787348998
1327853338000502789
1327853338633797632
1327853368207785984
1327853380534996992
1327853486160179201
1327853606565908482
1327853690447912960
1327853750745174018
1327853804742643712
1328035085052825605
1328035248886702080
1328035412720431106
1328035421083693057
1328035677728980993
1328035965919780866
1328035966909550592
1328035983233744896
1328036079249797121
1328036251186950147
1328036255398064136
1328036361157312514
1328036377641017346
1328036549137756161
1328036633594253312
1328036683430957064
1328036688572997632
1328036927639994369
1328037015129006080
1328037028261408769
1328037174038630406
1328037505900425216
1328037531200466944
1328037739833520135
1328037786956468232
1328037875267538952
1328038042330943490
1328038063495213056
1328038109636947971
1328038118042324993
1328038176972288001
1328038190230474754
1328038277237121029
1328038315086520328
1328038319490433025
1328038344341774337
1328038424092299266
1328038449597870080
1328038596956221440
1328038826913140736
1328038873092354048
1328038940713119744
1328039007058415616
1328039128525631491
1328039142790402049
1328039166609825792
1328039170858737665
1328039204169740288
1328039259404603392
1328039305667698689
1328039319576190976
1328039377763708929
1328039640704692227
1328039674733060097
1328039724263550978
1328039831612641280
1328040127285891072
1328040181874745344
1328040256956993544
1328040256810184706
1328040414868164608
1328040483701002240
1328040672532828163
1328040729751547905
1328040836811120640
1328041054029963264
1328041088075132929
1328041091204067336
1328041117418328064
1328041231331565568
1328041255562059776
1328041259706036229
1328041321827880960
1328041443596922882
1328041457463283713
1328041578674393090
1328041582206050305
1328041600585490439
1328041637331800070
1328041876499419137
1328042136395247616
1328042162152304640
1328042194620588032
1328042353869860864
1328042501849165825
1328042677707952129
1328042859866382337
1328043095414464518
1328043117740576768
1328043118671880193
1328043146983460864
1328043154898038786
1328043210128678917
1328043239186722817
1328043329817337858
1328043368904069122
1328043373358436357
1328043423786405890
1328043475531599874
1328043591416025090
1328043726040571904
1328043893204553730
1328043898527125505
1328043985810710530
1328044040990957575
1328044137417994242
1328044157823299589
1328044229461823488
1328044287234215936
1328044296637984771
1328044330754449411
1328044350765457408
1328044484962246656
1328044531820982279
1328044540054228992
1328044564565921799
1328044720476532737
1328044736972779523
1328045077621600256
1328045101407461376
1328045122768969728
1328045253467791360
1328045341120335872
1328045407566442497
1328045429003575297
1328045605432799233
1328045651641462784
1328045957704003589
1328045973625516033
1328046086536253442
1328046174931075072
1328046230170165250
1328046440141221888
1328046493635325952
1328046624497668096
1328046792081084418
1328046808220774407
1328047153336504326
1328047181731745792
1328047240754163713
1328047329073459206
1328047336178610176
1328047572108406785
1328047638713929729
1328047895224967169
1328047903676522496
1328048104420102145
1328048121788723200
1328048272221605888
1328048296582127617
1328048335396233218
1328048374084472832
1328048621032497152
1328048653848637440
1328048918660255745
1328048922812579840
1328049103494733825
1328049187401981958
1328049207572303875
1328049279341113345
1328049371561287680
1328049476347457536
1328049509469880320
1328049514322796549
1328049623185952768
1328049635185790977
1328049875242676226
1328049962328985601
1328050050967113729
1328065385145507842
1328065464510148608
1328065658404233217
1328065750603616256
1328065846829346817
1328065880031375360
1328066077079736320
1328066081924198403
1328066144071266310
1328066186890801152
1328066396127973380
1328066455355740161
1328066601598455809
1328066643449221120
1328066748726259717
1328066760583630850
1328066937188995076
1328067017002291200
1328067104780800000
1328067209978138626
1328067250511900674
1328067340513271810
1328067508725637120
1328067661356527616
1328067684089663489
1328067747297832960
1328067767115931648
1328068082670170112
1328068145752526856
1328068258075963393
1328068262106603520
1328068321359572992
1328068501827969024
1328068602872754176
1328068678542381059
1328068707784957952
1328069051063496704
1328069072005849091
1328069247851851776
1328069478727479296
1328069516987953162
1328069524395069442
1328069692695613440
1328069923822776323
1328069965740711946
1328070062717218817
1328070074159296517
1328070242074046466
1328070272168185857
1328070338740178945
1328070418851373056
1328070481128288256
1328070561612713984
1328070569309376525
1328070657989611520
1328070674527744002
1328070735571656704
1328070896158973953
1328070921484185607
1328071044117245954
1328071068880424963
1328071077440880640
1328071139520819201
1328071299143438339
1328071325206913024
1328071550885650432
1328071639406297088
1328071748412125184
1328071756603645952
1328071940800540672
1328072042634207237
1328072091615326209
1328072167653830662
1328072356804386817
1328072368762327042
1328072369169174536
1328072451532603393
1328072469689864192
1328072771948208129
1328072842722873345
1328072859357491201
1328072875912220672
1328072897093578752
1328073203005186049
1328073316125577216
1328073392164118528
1328073404319215622
1328073416977625094
1328073518462984212
1328073707072352256
1328073711103082496
1328073748528828418
1328073832083632130
1328073921229418503
1328073941475201024
1328074055862214656
1328074104818188288
1328074115572408320
1328074138293035008
1328074159457398784
1328074193787887627
1328074281264275458
1328074398872559616
1328074516552183809
1328074558885261313
1328074616883924992
1328074847931535361
1328074956828147712
1328074982241472512
1328074985886285824
1328075017628729344
1328075061010468865
1328075372412301313
1328075576993832963
1328075619352125442
1328075648888410118
1328075795328233478
1328075820951285762
1328075996491341824
1328076000777875456
1328076025972940800
1328076080339509248
1328076109540311040
1328076131577303045
1328076218760122369
1328076318337019904
1328076450650615808
1328076621949988864
1328076629755580416
1328076795975970817
1328076827806507009
1328076839689056263
1328076928746545152
1328077078642765825
1328077081578651648
1328077235333435392
1328077285115588608
1328077343928315905
1328077477554622465
1328077925804101632
1328077930409373696
1328078073107861504
1328078076522192896
1328078094192824328
1328078161708462081
1328078257128935425
1328078278129696768
1328078387546517504
1328078476348448769
1328078765243707393
1328078845535141889
1328078887054700546
1328078917974982658
1328079197697282048
1328079235072872451
1328079280841101312
1328079415075622913
1328079452216172544
1328079700812566531
1328079871474589696
1328079877199814658
1328079898427080704
1328079926646493184
1328080048730107906
1328080048956510214
1328080154086821888
1328080207480311808
1327823683927363585
1327823688813699072
1327823772401815554
1327823881919467520
1327823910952431629
1327823982213664768
1327824095770099712
1327824108625694720
1327824145938214912
1327824234442158081
1327824292097224704
1327824386938769408
1327824431180378113
1327824461006036993
1327824964410609664
1327824988951306241
1327825009306337280
1327825202420609025
1327825299656953856
1327825403801636864
1327825492351791110
1327825563617292291
1327825677127614464
1327825894296195073
1327826007609409538
1327826440528797697
1327826486351552513
1327826519712960513
1327826523714416640
1327826700328165381
1327826700202369026
1327826737569300483
1327826767235715073
1327826834495578113
1327826960681201664
1327827009997656065
1327827014317957120
1327827030369390592
1327827031606910979
1327827069166870528
1327827257851723777
1327827286868041728
1327827295399276544
1327827408339218435
1327827744109912069
1327827748321062914
1327827837160550400
1327828037874933763
1327828050520674304
1327828226874482688
1327828330549104640
1327828385792471041
1327828751460274178
1327828944289206276
1327829049473986561
1327829153794691072
1327829183502950401
1327829229015355393
1327829262380875776
1327829265266712578
1327829329573711875
1327829615377747968
1327829787927339008
1327830088818315266
1327830294955765770
1327830299275710466
1327830332024950784
1327830491500843013
1327830545766748160
1327830562824876032
1327830626087677953
1327830827095482368
1327830902689435648
1327831075108818944
1327831099750363136
1327831132973445120
1327831334543306753
1327831482899910661
1327831486553321472
1327831632599015424
1327831674688856064
1327832416539570177
1327832483962916870
1327832522319831043
1327832551843631109
1327832601357332480
1327832765086257153
1327832861160869888
1327832916022468609
1327832936863903744
1327832995944927232
1327833029616799745
1327833193194659841
1327833252292399104
1327833327479427075
1327833616773222401
1327833641381191683
1327833741792747521
1327833754417696769
1327833784067051521
1327833859866628096
1327833998022864897
1327834165459513345
1327834317100376064
1327834594465476608
1327834635796172800
1327834664611049473
1327834798870700032
1327835164257497088
1327835579065700352
1327835608627236865
1327835801275645952
1327835851536142337
1327836016238092289
1327836041202593793
1327836124941836288
1327836162996756487
1327836203949961216
1327836219397562368
1327836224275566592
1327836304571330560
1327836363417407488
1327836397827452931
1327836468858015744
1327836493742686208
1327836639725563906
1327836651704512512
1327836659304554497
1327836665516179456
1327836725515747328
1327836795241783299
1327836874493276160
1327836921385472001
1327836938192109568
1327836980248514560
1327837016663289861
1327837114663256064
1327837243306876928
1327837246918160384
1327837441315663872
1327837500904263680
1327837655674085381
1327837681024339968
1327837756131827712
1327837756710662146
1327837810989146113
1327837832954654720
1327837864919527425
1327837950118391810
1327837999867047936
1327838016539406336
1327838041474551814
1327838355703422976
1327838574427787264
1327838617155342341
1327838622163349504
1327763387120570369
1327763429499793413
1327763475230314498
1327763541777113088
1327763572022267904
1327763684509196288
1327763815346417664
1327764066488569857
1327764087397380096
1327764171707084801
1327764246361501702
1327764314153861121
1327765157372628998
1327765249303453696
1327765316433178632
1327765391725056005
1327765480027742210
1327765546763509760
1327765584516247553
1327765677520932865
1327766352304726016
1327766411549282305
1327766553757102081
1327766612540346369
1327766750566510594
1327766877494513665
1327766955911090176
1327767123805024256
1327767203320639491
1327767228725399553
1327767262598578177
1327767304806010883
1327767308413100035
1327767334082240513
1327767341648678912
1327767396191334401
1327767438403006467
1327767610142961667
1327767753575591936
1327767815676424192
1327768018038951936
1327768025353904130
1327768074733359107
1327768089149267969
1327768265498746880
1327768290282901508
1327768297102782465
1327768529328869377
1327768571116613632
1327768780487929861
1327768831553581056
1327768861064749057
1327768973522288643
1327768998528815105
1327769011959033857
1327769066719817730
1327769338301083648
1327769356130926594
1327769434707161089
1327769544312713217
1327769556744486912
1327769602676449282
1327769698604261377
1327769795358568448
1327770068156080128
1327770106525593606
1327770115002101760
1327770223328555009
1327770282556149760
1327770350013341704
1327770366295478272
1327770626715570176
1327770630402412544
1327770770299179008
1327770811432923136
1327771217537998849
1327771341714579456
1327771431418130432
1327771497604263937
1327771536317530112
1327771569876307969
1327771624494555137
1327771633109528576
1327771696846184449
1327771742488637443
1327771792048607232
1327771817751228417
1327771863225950210
1327771968779800576
1327772056323305472
1327772093774245893
1327772182362001410
1327772190725591040
1327772303955030016
1327772312939220992
1327772316730855426
1327772362385842176
1327772376466067458
1327772383005073409
1327772388252061696
1327772422041382917
1327772517575118851
1327772589054435328
1327772879891685376
1327772941979774976
1327773029548630018
1327773189468868609
1327773252417187841
1327773541471752194
1327773549784825856
1327773625773002753
1327773697122447364
1327773700909899777
1327773805381607426
1327773847743913984
1327773900432936962
1327773951511195650
1327773974105829378
1327774127713890305
1327774133300682755
1327774271477788679
1327774313156632578
1327774317313134592
1327774417712254976
1327774472556802049
1327774552156491783
1327774577599148033
1327774605797445633
1327774636927447040
1327774648394682368
1327774690849353730
1327774718930382850
1327774875142930432
1327774925617131520
1327774975978254337
1327775043355627523
1327775110019784704
1327775177439129603
1327775185185988608
1327775202030268416
1327775255973117955
1327775384277028867
1327775416044711939
1327775479059845120
1327775503214727168
1327775521279598592
1327775535934672896
1327775581858107398
1327775701659840512
1327775865422434309
1327775876390465537
1327775994858643456
1327776272395739137
1327776389395673088
1327776397524254721
1327776498158243840
1327776519507255296
1327776548519178240
1327776594513981440
1327776779315064837
1327776791935807488
1327776879869214720
1327777002351366146
1327777006197596161
1327777047209414656
1327777148313145344
1327777601532747778
1327777693379813376
1327777743530905601
1327778020866879489
1327778029926572039
1327778067184451585
1327778112894103554
1327778142430367746
1327778251847118849
1327778281031077890
1328019931934420993
1328020006035079168
1328020010988691464
1328020028130791424
1328020114369810432
1328020238001172482
1328020270016303104
1328020296998264832
1328020456088236032
1328020506281439234
1328020929532846080
1328021089075691521
1328021217455067137
1328021218478329856
1328021223813640198
1328021324132921351
1328021425379303431
1328021596632735744
1328021630761754635
1328021639095783425
1328021747409563650
1328021919652864007
1328021965161050114
1328022095591317505
1328022112502771713
1328022149966094337
1328022678809190400
1328022770987503618
1328022830320115712
1328022884967616512
1328022916404015106
1328022952953131008
1328022969138876418
1328023014135521283
1328023039980818438
1328023274010210305
1328023286765277186
1328023350334074880
1328023519486242818
1328023571927621632
1328023605968580617
1328023609797971968
1328023652277788672
1328023659953483777
1328023685647753216
1328023689842003971
1328023702152200192
1328023718543634432
1328023760994267136
1328023783685369860
1328023828300181504
1328023949486280706
1328024239304302592
1328024245423771653
1328024381293879296
1328024519710289920
1328024570436194304
1328024649964392451
1328024746550648834
1328024835373600772
1328025090584358912
1328025319878619136
1328025321011023872
1328025372269694976
1328025590130225152
1328025593984774149
1328025690072080386
1328025721269194753
1328025837568811008
1328026084340797441
1328026206952849408
1328026537157939212
1328026562604707842
1328026659614830593
1328026675695792131
1328026894017720320
1328027007897243648
1328027011948949506
1328027026947792897
1328027074653810688
1328027087400267778
1328027308972707843
1328027334516027396
1328027337984655360
1328027473171214336
1328027519044423685
1328027657729171458
1328027787714834433
1328027804366041088
1328027934167347200
1328027948381659136
1328027993424457728
1328028063947501568
1328028081626509312
1328028164887629826
1328028320336809984
1328028383473594369
1328028508833026048
1328028521223032834
1328028554995453955
1328028849389645827
1328028936157204480
1328029070723047427
1328029243268243456
1328029347366768640
1328029369260883968
1328029519995920390
1328029628972281857
1328029738217074694
1328029750334550016
1328030043625250816
1328030044711751682
1328030099342569474
1328030119269523456
1328030178719768578
1328030199326380034
1328030379782131712
1328030534753267713
1328030652034375682
1328030723765272576
1328030925360406530
1328030966598680576
1328030979622047750
1328031071137574912
1328031168302903297
1328031344308465664
1328031407784902657
1328031415469039617
1328031440777457664
1328031528635478018
1328031703974047746
1328031856487395328
1328031894148091904
1328032002495246337
1328032015560609793
1328032106321117185
1328032121739481088
1328032124356751360
1328032187535355904
1328032204673302528
1328032285627740165
1328032597893468160
1328032692965818368
1328032767951704065
1328032770476662786
1328032777602740225
1328032866467508230
1328033173301649409
1328033215081295873
1328033273222721548
1328033412670771202
1328033492035317763
1328033508422537217
1328033571303546881
1328033596398067713
1328033857426362371
1328033869195399168
1328034020626632705
1328034041392672771
1328034082899582978
1328034092005396484
1328034124955836420
1328034133717692419
1328034271521632257
1328034292916621312
1328034313410138119
1328034318258556928
1328034389113131009
1328034581514252290
1328034595103776769
1328034833759498240
1328034851186900992
1328034913564712963
1328034956149403648
1328035010230820867
1327778322659610625
1327778358281777153
1327778444025982978
1327778528738373635
1327778541119782912
1327778594014302208
1327778653766254592
1327778813355429889
1327779022319853568
1327779262439559174
1327779329296658432
1327779419860119552
1327779455578804224
1327779544024158210
1327779614379356160
1327779664799158277
1327779677885390849
1327779755744251906
1327779849839075328
1327779874921209862
1327780180446883843
1327780495468466182
1327780520449683463
1327780583259459590
1327780617778552841
1327781158201950208
1327781204763029507
1327781256839516162
1327781288061833216
1327781367938244608
1327781368064061440
1327781417665740800
1327781435537764353
1327781451849371649
1327781849838575624
1327782098405625861
1327782181226221568
1327782206434136069
1327782215476887552
1327782261404487680
1327782290391351298
1327782375028211717
1327782601436893185
1327782622198579200
1327782760354697216
1327782798258651137
1327782878176972805
1327782978483851268
1327783020561014786
1327783028911910912
1327783137875791873
1327783234139271173
1327783515073769472
1327783557805248512
1327783758532141056
1327783767705071616
1327783838236327936
1327783968163332096
1327783977256579072
1327784056440950785
1327784081732628480
1327784107250737152
1327784153300000770
1327784232157020160
1327784681862017029
1327784715605192706
1327784811470065664
1327784895255613445
1327785075384184838
1327785079926632451
1327785138953064448
1327785142690070528
1327785235400912896
1327785465521471489
1327785596174131200
1327785662733578240
1327785713170046977
1327785856120344578
1327785960243949568
1327786002379894785
1327786125176365058
1327786182642688002
1327786196181917696
1327786200346861569
1327786372002951168
1327786606581911552
1327786682679132161
1327786686529626117
1327786723573702660
1327786749217673217
1327786804494426118
1327787127023702016
1327787151866662915
1327787248683683841
1327787290844827648
1327787491743641602
1327787613827239936
1327787638691155969
1327787668189622272
1327787710078091265
1327788036554330113
1327788040777994242
1327788108889415685
1327788128564768768
1327788146004619264
1327788296756473856
1327788343610941440
1327788351072645123
1327788524226088966
1327788552701284357
1327788716400795649
1327788770737999873
1327788883908599809
1327789056500015104
1327789202411462659
1327789246363602945
1327789273983160321
1327789341930713090
1327789395840180225
1327789450525511680
1327789530770935810
1327789601017257984
1327789789874098178
1327789823273422851
1327789903539699713
1327789970338295808
1327790196486778881
1327790268301467649
1327790284940455937
1327790465144459264
1327790545104670720
1327790611794161665
1327790637446361088
1327790666496303110
1327790755235041281
1327790796204957698
1327790876605755394
1327790928246038528
1327791015017766913
1327791099138727937
1327791224762355712
1327791309021536256
1327791312578416640
1327791367448354817
1327791413204033537
1327791513494024198
1327791586739011584
1327791854197174272
1327791899680206848
1327791996489109504
1327792012909830145
1327792046569000960
1327792059395223556
1327792080412758017
1327792104962187266
1327792168312983554
1327792529857720320
1327792568587878400
1327792604134694912
1327792617694773250
1327792667951063042
1327792696669458437
1327792705208913921
1327793011598749698
1327793036148006912
1327793066544074763
1327793292310949890
1327793619969851392
1327793789121880064
1327793795820380165
1327794015304081414
1327794022396661760
1327794135705690112
1327794340840747008
1327794516774907906
1327794563428311043
1327794626149769216
1327794659360378880
1327794659901513728
1327794781959958529
1327795120809316357
1327795158117658624
1327795209598590976
1327795238887428097
1327795305144840192
1327795489794707458
1327795497977962496
1327795503157833729
1327795854795747328
1327795879936454666
1327795947108229125
1327795993308393472
1327795993371430912
1327796010098290692
1327796094181392384
1327796136682242048
1327796145213616133
1327796400457977856
1327796584428437504
1327796597175054336
1327796611787972609
1327796823868669958
1327796890780504065
1327797091972820992
1327797105419825153
1327797210566815744
1327797553757253632
1327797645721497601
1327797788692934659
1327798250351579136
1327798254487154688
1327798393079558148
1327798519281889281
1327798540458921984
1327798731912196096
1327798740787277824
1327798798966513664
1327799038306119680
1327799106195042310
1327799180828553218
1327799273447100418
1327799299070111749
1327799390929555461
1327799416548421633
1327799499599831042
1327799578045927424
1327799617396805632
1327799651337203712
1327799765833281536
1327799906694782978
1327799906657054722
1327799986130624512
1327800032226107392
1327800120893710337
1327800171221184512
1327800187058839552
1327800317501710339
1327800321649860615
1327800343556657153
1327800414453047297
1327800439509712897
1327800473492008960
1327800519541321728
1327800603309871105
1327800615586689024
1327800712533831680
1327800813272576002
1327800838178402304
1327800909435465728
1327801164650348546
1327801211119026178
1327801286683668480
1327801374525026305
1327801433266266114
1327801534680158208
1327801651898544131
1327801669258764288
1327801697838755840
1327801747725635590
1327801781565485056
1327801894752890882
1327801894996119552
1327802074885656576
1327802087468535808
1327802284722577408
1327802301600317440
1327802469863329792
1327802490595717120
1327802856108331012
1327803023444250625
1327803025268813825
1327803068965150720
1327803243578097664
1327803291263242240
1327803384443748353
1327803531114397698
1327803569265803264
1327803585367863298
1327803685645279234
1327803853232689152
1327804004013912066
1327804230778953728
1327804247581265920
1327804319337508866
1327804399578718209
1327804423708368896
1327804437037977600
1327804548371640320
1327804616717840385
1327804681041584133
1327804735047524352
1327804759420661782
1327804906435121157
1327804935514312708
1327805095128526851
1327805120818634753
1327805326528286720
1327805434850373632
1327805577679007750
1327805602500911104
1327805653293953031
1327805900850073600
1327806105985150981
1327806227854737408
1327806500333445121
1327806711722291201
1327806739719225345
1327807124764839937
1327807145870565376
1327807445008203777
1327807599371296770
1327807868045692929
1327808009905590272
1327808044273721345
1327808114540695553
1327808161361915904
1327808211777449984
1327808236255232002
1327808412722270208
1327808438479462400
1327959538000125953
1327959549970669568
1327959571327979529
1327959642425716736
1327959679658582017
1327959990439653376
1327960070420795393
1327960124858781697
1327960457135730689
1327960565306847236
1327960588249681920
1327960729597652992
1327960914109272065
1327961027816853504
1327961145433591808
1327961170561486849
1327961224110338050
1327961294704664579
1327961568710172677
1327961597072044034
1327961656962461696
1327961697810780167
1327961698402234369
1327961865583009793
1327961932595404800
1327961945425776641
1327961986555064323
1327961995174416389
1327962017097977856
1327962192679940097
1327962377078226944
1327962507823165440
1327962524332011521
1327962888644988933
1327962918617575426
1327962956622143489
1327963082631618565
1327963413843161089
1327963429563469824
1327963434743336965
1327963514686861313
1327963606047223808
1327963790453850113
1327963798427332610
1327963872301551619
1327963958335188993
1327964030011461633
1327964210689523713
1327964319821119489
1327964374242385921
1327964436984946688
1327964470124179456
1327964590785826817
1327964612885614592
1327964675879948289
1327964726228373504
1327964731349590016
1327965061780889600
1327965074154283011
1327965112112701441
1327965116973903872
1327965175232819200
1327965271672442880
1327965548022521856
1327965599465566208
1327965620206514176
1327965640573947911
1327965699415785474
1327965736963354626
1327965783855689729
1327965908699115520
1327965954920357888
1327965997932945409
1327966101658066946
1327966140111466497
1327966417048776705
1327966760776175616
1327966923645042689
1327966990628249600
1327967062032060416
1327967112191684609
1327967154193502211
1327967260238098432
1327967377749839877
1327967570348175361
1327967578099228673
1327967598944849920
1327967646051078147
1327967840192884736
1327967863752204289
1327968216145158144
1327968245824024578
1327968300102463488
1327968379534192640
1327968442578767873
1327968614541123584
1327968865519857664
1327968886071980033
1327969444841316352
1327969465875779585
1327969553423405060
1327969901689118720
1327969922983604224
1327970070019059714
1327970358884855813
1327970384629686272
1327970442871705605
1327970602301448195
1327970892488474626
1327970993416101890
1327971135162626048
1327971559009636352
1327971655516368898
1327971689544765440
1327971692510126082
1327971793043419137
1327972055439060993
1327972129002967041
1327972199978967040
1327972250969104385
1327972267582689281
1327972326906978305
1327972632030031872
1327972661679558656
1327972724493459456
1327972879934263296
1327973069323870209
1327973110142865408
1327973378947309569
1327973529900355586
1327973584460001280
1327973806351265792
1327973808305823747
1327973824550350849
1327973949125386240
1327974121536442368
1327974126406033410
1327974263232598017
1327974499640348675
1327974608012779520
1327853829568643073
1327853854554144769
1327853896669093888
1327853945805545473
1327854166509719552
1327854634493349888
1327854731449036801
1327854797236695040
1327854878635536391
1327854986936553472
1327855158361993216
1327855188737048576
1327855302042144768
1327855486327279616
1327855565704491008
1327855770935963648
1327855824119664646
1327855833602899968
1327855968558911488
1327856091120558080
1327856186272534529
1327856198675292162
1327856219583885313
1327856321971036161
1327856327469764609
1327856400832204802
1327856500677750791
1327856549990195201
1327856739493044229
1327856894522822656
1327856940840607746
1327857133862445056
1327857167932682240
1327857201810051072
1327857289940914178
1327857297041797120
1327857516810620928
1327857787808911360
1327857872865292288
1327857909703843840
1327858107490443264
1327858119997870081
1327858194895544320
1327858275178647552
1327858371278508033
1327858720479580161
1327858820354363393
1327858846459588609
1327858866013556737
1327858950306365440
1327858954794377218
1327859101863473153
1327859178333933569
1327859257421676547
1327859487223533571
1327859575559741440
1327859781323939841
1327860124766101504
1327860163202658304
1327860297726648320
1327860317146083328
1327860351367581696
1327860423509630976
1327860439170969601
1327860461170167812
1327860480908664833
1327860641579864066
1327860738053054464
1327860774912491523
1327860843338489857
1327860917258899457
1327860993481838592
1327861006312353792
1327861168510181376
1327861198415667201
1327861421389082625
1327861673097637894
1327861788709416960
1327861916740374529
1327862100933308416
1327862201877635072
1327862213533642753
1327862705693335552
1327862755936915457
1327862887965097984
1327863087311978496
1327863207999000576
1327863295815028736
1327863547460771841
1327863560274251776
1327863803858411520
1327863827581468674
1327863836964077568
1327863919906611201
1327863999552249857
1327864074428768257
1327864075834052609
1327864089750556672
1327864105005301760
1327864161280290821
1327864234902917121
1327864336178679808
1327864362606989312
1327864394416410624
1327864454277525504
1327864471310614528
1327864520304431104
1327864543385620481
1327864579607629831
1327864814798946305
1327864893819801601
1327864919987916800
1327865045611470848
1327865058072858624
1327865133255839745
1327865258229305344
1327865274670964736
1327865287203491840
1327865343352639488
1327865383760637953
1327865593475657732
1327865618842988544
1327865641722933248
1327865715391483904
1327865790645764096
1327865821226471425
1327865980253442048
1327866038973677568
1327866118170701824
1327866206095876096
1327866265092939776
1327866615074066433
1327866663165853696
1327866812017430533
1327866936781385729
1327866991651164164
1327867216797331456
1327867463544037376
1327867473962668032
1327867511862222848
1327867612785639424
1327867666749644805
1327867835109007361
1327867975777415169
1327868178425233408
1327868245978693632
1327868346289688577
1327868621582864384
1327868766357622784
1327868882225229824
1327869080720740353
1327869181832949760
1327869280851996672
1327869512323117059
1327869516001529861
1327869621374894081
1327869776060887042
1327869827042643968
1327869835708129280
1327870031594569728
1327870074737340417
1327870132467560449
1327870238206156805
1327870300046802944
1327870527122399232
1327870586790535168
1327870619745021952
1327870721226313728
1327870732173500417
1327870745670664194
1327870791644372995
1327871066967072768
1327871387059580928
1327871421578559488
1327871466944151552
1327871621500006400
1327871822646349824
1327872111961108480
1327872170203209728
1327872339170693122
1327872616670011392
1327872699335634945
1327872707468386306
1327872725118029825
1327872838108389376
1327872951849426944
1327872956702224389
1327873225066508288
1327873433795964930
1327873493535436800
1327873618253139968
1327873648363933696
1327873677766000640
1327873723697807361
1327873841243164672
1327873952593547264
1327874047263256576
1327874092033249280
1327874235906154497
1327874553255608320
1327874829853274112
1327874881317269505
1327875035667677185
1327875115946631168
1327875456423456768
1327875521498275842
1327875668600901632
1327875796560728065
1327875916073144320
1327875925128617984
1327875962558668801
1327876151843295234
1327876203605340160
1327876205773811712
1327876315970723840
1327876361537474561
1327876498859188227
1327876546820915203
1327876578601267200
1327876595047145473
1327876616815587329
1327876684239024128
1327876700617601027
1327876718086942720
1327877191053369349
1327877350520991744
1327877518888669184
1327877568868081667
1327877696978825216
1327877816390717452
1327877872044961793
1327878260160598023
1327878327718219777
1327878492504031232
1327878795412398080
1327878982767808512
1327879001348640769
1327879038103412736
1327879053584572423
1327879227094560769
1327879233813753857
1327879523573125121
1327879691257036800
1327879771582128128
1327879902725632000
1327879908840923136
1327880090659803139
1327880236252348416
1327880295308136448
1327880542587641856
1327880551794139138
1327880641040486406
1327880752357249024
1327880959518154755
1327881031047806977
1327881083145179137
1327881206193553409
1327881538650787840
1327881593336152065
1327881601175277568
1327881614051819520
1327881616694374400
1327881676681142272
1327881777881473025
1327881802271379456
1327881875738734593
1327882085596598272
1327882092013899777
1327882096099135488
1327882174297673728
1327882283269775360
1327882287296352257
1327882307827503104
1327882349644660738
1327882364375076864
1327882398021738496
1327882400886448128
1327882540213035009
1327882548089925637
1327882599402938371
1327882717061656576
1327883455426928641
1327883616706129920
1327883763997691904
1327944418201120771
1327944438090493952
1327944679153917953
1327944901175234561
1327944988320120835
1327945089092608000
1327945102040338432
1327945184643051521
1327945299847942144
1327945345549086721
1327945401140383744
1327945592430059521
1327945692174802944
1327945761359884292
1327945832340070402
1327945860009893888
1327945861905715200
1327945883078578176
1327945912220573696
1327946165783056385
1327946326982742016
1327946448327983105
1327946467919753216
1327946491214913537
1327946571263004672
1327946620441223168
1327946884762234880
1327947174760603648
1327947374283591681
1327947516919353345
1327947681583525889
1327947684280475649
1327947743827025920
1327947865038217227
1327947873409961985
1327947925843042304
1327947957795250176
1327948004234579968
1327948059536396288
1327948125475115009
1327948125923840000
1327948176796635136
1327948189895417856
1327948284825120768
1327948315263176705
1327948608197554179
1327948733468839936
1327948759884460032
1327949018496970752
1327949060221841408
1327949211795660801
1327949270733840384
1327949386320670720
1327949660254777345
1327949682409156608
1327949732522717185
1327949833760608256
1327949892233334789
1327950123662516224
1327950367666171906
1327950450381950976
1327950457143234561
1327950458279882752
1327950477754060801
1327950864850554882
1327950897893302272
1327951027610525698
1327951058199523335
1327951070555942912
1327951124998074368
1327951262676103168
1327951397531348992
1327951543275048960
1327951581690687491
1327951635511975936
1327951638561054721
1327951765321490432
1327951788163657728
1327951841724948480
1327951896410255361
1327952051310092288
1327952139503722496
1327952341052628994
1327952434061303808
1327952461861154817
1327952482765516801
1327952638583984128
1327952656187486209
1327952769022631936
1327952810961367041
1327953082567831552
1327953184707448833
1327953209353269250
1327953289212817408
1327953410210066436
1327953515206111237
1327953591202623489
1327953653358014465
1327953733817425923
1327953808056610817
1327953846249766912
1327953872506269699
1327954043772301312
1327954169693614081
1327954240652931072
1327954366477701126
1327954823392714752
1327954843663818754
1327954912345530368
1327954932180389888
1327954950178136066
1327955435668828160
1327955524500000769
1327955649288949761
1327955852054163456
1327955940193296385
1327955978004942848
1327956078429138944
1327956370893762560
1327956426900303873
1327956472119103488
1327956543489380354
1327956560354611200
1327956769918824449
1327956803129397249
1327956945282666497
1327957046868766720
1327957059237720065
1327957134819151872
1327957314649919488
1327957319401947136
1327957621266128902
1327957731320459265
1327957772483387392
1327957935172022272
1327957939706007552
1327957944839892994
1327957978046226432
1327957982567546880
1327957998061367296
1327958024380575744
1327958389016702976
1327958463998275584
1327958560253370370
1327958572534288385
1327958712389087232
1327958971756503042
1327959042510163970
1327959215365754880
1327959278326603776
1327959353450762240
1327929347496415234
1327929359429038082
1327929580003311621
1327929618037411841
1327929637859708929
1327929712602181640
1327929737029820416
1327929737424089089
1327929855279837184
1327930091918282753
1327930172574613504
1327930234776260608
1327930241793265667
1327930799455424512
1327930853993885698
1327930988555472897
1327931361265479680
1327931435739615232
1327931605298589696
1327931836132175874
1327931962619797504
1327932349934407686
1327932377327349763
1327932440397148166
1327932467815309318
1327932491437666306
1327932532046909441
1327932535616073729
1327932556541497346
1327932753590022145
1327932796179013633
1327932833285935106
1327932928999911426
1327933067307192320
1327933146776690688
1327933284060434439
1327933336824627200
1327933483482836994
1327933561840742400
1327933756448116736
1327933840254439424
1327933884051369984
1327934040880640001
1327934116122259456
1327934231885066241
1327934234825113607
1327934408188325889
1327934424156172288
1327934478396887041
1327934544851259392
1327934679840788480
1327934846971293696
1327934957046546433
1327934963967254528
1327934998503186432
1327935245430165504
1327935332331958274
1327935372802863105
1327935485218578439
1327935513676943360
1327935572292366337
1327935601388216321
1327935965386530817
1327935977562705924
1327936270199242757
1327936555130957828
1327936679798300673
1327936726250250240
1327936773138341888
1327936809246965763
1327936828427603968
1327937014356975618
1327937035752132609
1327937066102099969
1327937096292548608
1327937119357059073
1327937135849172993
1327937478087630848
1327937645561872384
1327937681532350465
1327937766244626432
1327937848503197697
1327937852701700096
1327937860478119938
1327938025851154432
1327938227244838912
1327938306542350336
1327938320567996421
1327938374972403713
1327938417162919941
1327938663146205185
1327938928289038336
1327939136813199360
1327939321698148358
1327939396583251969
1327939444603826176
1327939543874629639
1327939560165224451
1327939652507013120
1327939685767729152
1327939707729301504
1327940161255063553
1327940321393696769
1327940391325339648
1327940650613022723
1327940726768889857
1327940831093919744
1327940856037453825
1327940872969748480
1327940907849691136
1327940979211476992
1327941029199167491
1327941134673383424
1327941153849741313
1327941201421611010
1327941209558552581
1327941239619137536
1327941285391568896
1327941343184752640
1327941348922699776
1327941552350453761
1327941617605545986
1327941650425974784
1327941713684557824
1327941745250856960
1327941910053392390
1327941958950662146
1327942133278453760
1327942484073254917
1327942527111090176
1327942681683767299
1327942951171993602
1327943000450887680
1327943034965790721
1327943056323178497
1327943113453735937
1327943268924055552
1327943490760814594
1327943551963983873
1327943657790595074
1327943718662512640
1327944048519360513
1327944115116535809
1327944124234948608
1327944305944694785
1327884069930110976
1327884138880364544
1327884214742765568
1327884292735832064
1327884530838024193
1327884566091141120
1327884665777078276
1327884715886596097
1327884812363808768
1327885049258237952
1327885126949167104
1327885141306462209
1327885152962322433
1327885168330244098
1327885194301497344
1327885669155430400
1327885680668762112
1327885745411948545
1327885852136050689
1327886147201224704
1327886271952408577
1327886286351265792
1327886448205438978
1327886547383767040
1327886604636131329
1327886682767515649
1327886735368450048
1327886779370909696
1327886805165887488
1327886838036623362
1327887018026733569
1327887129163206659
1327887145424605185
1327887388127838208
1327887531564703744
1327887549424160769
1327887680852541443
1327887762121515009
1327888003507875842
1327888009660944385
1327888195917283328
1327888638345035778
1327888643822817282
1327888866162991104
1327889321064624128
1327889339192250368
1327889433924939777
1327889464014688256
1327889771092328448
1327889994514567169
1327890111082672128
1327890181186334720
1327890215776743425
1327890225708879872
1327890233484922882
1327890379610484736
1327890426305470465
1327890846105169926
1327890960592695296
1327891000258392065
1327891069820801025
1327891103224385536
1327891112946585600
1327891191283605504
1327891210778800130
1327891366005895172
1327891457265418240
1327891494779322369
1327891887676665856
1327892144187641857
1327892274701873152
1327892278019452928
1327892283937742848
1327892286043271169
1327892319765286912
1327892341026394113
1327892362736128000
1327892413000499201
1327892417228513280
1327892437847527425
1327892450338238464
1327892598363738112
1327892731448893441
1327892861615009794
1327892881567203330
1327892991978008581
1327893724899069953
1327893827923873792
1327893979111718913
1327894107411410950
1327894138302337026
1327894156002406402
1327894259668807680
1327894307907387393
1327894500920922112
1327894835513225216
1327894863841472513
1327894956086857729
1327895073716105216
1327895117919883264
1327895153873461253
1327895205266264066
1327895330290077696
1327895471382093826
1327895501186981889
1327895544883277825
1327895560343359489
1327895802946187265
1327895996089716737
1327895997406732294
1327896082811154434
1327896275363143680
1327896461007319040
1327896485892136960
1327896797684129793
1327896903443505153
1327896913337847810
1327896933881483265
1327897013757890561
1327897056015478784
1327897135270875136
1327897291349504002
1327897345736937472
1327897485688320000
1327897633642467329
1327897651497508864
1327897672456544262
1327897732456067073
1327897788428865542
1327897925649838081
1327898087654715392
1327898131917377537
1327898146031058945
1327898367041679361
1327898415896743936
1327898520423174144
1327898651558092800
1327898707367522309
1327898829148962816
1327914530286997506
1327914679629451265
1327914903601098753
1327914917622640641
1327915004360855553
1327915244266647553
1327915518205038593
1327915598316064768
1327915716616589312
1327915903124697088
1327915905314074627
1327916019529166848
1327916109815816192
1327916110990233600
1327916180322050050
1327916193630576640
1327916239570735104
1327916314690793472
1327916504936034304
1327916612985393159
1327916786310901760
1327916847027671040
1327916848118108160
1327916888337358849
1327917227887226881
1327917539985412098
1327917569014177792
1327917681765359616
1327917760840667136
1327917865018777601
1327917951362666498
1327918122918141953
1327918304292265984
1327918387297738760
1327918507149783040
1327918553513660416
1327918592940240903
1327918598824845314
1327918673819013123
1327918816911708161
1327918893118185473
1327918920813187072
1327919108038549504
1327919152623828992
1327919273990189057
1327919379183513601
1327919458581504001
1327919547282845696
1327919559467274240
1327919684293959680
1327919772407828481
1327919905518325761
1327920045519867904
1327920297354301441
1327920443756572673
1327920460831608832
1327920581258350592
1327920587684114433
1327920759923220480
1327921063406280704
1327921156402384896
1327921207874904065
1327921216464822273
1327921462263549952
1327921517309603840
1327921759895556096
1327921865516601345
1327921901314957315
1327921976011350016
1327922068327976960
1327922115786379266
1327922137043243008
1327922221621403650
1327922267939098626
1327922297982730241
1327922300046376960
1327922447555891200
1327922628515024901
1327922630498914309
1327922711834726400
1327922825638928384
1327923037358927873
1327923117168021507
1327923248588349443
1327923372081209345
1327923665523052548
1327923735983136769
1327924134630846465
1327924182739542016
1327924260518715397
1327924330316042242
1327924363333603328
1327924471362154497
1327924480069419008
1327924677096955904
1327924752401399809
1327924869644873729
1327924890817744896
1327924927912169472
1327924978994585602
1327924994937012224
1327925429991337984
1327925633180176388
1327925687634817024
1327925912998993920
1327925980472676355
1327925989372997632
1327926126006595584
1327926217551601664
1327926326028767232
1327926460854669312
1327926488423931907
1327926513707012097
1327926690690064384
1327926714626924544
1327926862094475267
1327926873570078721
1327927095062827014
1327927131733626881
1327927285480099841
1327927373547892737
1327927459543584768
1327927460340461568
1327927682340884481
1327927786841927681
1327927836901052416
1327927980887257088
1327928098940022784
1327928128988057600
1327928145996095489
1327928295015419904
1327928336178434049
1327928451584684034
1327928734821781508
1327928938757296128
1327929225295376384
1327899376501493761
1327899383858294785
1327899427303018496
1327899523721650179
1327899603807690752
1327900033434284032
1327900059002957826
1327900106440527873
1327900257968156672
1327900268596400134
1327900309516120064
1327900330915459072
1327900460846559235
1327900503867609088
1327900541536657414
1327900591461429248
1327900679965454337
1327900704288112640
1327901551155945474
1327901572106514432
1327901631506165761
1327901658228142080
1327901783016960001
1327901783411224576
1327901812691673088
1327901864202014720
1327901891288678401
1327902033668694016
1327902035916820482
1327902043990683648
1327902143378931713
1327902415983697921
1327902601413865473
1327902713502457858
1327902775024357376
1327902776337129473
1327902961129943040
1327903012430491649
1327903151475879936
1327903204621701120
1327903341012127744
1327903348260020225
1327903473128574976
1327903621460070400
1327903645464109056
1327903654381318144
1327903663323537409
1327903698622828545
1327903708471025664
1327903882631131138
1327904066928709633
1327904226899496962
1327904341664145408
1327904366540574722
1327904400522690560
1327904526838476800
1327904736046182400
1327904841860059139
1327904863875960834
1327904880388870145
1327905054553206785
1327905151433240577
1327905211051073537
1327905404253310977
1327905569907335169
1327905630800252929
1327905693714632705
1327905851106095106
1327906190743965697
1327906197924696064
1327906233530146817
1327906320851243009
1327906471636586497
1327906500837306368
1327906554281078784
1327906562048929792
1327906621754896384
1327906623554154496
1327906665237102593
1327906781956345857
1327906977322713090
1327907247595384832
1327907382207373312
1327907441477038083
1327907496686612482
1327907566257643520
1327907831891234821
1327907864619458561
1327907889021763586
1327908050141925376
1327908281638064128
1327908285849227265
1327908377062645761
1327908503479066624
1327908507450888192
1327908645900853248
1327908688292700161
1327908750649384960
1327908757532143616
1327908904400023552
1327908921667964928
1327909018422034432
1327909143718621186
1327909166846005248
1327909500943216640
1327909504395005952
1327909642752520192
1327909655545139206
1327909802241093632
1327910053874044928
1327910148048826369
1327910159750811651
1327910348356247553
1327910478245408768
1327910747192647681
1327910772471717891
1327910839563726848
1327910883453001728
1327910894936866817
1327911325637496833
1327911433728770049
1327911476728893440
1327911618081157121
1327911678932115456
1327911788273426433
1327911882246778880
1327911912294682625
1327911921442492417
1327912025436147712
1327912043291226114
1327912089168515072
1327912089902485504
1327912106100973570
1327912122374877184
1327912223830724610
1327912409110032384
1327912727109627904
1327913060649021441
1327913292145242112
1327913296964489216
1327913419723350022
1327913489143193601
1327913530104946688
1327913544214581248
1327913638724853761
1327913691501768705
1327913724519321600
1327913899539263493
1327914100664492032