1328805117638930435
1328805118188326912
1328805244717948933
1328805309918351366
1328805358568148993
1328805378524635139
1328805530450718720
1328805541439746049
1328805588357222413
1328805662722306048
1328805705093050368
1328805743190020099
1328805810382774274
1328805994026168322
1328806002356072451
1328806074787500036
1328806183436685312
1328806317973114880
1328806443466825730
1328806455940583424
1328806530976788480
1328806548160847874
1328806564971634689
1328806586161131522
1328806908493488133
1328806972158861315
1328807157022617601
1328807190434631681
1328807194779906051
1328807216300793856
1328807278703742978
1328807399973658628
1328807512829808643
1328807626063286272
1328807647823491082
1328807660267794433
1328807726630187021
1328807785950302210
1328807948525690882
1328808091262050311
1328808166843240448
1328808222367518720
1328808293112958977
1328808368220364806
1328808372481781760
1328808380815859712
1328808548424290305
1328808603591970817
1328808742452916226
1328808833741942784
1328808838649303041
1328808904155930634
1328808913936977922
1328808917070209025
1328808918269702147
1328808997894451200
1328809064688721922
1328809282754781184
1328809354628313089
1328809391848566790
1328809467719397380
1328809489705951233
1328809551282528263
1328809605724594177
1328809808397545474
1328809828433575937
1328809874801700867
1328809924642500608
1328810131967062016
1328810393465090050
1328810457130471430
1328810519843778560
1328810532498006020
1328810721598124035
1328810742879903744
1328810767785754625
1328810772076646408
1328810805375102976
1328810860001849345
1328811014654226435
1328811111345512448
1328811304451272705
1328811405097775105
1328811454259212289
1328811586027458560
1328811677266022400
1328811690453037057
1328811706735337475
1328811732115054594
1328811950508273664
1328811984398159872
1328812059920793600
1328812060155797516
1328812408119439371
1328812416424169472
1328812483084247044
1328812516730953729
1328812554873942017
1328812558216675328
1328812840703160321
1328812907048669184
1328812924115316739
1328813035406848001
1328813061881389057
1328813163517767680
1328813300226818048
1328813317507444737
1328813544863797248
1328813606922645504
1328813693015117827
1328813842869129217
1328813922514837507
1328813976667394048
1328814093201940480
1328814336933027847
1328814362736340992
1328814450934210561
1328814504940101636
1328814597629833216
1328814693293682689
1328814794321915907
1328814852656275457
1328815024018698247
1328815151462682624
1328815204784877572
1328815302315020292
1328815365737082884
1328815367846645760
1328815402185498624
1328815431742844933
1328815511799427072
1328815519743569921
1328815578816147460
1328815678812422145
1328815783078719489
1328815826368147456
1328815872580972546
1328815930927886342
1328815951408721925
1328816086565810176
1328816119633879050
1328816135932944385
1328816178811211778
1328816196838416387
1328816225468682244
1328816249615355909
1328816337485905921
1328816354879827971
1328816443262164992
1328816470403522564
1328816588993286146
1328816613949313026
1328816689622953990
1328816857391001600
1328816887610961923
1328816920473329665
1328816932439658501
1328816970616213506
1328816974974001152
1328817033723715593
1328817066976051200
1328817074106470406
1328817164711768071
1328817172093800451
1328817202045313027
1328817235197095944
1328817257095557121
1328817382261977089
1328817416361697283
1328817436406157313
1328817565280374791
1328817617054945286
1328817659132211202
1328817671576702977
1328817751327084545
1328817806222233601
1328817894499753988
1328817956562808832
1328817969510563840
1328818074397642753
1328818085160214531
1328818137052176388
1328818153577562112
1328818170434441216
1328818229456875521
1328818241431597057
1328818585637097474
1328818610974961665
1328818640964218886
1328818653320527874
1328818677601415168
1328818842039181314
1328819014332628992
1328819021819437056
1328819059975204866
1328819080762191872
1328819428792950784
1328819534908727296
1328819550016729090
1328819646879985664
1328819715012128770
1328819831500582913
1328819944268546049
1328820012505833473
1328820097851408384
1328820117132730369
1328820355436318720
1328820393575124993
1328820594511589378
1328820637863854081
1328820650115477505
1328820724618981377
1328820792105189377
1328820963543298048
1328820977543901185
1328821009705816065
1328821077158621184
1328821132405968898
1328821265461891078
1328821303667695616
1328821467031556096
1328821467132416000
1328821488972083206
1328821530474778626
1328821576255631361
1328821672623927301
1328821689724121088
1328821844762308610
1328822084676575234
1328822122165248000
1328822326394175488
1328822387077312513
1328822436779986945
1328822460486197250
1328822486880940032
1328822541310300160
1328822607827791877
1328822692401786880
1328822713104945156
1328822767156912129
1328822976943296512
1328823011802292225
1328823078248345600
1328823132438859781
1328823443165384707
1328823682211438597
1328823694219763715
1328823799383396353
1328823866760835073
1328823921160949763
1328824000462561281
1328824001293119490
1328824042137264133
1328824136093683714
1328824285989892098
1328824326242643976
1328824345368567809
1328824525165895680
1328824815323656193
1328824835514847232
1328824839675801601
1328824876837302277
1328824957451767817
1328825133503418368
1328825142257049600
1328825321420976128
1328825380304809988
1328825514912583681
1328825589445382145
1328825602493845506
1328825634580258821
1328825666368909314
1328825687545876487
1328825720978747392
1328825799596716035
1328825808446771209
1328825887748468741
1328825938507952130
1328826027540443141
1328826110067486723
1328826126655950863
1328826224311996417
1328826302959218689
1328826600972926977
1328826626562535427
1328826819013959682
1328827037725802497
1328827113084911616
1328827133360279552
1328827280207073281
1328827303841984512
1328827318308114434
1328827322569351168
1328827347965886464
1328827348528062466
1328827365124943873
1328827414743486471
1328827414965784576
1328827621719777280
1328827636806688769
1328827645522567168
1328827948560998406
1328828089577529364
1328828137107456001
1328828184926724098
1328828353982263298
1328828370629509120
1328828438870941700
1328828459242688515
1328828476116398080
1328828476841869315
1328828661181648900
1328828685600894978
1328828727510388736
1328828794837360647
1328828933865955330
1328828953897955331
1328829042536054784
1328829147376877568
1328829176669880322
1328829193229045768
1328829592321339393
1328829721921118210
1328829876636409858
1328830112318464000
1328830220950966272
1328830308746227720
1328830409740853250
1328830430200606722
1328830539164504064
1328830560752558084
1328830665052209156
1328830677631037445
1328830711432835072
1328830845830967297
1328831022390120456
1328831030099406850
1328831216108392448
1328831575933390849
1328831580350124033
1328831617528438784
1328831654757011460
1328831751259447296
1328831952623906817
1328832070534246401
1328832091136663554
1328832246439055360
1328832271642714119
1328832292702347271
1328832335933005826
1328832409836679169
1328832431739310082
1328832553348894721
1328832654033244162
1328832670713966597
1328832704717066247
1328832712053022722
1328832716612251651
1328832812657618953
1328833047609925632
1328833127616192512
1328833299079458818
1328833333191712769
1328833371410210818
1328833404104822785
1328833500653481986
1328833569511399426
1328833660250939395
1328833697676742657
1328833727036862464
1328833831856574465
1328833954317627392
1328833982843252744
1328834084722847744
1328834209499197444
1328834324393811970
1328834461161676802
1328834712945750017
1328834725151182848
1328834779844841474
1328834783925964800
1328834855644372993
1328834888783552512
1328834981989330951
1328835140227887105
1328835203935186951
1328790043754979336
1328790195244818441
1328790237422632961
1328790303608856578
1328790355186245638
1328790408273534979
1328790462992363521
1328790506143420429
1328790550900830213
1328790681926692870
1328790701824503809
1328790996109434880
1328791046017441796
1328791214162931713
1328791276397932547
1328791310350778368
1328791370014674946
1328791451338149890
1328791683862048775
1328791759837687809
1328791809321996292
1328791869782777857
1328791930872840193
1328792015681843201
1328792027501355009
1328792106861813762
1328792136393830403
1328792137480220672
1328792447686684672
1328792463495077894
1328792521913241602
1328792551646580737
1328792601680556037
1328793567641415680
1328793570912858112
1328793596263362561
1328793860525355009
1328794007502278660
1328794040658169864
1328794053585084425
1328794099550461956
1328794346997465088
1328794371580448768
1328794405273268225
1328794418288144384
1328794779568791553
1328795051615531008
1328795089389441026
1328795127557582850
1328795172138749952
1328795396274081793
1328795467023572995
1328795584241647617
1328795660183855109
1328795777360162818
1328795961389441028
1328796069946384387
1328796131934003207
1328796154889449481
1328796159217967107
1328796180055265280
1328796242613334020
1328796339816239117
1328796411220135939
1328796436188696577
1328796591159996424
1328796625008021510
1328796641109946369
1328796867602296835
1328796884056608768
1328796889106444288
1328797035198201859
1328797110813265923
1328797165054021632
1328797228190691328
1328797296943910914
1328797320352292865
1328797719322914818
1328797785987158017
1328797934037549056
1328797942333853697
1328797987473076229
1328798331825508352
1328798448657838081
1328798460963905537
1328798479590649857
1328798525350666241
1328798537727967232
1328798897448345601
1328798922559590400
1328798928486027264
1328798936291811332
1328799057775636480
1328799070257881089
1328799094404476934
1328799229297319956
1328799305386389505
1328799346813513734
1328799384159580172
1328799409543458816
1328799413595234310
1328799428451438592
1328799430871560197
1328799539570958336
1328799639399772160
1328799670089490435
1328799803615059969
1328799863425929224
1328799905238839296
1328799971571871746
1328800211574013953
1328800562322821122
1328800587853467656
1328800592416956418
1328800752563875841
1328801066998247425
1328801082517184522
1328801322192293891
1328801523544055813
1328801523564998657
1328801598940860417
1328801909109612546
1328801976105230340
1328802001396838400
1328802064009469953
1328802085899472898
1328802097899462656
1328802186487361539
1328802256431550464
1328802379374813184
1328802602184794112
1328802634858422280
1328802658245894144
1328802680672821249
1328802756874936320
1328802782200082434
1328802837174906880
1328802849292242946
1328802886671745025
1328802949217345540
1328803075583324163
1328803096592588802
1328803105308340227
1328803112795201546
1328803201978568704
1328803204952371200
1328803263702036480
1328803325735788544
1328803330253082624
1328803369356562435
1328803460972679169
1328803496162963458
1328803637741690883
1328803662114807810
1328803757963046919
1328803788262678536
1328803800468123648
1328803803831918592
1328803813285908480
1328803872186511360
1328803901626327041
1328803930801901570
1328803994324660226
1328804140814884866
1328804190634737664
1328804310663237634
1328804337548660741
1328804501168549890
1328804757499101189
1328804925682442240
1328804954174345219
1328835346218422272
1328835358549827591
1328835493035913216
1328835501558820864
1328835547519967232
1328835551299063811
1328835551621996547
1328835572291543040
1328835572660580353
1328835656626413573
1328835707834671104
1328835799249391618
1328835807864623104
1328835924780855296
1328836017269436419
1328836097556811776
1328836273407143937
1328836286204026881
1328836357133914115
1328836361030414336
1328836383365091329
1328836424452419587
1328836440822853635
1328836495243960322
1328836529725210626
1328836609865822209
1328836614190141447
1328836704808042497
1328836827449487363
1328836961554096129
1328837191905120256
1328837229129691138
1328837234380795904
1328837338424897538
1328837429755863040
1328837484906770433
1328837565755973632
1328837577626054658
1328837594411577344
1328837850431819778
1328837926331957248
1328838060415586304
1328838064337158144
1328838139683680265
1328838185669984259
1328838253110292482
1328838340746092546
1328838471428034560
1328838786290167818
1328838906842902530
1328838999503478784
1328839049705123841
1328839050501951489
1328839138783731718
1328839146538999809
1328839184203747330
1328839247256715264
1328839331138600962
1328839385241047040
1328839394422353922
1328839540593790984
1328839746358009856
1328839821641584646
1328840006203568129
1328840114894737409
1328840115834249216
1328840153838837760
1328840245362692096
1328840358642462720
1328840362069135360
1328840361985372161
1328840702336380932
1328840861271150592
1328841054997540864
1328841147708567554
1328841168050921473
1328841566467870721
1328841578752970753
1328841621685764096
1328841646600024064
1328841649527664645
1328841700123488256
1328841750610317312
1328841885457154048
1328841943430946821
1328842347229163520
1328842384482988032
1328842664897179648
1328842675055943682
1328842716097126400
1328842741871099904
1328842778155991041
1328842811764948993
1328842866559512577
1328843018137448449
1328843063414779904
1328843210320457735
1328843215353618432
1328843221330518016
1328843223087853572
1328843416231350272
1328843524641611776
1328843588042584064
1328843826845208581
1328843839512174594
1328843881744658433
1328843970445717506
1328843978389774336
1328843982886072321
1328844041581162500
1328844133629300738
1328844141653012487
1328844271902855170
1328844347605798912
1328844360646012933
1328844552363454466
1328844658366156806
1328844691098513411
1328844709729546241
1328844801073164291
1328844821470064645
1328845055638056960
1328845090308173824
1328845119076831236
1328845168833933319
1328845215516553217
1328845223959666688
1328845462804246528
1328845463261417472
1328845525706285057
1328845619683704832
1328845630681341952
1328845744191778822
1328845853335937027
1328845890753355778
1328846016318115841
1328846058731020288
1328846260787433473
1328846277518438400
1328846319029530624
1328846337106993159
1328846381809881089
1328846419726360581
1328846440379125760
1328846441364787206
1328846532662050823
1328846574236164096
1328846578426261505
1328846695925428226
1328846738124320769
1328846955817164806
1328847027581706247
1328847169281994752
1328847387700432896
1328847419505741825
1328847490909614080
1328847497897369600
1328847610011119616
1328847626033369091
1328847640029585408
1328847665946374145
1328847707218223104
1328847784569671680
1328847824369442816
1328847903545241604
1328848000777596929
1328848109468852226
1328848194063634433
1328848231791517699
1328848293900685312
1328848361206804481
1328848395428114432
1328848589817319435
1328848633664581633
1328848667810426882
1328848907124629504
1328848923839049731
1328849150184730628
1328849291872399361
1328849337833512961
1328849443354013696
1328849456452669440
1328849829238366213
1328849837551443968
1328849859026141186
1328850064047935488
1328850098265186315
1328850101951811584
1328850189621350402
1328850210366377988
1328850215995125768
1328850274404982785
1328488027941900288
1328488058346467328
1328488125023346689
1328488313305653249
1328488405831798784
1328488564846329858
1328488578507300873
1328488711907135490
1328488758761631744
1328488918635974656
1328488968472629248
1328488978731786241
1328488993177137154
1328489211217981440
1328489211759046658
1328489282382700544
1328489351140012036
1328489383868002304
1328489555452973056
1328489673119977477
1328489739301871616
1328489742162305024
1328489772923416576
1328490008299384834
1328490021008142338
1328490025454104576
1328490045477584899
1328490046824083457
1328490087731130375
1328490154609287171
1328490166860746752
1328490230299680769
1328490281918935040
1328490335778070528
1328490423904575488
1328490432372887552
1328490444813185026
1328490465067319296
1328490591378960387
1328490620432871426
1328490678838562816
1328490748170350594
1328490923370622976
1328491044326010880
1328491073338040320
1328491175968436224
1328491242095845380
1328491446597525506
1328491468131102720
1328491559994544134
1328491560305102851
1328491686268375040
1328491938409041921
1328492180659384321
1328492234937749504
1328492256253390849
1328492293876314112
1328492313484480513
1328492373203042304
1328492726799753217
1328492781489295360
1328492801781325829
1328492831011446784
1328492943364165632
1328493002914926595
1328493070619471873
1328493192031973376
1328493262668181504
1328493313914187776
1328493338627018757
1328493413742698496
1328493606966059009
1328493678206328832
1328494010374238209
1328494030687092736
1328494055710363649
1328494060600963078
1328494273998843906
1328494319272153091
1328494437606060032
1328494483546247172
1328494495688626177
1328494520686833668
1328494521362108418
1328494618120495104
1328494730905313280
1328494827470684161
1328495067015897089
1328495238315433984
1328495251514945542
1328495268761899008
1328495360927535104
1328495369223802881
1328495447640592385
1328495503240212482
1328495548836573194
1328495657502425088
1328495712171155456
1328495775077314565
1328495884804481024
1328495897785856011
1328496429917216781
1328496542785933314
1328496772126289920
1328496845664862208
1328496878183395328
1328496878464405504
1328496970571255809
1328496990032859139
1328497063642992640
1328497197680271360
1328497234778918913
1328497235311603712
1328497276856111106
1328497280647880714
1328497457488031744
1328497503377924098
1328497520096456705
1328497520234819585
1328497550077423616
1328497583568920577
1328497629697859585
1328497654863704072
1328497730038030337
1328497733943128064
1328497831091589120
1328498036482453505
1328498106044911623
1328498196734234624
1328498237595131906
1328498557322743810
1328498564364972032
1328498606169497600
1328498631477919745
1328498699274772480
1328498724402847747
1328498794929868802
1328498895534444546
1328499021506338817
1328499298544267264
1328499479666941952
1328499567789178880
1328499672344899584
1328499721862778880
1328499931871633408
1328499973600768001
1328500209127620615
1328500330313646080
1328500347015487491
1328500443815817221
1328500556428677121
1328500569221246977
1328500599047008256
1328500616478429185
1328500724179767298
1328500842895454208
1328500934100611079
1328500946574434304
1328501030980608005
1328501048235892738
1328501109397336064
1328501168759193600
1328501225365487623
1328501266046013440
1328501266062991360
1328501370387894273
1328501475715190785
1328501509361967110
1328501630669615105
1328501668292534273
1328501726710738944
1328502003698266112
1328502011948503041
1328502046006398976
1328502242794745858
1328502251124641794
1328502293159809024
1328502314206900226
1328502428224942080
1328502478556573697
1328502536102424577
1328502540271542273
1328502633083133953
1328502880945389568
1328502952387080193
1328502985027059712
1328503002282471424
1328503053151035394
1328548439030951936
1328548443053199361
1328548590793449472
1328548611593003009
1328548624368807936
1328548761610711041
1328548805915140096
1328548842669699073
1328548849691090944
1328548917609455619
1328548943232372736
1328549013193256960
1328549067899736064
1328549122715119617
1328549165282992129
1328549182106341376
1328549345231310849
1328549437082365952
1328549477066674176
1328549613637398528
1328549701180747776
1328549719606497280
1328549962288943104
1328549995381927936
1328550000507244544
1328550000654045184
1328550013165776896
1328550116786102272
1328550137518440449
1328550200596688896
1328550243034533889
1328550288916090880
1328550362354159616
1328550414590107648
1328550519728721920
1328550641095077888
1328550662720942080
1328550679800115200
1328550792756912132
1328550804664401922
1328550968208875521
1328550980410101760
1328550984767795201
1328550993500524544
1328551023317839872
1328551074668703744
1328551119807766528
1328551181631840257
1328551404701675520
1328551519319322625
1328551543411417089
1328551744205246464
1328551782562344961
1328551862316933120
1328551883095617540
1328551903266025472
1328551903874179072
1328551907858780161
1328551920567541761
1328552020597325826
1328552188721840129
1328552242895597569
1328552273266552832
1328552302634967040
1328552369672646656
1328552448965943296
1328552457627082752
1328552625403523079
1328552626191941632
1328552683565944832
1328552726091984896
1328552738544873472
1328552835114471425
1328553011665367040
1328553094691565568
1328553107492663296
1328553186802720768
1328553246504464384
1328553262895796226
1328553287663149059
1328553363521241089
1328553363693191175
1328553381145812993
1328553434681913344
1328553518513328128
1328553539220672513
1328553677540483072
1328553703473868800
1328553945829048320
1328554001768517634
1328554004713000960
1328554403066949632
1328554533794922496
1328554593127718913
1328554625558061057
1328554826926616576
1328554919968739329
1328554957159559175
1328555004135960577
1328555043004493825
1328555146859728896
1328555221388206085
1328555238534623232
1328555353735303173
1328555435880755200
1328555547998740480
1328555665409892354
1328555691683016706
1328555729377234944
1328555754152837120
1328555871148847105
1328556170416586752
1328556178167705600
1328556219129356288
1328556266118123525
1328556308740644864
1328556315560570882
1328556332786573313
1328556450373795840
1328556752485421057
1328556903333392384
1328557096896503808
1328557189053755393
1328557226319966208
1328557440523124739
1328557688033165312
1328557739182874624
1328557797785661440
1328557842526212097
1328557981164851206
1328557986944487424
1328558027063095299
1328558194822668289
1328558199021113347
1328558238078439425
1328558308299395073
1328558430328643584
1328558517763051520
1328558599124250624
1328558737175572480
1328558870290042881
1328558908034703360
1328558955832946691
1328558962745225216
1328559336994398210
1328559381986779136
1328559398566944768
1328559400710139904
1328559482260123648
1328559520772018177
1328559529613639688
1328559630432169986
1328559634613895168
1328559699277582337
1328559713500368896
1328559796858052608
1328559827921088513
1328559910406205440
1328560197246222337
1328560326254596096
1328560351751843840
1328560355124129792
1328560477371297793
1328560645403512832
1328560829516587008
1328560859531120640
1328560925176070144
1328561236842336256
1328561366052057088
1328561504501829637
1328561512701521920
1328561597896265728
1328561597963448320
1328561604703649793
1328561907742216192
1328561924657860614
1328561953959149568
1328562109001703424
1328562246465716229
1328562497922666496
1328562499348643841
1328562553237213184
1328563152305360897
1328503182771638272
1328503224723263488
1328503350875353092
1328503476213706760
1328503673719197696
1328503749283864578
1328503807349829633
1328503819886596096
1328503849783619584
1328504000975491072
1328504034794364928
1328504156013748224
1328504197847781377
1328504718172315648
1328504775797862400
1328504886388994052
1328504986678902784
1328505031998496771
1328505061429964803
1328505179830935552
1328505295908159489
1328505312794603522
1328505338530697216
1328505451932250113
1328505530973888512
1328505628592132097
1328505673680789504
1328505682899865600
1328505807881859072
1328505947476647937
1328505968506724353
1328506006029135874
1328506026363121665
1328506109917880323
1328506424851304449
1328506428533968897
1328506441129357312
1328506451434749952
1328506483496136704
1328506558716792832
1328506613628538885
1328506651607969794
1328506803244720133
1328506882810662912
1328506910899720192
1328506919821066240
1328507012586631169
1328507313364365318
1328507351830183936
1328507359996620805
1328507531656892417
1328507570038910976
1328507653555884032
1328507738603753472
1328507800780095489
1328507829305696257
1328507893453303810
1328507918333980672
1328508090803761153
1328508202779107329
1328508404483186688
1328508416571092999
1328508560150581248
1328508585119191040
1328508610499006470
1328508739813400576
1328508752664928264
1328508836446089216
1328509016734117889
1328509063383150592
1328509092135129088
1328509247458447360
1328509306832994304
1328509405231517698
1328509474076839937
1328509583472668673
1328509587515912195
1328509608365862913
1328509637419667457
1328509713135362048
1328509831301492736
1328509843381030914
1328509944283365376
1328510115398307840
1328510199745933312
1328510401185673216
1328510426338955264
1328510442768109570
1328510513857355776
1328510526301761537
1328510610519298049
1328510736700641280
1328510866560606210
1328510891810230272
1328510908994351104
1328510937523843073
1328510967148326913
1328510979907448832
1328511131271499776
1328511425107652608
1328511525099810818
1328511625423433731
1328511734605295616
1328511739525292035
1328511797733847040
1328512087111426049
1328512157986811909
1328512242128662529
1328512439294582786
1328512468436602882
1328512732560297984
1328512754127314944
1328512846070644736
1328513064300371972
1328513135825674240
1328513265282912256
1328513828372549633
1328513835985145858
1328513853123162112
1328513954742722562
1328514020903628802
1328514075756793856
1328514163283423232
1328514826423906309
1328514826625224709
1328514833583665153
1328515053419716610
1328515162060574720
1328515207518253056
1328515262467936261
1328515468521517056
1328515497009168384
1328515551749083136
1328515845367111680
1328515920717897734
1328515979249377280
1328515979924578304
1328516000652943361
1328516051647275008
1328516177161838595
1328516318853795845
1328516356694806529
1328516368984141824
1328516394699386880
1328516613163806720
1328517077926338560
1328517175414575109
1328517208717180932
1328517346466684929
1328517472257970177
1328517527715028992
1328517698884603904
1328517761828577280
1328517766089994240
1328517917550456833
1328517950408626176
1328518152033083394
1328518408074375173
1328518424406974466
1328518437405069312
1328518543076421632
1328518626144444416
1328518659778764800
1328518680670572545
1328518730314354690
1328518818495299585
1328518869191942144
1328519128865497089
1328519179880853505
1328519283006062593
1328519360479105024
1328519372768497664
1328519376061009920
1328519457220784129
1328519511885099010
1328519553928876034
1328519570064289794
1328519680982736896
1328519774859636736
1328519833944788993
1328519843071619075
1328519917692456961
1328520064841232384
1328520278704533504
1328520345201086464
1328520517435990022
1328520609979043840
1328520668619677697
1328520723518943240
1328520756922347521
1328520856872554502
1328520928758616064
1328520988129103880
1328521033444446209
1328521062477393921
1328521163232964613
1328521326869454848
1328521419961950208
1328521445316636672
1328521688569573376
1328521751374925824
1328521880613965824
1328521880869867523
1328521913703030785
1328521981206163462
1328522283909066757
1328522342260113410
1328522383687364613
1328522407020290048
1328522492735000577
1328522581696262145
1328522678207131648
1328522786822819842
1328522790647914497
1328522828300300290
1328522828740751365
1328522874525650945
1328522946319626241
1328523016087756801
1328523126125125633
1328523214075543552
1328523260523384832
1328523424386469888
1328523445559234560
1328523446414962688
1328523486776745985
1328523575054229504
1328523625021005825
1328523713877340162
1328523721993281539
1328523734555250695
1328523931762954240
1328523940885454848
1328523982400860167
1328524023739899906
1328524027837652993
1328524171035361280
1328524196406824960
1328524217315418113
1328524287804846082
1328524317513175043
1328524367563730945
1328524410366668800
1328524419111809024
1328524464691134464
1328524841826328576
1328524964039958528
1328524964459372544
1328525236162207745
1328525248682135554
1328525290587516935
1328525567201660928
1328525592753528832
1328525651331194881
1328525689042178050
1328525702728126464
1328525722399502338
1328525785678958593
1328525805471862784
1328525823540858880
1328525866033315840
1328525907238260741
1328525924648640518
1328525936170573829
1328526037928587272
1328526121340690434
1328526313951379457
1328526322184798208
1328526418574258176
1328526422823071744
1328526435422711812
1328526536337666048
1328526633771425793
1328526796346830848
1328526843050422274
1328527031529824257
1328527261839077377
1328527316616699904
1328527455091646464
1328527543650164738
1328527597169504264
1328527723887792129
1328527783186755584
1328527854351622146
1328527870571008000
1328527987604553729
1328528080583991299
1328528197617676288
1328528268463656960
1328528339750019073
1328528369894322176
1328528462169206784
1328528469727309827
1328528496155643904
1328528692151275522
1328528738837884928
1328528795901468673
1328528880941019138
1328528901866401798
1328528922917539840
1328528948972593152
1328528982183092226
1328529011778195456
1328529095123197957
1328529128413270016
1328529154183139329
1328529247401508864
1328529329161113600
1328529405241647104
1328529565770264577
1328529611286786048
1328529669759541251
1328529720112271360
1328529723761127428
1328529850232164355
1328530009267560448
1328530097830289410
1328530285751889922
1328530294887026688
1328530344476368897
1328530613767458817
1328530633790943232
1328530714443337729
1328530807259066368
1328531108128911361
1328531225200488449
1328531259526688769
1328531305441746945
1328531335359705089
1328531380981084160
1328531397091282944
1328531527190327298
1328531707457376256
1328531801023930373
1328531918288277504
1328532085406015489
1328532329283940353
1328532430588964865
1328532501019541504
1328532689725624321
1328532727394566144
1328532748064141313
1328532903467180037
1328532941006381059
1328533067099729920
1328533075874119682
1328533159307198464
1328533189015515136
1328533435795779584
1328533448269697026
1328533473968222211
1328533520889892866
1328533541269819394
1328533733985673216
1328533746409230341
1328533784862490630
1328533812553322496
1328533851333947396
1328533931272986627
1328534010398707713
1328534061183160320
1328534220009066496
1328534220155875328
1328534299944099840
1328534790824484865
1328534807177990145
1328534874840555526
1328535122027581441
1328535340362182656
1328535407735279617
1328535504514674689
1328535525041467393
1328535562538672129
1328535580154736640
1328535726703607809
1328535893951516672
1328536103394152451
1328536208968859650
1328536380771889152
1328536406122258432
1328536434844659714
1328536763665690624
1328536774671552514
1328536795970031616
1328537035435614208
1328537249147981824
1328537328441298944
1328537379313999874
1328537407646441472
1328537476496039936
1328537546683342849
1328537638563942407
1328537647577399297
1328537651788406785
1328537752720248833
1328538096179220480
1328538273095028737
1328538377008730112
1328538402711621643
1328538415466426369
1328538448869863426
1328538506818441216
1328538510916202496
1328538628704833538
1328538746048843777
1328538775488749568
1328538900692955138
1328538943135080449
1328538985430396931
1328539081064804352
1328539085854683136
1328539178188103681
1328539219464228864
1328539286807875586
1328539349479280640
1328539359520247810
1328539405426913281
1328539510356013065
1328539694724997120
1328539932844052486
1328540066965200897
1328540071989891072
1328540093230018560
1328540197206831104
1328540385669484544
1328540524056248320
1328540592373174274
1328540616364498945
1328540642339921921
1328540715375239169
1328540739144462336
1328540756584239105
1328540763643408384
1328540809302568960
1328540877803974659
1328541065608048641
1328541166892175360
1328541178795421696
1328541389072822274
1328541406311428096
1328541472573038592
1328541551895732224
1328541590265106433
1328541756816650240
1328541862647328768
1328542014170918912
1328542051265359872
1328542118659436550
1328542239786758144
1328542409119109122
1328542458716639234
1328542751944826887
1328542812942569474
1328542835193171969
1328542864956076033
1328543179474313216
1328543218116399104
1328543235162198017
1328543486040178690
1328543486971297793
1328543611517079553
1328543750482702338
1328544026820153344
1328544064048918530
1328544064921329670
1328544131812118528
1328544551548628993
1328544602396237824
1328544728124624897
1328544739235250177
1328544836597628932
1328545083637911552
1328545231436967936
1328545373615509504
1328545587483078656
1328545628557877249
1328545733729869825
1328546044343414785
1328546095253819397
1328546187843145728
1328546589950889986
1328546605646049281
1328546690106847232
1328546703620784128
1328546748634021888
1328546849330905091
1328546958903021568
1328546971611754501
1328546975432765442
1328547092722225153
1328547113731502080
1328547117573533702
1328547152184872960
1328547256450969600
1328547306128486400
1328547449460363264
1328547500639346688
1328547528544051201
1328547575876657153
1328547877346447360
1328547932384030720
1328548145551302657
1328548166828916737
1328548263390228480
1328548289004728320
1328548292893040640
1328548371670319104
1328774948354215939
1328774962220568582
1328775111890046977
1328775384872218625
1328775437296824326
1328775472566722563
1328775535816630272
1328775657732489217
1328775741756981249
1328775866881552387
1328775934288273408
1328776051942625287
1328776224047501315
1328776228115984388
1328776236810776577
1328776298873937929
1328776323918131200
1328776345501855745
1328776412564774913
1328776583725936640
1328776633520697346
1328776924819296256
1328776936126967809
1328777087084240896
1328777386800898051
1328777415762481154
1328777473241190400
1328777574630252545
1328777596067225600
1328777737717248001
1328777770378420228
1328777832605036548
1328777872199327746
1328777913970216963
1328777948103462913
1328778085139886082
1328778128152350720
1328778139670089729
1328778199757705221
1328778283631079426
1328778433715900420
1328778518113685506
1328778521901142016
1328778551563325441
1328778558970482692
1328778562736971789
1328778665556127747
1328778786364592128
1328778870011543552
1328778932494114817
1328778983979278336
1328779068024758275
1328779233318014976
1328779399370600448
1328779407683694593
1328779469889429504
1328779667671834628
1328779956013428736
1328779957007507457
1328779973860102144
1328780069800734724
1328780102902026240
1328780249518153728
1328780250822680579
1328780360252067845
1328780376450461697
1328780496910761984
1328780531744567309
1328780557145178112
1328780643677908993
1328780695070765063
1328780702817669127
1328780938495422464
1328780946221494273
1328781034163494912
1328781047249707009
1328781197896511490
1328781538348077057
1328781563887116288
1328781784029356032
1328781830028398599
1328781920738664450
1328782091706765313
1328782116436533248
1328782163538546688
1328782172036198401
1328782237526073346
1328782249052020737
1328782339393011714
1328782380719542272
1328782385014583297
1328782409928564738
1328782493764313095
1328782522965221378
1328782678011875331
1328782913916137472
1328782959965573127
1328783031461666817
1328783098805428229
1328783224672317442
1328783241516642314
1328783265684185089
1328783269933051904
1328783303957090305
1328783362929041408
1328783408433074179
1328783424992260103
1328783484412973057
1328783760100306945
1328783794598522886
1328783844556812290
1328783958369325057
1328784184719020032
1328784230600544259
1328784271826423808
1328784327652544518
1328784330722775040
1328784406279036933
1328784406283231241
1328784574437060610
1328784660474732544
1328784667210780672
1328784927282794497
1328784939056238593
1328785001777868806
1328785144908398593
1328785233756495872
1328785418184052736
1328785467219734528
1328785468864000006
1328785504129650689
1328785643640680453
1328785673021779968
1328785677455134722
1328785753040510977
1328785903767183364
1328785921173491718
1328786064690044930
1328786068272013313
1328786093307817985
1328786138363027459
1328786423420383232
1328786730070257664
1328786760420081664
1328786797195710464
1328786985687912449
1328786990280499200
1328787166638399490
1328787372977348615
1328787590703706114
1328787870564442112
1328787896925630465
1328787899920347137
1328787930647760900
1328787942270091264
1328788008787718145
1328788040026828800
1328788143991123968
1328788164106878976
1328788189390151680
1328788194083672066
1328788253214793729
1328788315701727237
1328788450250657792
1328788609042771968
1328788797664931843
1328788802840752128
1328788810285658115
1328788907324891138
1328788974844993536
1328789087847817217
1328789109331144704
1328789195914174466
1328789260284071936
1328789273273724930
1328789313488826369
1328789335462723586
1328789490241056772
1328789545249333252
1328789556871610369
1328789584570851328
1328789762367492097
1328789780285452289
1328563556439175168
1328563672369643520
1328563697657270272
1328563707216007169
1328563710298791937
1328563722881691651
1328563866721259522
1328563963542564864
1328564038842761219
1328564064000339968
1328564265205329920
1328564315075428353
1328564549687988224
1328564654017134592
1328564667959169024
1328564785416458251
1328564792471261184
1328564890232098816
1328564952701890560
1328565187797016577
1328565245653245953
1328565392126713857
1328565581013000197
1328565596250726400
1328565979174023171
1328566009582804997
1328566076565843969
1328566173651398656
1328566181087862786
1328566342975246336
1328566444959752192
1328566516833456129
1328566797629489153
1328566810359308290
1328567027922071552
1328567046175592448
1328567208411242496
1328567233245802499
1328567273188184065
1328567317287100421
1328567553409634304
1328567585932275713
1328567619977408512
1328567910357295104
1328567913985568769
1328568036626935809
1328568111763775488
1328568204596277249
1328568226876428291
1328568277703012352
1328568304622034945
1328568405574758400
1328568422272266242
1328568522239324161
1328568556003450883
1328568563863523328
1328568681413095424
1328568693786284035
1328568954940436482
1328569050247663616
1328569150294384641
1328569410878140416
1328569496559374337
1328569713966915584
1328569819726278657
1328569926395760642
1328569964064890880
1328570187281555458
1328570192767684608
1328570263143845888
1328570316856193024
1328570329980162056
1328570546834059265
1328570614165200897
1328570777810169866
1328570823729352705
1328570941270536201
1328570951672483840
1328570993942597638
1328571155016454148
1328571243122089984
1328571335954624517
1328571341667176451
1328571458830929921
1328571504682995714
1328571610295578631
1328571798267498496
1328571965838401538
1328571991297757184
1328572065176227842
1328572086479106048
1328572449873670144
1328572523760541699
1328572652965998592
1328572657483341824
1328572725619814406
1328572934236069889
1328573053178175488
1328573140939714560
1328573177757364225
1328573575448702977
1328573600786419714
1328573800309460997
1328574022326554627
1328574036532727808
1328574065876086784
1328574109798764547
1328574118506192897
1328574311330967552
1328574577656606722
1328574623869448197
1328574737363197953
1328574746968125441
1328574938693898241
1328574974790168578
1328575049188696064
1328575140800716802
1328575208773611528
1328575302067490817
1328575309310996482
1328575410431533057
1328575429192642562
1328575493986193408
1328575673582149633
1328575703202324480
1328575840087650305
1328575867803611139
1328575878704586753
1328575945549221889
1328576126223085569
1328576159165124616
1328576408256393218
1328576509985120262
1328576618567241728
1328576634572697600
1328576643007471617
1328576848276697088
1328576965381599233
1328577016271151111
1328577103135125504
1328577312456126466
1328577325827579909
1328577326389600258
1328577417632509953
1328577439040204805
1328577773854724097
1328577854678962181
1328577871523291137
1328577889093226501
1328577914439409665
1328578257592180737
1328578383379378176
1328578466963468288
1328578479462473729
1328578493815394306
1328729608020082688
1328729825696231424
1328729829672321025
1328729871904804865
1328729965446225920
1328730069246816258
1328730090969198593
1328730224960315395
1328730278617964546
1328730292345999360
1328730316564033539
1328730341712949252
1328730380237746179
1328730480758419457
1328730613814349825
1328730745490333696
1328730795071115264
1328730858916880389
1328731126349897728
1328731248378961920
1328731277902688257
1328731281249640448
1328731318675378177
1328731365853061122
1328731718208073729
1328731952229314560
1328731998874075136
1328732032302682112
1328732196513918977
1328732225886621697
1328732425971785729
1328732430795218947
1328732460163723266
1328732522361073671
1328732556926316549
1328732582494801922
1328732678846287872
1328732792159690752
1328732942781255683
1328733134779604995
1328733140249153536
1328733332235018245
1328733366997430279
1328733379005718532
1328733479006326786
1328733480377856000
1328733651199275008
1328733651341881345
1328733655905095682
1328733827922096128
1328733886122168321
1328733949192003586
1328734104100032512
1328734607307632640
1328734612252733440
1328734776111599619
1328734779387285507
1328734800484601857
1328734875248156675
1328734976586768390
1328734999307292675
1328735125950132225
1328735227909435392
1328735547246878721
1328735639072772102
1328735685566754818
1328735722719875078
1328736038466981890
1328736079810342916
1328736130108297216
1328736176979779586
1328736284785995778
1328736323696517122
1328736604194828292
1328736796537184258
1328736802207895553
1328736827109421056
1328736859371966465
1328736995208794115
1328736997691756544
1328737115698462721
1328737173751947264
1328737363057643530
1328737370472992770
1328737464446545929
1328737590304976898
1328737622680801281
1328737703110774791
1328737833524228096
1328737849462710274
1328737891074383874
1328737992266092547
1328738057781202952
1328738168804413449
1328738222382469123
1328738253097160706
1328738504784949250
1328738819127074817
1328738844745871362
1328738868649070592
1328739083091402758
1328739191673425921
1328739304982646785
1328739398398054400
1328739480904339459
1328739607182077952
1328739623691034626
1328739845976563714
1328739968454365190
1328740450392444932
1328740500036349961
1328740534572224512
1328740539500539905
1328740734661517314
1328740735181524997
1328740773009924096
1328740803175473152
1328740875179089923
1328740953981554689
1328741011779186689
1328741062555430918
1328741070449102849
1328741083602329605
1328741087339569152
1328741125830692864
1328741326410670080
1328741356035072002
1328741364570402817
1328741486125604872
1328741616279040001
1328741834273685505
1328741846659391489
1328741851206127618
1328741947112972293
1328742157956603904
1328742174012403719
1328742362428944386
1328742472344870920
1328742533560721409
1328742936989880320
1328743147522953220
1328743264850038785
1328743265169006593
1328743378226450432
1328743412175052801
1328743465459589121
1328743499018203140
1328743500003860480
1328743571726475265
1328743885150052353
1328744073965031425
1328744397677219841
1328744623041343492
1328744627541839881
1328744661259698176
1328684478114398210
1328684527712153602
1328684579008487424
1328684653918773248
1328684691269050370
1328684817593065475
1328684968348954627
1328685259005845505
1328685282233704448
1328685379751383040
1328685464090521600
1328685546802188288
1328686512733609989
1328686519591309312
1328686612990095364
1328686624411152384
1328686704212013079
1328686788047740931
1328686888883007488
1328686964099477504
1328687006315114497
1328687115035557888
1328687392358866944
1328687622407991302
1328687712560422912
1328687723859890177
1328687891527110658
1328687958854078467
1328688125997162496
1328688193617731590
1328688352468627456
1328688499864821766
1328688584992452610
1328688781306769409
1328688873896075264
1328688902715138048
1328688944003903491
1328688991525359617
1328688994872406018
1328689024995831809
1328689032126210048
1328689095112073219
1328689144932012032
1328689339107319808
1328689502479642625
1328689570632888324
1328689804620533763
1328689812220612609
1328689867384119301
1328689884173901826
1328689971851476992
1328690086238687232
1328690114789212160
1328690118903775233
1328690195047342080
1328690379986788354
1328690425469792264
1328690663827922946
1328690722585931776
1328690755779629059
1328690878802763776
1328690907672055810
1328690924692627456
1328690987762237441
1328691015914491907
1328691049254985728
1328691298195345408
1328691319355662336
1328691406311919616
1328691533642653698
1328691545621602304
1328691599098990595
1328691712332599296
1328691817605423106
1328692125421203456
1328692173336875008
1328692181566164992
1328692300885622784
1328692367742918659
1328692446021230600
1328692463138115584
1328692472223064065
1328692756290568199
1328692757049839627
1328692916265488384
1328692937996333056
1328692962595889155
1328693415844995072
1328693554642751488
1328693653842391040
1328693726726811649
1328693772079804416
1328693806720573440
1328693868737540102
1328693880808747011
1328693939738644480
1328693952673886208
1328694003928272896
1328694036962676739
1328694057565097985
1328694087193677827
1328694136665493506
1328694229648883714
1328694254743416832
1328694355154984964
1328694398331351041
1328694501330874371
1328694510726111232
1328694636332916736
1328694648953593862
1328694652439064576
1328694682604322816
1328694702590152707
1328694719774404608
1328694724580917249
1328694732990529537
1328694773662814209
1328694874791612421
1328694954965798916
1328695181630050309
1328695281555271680
1328695349687558144
1328695446210891777
1328695626431950851
1328695697265324033
1328696024148418563
1328696032285270017
1328696120177025025
1328696197125640193
1328696200703344640
1328696317372207104
1328696331007909888
1328696364805533700
1328696422867333122
1328696480916443136
1328696507147587589
1328696674714259462
1328696682662428672
1328696838204088324
1328696884769255424
1328696889013923840
1328697001756782592
1328697064058974210
1328697152642699266
1328697182191546369
1328697210960166912
1328697248620847104
1328697257634500610
1328697307181748225
1328697336822960131
1328697512488792064
1328697564376440832
1328697567832629250
1328697584177741824
1328697627685380097
1328697689580597248
1328697706030788609
1328697777921015814
1328697857277214720
1328697865003282432
1328697866341244928
1328697882627743744
1328697945089331207
1328698089004261376
1328698125901508609
1328698193299861504
1328698222190206978
1328698243631489024
1328698259959918595
1328698311201570816
1328698444609941508
1328698628010078211
1328698638143426561
1328698772306718721
1328698846399041536
1328699078247653381
1328699207096573953
1328699215258808320
1328699326269362176
1328699350546063366
1328699380308844546
1328744728880427008
1328744825609449472
1328744929837813760
1328744943318339586
1328745041406418952
1328745076697288706
1328745177305923585
1328745181135450115
1328745215142682624
1328745223309156361
1328745336970436608
1328745835249631232
1328745936105787392
1328745991189749760
1328746302151290881
1328746314004193288
1328746355532079104
1328746405813387264
1328746436083716099
1328746561526923269
1328746594347454470
1328746661737205761
1328746741798146048
1328746746529390601
1328746767383457793
1328746863047086085
1328747002411290626
1328747035659472898
1328747069406851073
1328747245399908352
1328747300164780032
1328747769121660929
1328747945957728256
1328748088006225921
1328748091638353920
1328748091936215041
1328748098655547395
1328748209833873408
1328748323675779074
1328748512637579264
1328748550277263361
1328748561861734400
1328748680627838982
1328748851147145216
1328748872554962947
1328748873582567425
1328748923813568514
1328749070568091650
1328749091023712256
1328749129439309825
1328749727538688002
1328749829158100992
1328749896413933568
1328749958770683905
1328749992450940928
1328750034486251520
1328750054673424384
1328750104736624641
1328750134793031680
1328750395334725632
1328750411503767552
1328750483868160001
1328750675652644864
1328750730346438662
1328750772469649409
1328750776060178433
1328750823279616000
1328750830409945088
1328750862496198656
1328750865881161731
1328750878069841922
1328750898021974016
1328750947623968768
1328750973175599111
1328751020567121927
1328751158014296064
1328751438701465603
1328751485023301635
1328751493730738177
1328751640917258244
1328751796097990659
1328751854012887040
1328751942777008134
1328752052034363393
1328752064730685441
1328752155604480001
1328752438686461954
1328752690181107712
1328752693167464452
1328752751728214016
1328752992049188864
1328752996340133891
1328753097003442178
1328753137465909254
1328753264368750593
1328753494950555649
1328753532258971649
1328753670108962821
1328754031389536259
1328754061492039681
1328754170086744065
1328754186234650630
1328754425121345537
1328754551801843713
1328754556386340865
1328754572458942464
1328754623360819202
1328754639152570368
1328754883126644736
1328754912021204992
1328754916379095040
1328755063460859905
1328755113876459522
1328755268927123456
1328755411923582978
1328755428944191490
1328755574629163009
1328755591745925120
1328755641918304259
1328755714119053312
1328755738236362752
1328755826345996288
1328755969686441984
1328755994722136064
1328755997947490304
1328756065400463360
1328756203820883969
1328756217330749441
1328756254672629760
1328756288340324354
1328756582147108867
1328756677429104642
1328756824221237248
1328757013904584709
1328757126534139905
1328757152475873280
1328757317958066182
1328757437999030272
1328757562565554176
1328757575156985860
1328757898684428289
1328757902639648773
1328757961896976385
1328757983183040515
1328758050015096834
1328758071334752266
1328758271793041408
1328758305708257288
1328758440487862272
1328758566392619010
1328758646054952960
1328758867333951491
1328758909784514561
1328758925450207233
1328759023559176195
1328759135404503041
1328759198809804801
1328759328505937920
1328759399641395200
1328759404771094530
1328759433980211201
1328759533544607750
1328759723886211082
1328669294654332933
1328669336748244995
1328669453119336448
1328669470131449859
1328669566789009409
1328669584283496449
1328669587202772992
1328669655230103553
1328669673706098696
1328669762113724416
1328670103836221440
1328670208836427776
1328670292584099840
1328670294106632193
1328670302658813952
1328670398171365380
1328670732499386371
1328670778842251264
1328670840980910081
1328670994647552000
1328671080945508352
1328671097353498625
1328671165062279168
1328671190924161024
1328671426027597824
1328671477546278912
1328671488065622018
1328671651077246976
1328671673025966080
1328671714843250701
1328671714771947520
1328671727732224000
1328671762243051520
1328671774637256709
1328671920150163456
1328671936126316546
1328671945232146433
1328671965461291009
1328671971274420225
1328672046365233152
1328672255438622721
1328672271683047424
1328672524918517761
1328672545768398848
1328672612105510913
1328672661795430405
1328672718502449153
1328672721656553472
1328672762907533312
1328672856134258688
1328672951193853957
1328672963831316482
1328673019796074496
1328673024804052993
1328673086447693825
1328673258573619201
1328673265078951936
1328673493932793857
1328673576690405377
1328673757167173632
1328673829669859328
1328673932967342081
1328673971705966597
1328674070905360390
1328674144221741057
1328674200685596673
1328674215399215104
1328674301462065153
1328674406672068615
1328674433561595906
1328674768401408001
1328675117078114304
1328675145947426816
1328675212481552384
1328675253195718657
1328675845901340677
1328675863521603584
1328675897382215680
1328675951614578688
1328675987513630721
1328676075724038145
1328676075707121664
1328676127032954880
1328676151007567872
1328676168099393537
1328676531477098498
1328676604814438400
1328676882175279105
1328676969970544641
1328676998613438465
1328677011188051970
1328677060257087490
1328677091466833921
1328677158655565831
1328677187386535936
1328677432832913409
1328677456614727681
1328677606720479232
1328677648537587715
1328677658083926018
1328677735133310976
1328677843505582080
1328677891853447168
1328677900292386818
1328678018986946562
1328678123781689344
1328678349695311872
1328678430288842753
1328678441844154368
1328678479798415363
1328678698577514496
1328678710359318530
1328678786137722881
1328678814960979970
1328678856522407936
1328678928010141696
1328678939716440065
1328679025070530560
1328679054405476352
1328679083799162880
1328679134462160899
1328679217869905920
1328679331716083713
1328679709459288065
1328679746792804352
1328679851780411392
1328679940288638978
1328680140172390400
1328680144731574277
1328680146191085570
1328680211609743360
1328680213128024071
1328680316551237637
1328680563574706176
1328680707988869120
1328680777987596289
1328680832647786496
1328680988973654017
1328681104648310790
1328681148273324032
1328681286077124608
1328681344713494528
1328681361822150662
1328681366364577793
1328681550871932928
1328681806191849472
1328681890845519873
1328681895236837383
1328681931941285889
1328681961410400258
1328682000165851137
1328682023196692487
1328682372083064832
1328682400487006209
1328682506011500544
1328682551955828738
1328682721531531266
1328682761817788416
1328682770596499456
1328682904365436929
1328682929967550466
1328682963278696448
1328683006425522176
1328683361137778689
1328683365462118400
1328683442578612224
1328683462602133505
1328683480356704257
1328683644358176769
1328683680152178689
1328683697286090752
1328683703225159680
1328683894032519168
1328683922775896064
1328684103546318849
1328684159477268485
1328684283758829568
1328578776998031371
1328578935689519104
1328578984691585026
1328579013640675328
1328579089872154625
1328579147858325506
1328579208197582849
1328579296319901697
1328579369011449857
1328579576084226049
1328579611375054850
1328579698805321731
1328579767285800961
1328579989965565952
1328580012723859458
1328580091614523393
1328580110254022661
1328580306308374528
1328580392841060356
1328580463309578243
1328580491625324544
1328580521480294401
1328580615214686209
1328580657522634752
1328580744860590085
1328580800439345152
1328580895004123136
1328580988016922628
1328581121660116998
1328581213343391744
1328581214790356993
1328581277386215425
1328581323762638853
1328581353105993728
1328581431765970946
1328581462254292999
1328581511461924866
1328581804455030787
1328581851934576640
1328581956490190849
1328581972885692416
1328582010760212488
1328582023548690433
1328582046609002498
1328582073179918338
1328582141148602369
1328582195292884993
1328582529109151744
1328582569768710145
1328582606624010242
1328582621044092929
1328582677348356096
1328582706779856897
1328582716711985154
1328582801214627841
1328583046543659009
1328583069801082880
1328583105343590400
1328583350542618625
1328583713815486473
1328583899727998984
1328583907978186752
1328584150039863297
1328584158118031364
1328584284534345730
1328584509911158787
1328584538537275395
1328584700252794880
1328584753499529220
1328584821451452418
1328584855622459392
1328584858604605442
1328584990507102209
1328585120085848064
1328585359798759426
1328585399724363779
1328585458838892544
1328585490153566208
1328585560106143744
1328585763764756481
1328585773080334336
1328585780915286016
1328585964290248711
1328586046049841153
1328586163360296961
1328586192930148354
1328586265298690050
1328586315701637122
1328586317488402434
1328586334479540224
1328586428599709698
1328586477312352257
1328586487328288768
1328586769365921799
1328586969287454720
1328586983376089096
1328586999796731904
1328587235286011904
1328587308728250369
1328587331054530560
1328587530258821141
1328587546750808067
1328587663193092097
1328588037006221314
1328588134628601856
1328588299246637057
1328588356033392642
1328588818396688387
1328588821500473345
1328588979369861127
1328589123440025602
1328589147297247232
1328589363312271363
1328589374875897858
1328589438377730051
1328589703478730754
1328589756754780160
1328589782474256387
1328589866423160832
1328589967208177665
1328589998489280512
1328590097198043138
1328590124213555200
1328590216186179585
1328590304459579392
1328590349258911745
1328590389025050624
1328590517114908674
1328590673088483330
1328590673436696578
1328590720765227009
1328590757998043140
1328590810313596928
1328590912436527106
1328590969076330496
1328590985568399360
1328591133035925505
1328591137431560192
1328591160915480579
1328591232315101184
1328591238753366016
1328591267530420225
1328591305358929921
1328591354654584832
1328591447155757056
1328591459931598850
1328591566882082817
1328591678790397952
1328591704384016390
1328591783106850816
1328591985960226816
1328592062401351680
1328592116692508673
1328592198481436672
1328592296728797191
1328592361912492036
1328592479046803458
1328592610596974593
1328592630402457600
1328592663885524994
1328592716809330690
1328592753438158848
1328592881699917824
1328592883000152067
1328593087082401794
1328593099560546304
1328593325746778112
1328593342670786561
1328593532664352768
1328593533473869827
1328593557234606080
1328714755138220033
1328714932490268673
1328714935963168771
1328714982620585991
1328715171636842497
1328715221825847296
1328715326339559425
1328715485244841984
1328715524197543936
1328715540697853953
1328715649430941699
1328715829991632899
1328715993841995778
1328716035625676805
1328716241352192004
1328716260952080390
1328716341424033794
1328716428573364232
1328716450652155910
1328716466900832256
1328716585050128385
1328716657225728005
1328716727857934336
1328716786532048902
1328716812163268608
1328716969961349121
1328717000181428228
1328717133744783360
1328717175566209024
1328717205249220608
1328717210668261378
1328717364494360581
1328717427127984128
1328717541141835781
1328717696578560002
1328717722247630850
1328717780217073666
1328718052469436421
1328718270648598530
1328718369135218688
1328718407697653761
1328718702423011335
1328718933348790273
1328718963333804035
1328719214400696322
1328719378792263681
1328719402968092673
1328719727385075714
1328719893919899649
1328720184333508608
1328720338293821445
1328720376029990913
1328720384317861893
1328720447987396613
1328720498566586370
1328720555453919234
1328720578602262530
1328720770063683584
1328720796500582401
1328720909230886919
1328720921302097920
1328720942843871236
1328721014042152961
1328721051644272640
1328721365948620800
1328721446496067584
1328721501332377602
1328721835870052357
1328721945635020801
1328721970200907777
1328722130020732930
1328722376759107586
1328722510628720645
1328722648818397185
1328722678597910528
1328722738249228288
1328722817836265474
1328723132291616768
1328723165187502082
1328723236276883456
1328723279461363712
1328723283303428096
1328723467982737408
1328723543501262850
1328723556545552384
1328723605493059584
1328723614116454400
1328723640146391040
1328723840181088271
1328723883206217728
1328724046599639041
1328724193886822408
1328724213713301505
1328724256184741891
1328724540596301827
1328724620938194944
1328724658020081664
1328724700080398337
1328724835757928451
1328725200305754116
1328725216642600960
1328725224859316225
1328725313329770497
1328725413825273862
1328725615869128705
1328725627135004672
1328725653626048512
1328725707103608835
1328725803262087169
1328725883490889729
1328726081692700672
1328726202442526722
1328726261456224258
1328726331660623877
1328726366347431936
1328726499747356672
1328726524695023618
1328726592403730433
1328726646866767877
1328726654651408384
1328726672397504512
1328727012723318784
1328727028099584002
1328727066792046592
1328727074320814081
1328727137604530176
1328727241749049346
1328727543696957442
1328727599925915649
1328727623820709890
1328727644976852994
1328727708566753283
1328727750446866432
1328727804309950464
1328727935554039814
1328727985306955781
1328728035101614080
1328728148264046599
1328728190332796928
1328728493329436672
1328728866198867968
1328729042267250688
1328729117106216960
1328729193388122112
1328729221842276352
1328729251114315778
1328729294047211521
1328729411345149953
1328729494476218371
1328729540542275588
1328759949162266624
1328759954166206464
1328759978354733063
1328760028623372289
1328760239181737987
1328760264259497986
1328760653952192514
1328760687473152000
1328760746122108938
1328760839529172997
1328760910060597249
1328761115262799872
1328761380602863617
1328761404472643589
1328762001309437966
1328762025372123136
1328762114455040001
1328762487341199360
1328762508102889472
1328762667574542338
1328762684389593090
1328762977965797376
1328763007170646018
1328763066754998286
1328763240734724099
1328763549322072064
1328763657921163269
1328763808366682127
1328764262488174593
1328764370269114368
1328764407623671808
1328764407992750082
1328764513580175360
1328764798419361796
1328764878107140100
1328764953294237698
1328765008784703488
1328765028422586372
1328765092662427648
1328765431218225152
1328765462038142984
1328765531986518024
1328765704141672450
1328765906055401472
1328765951182049281
1328766257559199747
1328766417542520832
1328766476891910145
1328766653136572418
1328766715279368192
1328766718819389457
1328766735835680769
1328766869721911297
1328767064081801217
1328767071224692736
1328767230939721735
1328767503045173251
1328767620099813381
1328767642015031300
1328767667705143303
1328767712919760896
1328767763330990081
1328767998513999872
1328768078403022849
1328768469060313088
1328768493756448769
1328768594629443585
1328768664875708429
1328768752939270144
1328768866705666048
1328769047412916224
1328769081516974083
1328769202736427009
1328769399222833161
1328769483033362432
1328769697312083969
1328769752475467777
1328769763829444608
1328769840354652163
1328769907719241728
1328769957530914818
1328770021116571650
1328770040842260480
1328770141652389889
1328770154524782592
1328770178897866754
1328770289136791552
1328770293544878081
1328770372502577154
1328770477603622918
1328770528035938304
1328770729354137607
1328770892898439175
1328770943263641601
1328771147819716612
1328771185505538048
1328771220096036865
1328771312773369858
1328771319316553730
1328771425419763712
1328771551580221442
1328771835840790528
1328771925225648128
1328771962638921728
1328772171884339200
1328772176330145793
1328772184769171461
1328772263609589760
1328772348137402368
1328772449140310017
1328772557617721347
1328772818062827520
1328772833716015104
1328772922656296964
1328772951555014657
1328772968961413131
1328772992952840193
1328773060728680449
1328773065157742592
1328773216836444160
1328773296725381122
1328773379923578882
1328773622249373698
1328773661147492355
1328773714989690888
1328773929322868743
1328774289584136197
1328774331258834944
1328774469909929985
1328774488054321153
1328774524767260672
1328774600684052481
1328774616878354433
1328774641587023874
1328774662906515457
1328774814920826880
1328699555630739457
1328699657673838593
1328699757871714305
1328699997781716993
1328700001342590977
1328700109559828483
1328700268800856064
1328700321816829952
1328700328481599490
1328700529200001025
1328700575731605504
1328700633663369216
1328700742660550657
1328700806103752705
1328701037541285889
1328701099931553794
1328701132915544066
1328701237701832704
1328701250012024832
1328701263354195969
1328701309764194307
1328701589863997440
1328701921780260865
1328701958513979392
1328702005762777089
1328702162105405446
1328702370578976768
1328702675786092545
1328702734447628291
1328702909421416449
1328703192259989510
1328703273071763472
1328703281670053888
1328703300816998400
1328703415589986305
1328703531893878788
1328703537212248066
1328703812803178496
1328704024204496897
1328704086393425920
1328704212734144512
1328704244548071424
1328704275568967680
1328704324155957249
1328704442460483584
1328704554838310917
1328704652020310020
1328704697402880003
1328704728025477121
1328704845797232641
1328705175633223681
1328705458367033346
1328705512075096064
1328705675044806657
1328705676177252352
1328705759383851020
1328706111227179008
1328706178105348097
1328706329213620227
1328706460159791105
1328706585036795905
1328706594050367489
1328706632163930112
1328706824560799744
1328706879086845952
1328706879929806848
1328706992471412736
1328707038889861120
1328707180527296513
1328707228426137601
1328707264367239169
1328707278275481605
1328707302225031172
1328707370256633856
1328707387260329985
1328707407048966144
1328707897694580738
1328707946058924032
1328708061536641024
1328708511187001345
1328708561598345216
1328708692183838721
1328708813122363393
1328708871561621506
1328709140202532865
1328709228534636546
1328709266774089729
1328709337334865921
1328709508034543618
1328709778499989511
1328709814495678465
1328710000903155712
1328710020670791680
1328710058222493699
1328710074647384065
1328710247515566082
1328710255539351553
1328710548960239618
1328710717114097664
1328710800383545344
1328710931422048256
1328710938698997761
1328711123626061824
1328711181897506822
1328711270736998401
1328711333332852737
1328711584718483458
1328711592909938689
1328711685071364097
1328711706332311556
1328711798367813632
1328712008431243264
1328712080057380864
1328712134071562241
1328712259791585280
1328712599626715136
1328712654161063936
1328712662419709952
1328712675036114945
1328712676403408898
1328712738273710080
1328712839494819841
1328712864413192192
1328712939256373248
1328713153295880194
1328713161592107014
1328713162514903042
1328713242189967362
1328713351740973057
1328713355616428037
1328713376273469440
1328713418879229953
1328713434964381702
1328713469227638784
1328713473057026049
1328713614937780225
1328713623213109256
1328713673737719808
1328713791815643136
1328654140076032000
1328654309047799808
1328654471560359941
1328654534059626497
1328654636287463424
1328654755615420419
1328654778101067776
1328655048310722561
1328655291911712769
1328655387667681280
1328655494957789184
1328655509394690048
1328655598297223168
1328655724138934274
1328655774478897152
1328655833463287808
1328655999863984128
1328656034743857152
1328656140415229953
1328656215748984836
1328656295398961153
1328656323706142721
1328656328018030598
1328656350470082561
1328656381981978634
1328656646566973441
1328656819783397377
1328656947814440963
1328656966911188992
1328656991947001856
1328657029444079616
1328657077074604032
1328657129486635009
1328657408302911491
1328657710179639296
1328657919278198785
1328658065726566400
1328658236023726080
1328658237579792385
1328658302163578880
1328658410372476929
1328658427262996486
1328658434342887424
1328658490504736768
1328658524335976449
1328658571836485639
1328658629147373573
1328658698567348230
1328658699817263104
1328658752967471106
1328658768155078658
1328658866821709824
1328658897029230592
1328659203448303616
1328659333656289281
1328659359564324864
1328659362613784577
1328659632286539784
1328659676217663488
1328659831314649089
1328659891729428482
1328660012378566665
1328660294877515777
1328660319930085376
1328660372056920065
1328660475865935872
1328660538239365121
1328660773892214784
1328661026833719302
1328661113689550848
1328661120165572608
1328661121159495682
1328661141002792961
1328661535993057281
1328661544910155776
1328661578502332417
1328661710828412928
1328661743577534466
1328661757771075586
1328661812510928898
1328661953301057544
1328662092451368960
1328662242527735808
1328662281933254656
1328662335871913986
1328662340548636678
1328662471960387584
1328662496807411716
1328662550276411392
1328662607608340480
1328662742404902915
1328662768053080065
1328662857555308545
1328662858234613761
1328663067505418240
1328663163047448576
1328663192088813573
1328663212628324353
1328663376654786561
1328663394803724291
1328663510428037122
1328663553474170880
1328663832965877761
1328663939555717120
1328663964763340800
1328664048733474820
1328664178240991234
1328664286353379329
1328664365747277825
1328664427206483969
1328664512208187393
1328664587235782661
1328664626129678336
1328664653363343361
1328664827577950209
1328664955399278592
1328665028225081344
1328665155345936386
1328665158219128832
1328665629168119810
1328665650013892613
1328665718074687488
1328665737515446272
1328665758046380032
1328666254064955393
1328666345827921920
1328666470662893568
1328666677844746240
1328666769658163201
1328666807662747648
1328666911060746240
1328667207010824194
1328667265420713984
1328667312761823232
1328667386212347905
1328667403090341888
1328667616660115457
1328667649740574721
1328667793881960448
1328667898026582016
1328667910680797184
1328667987113603074
1328668170106892288
1328668174150197249
1328668484176252931
1328668595136520193
1328668636232491008
1328668800431104000
1328668807066497024
1328668813106294784
1328668847075942400
1328668853098999810
1328668866608648193
1328668895239151616
1328593771886473216
1328593847241338883
1328593871723499526
1328593947732664320
1328593961460649984
1328594106650660864
1328594264671072257
1328594376495390723
1328594450445180928
1328594632394084354
1328594656901419010
1328594696441040896
1328594774685790208
1328594979405574144
1328594991451615235
1328595219084943362
1328595257253130246
1328595277087961088
1328595357215961089
1328595382209798145
1328595382964785152
1328595507485306884
1328595752675909632
1328595840383000582
1328595907928002562
1328595914857066498
1328596352801116161
1328596421906472961
1328596515544313856
1328596574667218947
1328596715591577602
1328596880947900418
1328596959150690306
1328597113429766144
1328597193339658240
1328597338672291841
1328597373015248896
1328597392883675138
1328597511666364416
1328597618818211844
1328597757406404610
1328597898704072706
1328598171057000450
1328598202971529216
1328598269023432706
1328598298127634433
1328598323192803329
1328598366163505152
1328598371809030145
1328598393799778304
1328598604882259969
1328598651871109122
1328598692476178433
1328598796029276161
1328598944767762432
1328599028389588993
1328599178113585155
1328599234715799554
1328599391305871362
1328599475661705216
1328599551259840514
1328599689101504512
1328599779379728384
1328599801521451009
1328599825743540224
1328599991703773186
1328600073505280001
1328600196369043456
1328600200814977024
1328600350908100608
1328600390531739648
1328600407799705601
1328600465614008322
1328600536560640001
1328600683415744512
1328600870129426432
1328600992041099266
1328600998718414849
1328601038006448129
1328601312758521857
1328601408963272704
1328601455729762306
1328601575326093313
1328601607978758144
1328601673305120770
1328601705609621505
1328601742322380800
1328602105611956224
1328602119683911680
1328602307550998528
1328602312688939011
1328602448462831616
1328602772959342593
1328602909014171648
1328602959328980992
1328603010147246081
1328603053847666690
1328603073879691264
1328603288074391554
1328603313093357569
1328603348996644864
1328603385310949379
1328603413299474432
1328603431997755393
1328603747048714241
1328603824488132609
1328604014846627844
1328604055296471040
1328604148749701121
1328604241171279873
1328604247894724609
1328604256585322500
1328604443521245185
1328604640905211905
1328604674807762947
1328604768231706624
1328604785294123008
1328604850364559362
1328604900125716481
1328605191873114113
1328605494341226498
1328605509641965569
1328605743520608257
1328605962337476608
1328606048668831744
1328606073780113410
1328606108584464384
1328606226758905858
1328606246845353984
1328606356044210176
1328606395332177922
1328606421110444034
1328606804645990406
1328606816264044544
1328606965015207936
1328606973928108034
1328607151338754048
1328607234776068096
1328607554755321858
1328607645394108416
1328607779871993857
1328607810117115905
1328607830723620865
1328607876559097859
1328607908548980736
1328607966438809601
1328608022483128320
1328608121619529729
1328608157690523648
1328608178397962243
1328608242176585728
1328608250644852736
1328608286459891712
1328608339647934467
1328608405200785410
1328608411328638977
1328608656729010178
1328608732910137344
1328608774429372422
1328639048810786818
1328639086756814848
1328639302645977089
1328639364910428160
1328639586407493632
1328639712500854784
1328639809762582535
1328640041569161217
1328640099454652418
1328640298491256832
1328640652540841986
1328640717556736000
1328640761185841154
1328640790285971456
1328640864604745728
1328641072348577796
1328641352104615937
1328641434329755652
1328641575195447296
1328641660100567041
1328642079212277761
1328642163224309760
1328642174012022784
1328642413380907008
1328642617085550594
1328642702917988352
1328642795062644742
1328642892873617413
1328643188538617857
1328643231157022721
1328643336417193984
1328643353068662784
1328643366670766080
1328643416188723206
1328643532798775296
1328643822474194946
1328643919165485056
1328643937779769344
1328643952254328833
1328643970189156352
1328644002745356288
1328644592116305920
1328644606787989509
1328644688719523840
1328644821058281472
1328645180447223808
1328645332788338690
1328645349020459008
1328645548950360065
1328645665551880192
1328645737589125122
1328645829167616000
1328645893399191552
1328645945765093376
1328645977884995586
1328646017152131073
1328646239210987523
1328646371705024513
1328646391782985728
1328646673753546752
1328646844935589889
1328646868994191367
1328647027996110848
1328647121453469699
1328647400634740742
1328647407949795328
1328647628666458113
1328647854408273921
1328648140057169921
1328648147200053248
1328648401232289795
1328648489375436801
1328648904682975232
1328648925524471813
1328649027898929157
1328649062422355973
1328649406082666496
1328649659108102146
1328649793204350976
1328649869221896192
1328649910036557824
1328649921092792323
1328649929468899329
1328650093000536064
1328650143730704384
1328650604554686466
1328650735953858561
1328650779826253824
1328650855248252930
1328650893873598464
1328650905235955712
1328650993530261504
1328651014807969793
1328651184199114752
1328651282739908608
1328651323152056321
1328651479100649474
1328651740649050112
1328652016990572546
1328652157365600256
1328652161262051328
1328652168090435586
1328652168988069889
1328652204870414338
1328652227804803082
1328652250214961152
1328652302635438080
1328652308175994883
1328652328422043649
1328652342695251969
1328652506239528961
1328652648908722176
1328652789820628992
1328652811794571264
1328652930782810117
1328653727553658881
1328653838434308096
1328653998128291840
1328608842704244736
1328608877802254336
1328608896567676930
1328609014159204355
1328609067162607617
1328609162792562688
1328609288030392321
1328609695767162882
1328609731598901248
1328609839623311362
1328609977049595905
1328610027465175040
1328610071593541634
1328610135221149696
1328610284169289729
1328610457746247680
1328610493699923969
1328610545801461761
1328610561303654402
1328610853415862272
1328611083976912897
1328611085193261057
1328611193284603904
1328611280249368576
1328611425036738560
1328611653965946880
1328611684014043138
1328612049870487559
1328612178602188800
1328612191088431104
1328612213872087040
1328612304745795584
1328612353101979649
1328612447423492098
1328612633583493120
1328612697240457216
1328612809010102274
1328612864358170626
1328613047762518023
1328613071141605376
1328613096240214018
1328613167849725953
1328613236506120192
1328613403380903936
1328613583933018112
1328613603780464640
1328613658197331968
1328613678132776960
1328613943934406656
1328613997533388800
1328614122699821057
1328614273225003013
1328614341587898369
1328614491890839552
1328615207581732866
1328615337265426432
1328615389392113664
1328615666757222400
1328615683048026112
1328615791890206721
1328616093607456769
1328616424974106626
1328616524177833985
1328616548798509056
1328616666163515393
1328616896892121090
1328616900176338944
1328617045920014336
1328617154330112000
1328617155248713729
1328617241013751809
1328617257463914502
1328617312077946880
1328617389370585088
1328617408064610316
1328617645445238785
1328617779856019456
1328617996508545024
1328618072400400385
1328618074392592384
1328618125647024128
1328618441813745665
1328618558251798529
1328618946921164800
1328618983356997632
1328619129209761793
1328619226773393408
1328619352833224706
1328619452649259008
1328619664990220288
1328619881269391360
1328619979801935872
1328620134462869504
1328620188741169157
1328620237810503682
1328620245444071430
1328620342831681536
1328620484263616512
1328620519827107840
1328620613787742209
1328620646742548480
1328620881497747456
1328620937097392129
1328621091590443008
1328621223580999682
1328621325783429120
1328621436370644994
1328621452598280193
1328621611411410944
1328621726033272832
1328621901275652103
1328622086844272640
1328622412783620102
1328622600541655040
1328622619420188673
1328622769878274050
1328622778036203520
1328622999097008129
1328623211748200449
1328623402924580864
1328623529638715393
1328623599545065472
1328623608814596097
1328623930601578503
1328624003108532225
1328624321170960385
1328624326392774657
1328624450246299649
1328624461726294016
1328624508132057088
1328624610632470528
1328624691498672134
1328624728794411010
1328624779595800577
1328624791587270657
1328624822616809472
1328624936999501824
1328624997942898688
1328625040603090945
1328625042326835201
1328625224917585920
1328625464185917441
1328625467344220160
1328625576211582977
1328625731421745152
1328626014986047491
1328626121760526336
1328626297061445632
1328626311057854465
1328626462509858817
1328626810813362182
1328626853154734081
1328626945341485057
1328627495231426560
1328627559525978113
1328627667445411848
1328627760126963715
1328627803835691008
1328627868847497216
1328627926137356289
1328627952297316352
1328627963479220224
1328628224977473536
1328628326085390336
1328628487410814976
1328628513193283584
1328628562883190789
1328628628981121024
1328628650841817089
1328629221716013056
1328629495520223232
1328629570266832897
1328629878065917957
1328629971712172034
1328629985826009089
1328630167074385920
1328630296170917888
1328630443391004677
1328630628670001152
1328630645753475073
1328630665324228613
1328630702838067201
1328630768474664961
1328630948284526592
1328630979670519808
1328631181433180161
1328631198206341120
1328631498744983557
1328631543191965696
1328631580076642304
1328631747010064386
1328631867117977600
1328631976178364417
1328631977633861634
1328632282576420864
1328632416798380033
1328632482464493568
1328632671031988226
1328632833921966083
1328632875537854464
1328632899420078080
1328633109953212416
1328633150638075908
1328633169227227136
1328633328627568640
1328633704638537728
1328633983282810881
1328634231891791872
1328634376968564736
1328634840334299136
1328634848693596160
1328634896974221312
1328634901877370880
1328634987432689665
1328635028201381889
1328635032374812673
1328635134216728576
1328635691048333313
1328635724225073152
1328635786078679040
1328635979486224385
1328635993776291840
1328636047303921664
1328636075875606528
1328636151268306944
1328636238887260160
1328636291794268163
1328636339772743686
1328636404025454594
1328636519486144513
1328636551941804038
1328637636366528513
1328637664870821897
1328637742562091008
1328637779031384074
1328637940583567360
1328637941015588865
1328637979301195776
1328638040512794625
1328638078294974464
1328638263209439232
1328638265822474240
1328638276123713541
1328638404557303808
1328638751569039362