1329409085154811905
1329409085477957632
1329409176968294405
1329409225227866114
1329409265174450176
1329409280777269251
1329409402558935040
1329409409571713024
1329409450374029316
1329409508968443907
1329409543445442560
1329409575745953795
1329409631001718785
1329409782944509953
1329409790536249348
1329409852678893568
1329409944664289283
1329410059235954691
1329410167172190209
1329410176764555266
1329410237774917635
1329410251863547904
1329410266942083072
1329410285820661761
1329410557951180800
1329410779150487568
1329410808275755012
1329410810930716672
1329410884217810944
1329410987238305796
1329411086068588544
1329411182290153472
1329411202766802944
1329411212858322944
1329411271398187008
1329411324535836673
1329411464269066240
1329411590844801028
1329411657714573320
1329411707026993152
1329411769446457349
1329411835318185984
1329411839915159566
1329411846193942528
1329411996895342594
1329412050523570176
1329412173811101698
1329412256929550336
1329412263875276804
1329412322947960838
1329412331785252866
1329412332884254724
1329412336709300224
1329412407840698372
1329412468788092930
1329412667820437507
1329412730650988546
1329412763936964608
1329412830383075328
1329412851509837827
1329412905532485632
1329412952584298496
1329413132876439552
1329413150026977283
1329413193681301504
1329413237469810688
1329413427236843521
1329413666375151617
1329413724638212096
1329413779478761480
1329413790677544960
1329413962950209537
1329413984026566658
1329414005857906688
1329414010609958918
1329414039680675840
1329414089936953344
1329414231268028422
1329414319860314112
1329414494792130560
1329414585821130755
1329414630528192512
1329414751315759104
1329414831322124288
1329414843644870662
1329414856668307456
1329414881389506563
1329415079331295232
1329415109748412417
1329415176932765697
1329415178098765824
1329415485868421121
1329415490981167105
1329415550405988352
1329415581632749568
1329415615803781121
1329415616734900227
1329415872197214209
1329415934159753217
1329415948084924421
1329416048349736961
1329416072538320897
1329416165085622274
1329416299538243585
1329416505914761218
1329416560704970752
1329416639654268928
1329416777260883968
1329416849545699328
1329416896253489154
1329417003468206080
1329417221748129793
1329417246972768257
1329417326664495106
1329417374030852097
1329417456998354944
1329417541891092488
1329417685055127556
1329417844304588800
1329417968950726658
1329418020368879618
1329418158608961536
1329418253425373187
1329418254566232069
1329418303748628480
1329418341774135296
1329418439677661184
1329418450591092736
1329418522129096704
1329418645974503426
1329418766690766849
1329418872697610243
1329418938019667970
1329418962363408384
1329419120337510400
1329419155947261952
1329419174771380227
1329419226944139264
1329419244845481989
1329419277657628673
1329419302676561920
1329419404258500612
1329419424571420673
1329419521543778306
1329419550929149952
1329419684769390595
1329419712791515136
1329419796983599109
1329419977774956544
1329420010901663748
1329420045227790337
1329420057353580545
1329420099015634945
1329420103155331072
1329420166841524227
1329420204204560385
1329420212354097154
1329420308818898946
1329420314569224196
1329420347721060352
1329420381615218689
1329420405933625345
1329420531821649927
1329420568647634947
1329420720703725572
1329420774365683712
1329420816589725699
1329420828845502466
1329420909002842118
1329420951205912582
1329421011629051906
1329421056503930880
1329421068377985027
1329421147243470849
1329421156340932611
1329421197885534210
1329421211948945408
1329421226977107968
1329421276490964992
1329421285902995456
1329421585158180866
1329421609422110728
1329421638425862151
1329421647816896515
1329421668083769348
1329421814985093120
1329421970849603585
1329421978185371648
1329422012142350347
1329422029494378497
1329422437159677954
1329422451231629313
1329422539827851264
1329422602637459456
1329422708149456897
1329422809458683905
1329422875594350592
1329422952174034946
1329422969161052162
1329423186547666945
1329423223168045059
1329423408120074240
1329423451073994755
1329423529947795462
1329423589662101505
1329423747913138179
1329423760924028934
1329423789474672646
1329423852468908032
1329423903438098437
1329424022682161152
1329424058358898690
1329424205557895170
1329424206128427010
1329424264378900480
1329424302286966784
1329424377239261185
1329424388488187905
1329424495153655809
1329424671398359046
1329424700968108032
1329424856425828354
1329424906837258240
1329424946527948803
1329424964089475076
1329424983618031617
1329425026668498944
1329425081899114496
1329425150266273793
1329425166179459074
1329425207858253829
1329425375995203590
1329425405514805248
1329425459441004544
1329425761112109058
1329425961524162560
1329425970646769665
1329426059239043076
1329426118668120064
1329426164960661508
1329426231574589442
1329426267255566354
1329426348012568582
1329426470939238400
1329426505475133441
1329426521807876097
1329426671427051520
1329426920078004226
1329426936221851654
1329426940546195457
1329426970627756034
1329427040605511681
1329427187670409216
1329427195702472712
1329427347557138432
1329427398086057985
1329427514285023238
1329427577857921024
1329427589409239042
1329427616768659457
1329427644950212610
1329427662209769472
1329427687702736898
1329427753322496002
1329427761979678729
1329427828958380032
1329427871304208393
1329427947921444866
1329428018918514692
1329428035326586883
1329428119380324352
1329428185637765122
1329428449778229248
1329428471437807616
1329428642720518147
1329428832185585665
1329428896287219713
1329428912502403075
1329429041384927235
1329429062515912706
1329429074557669377
1329429077669912576
1329429100889423873
1329429101296427008
1329429116639035393
1329429158926159872
1329429159253323778
1329429343743905802
1329429356687613952
1329429364782624769
1329429633671032832
1329429761437937664
1329429807675928578
1329429851284123653
1329430006007619584
1329430019362467840
1329430085678620672
1329430102782791680
1329430119216242694
1329430119803449348
1329430286959075328
1329430308312137728
1329430346551713794
1329430409931853830
1329430539875577858
1329430555931279362
1329430642749280259
1329430738786140161
1329430781995806721
1329431152696958978
1329431272645562369
1329431419505041412
1329431743527493634
1329431826213945344
1329431918895624193
1329431936473903104
1329432040396234752
1329432061367570432
1329432161942966274
1329432174563532800
1329432207975460865
1329432337407496195
1329432505540251649
1329432510359625731
1329432687413751808
1329433033582252032
1329433068420161550
1329433101680996353
1329433190596046848
1329433378475683843
1329433509220507652
1329433655631024132
1329433698433904642
1329433742289592326
1329433811793350657
1329433833498943490
1329433944597483521
1329434037732188165
1329434054270345219
1329434087807913985
1329434096590839813
1329434188131524610
1329434410647687169
1329434486560354304
1329434644698324992
1329434675580985348
1329434713044488192
1329434742362607617
1329434833886597128
1329434897769922560
1329434981236662272
1329435014476521474
1329435043517743104
1329435141362606082
1329435257351798784
1329435282853294080
1329435378894450689
1329435488705536036
1329435601121185799
1329435727944413189
1329435962699558913
1329436025777696770
1329436029338742785
1329436096481124361
1329436125727961091
1329436213196034049
1329436356095905792
1329436419648053251
1329436545867255813
1329436688075141125
1329436725555458048
1329436784833531911
1329436831067344897
1329436877955485701
1329436926760411139
1329436968384651267
1329437124756705282
1329437141034807311
1329437409302417424
1329437451652304897
1329437601653207042
1329437653486460930
1329437685791002626
1329437737854902276
1329437811058073606
1329438013772980228
1329438126075502598
1329438180945367041
1329438231675494402
1329438306841538560
1329438315406372868
1329438387137343490
1329438411611058176
1329438415629258762
1329438692621111305
1329438705518514176
1329438755661500416
1329438783989800960
1329438830638866434
1329454820714016769
1329454823264186388
1329454845951160325
1329455089086574601
1329455227184013316
1329455260629340166
1329455273019314178
1329455314509426690
1329455537851949066
1329455562170503173
1329455592176545797
1329455604591681541
1329456197808906242
1329456233254891521
1329456268352888839
1329456308974653445
1329456519054843907
1329456583445602305
1329456761917632514
1329456871183409153
1329457042919133184
1329457143712509952
1329457202776711170
1329457227313377280
1329457231457239041
1329457248943411203
1329457307332308994
1329457399678312452
1329457464413216772
1329457488316559366
1329457633703694338
1329457663902687232
1329457680126070784
1329457889803644934
1329457903296778244
1329457911106596871
1329458047845097483
1329458120339369988
1329458170821890049
1329458229680635906
1329458293211877376
1329458314510557185
1329458679628898305
1329458741792681984
1329458880934449153
1329458888526139397
1329458930544746496
1329459249064386567
1329459358204309505
1329459370250424321
1329459387421913088
1329459430119907340
1329459798665015301
1329459806793584646
1329459814615961603
1329459928214417419
1329459937433575426
1329459961596788737
1329460084192268293
1329460155247955970
1329460226718744576
1329460251373031431
1329460255701524482
1329460268636774400
1329460272319361024
1329460371095248902
1329460461436284931
1329460491538796545
1329460612066373636
1329460667552735232
1329460705150578689
1329460766966157314
1329460989130125314
1329461304462028801
1329461325920038912
1329461333209866240
1329461480526282752
1329461770000478213
1329461782746980357
1329462005359542272
1329462191192481792
1329462193163649024
1329462259081490437
1329462545585905665
1329462604859846659
1329462629773897728
1329462688876011523
1329462714079596546
1329462726385610754
1329462831243268098
1329462957328228354
1329463463371042820
1329463502457679872
1329463535118675969
1329463564466327556
1329463661081948160
1329463691683749902
1329463775284617219
1329463816959176704
1329463885825527816
1329464004281061376
1329464021708402690
1329464029534773248
1329464034660388869
1329464115279048713
1329464116579360770
1329464172627845131
1329464235395571712
1329464238868455426
1329464277732790273
1329464365825703936
1329464400831541254
1329464538106793985
1329464567475400708
1329464660035313668
1329464691727495168
1329464702003539973
1329464706478772226
1329464716977115138
1329464776892801032
1329464806118723587
1329464836401623043
1329464902503821314
1329465045168754688
1329465091822030848
1329465212274139136
1329465238597603330
1329465401852440577
1329465831588122624
1329465859127996416
1329466051763924992
1329466063784976387
1329466185142984710
1329466191136444417
1329466235059204096
1329466237034827779
1329466237236113408
1329466257268150274
1329466257746374667
1329466336985092107
1329466384045248520
1329466466979209223
1329466476030435331
1329466581076873224
1329466669169827841
1329466744268873730
1329466908417077253
1329466921113227268
1329466987932598273
1329466991460147200
1329467013169885185
1329467051375812612
1329467067486048256
1329467117926801410
1329467150902435841
1329467226173435911
1329467230380298242
1329467313209401346
1329467428456296449
1329467553954078724
1329467772888297474
1329467805792575489
1329467813824589824
1329467913242255360
1329467994771222538
1329468048194105346
1329468124182188033
1329468133111902212
1329468149390041088
1329468392458383360
1329468464168390657
1329468590383362052
1329468594212675585
1329468665008443394
1329468770667130881
1329468854691524609
1329468980071952388
1329469285505200129
1329469398877278208
1329439284298997766
1329439331094761481
1329439334643224584
1329439414712459264
1329439422937501705
1329439457032998916
1329439517519077379
1329439596975955970
1329439648834334728
1329439657977843719
1329439796197011460
1329439993702518784
1329440064741515265
1329440236884160514
1329440341016145921
1329440345088811020
1329440380123832324
1329440470871797761
1329440575922245633
1329440576589213697
1329440576513728516
1329440899357667329
1329441049597587457
1329441236684562433
1329441327059185665
1329441344520122379
1329441720598138880
1329441729838260224
1329441775153537032
1329441796775178245
1329441800428400641
1329441847320711180
1329441897019039747
1329442028334231552
1329442082147233796
1329442468039954432
1329442502097690631
1329442770260549633
1329442782851764229
1329442820617351172
1329442845783109636
1329442878679035909
1329442911952449539
1329442963550826501
1329443109005107205
1329443150839083008
1329443290672926721
1329443297455185925
1329443303008444422
1329443486198861825
1329443584643375111
1329443642747056129
1329443868543250436
1329443879662260225
1329443919315283976
1329444003423653892
1329444011153698818
1329444015222173696
1329444069790060549
1329444157803421699
1329444165931970575
1329444287159951363
1329444357884289024
1329444368583888901
1329444552462245890
1329444652051816450
1329444681755856905
1329444699317411844
1329444787385143296
1329444807547215875
1329445059247431680
1329445084358696963
1329445131280322562
1329445177094787076
1329445185407815680
1329445413024391168
1329445415767470082
1329445471480389635
1329445559682396166
1329445571233460228
1329445677189967875
1329445785252081664
1329445818483544071
1329445940550381571
1329445982652801026
1329446171899809794
1329446188496597000
1329446229915348992
1329446246772322305
1329446288740544517
1329446325855903757
1329446343803346944
1329446431850106886
1329446473126318084
1329446476817305601
1329446590319357952
1329446834507554823
1329446905756184579
1329447039650975749
1329447254156058624
1329447286292815874
1329447353988812800
1329447362104864777
1329447484943458310
1329447497341792264
1329447522394402821
1329447563074957320
1329447634763976715
1329447671925501953
1329447748442189832
1329447844298764293
1329447945666752523
1329448029833867264
1329448066643013640
1329448122620186628
1329448185257930752
1329448221698125827
1329448406914379778
1329448452477087745
1329448483196198912
1329448716898611203
1329448730307780612
1329448947442720773
1329449078070136836
1329449120252223490
1329449221905387522
1329449233578070017
1329449588944740352
1329449593394917385
1329449618405552129
1329449811888758788
1329449842339422212
1329449846437253125
1329449927181824000
1329449946605645828
1329449953924624388
1329450009197207552
1329450142999728133
1329450172896698372
1329450233353433090
1329450411976253443
1329450499192598533
1329450646760779777
1329450662917234689
1329450788633141249
1329450835345027075
1329450986394488832
1329451033077174272
1329451041209905159
1329451056372326403
1329451255425544194
1329451258936254467
1329451324296015877
1329451388749963268
1329451418592423939
1329451578462498818
1329451691222110211
1329451750592565251
1329451754459631617
1329452017841041410
1329452022727401473
1329452039705939970
1329452043388456962
1329452080948523011
1329452144425136128
1329452156429230081
1329452216135061509
1329452266252881922
1329452319549874178
1329452403784028164
1329452412600524806
1329452424566861836
1329452441767653382
1329452560034508806
1329452588362833926
1329452642943332360
1329452710538698753
1329452878516383747
1329452990906966020
1329453019960897536
1329453116601880584
1329453179457638404
1329453368943718402
1329453389659467785
1329453478197022720
1329453478641623048
1329453599865364480
1329453846876270592
1329454075956633600
1329454127378731009
1329454149260472323
1329454182718464001
1329454203278946308
1329454258866020353
1329394238891626498
1329394296802381824
1329394318570905603
1329394350829301760
1329394470392098817
1329394535676436480
1329394608279699457
1329394738458464259
1329394814165655553
1329394870721634306
1329394896822743041
1329394976371961865
1329395260607373313
1329395613084037121
1329395634328150017
1329395660462972929
1329395666498547712
1329395942387310595
1329396074444967939
1329396122411032576
1329396133299425280
1329396159383805955
1329396160629510145
1329396264895533056
1329396385850945537
1329396486250115072
1329396745395167232
1329396927029530625
1329396942800031755
1329396961095479298
1329397059523387392
1329397068541157377
1329397148513918976
1329397209402642433
1329397254185250820
1329397370925297666
1329397428613681155
1329397496746045446
1329397615939751937
1329397631529914370
1329398318770876416
1329398541068996610
1329398608802803712
1329398638708203520
1329398639626686464
1329398725626703873
1329398744543076355
1329398817578491904
1329398947291553795
1329398984989929473
1329398986524950531
1329399024861016064
1329399198723280901
1329399232294309889
1329399243682045952
1329399243770114050
1329399267828568065
1329399297159393281
1329399337005289473
1329399422309060609
1329399426243305475
1329399510972440582
1329399697946136577
1329399761389150210
1329399846785183745
1329399883737001986
1329400180425232386
1329400187291394049
1329400223366574087
1329400247882309633
1329400336877019137
1329400402970894339
1329400499234369536
1329400617316577283
1329400877518471169
1329401049178927104
1329401132750401536
1329401229487845377
1329401275914588161
1329401477933256704
1329401518370516992
1329401749665439744
1329401866522923010
1329401883178520578
1329401977349021697
1329402089760493570
1329402134840954880
1329402151291006977
1329402256320585729
1329402370565042176
1329402450810466306
1329402463099621378
1329402526672752642
1329402541663281152
1329402588110983169
1329402634378366977
1329402682138890241
1329402717786173441
1329402718260260867
1329402804134436864
1329402894739791878
1329402924573855745
1329403029590667267
1329403065611530242
1329403113258815489
1329403367391715331
1329403373255348230
1329403406792921089
1329403583264067586
1329403591245828097
1329403628709441537
1329403645830565888
1329403750205825024
1329403797261717505
1329403847018762242
1329403850982379521
1329403934612615168
1329404165093806085
1329404228947877891
1329404257632600065
1329404401568583681
1329404405104451584
1329404539133452293
1329404556325908480
1329404567923159040
1329404689910259715
1329404731488301056
1329404764707315718
1329404769459441674
1329404829844824066
1329404853064331265
1329404911361126401
1329404955267010567
1329404996153171971
1329405024485642244
1329405037173501954
1329405151824777216
1329405221915795461
1329405252769095687
1329405353356832771
1329405423263223808
1329405436483821570
1329405626250797056
1329405650972119041
1329405657259368451
1329405657708187650
1329405667615121410
1329405750922326017
1329405767858917379
1329405818211610625
1329405851854135298
1329405889070116865
1329405948478193671
1329405989888684032
1329406077516083201
1329406176447000577
1329406194830745600
1329406208726290432
1329406301013741571
1329406311092588546
1329406447793397761
1329406458916704259
1329406462335082496
1329406469087825926
1329406493867839488
1329406535341051906
1329406572305526784
1329406623157080066
1329406811762548739
1329406907728211976
1329407096929071107
1329407130227658752
1329407197726601223
1329407215678066688
1329407235609358337
1329407244346269697
1329407471388004353
1329407517177257984
1329407545316945926
1329407567987032064
1329407626132807685
1329407693635919874
1329407702037098496
1329407848258953222
1329407848812605440
1329407898699632640
1329407935756308480
1329407946460176391
1329408029280899072
1329408183446736901
1329408254590537735
1329408264023531521
1329408334127095809
1329408385855447044
1329408401013579776
1329408420076793856
1329408486602629121
1329408486996893698
1329408502729744385
1329408549307490306
1329408624180006916
1329408641913528320
1329408766790557696
1329408792178679810
1329409046667948032
1329529893701488641
1329529894238187520
1329530325546962945
1329530464600780802
1329530527435644928
1329530561040355330
1329530771011375104
1329530870978514948
1329530955640541188
1329530997164085248
1329531105750310913
1329531181910564865
1329531202181746691
1329531321106960385
1329531407778066432
1329531524769832960
1329531647536971776
1329531676305870854
1329531714012655619
1329531739329482759
1329531857440960514
1329532172051615748
1329532179479597057
1329532221301075980
1329532272199000064
1329532317547819008
1329532322157375488
1329532342856192027
1329532461559275521
1329532770952089603
1329532926279684104
1329533131221655554
1329533223957913602
1329533262025293825
1329533732127199235
1329533785860411400
1329533844840538113
1329533890327945221
1329534025179000839
1329534032875548676
1329534067583438848
1329534238513909761
1329534242783694849
1329534280935104514
1329534348505321472
1329534473524944896
1329534561731088384
1329534645646475265
1329534783735668747
1329534917949206533
1329534956188676103
1329535006243491841
1329535011360370688
1329535396926029824
1329535442291712001
1329535456015491074
1329535459555479558
1329535522419728386
1329535551465263104
1329535558142615556
1329535634999021568
1329535636244729860
1329535688061104129
1329535699230416897
1329535769673949185
1329535798774034442
1329535863986876416
1329536110981156864
1329536223589830657
1329536247950417922
1329536251322650624
1329536356809261059
1329536672250388483
1329536700641632260
1329536759265452036
1329537040367706112
1329537157946634240
1329537288175497221
1329537375853273095
1329537375853285376
1329537380387315715
1329537661875326976
1329537678027603968
1329537707312357378
1329537849356521472
1329537972501405699
1329538202391240708
1329538205884973058
1329538252882268161
1329538801937604618
1329539619759730688
1329539641410809862
1329539678954000384
1329539687661375491
1329539712688721922
1329539738349363202
1329539795979300875
1329539922617765891
1329540085633585152
1329540156567801862
1329540270019518464
1329540307222994945
1329540371194503170
1329540460755423233
1329540576417636359
1329540681325563907
1329540900922376192
1329540941892337664
1329541012386004993
1329541260072325122
1329541281463275520
1329541431875096576
1329541453656317967
1329541511600594947
1329541596379893760
1329541629653512199
1329541640466427905
1329541779914334209
1329541981085855744
1329542078309740550
1329542120571486209
1329542199340527616
1329542290851962880
1329542363526606851
1329542383659339778
1329542457038680075
1329542548268883969
1329542594213371905
1329542606959808515
1329542668351750144
1329542712014594049
1329542776376193025
1329542980244541440
1329543038289534983
1329543197790375937
1329543256192012288
1329543265541115905
1329543399297277953
1329543442083573771
1329543457560428545
1329543458248405002
1329543784846286849
1329543869671890944
1329543919957381123
1329544141919965184
1329544170726416393
1329544255006760963
1329544347738464256
1329544434795606020
1329544485626372098
1329544527837859846
1329544771262586880
1329544825536917508
1329227954329694208
1329227992812412937
1329228113801326592
1329228231690440705
1329228416327958528
1329228490697297921
1329228542173982727
1329228554584928256
1329228583215239175
1329228722919116800
1329228755278065668
1329228869413478400
1329229401960099841
1329229456356077570
1329229565223432197
1329229661495300100
1329229702943236098
1329229732806737921
1329229849534271488
1329229956342308869
1329229972830040065
1329229997345796096
1329230107475525632
1329230181605593088
1329230274907934722
1329230319048855552
1329230328712585217
1329230446476095489
1329230600407048192
1329230635551088645
1329230654727352321
1329231040469114881
1329231041383591936
1329231053576343554
1329231066020737025
1329231095938760704
1329231170870128643
1329231225576361987
1329231263690088459
1329231410675249159
1329231489972711426
1329231516006715392
1329231617185943553
1329231906190352387
1329231947634241543
1329231955607638016
1329232123287515137
1329232161447284740
1329232321472581633
1329232380293476353
1329232408558747648
1329232472282902533
1329232497192919040
1329232663815749634
1329232769709449217
1329232971610599425
1329233113851994114
1329233138321645571
1329233163558805506
1329233289408892928
1329233301974839298
1329233381952008194
1329233554711068672
1329233603549511682
1329233629445197825
1329233780167503873
1329233838627667975
1329233927232397314
1329233989723426817
1329234094732009474
1329234096086683648
1329234115078615041
1329234140357677056
1329234208355622912
1329234319169253378
1329234329470464001
1329234423167004677
1329234580814131203
1329234661286039554
1329234849719222274
1329234887228928002
1329234949711523845
1329234962525073409
1329235042229481472
1329235158864637953
1329235281464221697
1329235302758690816
1329235319057571840
1329235344999526402
1329235373709520896
1329235386296623104
1329235528701661184
1329235801855574016
1329235894512050181
1329235990112854016
1329236096291655681
1329236151757058050
1329236422247682048
1329236489415299074
1329236569161666561
1329236758119137280
1329236783880695808
1329237042585243648
1329237064345382918
1329237151729401856
1329237360723243008
1329237429488795649
1329237551043936259
1329238095686930433
1329238100694814720
1329238116629147649
1329238217099530240
1329238276444725249
1329238329267728384
1329238414261043203
1329239051879256064
1329239051937873920
1329239057143099392
1329239265948131329
1329239367039139841
1329239408755712002
1329239459188133890
1329239656190230528
1329239681414946816
1329239732707094535
1329240016913129473
1329240088493105154
1329240146760364032
1329240147603296256
1329240167899664385
1329240218713661441
1329240339387998209
1329240466680733696
1329240503725010949
1329240515963998210
1329240540806778881
1329240747405504512
1329241186691919872
1329241279813783559
1329241313200496646
1329241439579082753
1329241556780453890
1329241611264348160
1329241770052513793
1329241828932071424
1329241833436692480
1329241976630284293
1329242006086848513
1329242197380780033
1329242439471693824
1329242453879132160
1329242466768261124
1329242567267979267
1329242643365289985
1329242676596678656
1329242697207488514
1329242743391080450
1329242827814039553
1329242878342729731
1329514923890794498
1329514974323101706
1329515075510689793
1329515151721115651
1329515163251335168
1329515165679718401
1329515247212773377
1329515343660920832
1329515465685786625
1329515557943713797
1329515619981484032
1329515628802306050
1329515846914379777
1329516060555571200
1329516124300513286
1329516296095092747
1329516446637043713
1329516501569683458
1329516535132672009
1329516634965299200
1329516769812295680
1329516816054571011
1329516945813725184
1329517111505526785
1329517204996579329
1329517229419978753
1329517466423152640
1329517532546437120
1329517656110731266
1329517658337726464
1329517688645771264
1329517752114180098
1329518032436203521
1329518086878359552
1329518124392206349
1329518148916285445
1329518229434208257
1329518316025643008
1329518406069088260
1329518513753559044
1329518548272746500
1329518548474089472
1329518594108088320
1329518665079939072
1329518728338419713
1329518832755544066
1329518917866369028
1329518963609399296
1329519119910187011
1329519143255744513
1329519143905726465
1329519181625233409
1329519265909673985
1329519315637460993
1329519400156860421
1329519408071532544
1329519420243316738
1329519628733739008
1329519667996667908
1329519706353537024
1329519710489161738
1329519852139159552
1329519875887390721
1329519894833098753
1329519961757331457
1329519991985606656
1329520037674295305
1329520082784018436
1329520091185221638
1329520134168391683
1329520502768087044
1329520624662966279
1329520627963793415
1329520892997603328
1329520905735741442
1329520951030140928
1329521223928311814
1329521249442275338
1329521307030007808
1329521341796552706
1329521358301179908
1329521375212691457
1329521440001953792
1329521459165847553
1329521476265861120
1329521521338032133
1329521559271305218
1329521576212049921
1329521584588124164
1329521677223534595
1329521744818925573
1329521889501450243
1329521895201533954
1329521978781409287
1329521983005077505
1329521991909457920
1329522082389106700
1329522165671145476
1329522309917405186
1329522348773486592
1329522524066115586
1329522733630124033
1329522780392579072
1329522985737318400
1329523035183976448
1329523149868830727
1329523207481794575
1329523274640990208
1329523287538475009
1329523396728786945
1329523660411998209
1329523724161331202
1329523756834967555
1329523841576677377
1329523849185136645
1329523874829004801
1329524060192186388
1329524105805230080
1329524160016621568
1329524239729389577
1329524260486979585
1329524281043283969
1329524306569809920
1329524365055111169
1329524441693384705
1329524472559398912
1329524499532886017
1329524584429871104
1329524659608449025
1329524734363660290
1329524885547204609
1329524927939158238
1329524982389428224
1329525028795392014
1329525032431792130
1329525153580118016
1329525300489838592
1329525384262651905
1329525561274691586
1329525570657525778
1329525615557566465
1329525871032606724
1329525888002625536
1329525963772792835
1329526051882536962
1329526340660330496
1329526450110783494
1329526483380019201
1329526526291787776
1329526554938978305
1329526596563296257
1329526609485975555
1329526734878859273
1329526907277336589
1329526996053975051
1329527109052735489
1329527264422354945
1329527490428198923
1329527582954577920
1329527649358778368
1329527826358349826
1329527863670923269
1329527880955650048
1329528027059953664
1329528061180731395
1329528182781792256
1329528192055566340
1329528271344689160
1329528302676140043
1329528530611433472
1329528542883966977
1329528568280276993
1329528630997704704
1329528823621226501
1329528861458006017
1329528920803315713
1329528999916298243
1329529072020549633
1329529117969145859
1329529267865137155
1329529268150394880
1329529343756931073
1329529809886617600
1329529826424877056
1329560092778360832
1329560335506878470
1329560545624616968
1329560611630538754
1329560722506981377
1329560759462838272
1329560776609128448
1329560919223910401
1329561083279904768
1329561284828827649
1329561389275365376
1329561556858888198
1329561585266864129
1329561933650014210
1329561942684418050
1329561963958067201
1329562197849083905
1329562404305289218
1329562479354114049
1329562529345929216
1329562554482376706
1329562622442807297
1329562689543213066
1329562777661431808
1329562789187346440
1329562793494851590
1329562890614022152
1329563221569650688
1329563394307833856
1329563498339311617
1329563523542880267
1329563536381579264
1329563569378177029
1329563624155746306
1329563628090044416
1329563741923532802
1329563858646806531
1329563884311572480
1329564005413818368
1329564047684071425
1329564089761325060
1329564181725528064
1329564186377146370
1329564315737735168
1329564438270242817
1329564450932846594
1329564496298438662
1329564593841115139
1329564769251160065
1329565000483155968
1329565133849456649
1329565138387689481
1329565159392641027
1329565256306348034
1329565444433453060
1329565578223206403
1329565645722296320
1329565667268448265
1329565695940698113
1329565767113854979
1329565788383174674
1329565805768548368
1329565810247962624
1329565855194230793
1329565923024449538
1329566107775033344
1329566208480354304
1329566220518121475
1329566426538110978
1329566443461984257
1329566509753110528
1329566585363832832
1329566623238381574
1329566786614943748
1329566891292155904
1329567038889660423
1329567075787018244
1329567140723249158
1329567260755841024
1329567429068947456
1329567479065178112
1329567770254532608
1329567827414626308
1329567848390402057
1329567878199324674
1329568183771131904
1329568220634877957
1329568235172360194
1329568430865969158
1329568431356719105
1329568531432747009
1329568644414787599
1329568875126550529
1329568905107369985
1329568908664315904
1329568963613896709
1329569324227579906
1329569369949569024
1329569479001591811
1329569575701278726
1329569790491586563
1329569924155633664
1329570050643275776
1329570243270881280
1329570278473564160
1329570373193625603
1329570654312681477
1329570704065400832
1329570787808907269
1329571152726020098
1329571165661241344
1329571241838206976
1329571257457795080
1329571295273607170
1329571387833425921
1329571488949620736
1329571501188681728
1329571614321684483
1329571634991173632
1329571635972739074
1329571669149577216
1329571765190860802
1329571811198070784
1329571945646616576
1329571991553236999
1329572016635068416
1329572062780813314
1329572336073396227
1329572385872293889
1329572586980773891
1329572604479463427
1329572692618567680
1329572717687939078
1329572792971522048
1329572880733138951
1329572894083584001
1329573045355356164
1329573317490184196
1329573401594384384
1329573463779139585
1329573582163292165
1329573665910898688
1329573786572763139
1329573964276875264
1329574127200559108
1329574131210153985
1329574140060327937
1329574198109499395
1329574223308681216
1329574244674646021
1329574310642667520
1329574474652508160
1329574521452580866
1329574802785525761
1329574811480231939
1329574957542559749
1329243053996056577
1329243082433282049
1329243132819628033
1329243233638084609
1329243254517354498
1329243389800407042
1329243422259965956
1329243481685061632
1329243515503726593
1329243556679127041
1329243589893885953
1329243717417373697
1329243759452667904
1329243770383056896
1329243829761957890
1329243913496915970
1329244059832119297
1329244140542910465
1329244143734845440
1329244169844494336
1329244181370376192
1329244282637737987
1329244396286603264
1329244476498391043
1329244537898881027
1329244589031505923
1329244669390286848
1329244828501110784
1329244991277961216
1329244999121178624
1329245058500075520
1329245251022827521
1329245528895451138
1329245532615700481
1329245549007138819
1329245641583824896
1329245670348304385
1329245814233948161
1329245817593589766
1329245918990917634
1329245935789109250
1329246049190469636
1329246084103860227
1329246107520602117
1329246191448592384
1329246241394454529
1329246246909870080
1329246477026275329
1329246563831574532
1329246577228210176
1329246719041810434
1329247043408244736
1329247068431511552
1329247273180667905
1329247316184870914
1329247403237650440
1329247566689673224
1329247588441350144
1329247634025025536
1329247642380099591
1329247701553324033
1329247713439969280
1329247798059884544
1329247835762663424
1329247840103755781
1329247864392978434
1329247942159577090
1329247969351139329
1329248115635925002
1329248338869411849
1329248384780218369
1329248451402620929
1329248511012057089
1329248628137996289
1329248644730671105
1329248665366618114
1329248669804191745
1329248699868917760
1329248754231283713
1329248797843542016
1329248809344372737
1329248866068271106
1329249114643714048
1329249145861890048
1329249190166339585
1329249294591750145
1329249500150501380
1329249576633688064
1329249629922357250
1329249630241103873
1329249701296795649
1329249701196148741
1329249856938885123
1329249936161075201
1329250179803979781
1329250188867686402
1329250247088992258
1329250380530798599
1329250460977520644
1329250628489646081
1329250670931800067
1329250674819915776
1329250706562318336
1329250833444192256
1329250859797123073
1329250863551025153
1329250931221917698
1329251069591863297
1329251085593190400
1329251215960633345
1329251220049936384
1329251240849543169
1329251281370836998
1329251543128817665
1329251829285261312
1329251858460905474
1329251891260362753
1329252066812964869
1329252070860468230
1329252234849357826
1329252426419900417
1329252629185245185
1329252886019272705
1329252914070777857
1329252913923956737
1329252944336785409
1329252952817725441
1329253015522459648
1329253048355614723
1329253145180946432
1329253162755256321
1329253187115569152
1329253192551591936
1329253246536441858
1329253304887599105
1329253430766960640
1329253577404125185
1329253761211043841
1329253766340767744
1329253862025404418
1329253922335199234
1329254029734662146
1329254050869743619
1329254130066415616
1329254189533421568
1329254201789124609
1329254235842752512
1329254257023983616
1329254398896336898
1329254449601241091
1329254458836959233
1329254483919052800
1329254648251879429
1329254667293888513
1329255024505995267
1329255046412963850
1329255057343324160
1329255058576465921
1329255070513315842
1329255208799637505
1329255301263003649
1329255369391140872
1329255390534529024
1329255579248979972
1329255628372631557
1329255850158944256
1329255950826442754
1329255964260884486
1329256077595201536
1329256082418659332
1329256177360793600
1329256236064387074
1329256455652962304
1329256512045408257
1329256645378138112
1329256823074004993
1329256836646637569
1329257196597571586
1329257225995608065
1329257288838746113
1329257381390213120
1329257386192695296
1329257536575467520
1329257629261189121
1329257696533602304
1329257963098411008
1329257973307240448
1329469562539175937
1329469579622559744
1329469723071967232
1329469747604328449
1329469785307041793
1329469823483605001
1329470037636296705
1329470066618814469
1329470095953977344
1329470361050750981
1329470364020322304
1329470477211889664
1329470544799019008
1329470628110491650
1329470648951992321
1329470691742248962
1329470716761128962
1329470809035866112
1329470824936566786
1329470913990045696
1329470943434043398
1329470950807572490
1329471056810299392
1329471069179154434
1329471307126288387
1329471391138189313
1329471480057327616
1329471718910554116
1329471797968908293
1329471992186146817
1329472088189657088
1329472188894863360
1329472222596009984
1329472431745011713
1329472436736303111
1329472499676049409
1329472549139443712
1329472561470640132
1329472763963334656
1329472826198413312
1329472980645253128
1329473022982545411
1329473132525195265
1329473144252485632
1329473329510699008
1329473412872294400
1329473497886810114
1329473505969270792
1329473615121838082
1329473656766963712
1329473756075495425
1329473932798406658
1329474089262702592
1329474113644220420
1329474181529018368
1329474201602969607
1329474541316399105
1329474609024942082
1329474726771748864
1329474730999496705
1329474796925677568
1329474990786240512
1329475100480036865
1329475183095083008
1329475216490172423
1329475577275846656
1329475598733991939
1329475783304355843
1329475988917514242
1329476001370435586
1329476029912547329
1329476071901761537
1329476077387997184
1329476256904192013
1329476501704675332
1329476546088763398
1329476649956503552
1329476660081684480
1329476832094253058
1329476865476747282
1329476932589690881
1329477016115003392
1329477079071526912
1329477163326717954
1329477171165896704
1329477264388534275
1329477280587010048
1329477338959130624
1329477507050070019
1329477532316524545
1329477657889820674
1329477683713957889
1329477692031336449
1329477754346156035
1329477918888759308
1329477948055957505
1329478182102306816
1329478274154684419
1329478387606413313
1329478396292726784
1329478584306724866
1329478688912650243
1329478736228413441
1329478819242156032
1329479013212033025
1329479027971813378
1329479028965826561
1329479113250226176
1329479134121259013
1329479449310539777
1329479523625218049
1329479540301844482
1329479557653598212
1329479579237457920
1329479901288787970
1329480019081621509
1329480099066941442
1329480111373037572
1329480124182380545
1329480236149448706
1329480434686849026
1329480439040532480
1329480480249430017
1329480567197478912
1329480661523054593
1329480682121404416
1329480803823345666
1329480853789966337
1329480866557534219
1329480888183304195
1329480912430657537
1329480948627484673
1329481038981115904
1329481160137830402
1329481285522370560
1329481328404746240
1329481389448830982
1329481633850920967
1329481746786766848
1329481772850163712
1329481776394362881
1329481810305298432
1329481852760051714
1329482179391483904
1329482389702254594
1329482435109728259
1329482464968941568
1329482615561334784
1329482644598480898
1329482825016422401
1329482829110013953
1329482856880611331
1329482913440784384
1329482946298798080
1329482971355750400
1329483059704500226
1329483161672187904
1329483299803303937
1329483475427049473
1329483483295739904
1329483656344330245
1329483689819070466
1329483701751832578
1329483794789720064
1329483953061900288
1329483957247897602
1329484116652388353
1329484168020037633
1329484227243458560
1329484368679755779
1329545218853580805
1329545223613992960
1329545371249479681
1329545374420279296
1329545391734341632
1329545458948124672
1329545550711156738
1329545571594604545
1329545684975054850
1329545773197914113
1329546058846781440
1329546138626764800
1329546179751907331
1329546210311598080
1329546491107684360
1329546528139173889
1329546572619780105
1329546612675399680
1329546708653543424
1329546746733752322
1329546994180829187
1329547165669199873
1329547170081488896
1329547194710384640
1329547220249665540
1329547341834010624
1329547341871853568
1329547446351843328
1329547496666898443
1329547664371961865
1329547669572882438
1329547753261817863
1329547861986598913
1329547891195703297
1329547962893160455
1329548080195186689
1329548093327626241
1329548130656858116
1329548221358673921
1329548277956612098
1329548377537843201
1329548423805153281
1329548453115027458
1329548671906697218
1329548956657987584
1329548981710561284
1329549002539319296
1329549196249214988
1329549293171208194
1329549397219225600
1329549484443897857
1329549555034173441
1329549670348156930
1329549891031486468
1329550001249411074
1329550437221953536
1329550483015442432
1329550516259610631
1329550519094882305
1329550697885384705
1329550698112016384
1329550734958993408
1329550764516155393
1329550832044425216
1329550957487788032
1329551004476518410
1329551012017938433
1329551024735080451
1329551028467937288
1329551066275385345
1329551255383969793
1329551284618354693
1329551293002772481
1329551406009888769
1329551524545110018
1329551728719458304
1329551737917681664
1329551742070108160
1329551830028718082
1329552030696804354
1329552043694964738
1329552215594426369
1329552320170962949
1329552375229669377
1329552744626196480
1329552939887845385
1329553045999456257
1329553046234296320
1329553147308560384
1329553177922908160
1329553223888191488
1329553255429509129
1329553256603914241
1329553322689302528
1329553608338128896
1329553780640198657
1329554078507036673
1329554283575078913
1329554287790157824
1329554317964034049
1329554476978626570
1329554530523033604
1329554547832881154
1329554610667872258
1329554812866760705
1329554889890955265
1329555064025796609
1329555088835272705
1329555118891671556
1329555323443585024
1329555471032729601
1329555474790879233
1329555621146992642
1329555659541655552
1329556388935155712
1329556439438815233
1329556455742201868
1329556494086451200
1329556523484372994
1329556573178327040
1329556732809457666
1329556829068734469
1329556884303597571
1329556905103077376
1329556964007927811
1329556997793067012
1329557161219919874
1329557219323621379
1329557294636527619
1329557579438166017
1329557600871059460
1329557701832056832
1329557714402496512
1329557743720665088
1329557819826253824
1329557957332381698
1329558121094713349
1329558272412672001
1329558549480038402
1329558590743515136
1329558616509071362
1329558750114451456
1329559111793520649
1329559531102212097
1329559563318779905
1329559756831416323
1329559807557312515
1329559838544842752
1329559921168302081
1329559970753470464
1329559996040966154
1329212952046669824
1329212998003601409
1329213048846860288
1329213119508475916
1329213153524273160
1329213274651455489
1329213416393879554
1329213685617848321
1329213706744582149
1329213798637395968
1329213878039932938
1329213953306734604
1329214854914301966
1329214859632730112
1329214947449040896
1329214956181598215
1329215031284805632
1329215109646848003
1329215203578417159
1329215274235555841
1329215312785530880
1329215413469671425
1329215887589715996
1329215974978035712
1329216139864502272
1329216202766393346
1329216357632782336
1329216420174032905
1329216567570296833
1329216705512476674
1329216785221115904
1329216969409654784
1329217056995241988
1329217082135900163
1329217123927945217
1329217170396635136
1329217171084484612
1329217200197152768
1329217205523791874
1329217264629948419
1329217313292255232
1329217497959165954
1329217652296982529
1329217715572183040
1329217937706782720
1329217942622494721
1329217996326363136
1329218012281327618
1329218093806215174
1329218203252383747
1329218230989201409
1329218235875667971
1329218307543740417
1329218480244097024
1329218522027859969
1329218740441862145
1329218797744492544
1329218823908679680
1329218940615020544
1329218966095585282
1329218982654644225
1329219039445491712
1329219096173568002
1329219326709260289
1329219347303321601
1329219427183824897
1329219541050732550
1329219553394561024
1329219603046739968
1329219706881003520
1329219805002555394
1329220086037577729
1329220128307818497
1329220137011044356
1329220248856358912
1329220310554521602
1329220383543877633
1329220399763230721
1329220408860692481
1329220669293342723
1329220672657256449
1329220819256479746
1329220840148307968
1329220861807759360
1329221281372397569
1329221411152551943
1329221502768656384
1329221570557054979
1329221613041176576
1329221645924372481
1329221703617159169
1329221713523970050
1329221767794135054
1329221780272279557
1329221827172896768
1329221876862824455
1329221905749057537
1329221951626366978
1329222035856379904
1329222061345153025
1329222154127364097
1329222196229664769
1329222291469840384
1329222300223332365
1329222418322362368
1329222429940572160
1329222430892711937
1329222459992707072
1329222476874838017
1329222494109175808
1329222498156748801
1329222506344034310
1329222543346176000
1329222640930856966
1329222714981306368
1329222920577691648
1329223014014193664
1329223080061906944
1329223165340430338
1329223331959218177
1329223398610903041
1329223692694548483
1329223701007568897
1329223781441699840
1329223852312899584
1329223856175902727
1329223962241404929
1329223974899867652
1329224006793216000
1329224058618175493
1329224112493957122
1329224137106100225
1329224288193404928
1329224295684452377
1329224436860538882
1329224480800038913
1329224482322407426
1329224585720557570
1329224640900820993
1329224721238536193
1329224749390721024
1329224775219208192
1329224809398603777
1329224820538691586
1329224863706476546
1329224892760403968
1329225053087600641
1329225103079583745
1329225106221010944
1329225161023873025
1329225219005886465
1329225232788246528
1329225300383834112
1329225375428304898
1329225382730498049
1329225383795978240
1329225399939817480
1329225454851555328
1329225568253075460
1329225599798431745
1329225655825936385
1329225677028077572
1329225697022382080
1329225710389637121
1329225752726753280
1329225861904687106
1329226012983439360
1329226023406333953
1329226134370783234
1329226390508593152
1329226498088312834
1329226503272472582
1329226596125974529
1329226615839133699
1329226642095558656
1329226684059578368
1329226767312310272
1329226855610724357
1329226868395040779
1329226952415338499
1329226984728240128
1329227069956493312
1329227073370648595
1329227102705627136
1329227110855057410
1329227207852531713
1329227643510808577
1329227734653034496
1329227783151685632
1329484758947033088
1329484767805497347
1329484806091137026
1329484854782726150
1329484885073883136
1329485001738448897
1329485031413325826
1329485094596222976
1329485170383187977
1329485174661255170
1329485194726940684
1329485282622791680
1329485413099122688
1329485443012960256
1329485475829125121
1329485639465787393
1329485689889632257
1329486126021832708
1329486297304600577
1329486427898474499
1329486428938461184
1329486431803355139
1329486436786114560
1329486538653261825
1329486642659340290
1329486817847095298
1329486852621967366
1329486863862702080
1329486973342453761
1329487133074206723
1329487153643081733
1329487154490142720
1329487203823718406
1329487342088843264
1329487359298170887
1329487396535201795
1329487997063008263
1329488093704052736
1329488160049532932
1329488215015895047
1329488244560568320
1329488285807292418
1329488302618136577
1329488345429262336
1329488374575423488
1329488621108424705
1329488633926209536
1329488697688006656
1329488865455972357
1329488915292708866
1329488949346123776
1329488953397964803
1329488995512774656
1329489002693603328
1329489032137633792
1329489033324531716
1329489045605519362
1329489061988290560
1329489104082497537
1329489128765882370
1329489170893443072
1329489289453899776
1329489578554765313
1329489586544799744
1329489719848275974
1329489859761803265
1329489913180545026
1329489993065107456
1329490093460123649
1329490102813421575
1329490185848049665
1329490445936816130
1329490677344952322
1329490677600825344
1329490731585720327
1329490953778950149
1329490958090702849
1329491050952527875
1329491086599806979
1329491204615102464
1329491415181627392
1329491449038172162
1329491578528948231
1329491914798710784
1329491943265628160
1329492043798880259
1329492057224667138
1329492278172237824
1329492393217773568
1329492400465645569
1329492413371527168
1329492459668332546
1329492472708345858
1329492698689134600
1329492725092261888
1329492728678375428
1329492866188652545
1329492912070123523
1329493051178438657
1329493184607645701
1329493201921708034
1329493332599345152
1329493348630073345
1329493394385641473
1329493461716746242
1329493482428379136
1329493562946318337
1329493696534831104
1329493717967888387
1329493721516285952
1329493780844736516
1329493910331265030
1329493923006394382
1329493956405694464
1329493990522068994
1329494258928267266
1329494346765221888
1329494480857214976
1329494657563148288
1329494762248835074
1329494787024678913
1329494940259323907
1329495055279607810
1329495168458821638
1329495180278255617
1329495475364503553
1329495479219052559
1329495534382485506
1329495554762616832
1329495616616067072
1329495634802475008
1329495818823475201
1329495970745364481
1329496087619645442
1329496160818651137
1329496363923632128
1329496402053922816
1329496418457776128
1329496510426439681
1329496607893622785
1329496666374856704
1329496783853137920
1329496847237320704
1329496854728495104
1329496880145809408
1329496968456966146
1329497144710098944
1329497299563712512
1329497337614438401
1329497442769915907
1329497458628579328
1329497547291947018
1329497563859472384
1329497567651041283
1329497630582464515
1329497647401431040
1329497727823122439
1329498041913647106
1329498142321090563
1329498218288144385
1329498221400436737
1329498226932789251
1329498318452494337
1329498626624692224
1329498670484520962
1329498725887201281
1329498868648644610
1329498948130758657
1329498960931606529
1329499023959527426
1329499049032970241
1329499317489397760
1329499329300754437
1329499480614338561
1329499501401415682
1329499539540152324
1329499539531849728
1329499551607238658
1329499584503091205
1329499594355568646
1329258140995555329
1329258162256482304
1329258182233886722
1329258187065761792
1329258258331299842
1329258447548899330
1329258463172521988
1329258693989441537
1329258711425056768
1329258770308890625
1329258815666216960
1329258866702475265
1329258870426972169
1329258905197809665
1329258991910719489
1329259076178612224
1329259088442781700
1329259139567128578
1329259144180887554
1329259199310802945
1329259362016133121
1329259567088160769
1329259806771830785
1329259873381412864
1329259965899423747
1329260002691919872
1329260091682516993
1329260158602514433
1329260208032538625
1329260221915598848
1329260299896184834
1329260393747902464
1329260421895905281
1329260724342951936
1329261039733649410
1329261067696971776
1329261128346722304
1329261165323685889
1329261709501091840
1329261756464721922
1329261807081406464
1329261839922962432
1329261920298422274
1329261920440999940
1329261970676191232
1329261991488208896
1329262007384563713
1329262409995988996
1329262666280472576
1329262746425298945
1329262771909881857
1329262783926558722
1329262829996675072
1329262859247779841
1329262921944330240
1329262947693191168
1329263173698945026
1329263195190652936
1329263333929848835
1329263370797723652
1329263379635027968
1329263454373376002
1329263551278690304
1329263594681360385
1329263602403045379
1329263710662250503
1329263807009595392
1329264013050400770
1329264088061517826
1329264096949252101
1329264130948296706
1329264335370153986
1329264344211869697
1329264415603093507
1329264441649737729
1329264549225263106
1329264558452531203
1329264638756794369
1329264666808360960
1329264691898691584
1329264739051040768
1329264815219552256
1329264922535092231
1329265271647907845
1329265305420492801
1329265402036195328
1329265485305835521
1329265669137780737
1329265673902678016
1329265736016125954
1329265737312202757
1329265833235910662
1329266063356391426
1329266198396231683
1329266261788921857
1329266314825920513
1329266458757455878
1329266566869946368
1329266608930480128
1329266738714783745
1329266793135935490
1329266810114478080
1329266814094696449
1329266986812116992
1329267229054078979
1329267309068709889
1329267313208668160
1329267347337580545
1329267372583120896
1329267427796979714
1329267753769897984
1329267779808227328
1329267876776251392
1329267921344872451
1329268116094742528
1329268124215091200
1329268250102747136
1329268275558064128
1329268307162120194
1329268347654049794
1329268677431095297
1329268682275631107
1329268753188720640
1329268773228924929
1329268790014611456
1329268942053969920
1329268975776239621
1329268991836057601
1329268996588367874
1329269175827656710
1329269202130247680
1329269370120527873
1329269423664984069
1329269536307040256
1329269713210322944
1329269864041746433
1329269910577483778
1329269938876424192
1329270010569576449
1329270064512606209
1329270119663595521
1329270203063148544
1329270271820369920
1329270467455172610
1329270501538209793
1329270585059323904
1329270648875618305
1329270857328439298
1329270878866182144
1329270953969389569
1329270970499145728
1329271155254054912
1329271236388671488
1329271302218158081
1329271328763998213
1329271357499187200
1329271445868879873
1329271484905295872
1329271567990321154
1329271621778104320
1329271708956585984
1329271797989199872
1329271927073091585
1329272012515254273
1329272015207895043
1329272074511245312
1329272117464993792
1329272220443701251
1329272295316131841
1329272570131206145
1329272614750212096
1329272712242417665
1329272727765659649
1329272762532184065
1329272775849234432
1329272796510302209
1329272821302910977
1329272887191220225
1329272938789564417
1329499749494317057
1329499788677672970
1329499824341839872
1329499837491011584
1329499888242085889
1329499917509931008
1329499927756607490
1329500006240440321
1329500235996008456
1329500260616597504
1329500293755756544
1329500524706738178
1329500869667262465
1329501045383442433
1329501053759451136
1329501283930279937
1329501290754318336
1329501409751003137
1329501620250415106
1329501804061573121
1329501854489833484
1329501917333102594
1329501951143284736
1329501951558639618
1329502077001850880
1329502198879883270
1329502424659349510
1329502459434311680
1329502513981165576
1329502546478706688
1329502610165030914
1329502799114211334
1329502810564685824
1329502817778692096
1329502986956115968
1329503171698372614
1329503197405339649
1329503267760582656
1329503314535460865
1329503314686451712
1329503331413356547
1329503419648892933
1329503465161318401
1329503473956741121
1329503737543536640
1329503922969473024
1329503935548194818
1329503952115732482
1329504170244759553
1329504237148102661
1329504258346147843
1329504446741549056
1329504461899919368
1329504572386258945
1329504920651763712
1329505012813361153
1329505163829186561
1329505214643232776
1329505638037196803
1329505642189529089
1329505785261527041
1329505922805354497
1329505944074657793
1329506141404061702
1329506153211031554
1329506212422053891
1329506460649222144
1329506535698018308
1329506611879157766
1329506707509153792
1329506736462557185
1329506829106352129
1329506854754455556
1329506938921623556
1329507018923798528
1329507060300603394
1329507098036584449
1329507215493849089
1329507361682321408
1329507361556471811
1329507404166406144
1329507441072099329
1329507487272284167
1329507580356521985
1329507631933878277
1329507647587020803
1329507785504038912
1329507789438390272
1329507811051581442
1329507877841743874
1329507885743824897
1329507911240876032
1329507945487372290
1329507991461240836
1329508078904094720
1329508091298254853
1329508191902658560
1329508293400813569
1329508318256230403
1329508393225248773
1329508582367264769
1329508653515251714
1329508704224423936
1329508779747135491
1329508871409258498
1329508930846912512
1329509039131254787
1329509160807968774
1329509178101043201
1329509207746502657
1329509257801125888
1329509291594821632
1329509408754327553
1329509409161170954
1329509597082767361
1329509606419169281
1329509819255025665
1329509832349478914
1329510007885475841
1329510029523730432
1329510403014062086
1329510570933047300
1329510574766452736
1329510620404789248
1329510797798760453
1329510847299817472
1329510943685025796
1329511091085463555
1329511132126646273
1329511145372348416
1329511246471725056
1329511421630181377
1329511574386601985
1329511614442254342
1329511807598399495
1329511824430075905
1329511899768078338
1329511979841703936
1329512001266216960
1329512017108070405
1329512130299760641
1329512197517668357
1329512264995581954
1329512319257350148
1329512344427302912
1329512491609698307
1329512521225678848
1329512684413472768
1329512710686511109
1329512717770690568
1329512860783955972
1329512920019922944
1329513029243908096
1329513175889358854
1329513200287682562
1329513254771679236
1329513511001604098
1329513721136295940
1329513816766427137
1329513850987753474
1329514131385409538
1329514350042820610
1329514379377844226
1329514613956808710
1329288278047068165
1329288301392531456
1329288614161883136
1329288775416098816
1329289053624274948
1329289200630370304
1329289238656016385
1329289308667322370
1329289358667632640
1329289413575098370
1329289436941611011
1329289619645607937
1329289648300933120
1329289756937654272
1329289765846462471
1329289788415905792
1329289857773031426
1329289892900319236
1329290197637349377
1329290276913942529
1329290330370404352
1329290656187969536
1329290764258578432
1329290788484866049
1329290941467942917
1329291178639056899
1329291306523369475
1329291441533644800
1329291470432563201
1329291528892723200
1329291608098033665
1329291915074875392
1329291946699804673
1329292014496616450
1329292057798651910
1329292060944306176
1329292241332932609
1329292313143635968
1329292328238866433
1329292372417654785
1329292382542696449
1329292407595298816
1329292600801542144
1329292642560118785
1329292800651714560
1329292942750543873
1329292960538607617
1329293000497762311
1329293273610014721
1329293351812816902
1329293386642165760
1329293426811039744
1329293560252870656
1329293910632370179
1329293924314148865
1329293931377471489
1329294016484143104
1329294114567966722
1329294312144822272
1329294320579588100
1329294347162906627
1329294397968699392
1329294489882484736
1329294568508911616
1329294761593856000
1329294879160229889
1329294937523851264
1329295004246937601
1329295038615007238
1329295165345964039
1329295190272733185
1329295256593035266
1329295310632357889
1329295315648864258
1329295336096063491
1329295668322705409
1329295680691691521
1329295721112154119
1329295726137012224
1329295789395472384
1329295890234834944
1329296179012665344
1329296233849090049
1329296255659479042
1329296276525989888
1329296339302232064
1329296380096032768
1329296432201822209
1329296561088704519
1329296610669469697
1329296658727907329
1329296766743633921
1329296809387319297
1329297101398945792
1329297462729830400
1329297630824787969
1329297702228672514
1329297777780617216
1329297802996948994
1329297832277401602
1329297874946060289
1329297989077250050
1329298070517948418
1329298113463349249
1329298318233464832
1329298326081114113
1329298346876362758
1329298394766970880
1329298606667476993
1329298630340177920
1329298956828897280
1329298984423350272
1329299032158711811
1329299101847007233
1329299158071734274
1329299315806806016
1329299542571769857
1329299561240686592
1329300082982858755
1329300102293413888
1329300181687226368
1329300503822430208
1329300523787431936
1329300662719541249
1329300675759509504
1329300935538073600
1329300960917655552
1329301015313719297
1329301170020626434
1329301448601964544
1329301545213636608
1329301679544676352
1329302081631645697
1329302174958985217
1329302208530137089
1329302209977221120
1329302304885977088
1329302562261053441
1329302634197520384
1329302702510182401
1329302754972536832
1329302770529103880
1329302831275405312
1329303124461449216
1329303153804800000
1329303217486761984
1329273172395499523
1329273363219554304
1329273403858096132
1329273676479549442
1329273823741448192
1329273880339427328
1329274103145099264
1329274105519026176
1329274122044538882
1329274250419728387
1329274432234213377
1329274438941106176
1329274586781900803
1329274839824121858
1329274952135020544
1329274971789684739
1329274997437722624
1329275038617526272
1329275085375614977
1329275307887636480
1329275748041953281
1329275769424588800
1329275865348386818
1329275928900292608
1329276009489727489
1329276116868194311
1329276288901787650
1329276319020982273
1329276433227796480
1329276617659564033
1329276696365731840
1329276897985929217
1329276951643574274
1329276960548167681
1329277096099713026
1329277221156966403
1329277316778737665
1329277329131016193
1329277350815674374
1329277455471759361
1329277460085690368
1329277535251738625
1329277633071374337
1329277681825878019
1329277867226750977
1329278022533468162
1329278068817539072
1329278261721845761
1329278298417999875
1329278332735803393
1329278420224655365
1329278425350205442
1329278526646874113
1329278646981328897
1329278915718819840
1329279002536718336
1329279037844332545
1329279234406289408
1329279247488311296
1329279321333248001
1329279402543378432
1329279497552744450
1329279842957873152
1329279857671475200
1329279943230951433
1329279969214803969
1329279986230910976
1329280007898861574
1329280071107047425
1329280074294521863
1329280219815940096
1329280295628115969
1329280374510333956
1329280604798586887
1329280642853515264
1329280693239762944
1329280895820451841
1329281238922891265
1329281277296594945
1329281410352472066
1329281428065038336
1329281462106001413
1329281536877764608
1329281549678874627
1329281573800321027
1329281593077354497
1329281751366111232
1329281838427361281
1329281846551535618
1329281881813241856
1329281949547044864
1329282022787858433
1329282096129593344
1329282110939688965
1329282270293762048
1329282299725168642
1329282520802725888
1329282769076117504
1329282883668754432
1329283012853338112
1329283198115663873
1329283299777282050
1329283310938370049
1329283805060890626
1329283855677861890
1329283985575317506
1329284187484876802
1329284305688866817
1329284396701007877
1329284645989593088
1329284659008647169
1329284901892341761
1329284923132416001
1329284934536749057
1329285014434045952
1329285093010132993
1329285168163598336
1329285168939503617
1329285185007984642
1329285198362550272
1329285256197910529
1329285327870177288
1329285428235669505
1329285454470983680
1329285466789711872
1329285484321837056
1329285545726394368
1329285562411323393
1329285608657752064
1329285631755907073
1329285669156311040
1329285898714951680
1329285975197974528
1329285999785074690
1329286121428295681
1329286134153830400
1329286209194037249
1329286331437084672
1329286347727597568
1329286360516202496
1329286415805542400
1329286457031340032
1329286663592296448
1329286689492176896
1329286713030696962
1329286785004802049
1329286860493910018
1329286892605632513
1329287048931393537
1329287107550998532
1329287187104337925
1329287274538934272
1329287333087162369
1329287682049105928
1329287731218792450
1329287879407796224
1329288001403359232
1329288055925002240
1329303523998261254
1329303623503806464
1329303715782791171
1329303938902867970
1329303942682075138
1329304044083396609
1329304191119093760
1329304242121793536
1329304251051487237
1329304433658912768
1329304475773792259
1329304529423228928
1329304630870863872
1329304689247076354
1329304904507281409
1329304963118366722
1329304995141799938
1329305092646952965
1329305101933142019
1329305114084057089
1329305159793479680
1329305422503690241
1329305733645692930
1329305767346905090
1329305811345084418
1329305958300921861
1329306154120470529
1329306438573895681
1329306494660083715
1329306660846833664
1329306929563222016
1329307010874044416
1329307017148727297
1329307035708612609
1329307145536294913
1329307258153406465
1329307263480291328
1329307526949601280
1329307727450034176
1329307785906040832
1329307904663379968
1329307935487512576
1329307963320725506
1329308008032075777
1329308122436030468
1329308228304441347
1329308321493487616
1329308363063255042
1329308505287897088
1329308816685588480
1329309088694427648
1329309139638448128
1329309291082354688
1329309292009304064
1329309367804563459
1329309707152936962
1329309769119612935
1329309917640077316
1329310043049762817
1329310161077415936
1329310169814224896
1329310207999156226
1329310392875671554
1329310444297850880
1329310445560229889
1329310554759032832
1329310601282166784
1329310735579504641
1329310783314923520
1329310816353595392
1329310830693736448
1329310852403630081
1329310919692750849
1329310937506066432
1329310954849505280
1329311425890816001
1329311474880106496
1329311582007021568
1329311749988868097
1329311799104172032
1329311926501969920
1329312043803938816
1329312099819008000
1329312359794561024
1329312484847710210
1329312553000783872
1329312718562553856
1329313019705380864
1329313204460154882
1329313224790061056
1329313260445835264
1329313274798567426
1329313448094679041
1329313454662926336
1329313741222137856
1329313906628685826
1329313987796852738
1329314119548276736
1329314124321484801
1329314307423805441
1329314365535780864
1329314455424028678
1329314515435933696
1329314763722067973
1329314772433571840
1329314864855060480
1329314885780590592
1329314977056911366
1329315187711758336
1329315261003014144
1329315313750511621
1329315437885222913
1329315769990209536
1329315826835525632
1329315834188140545
1329315847647576064
1329315850957041664
1329315912286146560
1329316017663844352
1329316043035209728
1329316116477440002
1329316334262390784
1329316342189551616
1329316344760737792
1329316426092486656
1329316533881827328
1329316538424418305
1329316558800183297
1329316603310194688
1329316620423090178
1329316654522785798
1329316656477253633
1329316802279608321
1329316809158213633
1329316865064124419
1329316983926640642
1329317745977159681
1329317913321369600
1329318067772354561
1329318128271159297
1329318334832242693
1329318354021179396
1329379021843542017
1329379290195091456
1329379399356076033
1329379525432651778
1329379542696222732
1329379645301673986
1329379780525953026
1329379833302773763
1329379903263924224
1329380130905600001
1329380249277231105
1329380335898030082
1329380420111241216
1329380451601924102
1329380455951572994
1329380481071280129
1329380516152422403
1329380810147901447
1329381001592770563
1329381148020117504
1329381168387477506
1329381197462577152
1329381236809342978
1329381287166152704
1329381346834313217
1329381651034595334
1329381988214697984
1329382211519467522
1329382367652323328
1329382554814832641
1329382556706476032
1329382625807634433
1329382757521383425
1329382764743847936
1329382825494278144
1329382861858717697
1329382914304389120
1329382973964234753
1329383047427403779
1329383048840966146
1329383106843979776
1329383123679911936
1329383229124702209
1329383261496369152
1329383580938756101
1329383717698211840
1329383744403349504
1329383748383748096
1329384020904452096
1329384066219642881
1329384228874752000
1329384292028469248
1329384416964177924
1329384705364529155
1329384732270870529
1329384784498466818
1329384891138650112
1329384953923059714
1329385200737001472
1329385462738382848
1329385548838998016
1329385557034741760
1329385557798039552
1329385577582620672
1329385980625907713
1329385987957542913
1329386022547959818
1329386157864595456
1329386191138025476
1329386205650313216
1329386260935405570
1329386403076124673
1329386545845944322
1329386698782937093
1329386738041569280
1329386792395608064
1329386796845764611
1329386931692695553
1329386957659574276
1329387010537164801
1329387065746874369
1329387198681149441
1329387224622788608
1329387317555912704
1329387317895852032
1329387528449781760
1329387623698358272
1329387653196865538
1329387674151620608
1329387839461621763
1329387859988664321
1329387974837080066
1329388018017443841
1329388296162725890
1329388403566239745
1329388430569115648
1329388511917649924
1329388638564720640
1329388747964682242
1329388828872859648
1329388891904888834
1329388975170093056
1329389050520801281
1329389089083125761
1329389117373759489
1329389290732838912
1329389419032403971
1329389493477117956
1329389616873439233
1329389620904288257
1329390092574711808
1329390112103337986
1329390182664167426
1329390200854863873
1329390221042081792
1329390712471875585
1329390802775269382
1329390927131992064
1329391132615307267
1329391222817951749
1329391261686575104
1329391364245659655
1329391656051896324
1329391713564110848
1329391759357427712
1329391830614597634
1329391846942978050
1329392056792440833
1329392089726148608
1329392233188106240
1329392337416454146
1329392347742957568
1329392423219453952
1329392603998134272
1329392607517167617
1329392913026060289
1329393022669381633
1329393062812950529
1329393224297885698
1329393229394010112
1329393236906012673
1329393270053593088
1329393273941749760
1329393289292726272
1329393315968638976
1329393684199051272
1329393759885422592
1329393783587291138
1329393856941486084
1329393869587312646
1329318515107565568
1329318674134667264
1329318787758370816
1329318859594035200
1329319045871534080
1329319110279360512
1329319190994546688
1329319393696878592
1329319406560800770
1329319635834068993
1329319677126963200
1329319698014621696
1329319778411016192
1329319804927438849
1329319805673828353
1329319927266766848
1329320175838113792
1329320261334802433
1329320326619156481
1329320332788867072
1329320833005674496
1329320928971427842
1329320988107042818
1329321132848275456
1329321379116834819
1329321525749673990
1329321605831462913
1329321753252868096
1329321788283645952
1329321810765246465
1329322045377835008
1329322185836556289
1329322334096744450
1329322607141818371
1329322637164752898
1329322704147714048
1329322734250287105
1329322759730597889
1329322803074457602
1329322808615206912
1329322830656258051
1329323046159618048
1329323093492453376
1329323136362409984
1329323243665199104
1329323389853437953
1329323477187309569
1329323622348058625
1329323679369494528
1329323838878920704
1329323927168925697
1329324002830147584
1329324136137707526
1329324228508868615
1329324277095673856
1329324454145617921
1329324537880653824
1329324671112601600
1329324675176939520
1329324827107229700
1329324867640913922
1329324884355289089
1329324942240993281
1329325019898507269
1329325174110339072
1329325359070728192
1329325483855540225
1329325492642713601
1329325533994176512
1329325817780899841
1329325917462728704
1329325960508956674
1329326087877390336
1329326119607263232
1329326186258829313
1329326220153028608
1329326256496791553
1329326639919063042
1329326653730742273
1329326849265119233
1329326854562603008
1329326992487899137
1329327321636102147
1329327465186004992
1329327517573013504
1329327574485504002
1329327616743124992
1329327637706268672
1329327860205690880
1329327884947910657
1329327920003760128
1329327957202984962
1329327983660650497
1329328003470532609
1329328335923634177
1329328417620193280
1329328618145677317
1329328660915101697
1329328763822280709
1329328862765985792
1329328868382142464
1329328877014016002
1329329084720025600
1329329295219679233
1329329326987255809
1329329421644419072
1329329440254472193
1329329508743335937
1329329561176248320
1329329859210907651
1329330184026165249
1329330438834429954
1329330665620267010
1329330757379235841
1329330784260534272
1329330821652615168
1329330940951277568
1329330961880793094
1329331076410564608
1329331116252168192
1329331146631557121
1329331560206790656
1329331572433068032
1329331724183105538
1329331733800488960
1329331923362123779
1329332009626320896
1329332333955125249
1329332430466125824
1329332562272145409
1329332593536364544
1329332614029864962
1329332661446275072
1329332695911063552
1329332753159122944
1329332816220446720
1329332956914216961
1329332980112879616
1329333042658168832
1329333050581405698
1329333090632802304
1329333149353078787
1329333220807118854
1329333226737790978
1329333489854984193
1329363781294624769
1329363826794491907
1329363920557993986
1329363960429211648
1329364205288513538
1329364275522011136
1329364528811937793
1329364782722535425
1329365037551472640
1329365102928269312
1329365330326642689
1329365712410980352
1329365788021714947
1329365841406816257
1329365873916829697
1329365955600916480
1329366176577818625
1329366496385130496
1329366582624137216
1329366735863083008
1329366825616883713
1329367294993174528
1329367385996857345
1329367401129938945
1329367669951275008
1329367897681108992
1329367997132271616
1329368106234507269
1329368207539507200
1329368543977082880
1329368592207396865
1329368727188611072
1329368740761395200
1329368797363441664
1329368924685627393
1329369247227711488
1329369347786240000
1329369366887079938
1329369384331177984
1329369402584731648
1329369440320778240
1329370069768482822
1329370087392993280
1329370172528930817
1329370312677462016
1329370719818485760
1329370887351504899
1329370909497430016
1329371130881335296
1329371263597481985
1329371340546064385
1329371434204860417
1329371504656719873
1329371560831037445
1329371591441063936
1329371637565722627
1329371872971132928
1329372025736093696
1329372046476730369
1329372364195303424
1329372549109714944
1329372571310108672
1329372749970681860
1329372859718840321
1329373172991406082
1329373182034386951
1329373420417667073
1329373995637018631
1329374003698536448
1329374295089438721
1329374396197310465
1329374871781072896
1329374895571087360
1329375009530384384
1329375047149117440
1329375428939640833
1329375703742226438
1329375848726736897
1329375933296422913
1329375976615276544
1329375989592428550
1329375997943222273
1329376179321651204
1329376233143083015
1329376754566377472
1329376898921578497
1329376951216246784
1329377034997415936
1329377076579799041
1329377088948809730
1329377182070796288
1329377204581621761
1329377392188661760
1329377506055630851
1329377548082540551
1329378020671459328
1329378336787877890
1329378496741842945
1329378500504072195
1329378508641079303
1329378509702172677
1329378553448710144
1329378578539175941
1329378607605624833
1329378667227648000
1329378672760025090
1329378696583651330
1329378712077414402
1329333599955345408
1329333770122457088
1329333940474114051
1329333965044338689
1329334111752884225
1329335086215467008
1329335234060488705
1329335443901591552
1329335623317028864
1329335666241662977
1329335688546938880
1329335825847394306
1329335897406525441
1329336161781698561
1329336625898299392
1329336667669475329
1329336791111856129
1329336949992206336
1329337002416693249
1329337054531084288
1329337123497865217
1329337298400518144
1329337506530201601
1329337546908774403
1329337605998088193
1329337625069568000
1329337958873313281
1329338220480327683
1329338222476808193
1329338332489396227
1329338429734154242
1329338595338022912
1329338857179938816
1329338892181508097
1329339349637476355
1329339504260493315
1329339520265854976
1329339550716616704
1329339666684928000
1329339726344691720
1329339834800906241
1329340057019408385
1329340136262287363
1329340336884248577
1329340548268830720
1329340574621700098
1329340602987786241
1329340692213231618
1329340767165427713
1329340967078436866
1329341176030359552
1329341202399838209
1329341273413705734
1329341291155611648
1329341598354845696
1329341669788028928
1329341818060812289
1329342010130513923
1329342095715299328
1329342264968142848
1329343133579001856
1329343290601299968
1329343351976382466
1329343673985683460
1329343693845798918
1329343820870295553
1329344176580927488
1329344569838886913
1329344687543607298
1329344716119236614
1329344857106735105
1329345141539303425
1329345144529838080
1329345317339205632
1329345447631065090
1329345449287770112
1329345551591202816
1329345572747177986
1329345642569764864
1329345734064345089
1329345755845439490
1329346032279433216
1329346190324936709
1329346440288759809
1329346534975168513
1329346536778641408
1329346604353122304
1329347127512743937
1329347599334256641
1329347638865653760
1329347813747077123
1329347936531210240
1329348093221847041
1329348213472718848
1329348469908066304
1329348744870027270
1329348869113700354
1329349049892315136
1329349117345075200
1329349178812719105
1329349188241432576
1329349301282238465
1329349521629974528
1329349638349090817
1329349678010347521
1329349969262895104
1329350031175000064
1329350223299305478
1329350387942428674
1329350511569473536
1329350653110591489
1329350671083048960
1329350867452121091
1329351007923482627
1329351208084115456
1329351420999569410
1329351815561932805
1329352048702222336
1329352075424059392
1329352259478691840
1329352268794245122
1329352541855830016
1329352800128675841
1329353023030767616
1329353167537016833
1329353250252992512
1329353263452401664
1329353639228444674
1329353717716574209
1329354077856276480
1329354238472970240
1329354299718180864
1329354411093733377
1329354503922069504
1329354551875473408
1329354622981574657
1329354655311163392
1329354792104321025
1329354866410614787
1329354911751016450
1329354914703814657
1329355134925742081
1329355419672723459
1329355422671638531
1329355545350975488
1329355722061197312
1329356047690108931
1329356172248436737
1329356369737216003
1329356567276380163
1329356959313657856
1329357007556669440
1329357114209312768
1329357724522524673
1329357796438126593
1329357914021244929
1329358025270976515
1329358073899536387
1329358155491504134
1329358226417201154
1329358256934948867
1329358270486745089
1329358580206669824
1329358697475162115
1329358883689738240
1329358913481879553
1329358972759859200
1329359051130597377
1329359077051412481
1329359718066900995
1329360018853031938
1329360097156468738
1329360412362489856
1329360511444471808
1329360521821368320
1329360719201046528
1329360857986379776
1329361022633775108
1329361226070110212
1329361244822843395
1329361265895100416
1329361304637698050
1329361372816281605
1329361563824828416
1329361598113312769
1329361815990640641
1329361832864346115
1329362174070853632
1329362230026981377
1329362273379479552
1329362458285404160
1329362588032004096
1329362716675485698
1329362718059495424
1329363041708875778
1329363202832941058
1329363273938976769
1329363478532984833
1329363652340801536
1329363694237650945
1329363720540221441