1329862086055301123
1329862086818578433
1329862233304678401
1329862304557568001
1329862360195080194
1329862384354254850
1329862556043726851
1329862566076510209
1329862623077298176
1329862702399885313
1329862749896077312
1329862795253440512
1329862871040335873
1329863073323249666
1329863084505260035
1329863165123977216
1329863286242775041
1329863433391542272
1329863571069493250
1329863584331956225
1329863663709270016
1329863681287593988
1329863701101481985
1329863723406790656
1329864074562314242
1329864145836105730
1329864348207079426
1329864385439830016
1329864390510866434
1329864414678441987
1329864481887772674
1329864612251099136
1329864734192005120
1329864859081728001
1329864883547025409
1329864896763355138
1329864968192335878
1329865034974027777
1329865208966176768
1329865362280644608
1329865442702336004
1329865505264476161
1329865578539061250
1329865659858231301
1329865664471867392
1329865673204494341
1329865853647675401
1329865916960698369
1329866066512719874
1329866167540965380
1329866172238589952
1329866244141494276
1329866256305037323
1329866259622752259
1329866263942680577
1329866347652681728
1329866416384663552
1329866658366836739
1329866734732517376
1329866773236051968
1329866855448784901
1329866880396431360
1329866944519024640
1329867003155406849
1329867221187915784
1329867242494976000
1329867295649312770
1329867346475962371
1329867572863328258
1329867845732339712
1329867912258211842
1329867972240871424
1329867985012412416
1329868178101514243
1329868201434484742
1329868224054353920
1329868231016853504
1329868261446590464
1329868319709605896
1329868478589800449
1329868575281188864
1329868768529494029
1329868872892051456
1329868922951249922
1329869057269649408
1329869149481340931
1329869163024805888
1329869179189661697
1329869204825251842
1329869431040708608
1329869468240130048
1329869544865849345
1329869544928657408
1329869900836466699
1329869906083450880
1329869972990877696
1329870006436438019
1329870046848487426
1329870047767121923
1329870332518227968
1329870396619943937
1329870413300686848
1329870530283974658
1329870555596648460
1329870659464306688
1329870794646646785
1329870812048814080
1329871042479874050
1329871104287109121
1329871192824582144
1329871343882539008
1329871427336613888
1329871478767067136
1329871597373677569
1329871843122180098
1329871869130936321
1329871948273225728
1329871990266748931
1329872069224398853
1329872139005079555
1329872233402011650
1329872350444089345
1329872446971777025
1329872489942552576
1329872605621444611
1329872684373716993
1329872685573222401
1329872728153788416
1329872761116909568
1329872849092349956
1329872857560739840
1329872920202645506
1329873025869594624
1329873132153417728
1329873176168259587
1329873223350181892
1329873281248321547
1329873302421061632
1329873445358809092
1329873479118753799
1329873495988314115
1329873545070047241
1329873562480504835
1329873591777841152
1329873613227499522
1329873702306111496
1329873721557913605
1329873809676103680
1329873835227746305
1329873957114302464
1329873982632431616
1329874062156316672
1329874233904738306
1329874263143313409
1329874296575983616
1329874307665825793
1329874344412114950
1329874347507544064
1329874410279301122
1329874443657687042
1329874451966480384
1329874543935045632
1329874551627542529
1329874581226663943
1329874613568991235
1329874636285341696
1329874761732780033
1329874795228393473
1329874812928364545
1329874941496467458
1329874992771764230
1329875034358288384
1329875047050326016
1329875130567307264
1329875185785135106
1329875274326966273
1329875336742522884
1329875349501599745
1329875453054685184
1329875462613573634
1329875513679069184
1329875533572698112
1329875550396149761
1329875609862942722
1329875621334429696
1329875963845373953
1329875990680571911
1329876024188956679
1329876036755058689
1329876058892619776
1329876230066348033
1329876405899980800
1329876414305333249
1329876452163153925
1329876472786509831
1329876942875607043
1329876956318371841
1329877052040773632
1329877119720185856
1329877237634637826
1329877353657339905
1329877422003548160
1329877505491296258
1329877525393096707
1329877752347045891
1329877789919612930
1329877986179391488
1329878033180880903
1329878045688090633
1329878117385637894
1329878181181083651
1329878350672785409
1329878365168427011
1329878394956201985
1329878461696000002
1329878519543984129
1329878646593630208
1329878686263353344
1329878846913581058
1329878847056011266
1329878868774318082
1329878909773623302
1329878952941395968
1329879049200660482
1329879065986265089
1329879216582582272
1329879456161345538
1329879494023213056
1329879694683103242
1329879757077442563
1329879807765647361
1329879828611428357
1329879854309892097
1329879908529659915
1329879975852449792
1329880059113574408
1329880076545101827
1329880130462822401
1329880343986499588
1329880378585337860
1329880445605933057
1329880496306851840
1329880806425198592
1329881044682682368
1329881053935202306
1329881159287771136
1329881229001416706
1329881280142520328
1329881359234555906
1329881359477846020
1329881401747931136
1329881495608160256
1329881644279361536
1329881683219206145
1329881703658237954
1329881880116813826
1329882173969633280
1329882194609926144
1329882198217019395
1329882235734933505
1329882320040550400
1329882495911911425
1329882504489295873
1329882683489611777
1329882744248262658
1329882881594896385
1329882957197287426
1329882970316967936
1329883003947020288
1329883037484654592
1329883059374727171
1329883091926724611
1329883167331934213
1329883176806748161
1329883255546519554
1329883306834489345
1329883398333194242
1329883481623683073
1329883498438647811
1329883595473907717
1329883671701057536
1329883977876955136
1329884002946330627
1329884202922250241
1329884425392361477
1329884501561004040
1329884521999822849
1329884668531970049
1329884693521641473
1329884706356269056
1329884710835785739
1329884736429256705
1329884739713503233
1329884753164709890
1329884803940880386
1329884804678963206
1329885022128627721
1329885038821904389
1329885050146611202
1329885369563754497
1329885512824365056
1329885566977138690
1329885617019379712
1329885793897246720
1329885810460663811
1329885886192918528
1329885906732535812
1329885926802264064
1329885927548674048
1329886123854802944
1329886146294255618
1329886191701745664
1329886262656843776
1329886409700872195
1329886430168895488
1329886526881271810
1329886636184727552
1329886669290475523
1329886686558482435
1329887114637537287
1329887252252602382
1329887420339380227
1329887672769384449
1329887793313624064
1329887885911351296
1329887990311759874
1329888011459432452
1329888125313638401
1329888150131417088
1329888259196014594
1329888272848457730
1329888309540134912
1329888452251439107
1329888636716916747
1329888641750065155
1329888838236434432
1329889211906879488
1329889219758628864
1329889257561993220
1329889295855984641
1329889395894341639
1329889604724543490
1329889730675281922
1329889748836499456
1329889911986536448
1329889937177645057
1329889958581112832
1329890008073814016
1329890084188016645
1329890109139914754
1329890234235023362
1329890339537219590
1329890356398354432
1329890393811546115
1329890398706102273
1329890403416465411
1329890506864619520
1329890754429333513
1329890839749939201
1329891015566606336
1329891052447289347
1329891093291425796
1329891124316680196
1329891225315512322
1329891299084832769
1329891392110399488
1329891429783506944
1329891459466661888
1329891568946442245
1329891694658064384
1329891722034356226
1329891829509218304
1329891954105200642
1329892076348116992
1329892218530881537
1329575385403711491
1329575452885839872
1329575456211828737
1329575531365478403
1329575561761472512
1329575658457083905
1329575817341497344
1329575884915937281
1329576023156023298
1329576177795813379
1329576219440975873
1329576286948368387
1329576337577811973
1329576388471386112
1329576442414370826
1329576488077815808
1329576530599677960
1329576660090245120
1329576677354115074
1329576966572261376
1329577013741498369
1329577180024762370
1329577239105708038
1329577273230553096
1329577331829207046
1329577410560290817
1329577631751303171
1329577704270663681
1329577747325194242
1329577805441622018
1329577863499149320
1329577943765544962
1329577955891191809
1329578028154777600
1329578056835592204
1329578060698546181
1329578350902472705
1329578363472596993
1329578421282750465
1329578448558432256
1329578496990064641
1329579419921383424
1329579420550635520
1329579445896814594
1329579695806042115
1329579834826133507
1329579864530300929
1329579877645815808
1329579918963970052
1329580150300749824
1329580175059681281
1329580204549939200
1329580217145434112
1329580561019645955
1329580820550488064
1329580855178747904
1329580892591775744
1329580934035697666
1329581147744071681
1329581214836158469
1329581396646621188
1329581509100130304
1329581685344665600
1329581789795414016
1329581852546527238
1329581874226880513
1329581878395879425
1329581899161878528
1329581958054043650
1329582053667516420
1329582120998555648
1329582146592206848
1329582296849068033
1329582330508357635
1329582343741468673
1329582561887203330
1329582577938698242
1329582583198453762
1329582721425940484
1329582796109713414
1329582846860779528
1329582909712457737
1329582977366495232
1329582998275170304
1329583379772272644
1329583442976272386
1329583588803833856
1329583597309677570
1329583639600873472
1329583963183181824
1329584076362276868
1329584088714539014
1329584109031747585
1329584151759101957
1329584507306057729
1329584528923430913
1329584537064656897
1329584544903811073
1329584658422640643
1329584668002316290
1329584692056748033
1329584817994936322
1329584889981759489
1329584927659081728
1329584964585795589
1329584986480128001
1329584990561193984
1329585006826582016
1329585007413710849
1329585111365545985
1329585203707252736
1329585233738432512
1329585358917525505
1329585417344061440
1329585455491268608
1329585516984094723
1329585742524321793
1329586075908648964
1329586097094062087
1329586101850345473
1329586252824403969
1329586550401798146
1329586563685228545
1329586794292260864
1329586948390973442
1329586948558741505
1329587005433503749
1329587250871496706
1329587305158488064
1329587326297780225
1329587380358164481
1329587401862176769
1329587414143172609
1329587509291069443
1329587620297510913
1329588076830732291
1329588114571071505
1329588143255920642
1329588169264730119
1329588257429069827
1329588286541717511
1329588362106204160
1329588403717992449
1329588475054731265
1329588618273419264
1329588643397206016
1329588652314386435
1329588660057083907
1329588760862994435
1329588761374633992
1329588827992813573
1329588898981351424
1329588903276285952
1329588949409431554
1329589046008549382
1329589084080181258
1329589238426333184
1329589264351375361
1329589365715165187
1329589398896218112
1329589411575525376
1329589418810753026
1329589427136589832
1329589490185342979
1329589523911749641
1329589553947160576
1329589625069969410
1329589780045205507
1329589830515306498
1329589957057507329
1329589989290749952
1329590164482629635
1329590623020736520
1329590652439568384
1329590853837287424
1329590867330428928
1329590997119066113
1329591005314736128
1329591050600472580
1329591054664916992
1329591054887161856
1329591072222220289
1329591075556651008
1329591158780125185
1329591207589253124
1329591293614436357
1329591302456045581
1329591415534358529
1329591508048207872
1329591587471429633
1329591758351634440
1329591771815440386
1329591842074206211
1329591843399610368
1329591868577902593
1329591906746163200
1329591923535974402
1329591978082885633
1329592014229311488
1329592090527817730
1329592093606555648
1329592179627597824
1329592304697413632
1329592434679013377
1329592657698492418
1329592691114577920
1329592699129917443
1329592803538690050
1329592888133623812
1329592942609231872
1329593025908121603
1329593034921684993
1329593051623223299
1329593304846118912
1329593379227906048
1329593512774557696
1329593515874148353
1329593588842336257
1329593637135585281
1329593705335033856
1329593793667063814
1329593924403380224
1329594239286616065
1329594358505426946
1329594451803607040
1329594500319236096
1329594502470897668
1329594586780471296
1329594595106304001
1329594632649527297
1329594695526322179
1329594777235460098
1329594830515707904
1329594842456891393
1329594982018277376
1329595187312676864
1329595262210355202
1329595442921828352
1329595551466332160
1329595555442548736
1329595591303720963
1329595681548369920
1329595790763888649
1329595794341515264
1329595794429767680
1329596134269050880
1329596293241421824
1329596486514950144
1329596579632848902
1329596599459340290
1329596989873524738
1329596998975172613
1329597045028626432
1329597069540159502
1329597073226928128
1329597123755642884
1329597170815807490
1329597308225380353
1329597363137040384
1329597762145546240
1329597798992334848
1329598079926931464
1329598090374905856
1329598131349164034
1329598159723638784
1329598191805763585
1329598223674204161
1329598281354272769
1329598432374386692
1329598472400625667
1329598620795097090
1329598625845030917
1329598632350396423
1329598634053300225
1329598822792749058
1329598927910432768
1329598990397169667
1329599229329694723
1329599241854070789
1329599283813707777
1329599372686835712
1329599380563877896
1329599384535887874
1329599443008692235
1329599531667709955
1329599540094246914
1329599666510462976
1329599741903085568
1329599754574106632
1329599947386146816
1329600052554305540
1329600085454434304
1329600102848139266
1329600198083899393
1329600216153075712
1329600483560992769
1329600509288738819
1329600559490473985
1329600606147895299
1329600614062559234
1329600852689031168
1329600852903030787
1329600915431710727
1329601004359221249
1329601016824676352
1329601129835941889
1329601242750808065
1329601277005869060
1329601407062859776
1329601449194565632
1329601649858502656
1329601666602004480
1329601708226383881
1329601725070761985
1329601767739363330
1329601807644028928
1329601826644168707
1329601829777399811
1329601919099301890
1329601960778076161
1329601965140000768
1329602086342848512
1329602131716927490
1329602345991225344
1329602418066272256
1329602559431073794
1329602778868625408
1329602811764609025
1329602883541676033
1329602891561234432
1329603000575397893
1329603020422864897
1329603033286643712
1329603058742022145
1329603100676485122
1329603176354418691
1329603213922881536
1329603294013124610
1329603390092013570
1329603492269309958
1329603579146080256
1329603616655745025
1329603674952265730
1329603742405185537
1329603775791845376
1329603965374386177
1329604011113156610
1329604044642541569
1329604284845940738
1329604300641853442
1329604526479986692
1329604665256894465
1329604711243157505
1329604816205717505
1329604829203865600
1329605198759694337
1329605206636687361
1329605228061134848
1329847029158318082
1329847063148826624
1329847067427139586
1329847155897622530
1329847177070383106
1329847185635160071
1329847248293924866
1329847394608025604
1329847428665778176
1329847494973534215
1329847691652763651
1329847788281192454
1329847952303644672
1329847969324077056
1329848114652450818
1329848161939058688
1329848329295917056
1329848380282040320
1329848388674785281
1329848405397544967
1329848632380682253
1329848635404787712
1329848711799824384
1329848786068393986
1329848819874316289
1329849012703420419
1329849139518029824
1329849215002939392
1329849218840879106
1329849508692258817
1329849515382370304
1329849533522731014
1329849537352052738
1329849578942816258
1329849646076858368
1329849659452481555
1329849739332947970
1329849793619832837
1329849848347160577
1329849945801838596
1329849956253921281
1329849968253865989
1329849986872381446
1329850112823189504
1329850143458295808
1329850203956981763
1329850275448885250
1329850455455801346
1329850578139156482
1329850611328749573
1329850716115017728
1329850783416848387
1329850993123717122
1329851017714778112
1329851114334932993
1329851114766864388
1329851249143889920
1329851513112580097
1329851752749752321
1329851807007387648
1329851831539929088
1329851865773842432
1329851886804070403
1329851947344666626
1329852309346639875
1329852356335448067
1329852376426180610
1329852398005874690
1329852477454237696
1329852527723098119
1329852586170707968
1329852687492411392
1329852749597511683
1329852796284223488
1329852817725591556
1329852884142403584
1329853060382822401
1329853123360399360
1329853425694208003
1329853443524190208
1329853467586949127
1329853471588282368
1329853672897953792
1329853714803400706
1329853828146089984
1329853870445617155
1329853879400402945
1329853903660216320
1329853904046198785
1329853995423326211
1329854101199446016
1329854192563990528
1329854422927740928
1329854587042484224
1329854599688298499
1329854617056735233
1329854705556713474
1329854713613987842
1329854785768595456
1329854839925448704
1329854881709092865
1329854985866244099
1329855040551579649
1329855103096942593
1329855208134991872
1329855223754612737
1329855737313554432
1329855846227058690
1329856067950563331
1329856139543142404
1329856168966168581
1329856172510375940
1329856260527824900
1329856278202626051
1329856353800777728
1329856483480125441
1329856521203634177
1329856524915781632
1329856562991665154
1329856566372265985
1329856742784602113
1329856787877568512
1329856802670993418
1329856802624856064
1329856831880122369
1329856865493127168
1329856914700775424
1329856936133730308
1329857011110952961
1329857012629450755
1329857108729335815
1329857310659735553
1329857380415320065
1329857473155620868
1329857512665919505
1329857829121912833
1329857834750644225
1329857872566607880
1329857900320317445
1329857992897007619
1329858059737264129
1329858159649972225
1329858282786332672
1329858558838665216
1329858735901200386
1329858823348215808
1329858924846010368
1329858974481477633
1329859183907385347
1329859223325437953
1329859461075394563
1329859579149234178
1329859596140285953
1329859692462567424
1329859805247401984
1329859818094546945
1329859848054444032
1329859867465691138
1329859972503535617
1329860090829148161
1329860177474961410
1329860187772104704
1329860273063211008
1329860291396399105
1329860350032875520
1329860404709822466
1329860460020109317
1329860501807960067
1329860502189707270
1329860605881290756
1329860706670419975
1329860740514258946
1329860857543749639
1329860895074299906
1329860950883672069
1329861227879784456
1329861235756703745
1329861273396371458
1329861466942443521
1329861474857209856
1329861517148385280
1329861538237149184
1329861654507646981
1329861704965115906
1329861759377805314
1329861763773460487
1329861856484159488
1329816800721309698
1329816868031488000
1329816897211277313
1329816914080772097
1329816960717058048
1329817040639627269
1329817044569649153
1329817178934276097
1329817199142449155
1329817211398221824
1329817337311219718
1329817379459588102
1329817413743874051
1329817418424852483
1329817483511963648
1329817505783705600
1329817568476098560
1329817615687184386
1329817665561649153
1329817706342752256
1329817721622523904
1329817869673254914
1329817954062569473
1329817992356638720
1329818114150834183
1329818193813266444
1329818210930081792
1329818433438052354
1329818462378545152
1329818467508293634
1329818467801964544
1329818479432708096
1329818575423631360
1329818596302860293
1329818654964375554
1329818692910264320
1329818735197163521
1329818801815384065
1329818848619503617
1329818949073059841
1329819061308493829
1329819082271690754
1329819098553978881
1329819200177762307
1329819212395769859
1329819359712251905
1329819372005830656
1329819376585850880
1329819384790065152
1329819413688840193
1329819459800862720
1329819501970530307
1329819557477842945
1329819769848156161
1329819875548815364
1329819899728949250
1329820084060172290
1329820122593288192
1329820197688107009
1329820215832686592
1329820232697823233
1329820236309262338
1329820238775521282
1329820248820707329
1329820342211186688
1329820504052670465
1329820551037194241
1329820580317638656
1329820608499249161
1329820672663506944
1329820747875971081
1329820755840929801
1329820911420141568
1329820911965356033
1329820966113996806
1329821007272620035
1329821016743350277
1329821108024078338
1329821276098195456
1329821355638865921
1329821367945097220
1329821443270569986
1329821499193257985
1329821514615582720
1329821536371531779
1329821608052203525
1329821608182222850
1329821624724377601
1329821675068657665
1329821758053093376
1329821775123804161
1329821910297882625
1329821938756292610
1329822228792356864
1329822294970146816
1329822295699951618
1329822732029083649
1329822870328004627
1329822937122271233
1329822970693423106
1329823184766578697
1329823285001981952
1329823322872438787
1329823369550831625
1329823410973765632
1329823518716956675
1329823592947847172
1329823612493123584
1329823731061981186
1329823818404139008
1329823935039496200
1329824056862928897
1329824082557366272
1329824121241423884
1329824148697321472
1329824266997653506
1329824580903559169
1329824585907195906
1329824631075663872
1329824681520721924
1329824725875343362
1329824731839623171
1329824749493555202
1329824874777501696
1329825181116882949
1329825335941230592
1329825536621867008
1329825630683271171
1329825668457238529
1329825890231062528
1329826141402787844
1329826195324739584
1329826254862868480
1329826296982097921
1329826435414904833
1329826443036135424
1329826481246261249
1329826649945280515
1329826653497790464
1329826695143190532
1329826761790525446
1329826886265024512
1329826972839632896
1329827059594645507
1329827198560333824
1329827336582291457
1329827374825938948
1329827424519991297
1329827429792309249
1329827824056713216
1329827870420635669
1329827887734730753
1329827891316658177
1329827974296858625
1329828012871868419
1329828024544583683
1329828129511239683
1329828132543754240
1329828197442203650
1329828213950918657
1329828301259628544
1329828335485026305
1329828417878040583
1329828705632391170
1329828834930171904
1329828863212326913
1329828864433020930
1329828988798312453
1329829157845434370
1329829341577039873
1329829371281018881
1329829434787049475
1329829752987906048
1329829882457677827
1329830020781666306
1329830114172018693
1329830114318835712
1329830120266244096
1329830424806305794
1329830441147273216
1329830473816653825
1329830626569031680
1329830763483721731
1329831011232911366
1329831015213268993
1329831069215023104
1329831662579032068
1329605445804318720
1329605487130599425
1329605613249306625
1329605735634907138
1329605927868145669
1329606003197943808
1329606058319491072
1329606070512312320
1329606100186968064
1329606247184789511
1329606280395198464
1329606398095704065
1329606439703355394
1329606947562196993
1329607003765940224
1329607115414134788
1329607215657971717
1329607257936551937
1329607287137189889
1329607408335740929
1329607519669510145
1329607538082459648
1329607563286114305
1329607673138974721
1329607748279996421
1329607845474603009
1329607890525696002
1329607899283243008
1329608020922224640
1329608155337199616
1329608176468111363
1329608213302374405
1329608231279276033
1329608314343227393
1329608625640394757
1329608628710457344
1329608641427742721
1329608653918384130
1329608684226359297
1329608759291895810
1329608814442676225
1329608852988448769
1329609006403477504
1329609086481076226
1329609113144266752
1329609123709808643
1329609216722518017
1329609518024519680
1329609557325307906
1329609564929613825
1329609736640229378
1329609777979162628
1329609858304397313
1329609942756696065
1329610004605833217
1329610030769848322
1329610097589321728
1329610122520190977
1329610294755209218
1329610403509309441
1329610600599711746
1329610613123780609
1329610756258635776
1329610780841537547
1329610805990535169
1329610932499210247
1329610944964603904
1329611028523487233
1329611205594525697
1329611255028404225
1329611283621142529
1329611436327366662
1329611494359785473
1329611591139123202
1329611660525449216
1329611767136260097
1329611770902818817
1329611791161298944
1329611816335527936
1329611891774267394
1329612009378344964
1329612021856350211
1329612118836928514
1329612282997956608
1329612370075762688
1329612567577325568
1329612592214659072
1329612606173106176
1329612676662775810
1329612689438543874
1329612773488267269
1329612899661213696
1329613029537849350
1329613054078717953
1329613071451447297
1329613098517491714
1329613129144209415
1329613142561873922
1329613289731616768
1329613582263312393
1329613682838528001
1329613783631859714
1329613896932528129
1329613951559233541
1329614232279797762
1329614302190383106
1329614383895482372
1329614580654493698
1329614607686754304
1329614874813542403
1329614899480317952
1329614988361814019
1329615206239117312
1329615279467466755
1329615410845650944
1329615969182830593
1329615974186835970
1329615990364180480
1329616094571745280
1329616157628915713
1329616212385402880
1329616300684029952
1329616968480157696
1329616968970694658
1329616976038289411
1329617194221711361
1329617301457530881
1329617344532975617
1329617395460268035
1329617600020578304
1329617625886961671
1329617680316461059
1329617970251882497
1329618045308956672
1329618104171843585
1329618104473833475
1329618125248204801
1329618176171241474
1329618305041174529
1329618443256041473
1329618480874840064
1329618493130612737
1329618519093358595
1329618734328197121
1329619186738466818
1329619286978072576
1329619320171847680
1329619451214508032
1329619575982358532
1329619631007551491
1329619795231137793
1329619857030094850
1329619862000308227
1329620012257210373
1329620041764048896
1329620242998435842
1329892285572648963
1329892298927247364
1329892314651762688
1329892415650467841
1329892495522611202
1329892529404260357
1329892549994143753
1329892596152295425
1329892683863654402
1329892734212173827
1329892987355193356
1329893037284192259
1329893141143547906
1329893216141807616
1329893226245926922
1329893229534212096
1329893309720870912
1329893363504570368
1329893405334224896
1329893418764480519
1329893526906281987
1329893615297032198
1329893674616905729
1329893683236319238
1329893753889452032
1329893896432848896
1329894105531494401
1329894168991293442
1329894337203871750
1329894429667233798
1329894487267696642
1329894539528638471
1329894572357509129
1329894668620898304
1329894801605619715
1329894845024858112
1329894870283153409
1329894970292133895
1329895132540198913
1329895223451922434
1329895247103586307
1329895481888141312
1329895544735469568
1329895670602469378
1329895670652821504
1329895703661973504
1329895771030908930
1329896068914565122
1329896127827734535
1329896166650224647
1329896191094611971
1329896275425181697
1329896363769933834
1329896458540244992
1329896564622565376
1329896568267235328
1329896605743517699
1329896605932285953
1329896652270936064
1329896723573968901
1329896790129250309
1329896899156041729
1329896984254279686
1329897032845316096
1329897188994912256
1329897210209681408
1329897211342295040
1329897248126328833
1329897336084987904
1329897385758257159
1329897470470492160
1329897478582362117
1329897491152646150
1329897684363337732
1329897693162901504
1329897733650599940
1329897771629887488
1329897775484514304
1329897914701914121
1329897939221680128
1329897957026639875
1329898024018059268
1329898053638172676
1329898101814030336
1329898145312956417
1329898153722613760
1329898199235125260
1329898560310087681
1329898682230116353
1329898682829815808
1329898954612477952
1329898967124021248
1329899009381699586
1329899285735895040
1329899311539367937
1329899369634607113
1329899404866826244
1329899420381569028
1329899437540388880
1329899500022984706
1329899520587653125
1329899537855639555
1329899580293484545
1329899621112492037
1329899638334189568
1329899646810955776
1329899749412118528
1329899831444217859
1329900016819953664
1329900025028239361
1329900120968753158
1329900125402112000
1329900137867403267
1329900237956272130
1329900334530121730
1329900493590593536
1329900539556089858
1329900724369698817
1329900950824300548
1329901005501186048
1329901144257294338
1329901232782184451
1329901286913957891
1329901412281626634
1329901470905491463
1329901542447738885
1329901558897762304
1329901673708351488
1329901768738631680
1329901883490660353
1329901953812467718
1329902024889163779
1329902058292449280
1329902146960158721
1329902155080339461
1329902182024556547
1329902377621737472
1329902426799869954
1329902481753526272
1329902565635489792
1329902586741227521
1329902607809253380
1329902634203975680
1329902667188072449
1329902695923150848
1329902779708694530
1329902813044936707
1329902839032758272
1329902931437527040
1329903011242651657
1329903086115155969
1329903246068961280
1329903291610902530
1329903347139166208
1329903397043048448
1329903400356638721
1329903526097534977
1329903681978904576
1329903769388261381
1329903954570821633
1329903964133920774
1329904012603232256
1329904278274797570
1329904298549858305
1329904378686259200
1329904470592000008
1329904768471461888
1329904884968198156
1329904918845648898
1329904964823441408
1329904994439585796
1329905036663476226
1329905052933259265
1329905179651682306
1329905359004299266
1329905452340097028
1329905568815919104
1329905729780785154
1329905975931916295
1329906076007993346
1329906144148676608
1329906331936055297
1329906366899773441
1329906387300864004
1329906538060902401
1329906574731644934
1329906698291736577
1329906709549105153
1329906792743186437
1329906823609135106
1329907062726291457
1329907075414102017
1329907100923867137
1329907147337912321
1329907166539616259
1329801656121380866
1329801668641366017
1329801709481320450
1329801734777049091
1329801772672552960
1329801852788084738
1329801928465936384
1329801978780782593
1329802133911298049
1329802136876507139
1329802213275951117
1329802700251389952
1329802716818890753
1329802787127848960
1329803030418624519
1329803244718206976
1329803312221319168
1329803408325402624
1329803425584992257
1329803463312740355
1329803483873226753
1329803627943387136
1329803794549497858
1329803991409168384
1329804092118536193
1329804255851581442
1329804280950185985
1329804306426585094
1329804625185284096
1329804636878897154
1329804658144026624
1329804889061515265
1329805098323570688
1329805173556989960
1329805224282783747
1329805249331294208
1329805317291585536
1329805387831316481
1329805476012310528
1329805485046902786
1329805488989548544
1329805589489311746
1329805924861681665
1329806101471240192
1329806202713169922
1329806231196868609
1329806243716759559
1329806277330022403
1329806332455632900
1329806336545222657
1329806452991660033
1329806567584227336
1329806596419985411
1329806717949939714
1329806759939203080
1329806805397106694
1329806898548396032
1329806903040413696
1329807034615812106
1329807100197933058
1329807162986680322
1329807175464652804
1329807221295894528
1329807325826228224
1329807505875152898
1329807737048461314
1329807870825697286
1329807875225612289
1329807896285229058
1329807997581799432
1329808185813819397
1329808320660647937
1329808391435395075
1329808412503388172
1329808438327701504
1329808512566882304
1329808534104649729
1329808551372410880
1329808558674862082
1329808600861126663
1329808672202088448
1329808860777832449
1329808962510852098
1329808974221340678
1329809184552939520
1329809201644797952
1329809267994603520
1329809347577335808
1329809385455980545
1329809552645230595
1329809654772363267
1329809808929636353
1329809846158454787
1329809913816768519
1329810035053010944
1329810203613818880
1329810253664411657
1329810548003901441
1329810609320325122
1329810630707056642
1329810660075708423
1329810974673690624
1329811011562565641
1329811029421768705
1329811273605931010
1329811276789395458
1329811402282905600
1329811541470883840
1329811814348165121
1329811851610365957
1329811851933343746
1329811919650209794
1329812334609653763
1329812388636344322
1329812514486378498
1329812523218989056
1329812619184619536
1329812862047547395
1329813009011707907
1329813148073943041
1329813358128881666
1329813396347379715
1329813502144507914
1329813806613053440
1329813860186947584
1329813952054788097
1329814347221233665
1329814360521400321
1329814443610390535
1329814456625487874
1329814498824376325
1329814598371995650
1329814708140949504
1329814720489119745
1329814724599431168
1329814842304307200
1329814863070306307
1329814867008577538
1329814900831641600
1329815005131399168
1329815052115976195
1329815194390958082
1329815244944752645
1329815270341402628
1329815320073293825
1329815614672805889
1329815668695334913
1329815841215557634
1329815861016883205
1329815940905701377
1329815962217050113
1329815964309811202
1329816028436705281
1329816105553039361
1329816121306800135
1329816261123969025
1329816524769669122
1329816574883139584
1329816608089534464
1329816666486808576
1329786584795926528
1329786665007722496
1329786786663559168
1329786853256466433
1329786971133259791
1329787141346484230
1329787143552716800
1329787155175010305
1329787210271518721
1329787235730935811
1329787260099850241
1329787323341443073
1329787490773966848
1329787537750167558
1329787818340651008
1329787829690511360
1329787974037467136
1329788269798821889
1329788297158270978
1329788350723547137
1329788450669735951
1329788469305110529
1329788607306067970
1329788640629690369
1329788699811274753
1329788736352235522
1329788774688108544
1329788808750112768
1329788938572214273
1329788980863275009
1329788992385069057
1329789052287995907
1329789139215069185
1329789287177605123
1329789370472271879
1329789374255521792
1329789403431133191
1329789406916571136
1329789412599848962
1329789516601831445
1329789633866117120
1329789716837720065
1329789777445597184
1329789831996731394
1329789915505119239
1329790078520942592
1329790241926995972
1329790250416300044
1329790309417574403
1329790506834878466
1329790796137107461
1329790798477594629
1329790816726908928
1329790910138224646
1329790942560260096
1329791085837766658
1329791089482469378
1329791194944028679
1329791212199489536
1329791325659598853
1329791362615681024
1329791387299155975
1329791471780814848
1329791522187870209
1329791530119389184
1329791764622807040
1329791770125889537
1329791857673576451
1329791873528057858
1329792017325502466
1329792352777510913
1329792378371252227
1329792591995539460
1329792638296465408
1329792730239799302
1329792901224701957
1329792922892595205
1329792968719544320
1329792977863118854
1329793040110727168
1329793052182016003
1329793140996206592
1329793179357474817
1329793184105439232
1329793208088473601
1329793291894857728
1329793317911969792
1329793468042866688
1329793698222067713
1329793741520068609
1329793808264011779
1329793875091755008
1329794000002420736
1329794014753722370
1329794037864394755
1329794042478080007
1329794076200366082
1329794134320816128
1329794180403630083
1329794193317883905
1329794251954286593
1329794520372965382
1329794550941036556
1329794601071366144
1329794713210269699
1329794931217616898
1329794974297305091
1329795015275581442
1329795069772242949
1329795073878470656
1329795146226003969
1329795146339258371
1329795308612620293
1329795393232789505
1329795398312091650
1329795654441431042
1329795665887686659
1329795725488742401
1329795866656468997
1329795951788253184
1329796135943364614
1329796181988356100
1329796185457090560
1329796219573514251
1329796357494886402
1329796383763795977
1329796388843106305
1329796463128403968
1329796610147160069
1329796627499020290
1329796768817672198
1329796772433104897
1329796794893668375
1329796836886859776
1329797116932333570
1329797419324887041
1329797449037336576
1329797482851786762
1329797666537156608
1329797670744035328
1329797842341335040
1329798044464934912
1329798257367785478
1329798527120240640
1329798556031602689
1329798559122685955
1329798589325991937
1329798598733623301
1329798665012129792
1329798698423832578
1329798802706927617
1329798820352421888
1329798845178458113
1329798850307997697
1329798911599501313
1329798971162693632
1329799104508071936
1329799256518119437
1329799432657768449
1329799440257966083
1329799444938702850
1329799537435828225
1329799596181131270
1329799701017755648
1329799722295586819
1329799801660116992
1329799861235924995
1329799873286193153
1329799909852135424
1329799932220481540
1329800078698053632
1329800129340125184
1329800137552646144
1329800165721563143
1329800330347995136
1329800350384201731
1329800605947322374
1329800716370776064
1329800741570170880
1329800752957706242
1329800754249555968
1329800765708308480
1329800908654452738
1329801005177835522
1329801076770361344
1329801098916491266
1329801294350049280
1329801341711966213
1329801571044102144
1329620478898499590
1329620495046742016
1329620612030091264
1329620616236904448
1329620712676601858
1329620772537708545
1329621003073331201
1329621060887646211
1329621203812831232
1329621388559343616
1329621404661280769
1329621778201800707
1329621808841183232
1329621875186688002
1329621971651485704
1329621979071209472
1329622135342587906
1329622232243580936
1329622303357890560
1329622579125104640
1329622588566495233
1329622800559116288
1329622818720342017
1329622974245330945
1329622998391934977
1329623037700870152
1329623082429001732
1329623313388224513
1329623343629262848
1329623376462274566
1329623660403982341
1329623662207483906
1329623783066513415
1329623855292362753
1329623946300248066
1329623967443820545
1329624014214606849
1329624041527848961
1329624140345651203
1329624156825116672
1329624256754302977
1329624287146291203
1329624295157469186
1329624408365920263
1329624421280198656
1329624676302266368
1329624768656629762
1329624861879234561
1329625117110935552
1329625200451751937
1329625406216015874
1329625511245430784
1329625612705804293
1329625649665871876
1329625864250810369
1329625871485898756
1329625935730020353
1329625987164688388
1329626002142662656
1329626212084420609
1329626277729366017
1329626438950146048
1329626484173139969
1329626597641469952
1329626609725419520
1329626648518545410
1329626806861885442
1329626891226112001
1329626982959771653
1329626988567351296
1329627097539764225
1329627142905352192
1329627243631534081
1329627428185059334
1329627594283646978
1329627620477169664
1329627689028816896
1329627710046527490
1329628062334545926
1329628137072828422
1329628259164827649
1329628263447195654
1329628330438635520
1329628535292456960
1329628648496721925
1329628732630306816
1329628766834974721
1329629147975589894
1329629173409779712
1329629369657077763
1329629588004106240
1329629600570281985
1329629630362492929
1329629673026891776
1329629680744460291
1329629872684105729
1329630128771657729
1329630172543258626
1329630279762370562
1329630289447055366
1329630474105475072
1329630510637834240
1329630582301605888
1329630670344294402
1329630734533980160
1329630825583960070
1329630833578303489
1329630930563182592
1329630947172618240
1329631011412475906
1329631186004504580
1329631214961979394
1329631345610375168
1329631374278594562
1329631383141146624
1329631446080708609
1329631617929850880
1329631647722057733
1329631886650568704
1329631983362859010
1329632100434153473
1329632108889792512
1329632302717169664
1329632414688284673
1329632464998965248
1329632547723235329
1329632747183194113
1329632760017915904
1329632762832191492
1329632848379334658
1329632869015298048
1329633195571154945
1329633271739678721
1329633288412147712
1329633307953336320
1329633330107707395
1329633660975394816
1329633783000289280
1329633866236116994
1329633875866206213
1329633891578101763
1329634004962709504
1329634210341146625
1329634214191325184
1329634253194350594
1329634344990740482
1329634444844666889
1329634464926928896
1329634592240766976
1329634642182369280
1329634655050604544
1329634677909561344
1329634700718182406
1329634738739482624
1329634831391657984
1329634958055407617
1329635086753525760
1329635132773371904
1329635192693264384
1329635444250861569
1329907352091324416
1329907380453322756
1329907381342527488
1329907414951452673
1329907460560330754
1329907784717119490
1329907997833895938
1329908043291664384
1329908072110841857
1329908224594731008
1329908253279522820
1329908434414821384
1329908438717976580
1329908467067445250
1329908524328083456
1329908556099846144
1329908580489826305
1329908669136449537
1329908777366261762
1329908917095202816
1329909096787677184
1329909105117384706
1329909281794056193
1329909314878922753
1329909326912368650
1329909419086319616
1329909423700111360
1329909579728109568
1329909579937968130
1329909584211767297
1329909747131297792
1329909802261225473
1329909864173363204
1329910006242807811
1329910471856623622
1329910476185235457
1329910628740317184
1329910631265394690
1329910649397399553
1329910720285302792
1329910816456445952
1329910838396923905
1329910955728224256
1329911051593396224
1329911344993345536
1329911427964997638
1329911470851756036
1329911504922054656
1329911798762332160
1329911835903004677
1329911885316108289
1329911928286658560
1329912025380741121
1329912063766966272
1329912322563989504
1329912498733060100
1329912506748448768
1329912530022658053
1329912556937416705
1329912686612606976
1329912686331629568
1329912796167933953
1329912850064814087
1329913026531659776
1329913031950680064
1329913122870661121
1329913235881988096
1329913265745391616
1329913341410750470
1329913462571601920
1329913475976466434
1329913516812328968
1329913610110427138
1329913673196986376
1329913777857302529
1329913827798859776
1329913860942417920
1329914092136624130
1329914389332439044
1329914414519107584
1329914435901722624
1329914645197545475
1329914747257581569
1329914855801950208
1329914948227452932
1329915023884488711
1329915145322074112
1329915161755398147
1329915372242407424
1329915490458886146
1329915946362925056
1329915992345108481
1329916026532765697
1329916033570893826
1329916217985888256
1329916218266972160
1329916256028295168
1329916285996707847
1329916357224312833
1329916433145466882
1329916490699730946
1329916541148819456
1329916546270048256
1329916562136973312
1329916563412164609
1329916604235325440
1329916797974421509
1329916827233869829
1329916835718893570
1329916956699471874
1329917083107389441
1329917296844877824
1329917308853215234
1329917313005436933
1329917406022492160
1329917613250662400
1329917628136235008
1329917811632844803
1329917917027295234
1329917975772729351
1329918365708787712
1329918570743132161
1329918681363722240
1329918684303925250
1329918790331756544
1329918823542079488
1329918873412386817
1329918903682646016
1329918907650613250
1329918975149436928
1329919276279623682
1329919456651464705
1329919768606871553
1329919980851216384
1329919984701739017
1329920018159702018
1329920181737558021
1329920233746935811
1329920250507366403
1329920317129691141
1329920526601555969
1329920605898952706
1329920783423066118
1329920807460614144
1329920841241530369
1329921054962311170
1329921209446912000
1329921213464981504
1329921248084766721
1329921361289076736
1329921403710300160
1329922157380587522
1329922211600281609
1329922224439123968
1329922266675732481
1329922297000468481
1329922346866659334
1329832030503374850
1329832076569296897
1329832123306414081
1329832194764922880
1329832228428394498
1329832349337489411
1329832488760348673
1329832766918316035
1329832789047271425
1329832882332966917
1329832961936658437
1329833036201013251
1329833946872385536
1329833951578394624
1329834041252646915
1329834051847528454
1329834127579865090
1329834206906773504
1329834303744860160
1329834375408721921
1329834415313231873
1329834516836397056
1329834781845069824
1329835004155867136
1329835092236136449
1329835101119766534
1329835260457136128
1329835323682123776
1329835481585086464
1329835545091039236
1329835696790638598
1329835838558134272
1329835918732062720
1329836104107892737
1329836191672197120
1329836220562558976
1329836258630250496
1329836304612294656
1329836308177453056
1329836337533480960
1329836341782142977
1329836404516466693
1329836450976772097
1329836636163727361
1329836792774848514
1329836858327642116
1329837080701259779
1329837085608603653
1329837139194830854
1329837156274229248
1329837236498685955
1329837344954912769
1329837373664989184
1329837378526121986
1329837450164768768
1329837626564767753
1329837671061942273
1329837894064775169
1329837949291171841
1329837981868277760
1329838100256862210
1329838128387944450
1329838142212296705
1329838204229443584
1329838229848092675
1329838262899380228
1329838502666665985
1329838523281670144
1329838604273664000
1329838724797132800
1329838737094832128
1329838786772168705
1329838892971864064
1329838992733429764
1329839286020173831
1329839328089006080
1329839336813178881
1329839450269093889
1329839513779269637
1329839588156829698
1329839602664816645
1329839613536452608
1329839881732960257
1329839882588606464
1329840033780514821
1329840054525702144
1329840079372742664
1329840515546660864
1329840649840046080
1329840742173470721
1329840814202245120
1329840858657681425
1329840892643999744
1329840950911307778
1329840960688193536
1329841018884112384
1329841031332962304
1329841081622605831
1329841114745102337
1329841132700884993
1329841162245476352
1329841211335733250
1329841300452089858
1329841325282246656
1329841421331951616
1329841463123972096
1329841559383240704
1329841568090640385
1329841690262335491
1329841702052442115
1329841703017070593
1329841732280840196
1329841752463781888
1329841769840783368
1329841773896626176
1329841782495059970
1329841819853713410
1329841920022114304
1329841992961028102
1329842206824427524
1329842305994534914
1329842369810870276
1329842462454591488
1329842633213054979
1329842700556914688
1329843010591404038
1329843018745196551
1329843101972779015
1329843174840254465
1329843178707542018
1329843290213027840
1329843304242900993
1329843334651600898
1329843389337010176
1329843443531657219
1329843468399730688
1329843628009730054
1329843636511641602
1329843787208810503
1329843832939307009
1329843837007585280
1329843942410625024
1329844001302847489
1329844088728797184
1329844114880294914
1329844143313604612
1329844177492959243
1329844189232652289
1329844235676237824
1329844265011343365
1329844433009958914
1329844483425386497
1329844485581369344
1329844500651446278
1329844542162530309
1329844601054642176
1329844617001402368
1329844688480849931
1329844764275998720
1329844769061806085
1329844772660420609
1329844789039214593
1329844847944085504
1329844987119497216
1329845024159313921
1329845087749095424
1329845116404600832
1329845137527234560
1329845150760091648
1329845204174585856
1329845330486104066
1329845506730844164
1329845518730743811
1329845644807208963
1329845715921723394
1329845938278559745
1329846059825307650
1329846065231667201
1329846173298020354
1329846195318120450
1329846227584815105
1329846274338668544
1329846366999359489
1329846466941235201
1329846480019054593
1329846576282435585
1329846610709389317
1329846709292331016
1329846711318171650
1329846744666914816
1329846753164554241
1329846862229217280
1329922837541314561
1329922934585118721
1329922991803822080
1329923286780829697
1329923297878958080
1329923336302944257
1329923382901661696
1329923415759872001
1329923533753909249
1329923566196969473
1329923630151692288
1329923708836835328
1329923713752510469
1329923731372744704
1329923823098093571
1329923956434845696
1329923986344595456
1329924019571798019
1329924183824814081
1329924237868605440
1329924686843682821
1329924858906628097
1329924992734269443
1329924995460587521
1329924996525920257
1329925001907146759
1329925106861297666
1329925215988670478
1329925396012425217
1329925433010294786
1329925441864536065
1329925555899260929
1329925719154192385
1329925740620521473
1329925743552442369
1329925790570569732
1329925932459585536
1329925949815721989
1329925987111477254
1329926557612339202
1329926658032357379
1329926723786432515
1329926780443095040
1329926813892669441
1329926855340810241
1329926872478658560
1329926922017656838
1329926951440617477
1329927202264256515
1329927215757156353
1329927284120236034
1329927463716016128
1329927518250471424
1329927555881836544
1329927558910111750
1329927605831798785
1329927610797846535
1329927643211444224
1329927647460265988
1329927656943611912
1329927675994140672
1329927722970345481
1329927744872796162
1329927791358468101
1329927921415319552
1329928189460746243
1329928234281144320
1329928243248472066
1329928382101008388
1329928532466626560
1329928587076517889
1329928671428304900
1329928776583667712
1329928788348694531
1329928873379770369
1329929145560690689
1329929384871010304
1329929385370062851
1329929442681004032
1329929673250258944
1329929677469696000
1329929773884321797
1329929808210432001
1329929933439836161
1329930155918315520
1329930189988478976
1329930323728199682
1329930668281901056
1329930697465864194
1329930801916612609
1329930815439073282
1329931046935212041
1329931171178958849
1329931174928531458
1329931188467867655
1329931238904393729
1329931254507114498
1329931489816023040
1329931515686506497
1329931520073637890
1329931662264852483
1329931708989259776
1329931854326231040
1329931985360392194
1329932002221387778
1329932139849191424
1329932156454510594
1329932202570776576
1329932270501695488
1329932291330756612
1329932375023816704
1329932513003720706
1329932534608764928
1329932537561554946
1329932601075920896
1329932731212554243
1329932743858335744
1329932777450573824
1329932810854014977
1329933084570087425
1329933172273016834
1329933311028957184
1329933494672379904
1329933599643226112
1329933624767033351
1329933780338040832
1329933893919776768
1329934010601050113
1329934023137906688
1329934329326268418
1329934333336055810
1329934388595855361
1329934409399627777
1329934472368836608
1329934492841160704
1329934681656020995
1329934711536250881
1329934841182375936
1329934962263535616
1329935036167012352
1329935244057829377
1329935282083405826
1329935298436890624
1329935394771709952
1329935499562160129
1329935558601302018
1329935680684879875
1329935747785379843
1329935755498713096
1329935781478223872
1329935872968454145
1329936061468979202
1329936221515214848
1329936262233542663
1329936371994116096
1329936388603531266
1329936477459935233
1329936494727819266
1329936497903067138
1329936564382617601
1329936581541576705
1329936662193967104
1329936988984676353
1329937088909860865
1329937169004310528
1329937172443619331
1329937178273722377
1329937269839581184
1329771494700888066
1329771540095905792
1329771600334360576
1329771753913069569
1329771837446828034
1329771851086761984
1329771918023680001
1329771942656811011
1329772173549039621
1329772223884877831
1329772233317888006
1329772395926732810
1329772416516632583
1329772458929500160
1329772458979827712
1329772471051030536
1329772505205264388
1329772517024804865
1329772660474130432
1329772676274139136
1329772685161766912
1329772705663610882
1329772710889730049
1329772785820782594
1329772991530536964
1329773007615750151
1329773259735306240
1329773280522342402
1329773343503998978
1329773393844039682
1329773449049419776
1329773452769705985
1329773491609088001
1329773583917342720
1329773679211929600
1329773691710869512
1329773746933145607
1329773751190228992
1329773812955680769
1329773980908199936
1329773985362538498
1329774211594850304
1329774292209373184
1329774468701458436
1329774539836944386
1329774640517017601
1329774678940987392
1329774774508249090
1329774849615544320
1329774903625535488
1329774917366247425
1329775000811954176
1329775104960638976
1329775134341820418
1329775462550298624
1329775807779250179
1329775835453284353
1329775902637625346
1329775943662120960
1329776519388905472
1329776536505954304
1329776570010120193
1329776624166952966
1329776657817808896
1329776741976563713
1329776742073044993
1329776795256819714
1329776816630841349
1329776834163200000
1329777261004926978
1329777529847222274
1329777618145644545
1329777646541082624
1329777659279265792
1329777706247065600
1329777736303382528
1329777801906491392
1329777828179664898
1329778067099807745
1329778091208691716
1329778233924087808
1329778272591372293
1329778284180217857
1329778359941795840
1329778465080569862
1329778510819364864
1329778519308689409
1329778634924695553
1329778737450250240
1329778955587641346
1329779034931273730
1329779043969875969
1329779081651646467
1329779295041019906
1329779305031888901
1329779379581444097
1329779405623848960
1329779447034114051
1329779517427216384
1329779527061565440
1329779613241839618
1329779640110604289
1329779669034479618
1329779719190024197
1329779799980699648
1329779915919675394
1329780285471297540
1329780323454947328
1329780424638222337
1329780512198561794
1329780705707126784
1329780709339303938
1329780712862519296
1329780775953321985
1329780779614937103
1329780880978681860
1329781124206301192
1329781266661728257
1329781334072582144
1329781388372029442
1329781543422857219
1329781652541857794
1329781695529299968
1329781832594886656
1329781891273093122
1329781908599951360
1329781912727130112
1329782093627469828
1329782344882868227
1329782428202905604
1329782432720105478
1329782469093109767
1329782496452612096
1329782557785944064
1329782898598301703
1329782924074430464
1329783028957241351
1329783074423414784
1329783238508875777
1329783276203028481
1329783284893700097
1329783418608037889
1329783444054757378
1329783477303091200
1329783519451648000
1329783867939680263
1329783875099389958
1329783950877675521
1329783968418263045
1329783988614029323
1329784148421173251
1329784182487339008
1329784200329891840
1329784206608752640
1329784392504516608
1329784421407465474
1329784598239322113
1329784655785172992
1329784773871603718
1329784957850451971
1329785075437875201
1329785117368348674
1329785140671893506
1329785201073876992
1329785247433678853
1329785297471737858
1329785369307570176
1329785432536715264
1329785610404573189
1329785641316519936
1329785716948279298
1329785779355340803
1329785972771467264
1329785993176748034
1329786060763705345
1329786077838602240
1329786253752094724
1329786329975173121
1329786392214466561
1329786418181398529
1329786446308401154
1329786530840387588
1329635573578010624
1329635658609016833
1329635713151852547
1329635804126306305
1329635894744084480
1329636026655121409
1329636114727137283
1329636118669692937
1329636178522324993
1329636223971979271
1329636253457760256
1329636329450254336
1329636358370058246
1329636408412303362
1329636689279520769
1329636735031107592
1329636836097089537
1329636852429570049
1329636887657648130
1329636902572584961
1329636922042576899
1329636945899741184
1329637012916277249
1329637066641170436
1329637390823002113
1329637431696560128
1329637465892610049
1329637481604665344
1329637532905115651
1329637562332315651
1329637572600082432
1329637653617152001
1329637889886531586
1329637913794146305
1329637947931549696
1329638187896082432
1329638543711461376
1329638724393701382
1329638732299907072
1329638966992236545
1329638975586275331
1329639096789118976
1329639315517939712
1329639343980486657
1329639498519633921
1329639553246908419
1329639617801412608
1329639654258323457
1329639655138942978
1329639785468715008
1329639909867417603
1329640141594501120
1329640179699757058
1329640235261710340
1329640267041783810
1329640334041739265
1329640527554359298
1329640536601473026
1329640543610155012
1329640719653494784
1329640909965824000
1329640937878904833
1329641008145920001
1329641056783175680
1329641059178086400
1329641076009930759
1329641165000384513
1329641210835652608
1329641219505479680
1329641491279478784
1329641681491288065
1329641696716607489
1329641712516362240
1329641936492359682
1329642007313199104
1329642029157019649
1329642221138702337
1329642235416043520
1329642347139801091
1329642704389640192
1329642797230600198
1329642953250402305
1329643006148837379
1329643446169182211
1329643449608511491
1329643601391804416
1329643739581612033
1329643761614290947
1329643966397116417
1329643978908594177
1329644041420595203
1329644293909319688
1329644344735793152
1329644369259814915
1329644448784003072
1329644546364465159
1329644575778979840
1329644671245684736
1329644697233440770
1329644785368518659
1329644869258674179
1329644913584173061
1329644951429394432
1329645074205040640
1329645221454483456
1329645221831819264
1329645266757054465
1329645304006717441
1329645351062663168
1329645449100201986
1329645502263136257
1329645518562193409
1329645657863327744
1329645664494637060
1329645686258872320
1329645756626710528
1329645761575985156
1329645787676958724
1329645825073565699
1329645873912045570
1329645959568101376
1329645972100669441
1329646076756897792
1329646185100046336
1329646209942888448
1329646285314551808
1329646477430251521
1329646549534642183
1329646601015476226
1329646679751094272
1329646771497299970
1329646832134316032
1329646943677530115
1329647069544341504
1329647087072538624
1329647116835229696
1329647169792593923
1329647205100228609
1329647326374334472
1329647327347412998
1329647519148744705
1329647531924594688
1329647749004976131
1329647762892210176
1329647942697771009
1329647964403494912
1329648350459813890
1329648525907550208
1329648526901583874
1329648572942389248
1329648757810601984
1329648807936729093
1329648911066140673
1329649065982914560
1329649104725684225
1329649120974401537
1329649225148207104
1329649399404900353
1329649558238978048
1329649598948724736
1329649799948283906
1329649817161768960
1329649894957658112
1329649980445888515
1329650002331791363
1329650018035380225
1329650133085024259
1329650203960500224
1329650274949066752
1329650329932222465
1329650356024905733
1329650509481852928
1329650539550953473
1329756363665313793
1329756404547280897
1329756436126195713
1329756442107146246
1329756595996270593
1329756659682484227
1329756775810265093
1329756931934842880
1329756957914304516
1329757015191719937
1329757285619478529
1329757507489816577
1329757606362148864
1329757643754381313
1329757937888268290
1329758169376169986
1329758199604383744
1329758452919504896
1329758618850390025
1329758642174894084
1329758966960824326
1329759134712029184
1329759424294969344
1329759577882193920
1329759616553652225
1329759624824836099
1329759689660387328
1329759741560709120
1329759796610949120
1329759816965910530
1329759988865241088
1329760014899273729
1329760120121618437
1329760128900288515
1329760150102691841
1329760215680552961
1329760251302723584
1329760548913893379
1329760627741642755
1329760682171097091
1329761007875600384
1329761112762552325
1329761135088852993
1329761290848374785
1329761528787058688
1329761658319872000
1329761792738910208
1329761822287814656
1329761880617914369
1329761958686576644
1329762266691014658
1329762296198029313
1329762363449487361
1329762405845446657
1329762409247100928
1329762588004061188
1329762657587617793
1329762670455689221
1329762715997523968
1329762724713213953
1329762749585514496
1329762941273583616
1329762983233413120
1329763139106312193
1329763281205125123
1329763298494078976
1329763340445495300
1329763612664225795
1329763689055055873
1329763722802331648
1329763763478794246
1329763894718566400
1329764238852837377
1329764254254206977
1329764259908124672
1329764346843570177
1329764443056533504
1329764636296695816
1329764645381529600
1329764674347421702
1329764724448358407
1329764817083768834
1329764893566898177
1329765085640855552
1329765199759495168
1329765258798522368
1329765324682571777
1329765359365316609
1329765488205967362
1329765512499359746
1329765577259413506
1329765630787117059
1329765635476230145
1329765655957147648
1329765984127881216
1329765996156993539
1329766034870513666
1329766042281906178
1329766104479088642
1329766206195331077
1329766493559664640
1329766549381591044
1329766570365759488
1329766591190462469
1329766653391990786
1329766691702763520
1329766742135017478
1329766868735979520
1329766917071048704
1329766964185731072
1329767069852835840
1329767111833554947
1329767404516372480
1329767764416811009
1329767932453335040
1329768004146638849
1329768076292841478
1329768101974519809
1329768130101514243
1329768171927203841
1329768282795237377
1329768364596670466
1329768407634329602
1329768612538834945
1329768617911623680
1329768641429196803
1329768690204745730
1329768897373941760
1329768922577596417
1329769294142590978
1329769326325489668
1329769383766462471
1329769460807446536
1329769527417171969
1329769707088572417
1329769966950899715
1329769988442513410
1329770567487135744
1329770588659970048
1329770677059129344
1329771040960966656
1329771061987119109
1329771216832516098
1329771230434451456
1329650718022782977
1329650745684103168
1329650804655939586
1329650972092555268
1329651273214418944
1329651378495471617
1329651524096589825
1329651964984971265
1329652066168483842
1329652102986076163
1329652103313317889
1329652207705321473
1329652480951595011
1329652556776161280
1329652628817465346
1329652682697699328
1329652699835543552
1329652765035880448
1329653077524193282
1329653109497360384
1329653176459358209
1329653336426106881
1329653535135264771
1329653576482906112
1329653861250969602
1329654020496035843
1329654078985494535
1329654310242836482
1329654314550382592
1329654331092705281
1329654461271138305
1329654649931108352
1329654655027204098
1329654808576405504
1329655072423256064
1329655185648590850
1329655206515183616
1329655232251502593
1329655274819383296
1329655324459098115
1329655555724505089
1329655635009564672
1329656016053673986
1329656038023442433
1329656137659027457
1329656202419060741
1329656289165709313
1329656400042102784
1329656577985454082
1329656610298482688
1329656728988872711
1329656919997509632
1329657001706708992
1329657211489021953
1329657265838841857
1329657274982428673
1329657350215536642
1329657415340617728
1329657463826681857
1329657526057484288
1329657543325454337
1329657643334561795
1329657656219340801
1329657678663217152
1329657787455041538
1329657793255780354
1329657870380568576
1329657971798728704
1329658023103500289
1329658218113470464
1329658378247958528
1329658425966534657
1329658625682513923
1329658663653478406
1329658697329627136
1329658788429893635
1329658793471463424
1329658898035449856
1329659020869824514
1329659298075566081
1329659386604687360
1329659423787081728
1329659628569976837
1329659633485688832
1329659642176212992
1329659718051262465
1329659801358512130
1329659900876759045
1329660006715846657
1329660262580940800
1329660276698804225
1329660363063914496
1329660391400624129
1329660409578713088
1329660432735301634
1329660499705950208
1329660503505956865
1329660652227489792
1329660731449507841
1329660812345159682
1329661051202224128
1329661091757006849
1329661142839545857
1329661354022617088
1329661710630842369
1329661750392852480
1329661885097144321
1329661905129058306
1329661940122042368
1329662016181608451
1329662031146971137
1329662056061014017
1329662077049270273
1329662238588887041
1329662329294909440
1329662337574445057
1329662374861737984
1329662446718607360
1329662521683431425
1329662597830995968
1329662612079079424
1329662778072711169
1329662808359841795
1329663038165749760
1329663297197633536
1329663415661568001
1329663547685539840
1329663739487019010
1329663843941847041
1329663853689532416
1329664365759320069
1329664419308007429
1329664555832602625
1329664759969484801
1329664884917772288
1329664976286576641
1329665237209866242
1329665251239817217
1329665503514734592
1329665526172446721
1329665537115353088
1329665621190205440
1329665701687267329
1329665922941018112
1329666026078949378
1329666128520462338
1329666366018883585
1329666369344901121
1329666478350733318
1329666638501847040
1329666691182305281
1329666699075989506
1329666898640953344
1329666945545871360
1329667001543954433
1329667111480926216
1329667174110273541
1329667407791714306
1329667469695455232
1329667502780145664
1329667607541084160
1329667618869964801
1329667631536717827
1329667679049969664
1329667959393017859
1329668293880205312
1329668328881733633
1329668374087884801
1329668533194792960
1329668740208865280
1329669036511268864
1329669096254959616
1329669267617427457
1329669553094320128
1329669636732776450
1329669645830275072
1329669663064805376
1329669779376861186
1329669893285842946
1329669900202291200
1329670178620096513
1329670391170789377
1329670454529847297
1329670580329611265
1329670612495822849
1329670643659513857
1329670691843502082
1329670811486101505
1329670923184713730
1329671020849065984
1329671065568645122
1329671096581308416
1329671212293890048
1329671539109801994
1329671825509347328
1329671879305682944
1329672039444008960
1329672040937242625
1329672122449473542
1329672473445502977
1329672540822802432
1329672693671596034
1329672827813978112
1329672948513325057
1329672958311342083
1329672999105036288
1329673193007837185
1329673245277052930
1329673247856549888
1329673361945980928
1329673407579918336
1329673550345736193
1329673599305789441
1329673633049010176
1329673649914343424
1329673673079328768
1329673742570713089
1329673759221899269
1329673777664430082
1329674267269632000
1329674318033297409
1329674432105877506
1329674607452971009
1329674657247596544
1329674792492888064
1329674916921184258
1329674974471233537
1329675248858394624
1329675340722040832
1329675378588217345
1329675449648209923
1329675621623095302
1329675903815782400
1329675939828039682
1329676129267945472
1329676150361059329
1329676188370030592
1329676204060733441
1329676388715163648
1329676394725564417
1329676694903529472
1329676867587235840
1329676954308665345
1329677092221497344
1329677097888051201
1329677287504097287
1329677345586745344
1329677438364762115
1329677501711470594
1329677762181746688
1329677771816230913
1329677867987439617
1329677890011664386
1329677982861041665
1329678198121127937
1329678273719148545
1329678326739443717
1329678459728224256
1329678813039652864
1329678868853129217
1329678876742598657
1329678891330498560
1329678895260512256
1329678957256585217
1329679063351488518
1329679088462786560
1329679164920590336
1329679384761036800
1329679392197517313
1329679395221549057
1329679477262213120
1329679594149060609
1329679599098277889
1329679619998445573
1329679665498378240
1329679682376241158
1329679721030946822
1329679723299958784
1329679875175821313
1329679882750713856
1329679937045839875
1329680058567569410
1329680835528810498
1329741412787773440
1329741589116317696
1329741656745254913
1329741769140039683
1329741904171458561
1329741927454035968
1329742210493935619
1329742463016132608
1329742565076209665
1329742677617889280
1329742693665284101
1329742788783730689
1329742921982226432
1329742973765038082
1329743034058219521
1329743208801251329
1329743245669175298
1329743361926979585
1329743440590999552
1329743520769351685
1329743551236890627
1329743553954770944
1329743580580212736
1329743613094490113
1329743890216325121
1329744073167679490
1329744202889003011
1329744222795096064
1329744250603528193
1329744288041857024
1329744337115226126
1329744391636922371
1329744681434046464
1329744997671981057
1329745212344840192
1329745366976139265
1329745544407822336
1329745545217380352
1329745613571780608
1329745729494147072
1329745746128728065
1329745754710224896
1329745811966726150
1329745846464897025
1329745897308237824
1329745956850561026
1329746026325008386
1329746026849189888
1329746080897097730
1329746096957120512
1329746197377114114
1329746228024909824
1329746540173217792
1329746671350276098
1329746697480785921
1329746700999778305
1329746971569995776
1329747015710994440
1329747175572647936
1329747237036044291
1329747358213570560
1329747645192081409
1329747670597070848
1329747721788542976
1329747823055802369
1329747885315985408
1329748123363622912
1329748379132448770
1329748466482941952
1329748472489099264
1329748473294491649
1329748493410430982
1329748892112531456
1329748899716882432
1329748934340861953
1329749068965416960
1329749101077028864
1329749115324928000
1329749170039574528
1329749312004354049
1329749450986762240
1329749600266162179
1329749640326082560
1329749694113832960
1329749698522066945
1329749828356726786
1329749855179313154
1329749908270829568
1329749965321736192
1329750099765960704
1329750126877786112
1329750220209614854
1329750220859707394
1329750430608478215
1329750528893603843
1329750557100273675
1329750578709356544
1329750746426961923
1329750765498339328
1329750885283606528
1329750929483108352
1329751208777506817
1329751318328725505
1329751343289020418
1329751426101370880
1329751553859866625
1329751664123895808
1329751744490991616
1329751808273764354
1329751892692410369
1329751969230069760
1329752008505643009
1329752037563707392
1329752213518917632
1329752343022358529
1329752415629959168
1329752544210538498
1329752545854676993
1329753020041670658
1329753040304431104
1329753110722482176
1329753129475330050
1329753149595377666
1329753650055565312
1329753743198445570
1329753869740613638
1329754078767968259
1329754168685375490
1329754206744555521
1329754310914101249
1329754608621793280
1329754666696126464
1329754713760227328
1329754785130700800
1329754802234920961
1329755018992492544
1329755052832153602
1329755199410499587
1329755304226140165
1329755314405715970
1329755393883480064
1329755578151948288
1329755582627258370
1329755894020788225
1329756005907922944
1329756048433942529
1329756214654365696
1329756219188203521
1329756226981388298
1329756260510683137
1329756265560625153
1329756280723034113
1329756308829069313
1329681198382137347
1329681278740774912
1329681305362178049
1329681386161070100
1329681400115716097
1329681556995129346
1329681721328013312
1329681838751662081
1329681914488352769
1329682106847399937
1329682133707681792
1329682172186415109
1329682255736832001
1329682464122359808
1329682476978089985
1329682713599590401
1329682757086191619
1329682777441243137
1329682858600873985
1329682883817086976
1329682884601516032
1329683012124954624
1329683281218990080
1329683370691837955
1329683438669074432
1329683444696223748
1329683882288046080
1329683952961929218
1329684049443520515
1329684109770125312
1329684264057778176
1329684439283200001
1329684520279310336
1329684673807659008
1329684757207265280
1329684906415431681
1329684942926843904
1329684963340414977
1329685193037393920
1329685327242518529
1329685474328326144
1329685751852793857
1329685781439520769
1329685848330219521
1329685880722903041
1329685906077458433
1329685947902877699
1329685954412630016
1329685976457883649
1329686193815040001
1329686243412729857
1329686288132419586
1329686395259154433
1329686546241495041
1329686633365581824
1329686782326284288
1329686843059810304
1329687010873909248
1329687099579146242
1329687178759299073
1329687316948869132
1329687413539680256
1329687436209786880
1329687462252261376
1329687637259644928
1329687720076087297
1329687850892214272
1329687856864927745
1329688014331711488
1329688054999650314
1329688072435478528
1329688133424713735
1329688205273292803
1329688358109523969
1329688550007304192
1329688675148414977
1329688681397899264
1329688720547614721
1329688991944364032
1329689092469256193
1329689140544212993
1329689264251146240
1329689297767649281
1329689369406435334
1329689399949471744
1329689439698898945
1329689818528411649
1329689831815794690
1329690023407575045
1329690028084260865
1329690167305588738
1329690496101277697
1329690635847168001
1329690689941155840
1329690744966303749
1329690785483198466
1329690807801171969
1329691027486040064
1329691051964055553
1329691088567853057
1329691125830062083
1329691150559698944
1329691169664561153
1329691492353413120
1329691570099073024
1329691767776583681
1329691807341481985
1329691907832897536
1329692005665017856
1329692011897757698
1329692020395315200
1329692217670332423
1329692423111503873
1329692456414134272
1329692552748929024
1329692569249345538
1329692639130775557
1329692690477445120
1329692989103497218
1329693312391946240
1329693561722433537
1329693781411684352
1329693871337398272
1329693897392525312
1329693933451042817
1329694056054710272
1329694075642114049
1329694189114716162
1329694231707873282
1329694258459156480
1329694660026044422
1329694671908478976
1329694825357201408
1329694837403045888
1329695024536227840
1329695114973818880
1329695445895921664
1329695540745945089
1329695669792219136
1329695702558117888
1329695723479248896
1329695766852485123
1329695803095601152
1329695861165723648
1329695921177731073
1329726218313338882
1329726257970503682
1329726281878007809
1329726352388341761
1329726363402719232
1329726404091514881
1329726472790167553
1329726556743327746
1329726565035499520
1329726855809789952
1329726954665353217
1329727003969417218
1329727097854636033
1329727145149665280
1329727386242347009
1329727454840299522
1329727708360675329
1329727857535365120
1329727963189956610
1329728215187939328
1329728274612637697
1329728490543874050
1329728864424251392
1329728927783395328
1329728971441721346
1329729000944570368
1329729083706642434
1329729291479900163
1329729588671504386
1329729669931831297
1329729810591977472
1329729892880175106
1329730339762270208
1329730438575906816
1329730453151084547
1329730696479432704
1329730919071064067
1329731013048676354
1329731112608776199
1329731210222981123
1329731528411254784
1329731573881696256
1329731678223429633
1329731695835222016
1329731709315723266
1329731760070987777
1329731883559759872
1329732203849330689
1329732306949566467
1329732325924605963
1329732342391468032
1329732359432749056
1329732395948515328
1329733028449574912
1329733042617933824
1329733125224747010
1329733265964429313
1329733646249496577
1329733800306171906
1329733819927326721
1329734020809240578
1329734141202599936
1329734215747907584
1329734313009573889
1329734384707014660
1329734438859771904
1329734471306915841
1329734514441035776
1329734750660161536
1329734890556940291
1329734910177894401
1329735217087655937
1329735394968133632
1329735418376581127
1329735587012730884
1329735685935390721
1329735985886760960
1329735992962650124
1329736224089788418
1329736475282448385
1329736783848902656
1329736792145326082
1329737068440907778
1329737158974988288
1329737612320501762
1329737632926949379
1329737747754594304
1329737785557835776
1329738155772227584
1329738421338771458
1329738561697050624
1329738644865814528
1329738687022845952
1329738698628456451
1329738708208279556
1329738875674243075
1329738928463769600
1329739409172942854
1329739549107494912
1329739596368912388
1329739676270415872
1329739715021598720
1329739727629676546
1329739825575047169
1329739846093594627
1329740032744194049
1329740140089106435
1329740182761967617
1329740352291532800
1329740638196297730
1329740945307422728
1329741097065562113
1329741100215640064
1329741108394536960
1329741110533640195
1329741151918841857
1329741176057061377
1329741202762067968
1329695964320370689
1329695971144450048
1329695992489263107
1329696008645849088
1329696189822996480
1329696356995371010
1329696511270109185
1329696538763943937
1329696681219158021
1329697624325197824
1329697754805719045
1329697957130563584
1329698129218854913
1329698172541800449
1329698194213703680
1329698336773902339
1329698400539963393
1329698512850870272
1329698658456006656
1329699098883186688
1329699135830814721
1329699255683080192
1329699414005387265
1329699466388049923
1329699515838894080
1329699586773037061
1329699752213098497
1329699941099429889
1329699978915278850
1329700036347719680
1329700054819504128
1329700385473302528
1329700635923476482
1329700638155010048
1329700753108156416
1329700850139234310
1329701011678785537
1329701264188469250
1329701297302368262
1329701719417253890
1329701860228300800
1329701873910214657
1329701901995290624
1329702009876856833
1329702065346494465
1329702176554246146
1329702385275559937
1329702461448351746
1329702590494302208
1329702654780399616
1329702852344885248
1329702876369719296
1329702904110964736
1329702984414969857
1329703058599780352
1329703243052707840
1329703438360383488
1329703461760368641
1329703524389699584
1329703541653577730
1329703841667960832
1329703910664179712
1329704049877323776
1329704236234403842
1329704316874096640
1329704482314346497
1329705315709935616
1329705464351907841
1329705524162650118
1329705839368622080
1329705861573451776
1329705980720889857
1329706307633307648
1329706674517540865
1329706785524101120
1329706813902774279
1329706946270728192
1329707198763634689
1329707201246662657
1329707354695282689
1329707480532852737
1329707481937932290
1329707581099679746
1329707600234110977
1329707664855752705
1329707749400260610
1329707770904342529
1329708040447275010
1329708185372954626
1329708433889640448
1329708514193920000
1329708515489951749
1329708576554717184
1329709052469800961
1329709476912328709
1329709517391736832
1329709681510469634
1329709793322299397
1329709933718335488
1329710049263054851
1329710287713431552
1329710538490867712
1329710653863555073
1329710831278436359
1329710895862325248
1329710953450057728
1329710959569625091
1329711061746913280
1329711256706674688
1329711362965184514
1329711402244685824
1329711687562272770
1329711748425740288
1329711931461152769
1329712084142202880
1329712207974834176
1329712339776466944
1329712355639496709
1329712544089579521
1329712679745937413
1329712883719168012
1329713101390950401
1329713488973991938
1329713706209484803
1329713731178287105
1329713909218091009
1329713917786898433
1329714175816441857
1329714415835418625
1329714629065510912
1329714778428891137
1329714855444623361
1329714865427140608
1329715219615145985
1329715292281458689
1329715634683273216
1329715639943106562
1329715773493944321
1329715783459598340
1329715838698532864
1329715946995453954
1329716037147824131
1329716082089873409
1329716130873794560
1329716145797140480
1329716176994381829
1329716297970675712
1329716366639849472
1329716412043104261
1329716414954020865
1329716632520847362
1329716900893511680
1329716902697046020
1329717023119708166
1329717191348981760
1329717509134626816
1329717632510033923
1329717822826700802
1329717838588866569
1329718007816450050
1329718394288009217
1329718443927625728
1329718551565852679
1329719127594979328
1329719198092832768
1329719316497846274
1329719415072493568
1329719460828090369
1329719535469998081
1329719598766284800
1329719628365520899
1329719641237700614
1329719918053343232
1329720038673297408
1329720210904010753
1329720239995686912
1329720293754085379
1329720368337219584
1329720393016483846
1329721013609742339
1329721307563483141
1329721387913785344
1329721711026073601
1329721811374731264
1329721823186055169
1329722019349491712
1329722156033294337
1329722315635118080
1329722510682640386
1329722528781176832
1329722550675410944
1329722589678235649
1329722655461810176
1329722840262668289
1329722874513530887
1329723085692481537
1329723103648247808
1329723420624506880
1329723475813076993
1329723512026705920
1329723695842041856
1329723826876403712
1329723943121514497
1329723944539185152
1329724265235685376
1329724421175697408
1329724499244314625
1329724711543062533
1329724885896228867
1329724926593470464
1329724948827475969
1329725168105754624
1329725208048111616
1329725227379601408
1329725394602299392
1329725804473970688
1329726109076877313