1330284864403279875
1330284865187688451
1330284997555707905
1330285060998782979
1330285112039268353
1330285132843012099
1330285289361838083
1330285300430630912
1330285350573510657
1330285425777397763
1330285468445978624
1330285507016790022
1330285577267253253
1330285762395443201
1330285770817630209
1330285845211979776
1330285954909822978
1330286096966619144
1330286222883893249
1330286235257102341
1330286311144558593
1330286328118976512
1330286345487601667
1330286366828146692
1330286693480615938
1330286760706895881
1330286950830514180
1330286986360459272
1330286990680600579
1330287012033794050
1330287075606847488
1330287200253206536
1330287317463035911
1330287428666609672
1330287452196626434
1330287465341587456
1330287533113159685
1330287595083997186
1330287610196074503
1330287758645059584
1330287900789977093
1330287977453514755
1330288035724980225
1330288106579374082
1330288181846085637
1330288186392797184
1330288194760355842
1330288363790852096
1330288415607316483
1330288512856428552
1330288569554972672
1330288573841616899
1330288609723867139
1330288618112512007
1330288626014556161
1330288626945626112
1330288630426951693
1330288686362144774
1330288735108345860
1330288900078768130
1330288957775618054
1330288985562877957
1330289040889942018
1330289058195644416
1330289104999886852
1330289148280909827
1330289309245730819
1330289326538813448
1330289364551823366
1330289402988408832
1330289573956624388
1330289788130369538
1330289839288315911
1330289889221480449
1330289898218270722
1330290056989450243
1330290076975312897
1330290096185217024
1330290100991893505
1330290128087109640
1330290173721124870
1330290300263260163
1330290382907854850
1330290548104716296
1330290632301158402
1330290673942138893
1330290786731237379
1330290862425837575
1330290874694111232
1330290887390339084
1330290908655480834
1330291098099601408
1330291127258329095
1330291193746497539
1330291193914257410
1330291500857651204
1330291507698470913
1330291566209093634
1330291595955101696
1330291629413060610
1330291630226763777
1330291876973469699
1330291935651753987
1330291949631365122
1330292048788918277
1330292071228469248
1330292158692200452
1330292279899279362
1330292296227704836
1330292497571082240
1330292551224594439
1330292627225374723
1330292759585058821
1330292829655068682
1330292876002127873
1330292979907645443
1330293195067056135
1330293219586961408
1330293299526193158
1330293348473638920
1330293428748509188
1330293512949157888
1330293601167937542
1330293652866953216
1330293751319851009
1330293809347956742
1330293931091881986
1330293983063535619
1330294123547521024
1330294214169677831
1330294217327964170
1330294265612804096
1330294301872549890
1330294401650843648
1330294410677014533
1330294485339820033
1330294607100436486
1330294729687396360
1330294780086071298
1330294834645639169
1330294901360259072
1330294925838213125
1330295086224191496
1330295123331215367
1330295140632715264
1330295192608534528
1330295212011380737
1330295245041496064
1330295270073126914
1330295370736406530
1330295391540158464
1330295484737523714
1330295513552465920
1330295647350775811
1330295672327835656
1330295757702893568
1330295940784279560
1330295971360763906
1330296007951863815
1330296017259028480
1330296059189456897
1330296063312486401
1330296126482870272
1330296163816378368
1330296172360192006
1330296268980187137
1330296277045809152
1330296310109495300
1330296344800595968
1330296369672822784
1330296407119568896
1330296499138342916
1330296536702611457
1330296557577625601
1330296692307079169
1330296747428634630
1330296792060223489
1330296803158274048
1330296889166716929
1330296948629401600
1330297041881358338
1330297090803724301
1330297107060809728
1330297120281202688
1330297228443987968
1330297238376091648
1330297291656269827
1330297312372027393
1330297329388310529
1330297389643599874
1330297401266073602
1330297766124400644
1330297794817613828
1330297828472664064
1330297841466675204
1330297866561212418
1330298046794633222
1330298231138496517
1330298239464189956
1330298278035021825
1330298301502140423
1330298667606142985
1330298780818808835
1330298794060222465
1330298898074759169
1330298969965129730
1330299090849161218
1330299209451495425
1330299285498437634
1330299372765110273
1330299393736650753
1330299640319766528
1330299678659850250
1330299889130074114
1329967750689796097
1329967763050426370
1329967837444669442
1329967904427806721
1329968075802894336
1329968089966981133
1329968119595626496
1329968185869819904
1329968240949387265
1329968367537569794
1329968405135433728
1329968568239337475
1329968568344186886
1329968592864079874
1329968635008303107
1329968679505825792
1329968777098907650
1329968793788026886
1329968940886466561
1329969179693371392
1329969217320464392
1329969415409065984
1329969477262462977
1329969524624470020
1329969545994530817
1329969573714489344
1329969624822079493
1329969691444588546
1329969775242604547
1329969793588334594
1329969846621188096
1329970056843837442
1329970093976154112
1329970159646171136
1329970212066582528
1329970519068839936
1329970755929473025
1329970765685530626
1329970869402296322
1329970933998751744
1329970987236876290
1329971063548227585
1329971066886778881
1329971106141384705
1329971201612124163
1329971344918925313
1329971386303987713
1329971406084337664
1329971582815543299
1329971867936043008
1329971885589848064
1329971889591074816
1329971923644723201
1329972006784098304
1329972174313181191
1329972183485956097
1329972356211740673
1329972417385689090
1329972548189253635
1329972623896436742
1329972636600987652
1329972669983420417
1329972703034478593
1329972723896954893
1329972756608323591
1329972829966708738
1329972841454858240
1329972917472555008
1329972966256422912
1329973055100125184
1329973134787833856
1329973152055758849
1329973249573175299
1329973324638810115
1329973626087596032
1329973651895152641
1329973844195602433
1329974061615771648
1329974134168809473
1329974154280509445
1329974298807726080
1329974325986750467
1329974339073085441
1329974343342854144
1329974369150529536
1329974372493373442
1329974385571053569
1329974435663712258
1329974436192129026
1329974646687588353
1329974662563065859
1329974671207436289
1329974983406268416
1329975126947934214
1329975177753587712
1329975224310394880
1329975396562063362
1329975412802285573
1329975487637172224
1329975505853046784
1329975523532005376
1329975525637500931
1329975715022864385
1329975739819692033
1329975782085599237
1329975853028175872
1329975996074897409
1329976016366936065
1329976110000599040
1329976218603622404
1329976252204126209
1329976268813688832
1329976684251148290
1329976821480296453
1329976981841207296
1329977232526245889
1329977348045893633
1329977438978400258
1329977540811878401
1329977561305190400
1329977674320601088
1329977699042021381
1329977807863209984
1329977823185031168
1329977857691488257
1329978001048612871
1329978188932460545
1329978194292781061
1329978390716186624
1329978762331615239
1329978767972896770
1329978805893492736
1329978843453505538
1329978942493691909
1329979149977411586
1329979275257270274
1329979296245555200
1329979455931113472
1329979481348444160
1329979502525620224
1329979549384388612
1329979627129991171
1329979649674280960
1329979775683862530
1329979880121896963
1329979897259773953
1329979931980337152
1329979938917715968
1329979943036612610
1329980043540369408
1329980287250542593
1329980373988749312
1329980550552166402
1329980585582817280
1329980627337273344
1329980659197235201
1329980757159370753
1329980831402639360
1329980923396333568
1329980958737620998
1329980990584926209
1329981096499367937
1329981225579102208
1329981254653997061
1329981361436942343
1329981486536265728
1329981607458037760
1329981746297917441
1329981998878822401
1329982010622758913
1329982065954095106
1329982069456261120
1329982143901167621
1329982174825754627
1329982274306256896
1329982430078324736
1329982497313198080
1329982634743779331
1329982790302044162
1329982828847779846
1329952701229240327
1329952756694732805
1329952811992244226
1329952868133060610
1329952914492829696
1329952960806326274
1329953099125903361
1329953116788146176
1329953417649852416
1329953464294707201
1329953636332548096
1329953698491944960
1329953733460054016
1329953795644776452
1329953879287586816
1329954114567081984
1329954194070056962
1329954244007325696
1329954306653642754
1329954365772185603
1329954454033084416
1329954466414653447
1329954546269896707
1329954575789527041
1329954579815993349
1329954902467112960
1329954915356192770
1329954977637392385
1329955007140143104
1329955058251862018
1329956048250183680
1329956051324706818
1329956077153132544
1329956340828139520
1329956488631214082
1329956521896267776
1329956534760009728
1329956580498890754
1329956828269010945
1329956853145452545
1329956886649704448
1329956900121714691
1329957263822426113
1329957535986626562
1329957573890600960
1329957613266735108
1329957658066001921
1329957884512399360
1329957952199958528
1329958071859355648
1329958149780955136
1329958270342221825
1329958459031363590
1329958568670470144
1329958635674472449
1329958660861288451
1329958664875040773
1329958686140362754
1329958752485830656
1329958850338893828
1329958925932789762
1329958952411549699
1329959059466854401
1329959109395877891
1329959143143317505
1329959160176398337
1329959391341195265
1329959407749394434
1329959415332569089
1329959563018252288
1329959642881953792
1329959696782987264
1329959760200871938
1329959831504084992
1329959856002875392
1329960258920443904
1329960326536847360
1329960477728907267
1329960485819650048
1329960531868987393
1329960876032585731
1329960996308463616
1329961006198505479
1329961026859700224
1329961073756221440
1329961085194088448
1329961449347747842
1329961471720247297
1329961479424987138
1329961487411130368
1329961609838678016
1329961622505459712
1329961646677168130
1329961781528326146
1329961861454946305
1329961902655541249
1329961940668592128
1329961965507194884
1329961970041315331
1329961985694441477
1329961987338629120
1329962096403095552
1329962197011730432
1329962230222303234
1329962364255408128
1329962424452210688
1329962465690607617
1329962532686110720
1329962771136475137
1329963111156211714
1329963135642398721
1329963140461834244
1329963296573718535
1329963538895482882
1329963547724570627
1329963712497782786
1329963844496728065
1329963844974809088
1329963891317641216
1329964114555318272
1329964162739564546
1329964180649234433
1329964230401949697
1329964248395624448
1329964259703484418
1329964344524804103
1329964448937877505
1329964603799953409
1329964857731452932
1329964892518903811
1329964918217424897
1329964934784978944
1329964940061417472
1329965022718664705
1329965048144547840
1329965107737227269
1329965119904698368
1329965158144196608
1329965224951115783
1329965359584083968
1329965381130334208
1329965391540609024
1329965397227958273
1329965488458358786
1329965489192271873
1329965550911578113
1329965614375559169
1329965618402045952
1329965657895612417
1329965748563763203
1329965783196295168
1329965925098008576
1329965950360297473
1329966044086202369
1329966076256546817
1329966088063496192
1329966092299636736
1329966100780605441
1329966158364205059
1329966190043738112
1329966219106062340
1329966285913006086
1329966429223989249
1329966476825018368
1329966595209195520
1329966621641887744
1329966781050580997
1329967036764712960
1329967206067621889
1329967233796247552
1329967419457105925
1329967431301951488
1329967553389735936
1329967561157476352
1329967603192791041
1329967606682435590
1329967606581899266
1329967624063655936
1329967624583852033
1329967702945959938
1330194242640162821
1330194338974928899
1330194347376177158
1330194456033849352
1330194547817713667
1330194628109275138
1330194798054170624
1330194812574846979
1330194880015069194
1330194883789860867
1330194905461878785
1330194947597889541
1330194964123439108
1330195018024443906
1330195055278247940
1330195132369526787
1330195136660320258
1330195227068526593
1330195353958805505
1330195487174119424
1330195723527270403
1330195760328085507
1330195768335085570
1330195873389834240
1330195965572210689
1330196020202967042
1330196104147775495
1330196113643679750
1330196130207043586
1330196391910662144
1330196465919127554
1330196599218327554
1330196603139985410
1330196677224001543
1330196724871258113
1330196791774633984
1330196880131846154
1330197010646003714
1330197329153024000
1330197447507922946
1330197542466949125
1330197594061107201
1330197597215141889
1330197685694062592
1330197693692567554
1330197731646861316
1330197794737500160
1330197879328215041
1330197933757706245
1330197945359224837
1330198089429377027
1330198301715652618
1330198377913577473
1330198562886578176
1330198672160808965
1330198675461722121
1330198713818558464
1330198809234862082
1330198923080818700
1330198926784421892
1330198926868279298
1330199268926386180
1330199427122946048
1330199593775198209
1330199678688911363
1330199696585986048
1330200066632593411
1330200076904521732
1330200120386859011
1330200142390161411
1330200144449576960
1330200193535455235
1330200240020987905
1330200370199605250
1330200425430212611
1330200815550816256
1330200849461678081
1330201124440322055
1330201134552797188
1330201174931279873
1330201200977907717
1330201233802530827
1330201267277324292
1330201322218528768
1330201469451177986
1330201510987358208
1330201658232606721
1330201665799065606
1330201670362521604
1330201673038487554
1330201863514415113
1330201967902269445
1330202030682542088
1330202269535641600
1330202281967558660
1330202320852963329
1330202412263632900
1330202417439383552
1330202421486825478
1330202479649304578
1330202571168997378
1330202576906833921
1330202706951229444
1330202781798592512
1330202795295772672
1330202987768258560
1330203092713922561
1330203125421121539
1330203144203153419
1330203238549827586
1330203256526692353
1330203360847335433
1330203491009245188
1330203528359518209
1330203554120921088
1330203604477730816
1330203652661907460
1330203659297296391
1330203902101303304
1330203902243954688
1330203964709740546
1330204057126973440
1330204069156302849
1330204182121472006
1330204292909764608
1330204329966510083
1330204458849021958
1330204501425393671
1330204703716745228
1330204720296816641
1330204762067922947
1330204781869215744
1330204824156205058
1330204863188361216
1330204883157389314
1330204886743609350
1330204975931285504
1330205017081573379
1330205021674369026
1330205142566768644
1330205184702681090
1330205403129524226
1330205478232748032
1330205617936601092
1330205843212656643
1330205877723422726
1330205948971978756
1330205956999942147
1330206066475479045
1330206087052660740
1330206099371401218
1330206125254389766
1330206167323303939
1330206245744209927
1330206284059119618
1330206365093126149
1330206464703606786
1330206573101256710
1330206661915586560
1330206699689488386
1330206761987477513
1330206829243199489
1330206863288360962
1330207060663934981
1330207105886904323
1330207140238274567
1330207386850775046
1330207400859676674
1330207634239188999
1330207773095849990
1330207819572895744
1330207881573101569
1330207928796782600
1330207941400649730
1330208319156477955
1330208327448604673
1330208351402266624
1330208557057404930
1330208591085776901
1330208594873233408
1330208680281845761
1330208700678758405
1330208708551471107
1330208768085401604
1330208913107677187
1330208944132935681
1330209010176450566
1330209202808164352
1330209296311836679
1330133969355091969
1330133984752373764
1330134130059784196
1330134181645529093
1330134356690669574
1330134411099205638
1330134421228367875
1330134436898349062
1330134672081350659
1330134674983821320
1330134750623903747
1330134826117107714
1330134860011335683
1330135043604443154
1330135171178303489
1330135241139294210
1330135245149134850
1330135278124752900
1330135517338472448
1330135531498467330
1330135544588800006
1330135551299760130
1330135570178334722
1330135573550526464
1330135616202346499
1330135687820161031
1330135702244306944
1330135770288566275
1330135827737939976
1330135886261071873
1330135980951691264
1330135991538098177
1330136004888571905
1330136024702443528
1330136159180247042
1330136190415233025
1330136252297994244
1330136328403636231
1330136520624365568
1330136650131910656
1330136683715694595
1330136793648410627
1330136865379414019
1330137083424464898
1330137107730411525
1330137208578314241
1330137209081622529
1330137347028111375
1330137587038695426
1330137812595773440
1330137866282917889
1330137887120240649
1330137921496768520
1330137941591678976
1330137997229092864
1330138348657274881
1330138400125497356
1330138420631441410
1330138450192977921
1330138562252206088
1330138621995782146
1330138689478004736
1330138810039095299
1330138878112641028
1330138932785328131
1330138957649244160
1330139032198782978
1330139228232101890
1330139296897126400
1330139603291033601
1330139620898697224
1330139644743348229
1330139649122119686
1330139821747154945
1330139859814584329
1330139964168876040
1330140003117260807
1330140011216449538
1330140034591232002
1330140035157516306
1330140123057577985
1330140220608684041
1330140308244467714
1330140533281402886
1330140692694315011
1330140706162282499
1330140721316319233
1330140806712320002
1330140816082399237
1330140888153149444
1330140941659885576
1330140983405768704
1330141083330899968
1330141134992117762
1330141197583659015
1330141298427355138
1330141311224180741
1330141801391468549
1330141909575208963
1330142129318977538
1330142203260399618
1330142233983660043
1330142236781240320
1330142325461426183
1330142345950588930
1330142417601880075
1330142547537256449
1330142583335645186
1330142585734778885
1330142623739355147
1330142626952179715
1330142801175130112
1330142845756469250
1330142862340730882
1330142862412013574
1330142891860258818
1330142925523734538
1330142972311166978
1330142996206129152
1330143067182084096
1330143071061815301
1330143167866413058
1330143366470832128
1330143435962060800
1330143528878477320
1330143567558414344
1330143877974659073
1330143885927059457
1330143924531453952
1330143950003376128
1330144016499961858
1330144041510596616
1330144111161118724
1330144212227149824
1330144333857689604
1330144590612078599
1330144753372065792
1330144833713876994
1330144929796984837
1330144972805386252
1330145169543471112
1330145210425372674
1330145382630821889
1330145434661171201
1330145551338385408
1330145567473799169
1330145660155387905
1330145768209059844
1330145780955574274
1330145811095826435
1330145828166635524
1330145928146202627
1330146045851021312
1330146129783250946
1330146142517161989
1330146222976479235
1330146239833387015
1330146296808747009
1330146351536082946
1330146406892441608
1330146447719849984
1330146448063803392
1330146544708939778
1330146646060109828
1330146679186743300
1330146792260972547
1330146828281589760
1330146883747127297
1330147152996265988
1330147158310445069
1330147195547430912
1330147388531552257
1330147396769214465
1330147438338961410
1330147458828132352
1330147572820942850
1330147623110668293
1330147676994887686
1330147680950120449
1330147770322350083
1330148013210210306
1330148085222297618
1330148114423025664
1330148133788131330
1330148185193533440
1330148268479754240
1330148272086900744
1330148412352819202
1330148432045084674
1330148444271480834
1330148572831092740
1330148617466896384
1330148653462384640
1330148658130673668
1330148722899120137
1330148747293171719
1330148813890351109
1330148866252017664
1330148918445957122
1330269756595859456
1330269776795545602
1330269937743564800
1330270033218564096
1330270074712764416
1330270209257730056
1330270297191276545
1330270314564096005
1330270562032160768
1330270595251118080
1330270600619843587
1330270600615649282
1330270615710949384
1330270720530796547
1330270742320177153
1330270805314375682
1330270847463002112
1330270894174965763
1330270968741306368
1330271019542736898
1330271131870392324
1330271254159499265
1330271275693060102
1330271295016210432
1330271408904138753
1330271421248000001
1330271589267623938
1330271601707917315
1330271605939953666
1330271614550892547
1330271644141686785
1330271697816137735
1330271741046890497
1330271803030298628
1330272033171771394
1330272147248476165
1330272172691103752
1330272374403502083
1330272415264477194
1330272495795101700
1330272517282549762
1330272537402601473
1330272537998204929
1330272541814960129
1330272553470930944
1330272654264311816
1330272826394349570
1330272877808115712
1330272911324753926
1330272940844339208
1330273010943717377
1330273088798396418
1330273098692702225
1330273267064647681
1330273267597385733
1330273325831041025
1330273367455305739
1330273380591865866
1330273476956057601
1330273657126608896
1330273741075582976
1330273753461366792
1330273833979416577
1330273896122232834
1330273912626810883
1330273934433001473
1330274013873123333
1330274013902479365
1330274031057195013
1330274085117497344
1330274172988256256
1330274190805643264
1330274337283248128
1330274368677695498
1330274680599666690
1330274751584014341
1330274752242601987
1330275213771235332
1330275368255844359
1330275436388081665
1330275473398640646
1330275699987542017
1330275808557096963
1330275848046448643
1330275901075038208
1330275943391375361
1330276059091251203
1330276140653699078
1330276161180618757
1330276291111768069
1330276383466139655
1330276508934549510
1330276639918452742
1330276672776654848
1330276711175495681
1330276739600310273
1330276867358810115
1330277201254748161
1330277208997421056
1330277252190318593
1330277306804350979
1330277356779483145
1330277361703673863
1330277382020849665
1330277512476307458
1330277843172012033
1330278007160844292
1330278224300040194
1330278324992610318
1330278363009871874
1330278598314504194
1330278854712291328
1330278904221868034
1330278946953433092
1330278959100141571
1330278979237011462
1330279089916301313
1330279096836820996
1330279130110300164
1330279277644959747
1330279281453305857
1330279316383555584
1330279378127900677
1330279487897022465
1330279566754148355
1330279642738069510
1330279768022011911
1330279890504060929
1330279927816593410
1330279973874233344
1330279978739568640
1330280220822220800
1330280343514050562
1330280389097762817
1330280405598089220
1330280409565945857
1330280484971147270
1330280523470696450
1330280532224192516
1330280628244320256
1330280631801143304
1330280695105806339
1330280708296880136
1330280788206739456
1330280821199155206
1330280900819640320
1330281181821235205
1330281303871287299
1330281328663785482
1330281332287696897
1330281446523736066
1330281609753485312
1330281790263668739
1330281819741282304
1330281882873950210
1330282184083693569
1330282289251672065
1330282383766122500
1330282389407469569
1330282452615565322
1330282452775030794
1330282456881262594
1330282696044666883
1330282709013377024
1330282733759836160
1330282860075507718
1330282973690818562
1330283182068031494
1330283186048413697
1330283229132283907
1330283734021660674
1330284502346833920
1330284524538884096
1330284558735069190
1330284568121892864
1330284592214007808
1330284617220415489
1330284670840414218
1330284794626908160
1330149023991422976
1330149065066221569
1330149191050465280
1330149316493774853
1330149513575739392
1330149586929930241
1330149644429647873
1330149656794439680
1330149686351695873
1330149833689194498
1330149866874540034
1330149985028018178
1330150025758904320
1330150529381568513
1330150584712908800
1330150693739638785
1330150789797584898
1330150831522459652
1330150862224756741
1330150980374192134
1330151092257247240
1330151108845711364
1330151134091153409
1330151245588418561
1330151321337475083
1330151415029886978
1330151447640612869
1330151459888001024
1330151469203517444
1330151591236788225
1330151725148348421
1330151736980463618
1330151746010800129
1330151783071617024
1330151800083771394
1330151884741554179
1330152196458098691
1330152198416830464
1330152211138170883
1330152223788167176
1330152253014073349
1330152327978901506
1330152382987194374
1330152420819808259
1330152572347420685
1330152651997253634
1330152680422060038
1330152689049735172
1330152781563514882
1330153078897709057
1330153117829226497
1330153125639041025
1330153296930217984
1330153335362621440
1330153418695073795
1330153502962757634
1330153562685509636
1330153590271455235
1330153657464201219
1330153682663575559
1330153854999158785
1330153965275783171
1330154165339901959
1330154175053901827
1330154320168415232
1330154342985441283
1330154370374176769
1330154498141130755
1330154509939716109
1330154593993568258
1330154774927450113
1330154823656894468
1330154850068406273
1330155008831213569
1330155068486774791
1330155167468179459
1330155235076169730
1330155344945958918
1330155348402069514
1330155369377771522
1330155395243970564
1330155472557645831
1330155591759749122
1330155601129861120
1330155705022763010
1330155876699803648
1330155961512812547
1330156162180915204
1330156187288014848
1330156203473821696
1330156272080056321
1330156284637831183
1330156368733605888
1330156497213517824
1330156628478480390
1330156653203902464
1330156670459252757
1330156698607226882
1330156727740854274
1330156740525109253
1330156891322912771
1330157177252810753
1330157278754910213
1330157378734592010
1330157488356864002
1330157495621480454
1330157551900561408
1330157595978584065
1330157838279258112
1330157911079841799
1330157995548925956
1330158196560977927
1330158223169626113
1330158493408632844
1330158515915272195
1330158607850205184
1330158826113396746
1330158900042231811
1330159028161404932
1330159589665411072
1330159596825145344
1330159613711425536
1330159715272302595
1330159782007861250
1330159836538032131
1330159924840706048
1330160595501453315
1330160595774148609
1330160603181277193
1330160822069436417
1330160930777411590
1330160973332811786
1330161027011506177
1330161229290233856
1330161257761083403
1330161312551358472
1330161602776215560
1330161678105894915
1330161739967696897
1330161740672339974
1330161761027239941
1330161766140096516
1330161812675960839
1330161942338662405
1330162081237176325
1330162118637875201
1330162131338190850
1330162156927651840
1330162379376750594
1330162839277985795
1330162939828047874
1330162973818695683
1330163108770439174
1330163234507280395
1330163293072318465
1330163459833597956
1330163521385095168
1330163526850244609
1330163673894166531
1330163703942180866
1330163901032501253
1329982954353922049
1329982968161562630
1329982983206555649
1329983084394127360
1329983163775541248
1329983196918734849
1329983214761373697
1329983260617814020
1329983344734420993
1329983394873298945
1329983644040114177
1329983691137839104
1329983794007433216
1329983868741570562
1329983880837931008
1329983881643175936
1329983961267892225
1329984011880435712
1329984053433364482
1329984069468266497
1329984174367920130
1329984262443962369
1329984321634131968
1329984329846386688
1329984402235875328
1329984548386582531
1329984753869623298
1329984819527237633
1329984987815313408
1329985077724344320
1329985134951620615
1329985189464985600
1329985221744349184
1329985317877780491
1329985391156482052
1329985450682048522
1329985496190251011
1329985521234403329
1329985618479247362
1329985777921650690
1329985870074667009
1329985894997053442
1329986133137100800
1329986196680839169
1329986322736431106
1329986322979688448
1329986356207001600
1329986423814975488
1329986725054124035
1329986783212425222
1329986821250445314
1329986846328201216
1329986930352615424
1329987018785484800
1329987113719369730
1329987219336036353
1329987220216930305
1329987256845697024
1329987257772560387
1329987303171780609
1329987374554750977
1329987438211706880
1329987543631269895
1329987631543934976
1329987679069433857
1329987837454782465
1329987860833787904
1329987861488218116
1329987898859425792
1329987986688241664
1329988033878372352
1329988121883185153
1329988130368262144
1329988143177748491
1329988339102064640
1329988348044337152
1329988386405425153
1329988427014688770
1329988428633542657
1329988573987295234
1329988599090085888
1329988616962109449
1329988683634778113
1329988713116540928
1329988759904018432
1329988804581711872
1329988813326782465
1329988856771436548
1329989136929918976
1329989224989245441
1329989347265945606
1329989349983842304
1329989626656927744
1329989639705341952
1329989682583597057
1329989959080693762
1329989985089576960
1329990042291408896
1329990079733854210
1329990094078566400
1329990113875554305
1329990177260003331
1329990197711351809
1329990214920572929
1329990260147810306
1329990298743808002
1329990316422787072
1329990327122464770
1329990428997734400
1329990512028176385
1329990704957956097
1329990713166209026
1329990810272735233
1329990815893032961
1329990827410665472
1329990931177730054
1329991027881615361
1329991187793661954
1329991233775624192
1329991419340140544
1329991649175322625
1329991703781122049
1329991842272776195
1329991933847080961
1329991985218904066
1329992111240966146
1329992169499865094
1329992241738182661
1329992257261481984
1329992375645712390
1329992471393300480
1329992548991975430
1329992585067290631
1329992655942549504
1329992727174524928
1329992760569384960
1329992852131225601
1329992857894215681
1329992886138466305
1329993084248133633
1329993133678075906
1329993188334055424
1329993273134485504
1329993295318147075
1329993315811536897
1329993343376486401
1329993376385654785
1329993403300364289
1329993487954141187
1329993519973363713
1329993548423303169
1329993641029414912
1329993720767205376
1329993793194508289
1329993955337973762
1329993998761529344
1329994056705863686
1329994107222159364
1329994110594375682
1329994237157408768
1329994396008292352
1329994483619008522
1329994672505298944
1329994681564983296
1329994728146919425
1329994997530300421
1329995017289674753
1329995097409204225
1329995188908007425
1329995488054001666
1329995605192581125
1329995640844263424
1329995687581405185
1329995717708980227
1329995761065615366
1329995776836165632
1329995906884710400
1329996090305810435
1329996183448653825
1329996300079796226
1329996464550936582
1329996705501224960
1329996807569616896
1329996876364607491
1329997067582910466
1329997087975632896
1329997105105170432
1329997123916505088
1329997277423874051
1329997314619035648
1329997442117373953
1329997453425213442
1329997538607263744
1329997569586413569
1329997815163084801
1329997827498332161
1329997855482929153
1329997902840737792
1329997923128664064
1330209504902995968
1330209514281439240
1330209555192668160
1330209581046386695
1330209618480558080
1330209698805637124
1330209773803986952
1330209823959420929
1330209978611806214
1330209978821570562
1330210054759444481
1330210541625892870
1330210558315016193
1330210624937340930
1330210865098989568
1330211072305934345
1330211136629858306
1330211174458281984
1330211229386895362
1330211245979561987
1330211280335069190
1330211300656492552
1330211439571849216
1330211597562863619
1330211798834876421
1330211900408393728
1330212068000223240
1330212093149196290
1330212118524809220
1330212441905639429
1330212451644821506
1330212474335989761
1330212709007306754
1330212822295453697
1330212914649853953
1330212990088523779
1330213040558641155
1330213065875460111
1330213133537988609
1330213203331198987
1330213292409819137
1330213301431791616
1330213305827422208
1330213407061143558
1330213741250699264
1330213917918961668
1330214019089707013
1330214047191588864
1330214059724124160
1330214090208407555
1330214145145368576
1330214150971269121
1330214262426492930
1330214379875348480
1330214408237305859
1330214529775579138
1330214571437682688
1330214613368135680
1330214705722515462
1330214710596292612
1330214799217750021
1330214840229564416
1330214905396547585
1330214966322982914
1330214978687815684
1330215024544067585
1330215126415400962
1330215305470222336
1330215536022736897
1330215666759168001
1330215671238627332
1330215692520534016
1330215792265322505
1330215976890212355
1330216111137312778
1330216179139534856
1330216200077529088
1330216228284194820
1330216300187181058
1330216321938837507
1330216341505269760
1330216346383167495
1330216391664934919
1330216463387463688
1330216648243023886
1330216748566646791
1330216757680803849
1330216966339047429
1330216983372173314
1330217047092043776
1330217126322376708
1330217164889067529
1330217332204036101
1330217437065850880
1330217587943333889
1330217621762019328
1330217692121493516
1330217811055087617
1330217982459514881
1330218033512591362
1330218329869586436
1330218388732465152
1330218409854988297
1330218439894556682
1330218754794541056
1330218792098607111
1330218811807703042
1330219059963629576
1330219061071007745
1330219183930535938
1330219319297536008
1330219583664517128
1330219617533521922
1330219618309464065
1330219684352946184
1330220087966625796
1330220138528976898
1330220263653470226
1330220272369197061
1330220365264670722
1330220602809065478
1330220746405273601
1330220884762775554
1330221091105755143
1330221130070827016
1330221232902590466
1330221250191515657
1330221534460469254
1330221585584840706
1330221676970319875
1330222066776354817
1330222080416210946
1330222160850415617
1330222175823998986
1330222217523834883
1330222316500955138
1330222424672133124
1330222436130893827
1330222436403585036
1330222440346243074
1330222557996462081
1330222578858926082
1330222580175958020
1330222616083369984
1330222716851458050
1330222763655761922
1330222906266279936
1330222956409188354
1330222981595979776
1330223028735717378
1330223322030862338
1330223376552632330
1330223586594918402
1330223607323222021
1330223702714232833
1330223728366673920
1330223732187680769
1330223807307591685
1330223899699781632
1330223913389973504
1330224075650830342
1330224365787549702
1330224420229681152
1330164056506949641
1330164119182381058
1330164244218785799
1330164327819702274
1330164450851237894
1330164520803831809
1330164639838203907
1330164814652592134
1330164818477723650
1330164826400763909
1330164885913808899
1330164912237240327
1330164936031481856
1330165004201578498
1330165175098478595
1330165222431141891
1330165511431352324
1330165522923728896
1330165669892067331
1330165971223523330
1330165997685403657
1330166052739756041
1330166156704018437
1330166177713229824
1330166313206083587
1330166346575978496
1330166408215486465
1330166442482946049
1330166483725524993
1330166517720363024
1330166647857049603
1330166690341154817
1330166701653159938
1330166761757552646
1330166846054686720
1330166992599461888
1330167075843747844
1330167079220162561
1330167105677824004
1330167113944850433
1330167117329674242
1330167221977493504
1330167335966138371
1330167416895266818
1330167478236950541
1330167532217634818
1330167614816051205
1330167777018195972
1330167940054921225
1330167948242194435
1330168007939723266
1330168208423342083
1330168492759412742
1330168494349033479
1330168510572531717
1330168603006685197
1330168635407659009
1330168778580221952
1330168782069886976
1330168888496152576
1330168904992370691
1330169019094216705
1330169055890853902
1330169080448475143
1330169164464578560
1330169211394666497
1330169219288326146
1330169450969133061
1330169458019737604
1330169543151464452
1330169558460739585
1330169702103052291
1330170037567709188
1330170062347636737
1330170275128877058
1330170318917427201
1330170409816297476
1330170574438604806
1330170598316707847
1330170644672237572
1330170653081792513
1330170712506724354
1330170725727166467
1330170812188463109
1330170850889392142
1330170855108849665
1330170879972700169
1330170960780156931
1330170989188157446
1330171141110034434
1330171177638256644
1330171373537415171
1330171417686577153
1330171487924457474
1330171551564652544
1330171677402128386
1330171693768257541
1330171715217920002
1330171722495119362
1330171755911143425
1330171811754086400
1330171858365411333
1330171873641062402
1330171933082722311
1330172203946610691
1330172235861155841
1330172285311967233
1330172397631266816
1330172617349885957
1330172662291849217
1330172700879425541
1330172757817036802
1330172758991527939
1330172833876611073
1330172833876545538
1330172998003929089
1330173082280091649
1330173090001727488
1330173346005266433
1330173358521131013
1330173417727938561
1330173556542627841
1330173644098637828
1330173824424419331
1330173870633086976
1330173875011923970
1330173908998381568
1330174046135312385
1330174073561812992
1330174079702355974
1330174151810838528
1330174298309398530
1330174315610972172
1330174456657022982
1330174460247367688
1330174483609640960
1330174525674237953
1330174806780760066
1330175112025419778
1330175142060810240
1330175178572242945
1330175363171962888
1330175367458545675
1330175540230316038
1330175741682733062
1330175959123816451
1330176232063963150
1330176260954337282
1330176261864493058
1330176294781411338
1330176303362928643
1330176369708425216
1330176400779784201
1330176501451526149
1330176521051525124
1330176546322214913
1330176551032401920
1330176609052192768
1330176668045086734
1330176801411362816
1330176954297880576
1330177138234953730
1330177146048884738
1330177150838824960
1330177251095285763
1330177315872108548
1330177427402854407
1330177448433037313
1330177532264652806
1330177595762216966
1330177608441589769
1330177645972172802
1330177670102085640
1330177817468919809
1330177875258073094
1330177883940253696
1330177910267842560
1330178082192363524
1330178100097855488
1330178366318792706
1330178482853310465
1330178508090466308
1330178518320357377
1330178521625485321
1330178533524709376
1330178678073012231
1330178777918427138
1330178853059358720
1330178874240622592
1330179075844005890
1330179125793972226
1330224655244857346
1330224759498551298
1330224776107991042
1330224893737259010
1330224898644512772
1330224996157952000
1330225058862804993
1330225293504770055
1330225351075778565
1330225495028404230
1330225683205922826
1330225699404341254
1330226077298515975
1330226106964865029
1330226173994029059
1330226273453531138
1330226278503510018
1330226437824139265
1330226534578352131
1330226605885632515
1330226886841151491
1330226898996170760
1330227112704356356
1330227133348712454
1330227289414660099
1330227314714693632
1330227356078919680
1330227398181261325
1330227629501374474
1330227660803497998
1330227695020544005
1330227980463992839
1330227982020055047
1330228103227072513
1330228178229538818
1330228269975810054
1330228291404500998
1330228341660585985
1330228367598231557
1330228471688261632
1330228487890874369
1330228585169301506
1330228618556035072
1330228624331595776
1330228741218459650
1330228753411285000
1330229012657041408
1330229105422442509
1330229203019718658
1330229461850222592
1330229545987960832
1330229760283308033
1330229863475793920
1330229970199834630
1330229995441172484
1330230007055126528
1330230228787093504
1330230233967054848
1330230300698406912
1330230351873138693
1330230367467565056
1330230580894699522
1330230645801562113
1330230809127755779
1330230854711435272
1330230972068073478
1330230984328048645
1330231026539515908
1330231185310687233
1330231270341799938
1330231362134159372
1330231370476564480
1330231483378917384
1330231528861949958
1330231630607380480
1330231818977685505
1330231987106418695
1330232011630514178
1330232083118252034
1330232104270110721
1330232465135456257
1330232537101307906
1330232662301216769
1330232666449383424
1330232732958461954
1330232934771679235
1330233051780091907
1330233139554291713
1330233173259726848
1330233560268230656
1330233584817410048
1330233782398578689
1330233790162145280
1330234004315000848
1330234017170526214
1330234046497116164
1330234092454109185
1330234100482011141
1330234293197692929
1330234550526627842
1330234596659752962
1330234708085641222
1330234720916025351
1330234907138912267
1330234943545487361
1330235015481995266
1330235106821337090
1330235173988872192
1330235266125209606
1330235271363833862
1330235371884589058
1330235389148336131
1330235456101945350
1330235632388612099
1330235661870313474
1330235798587928576
1330235816006873092
1330235827667034114
1330235836646961152
1330235900404658176
1330236080281579527
1330236110333730823
1330236360960208900
1330236458171588611
1330236563691876352
1330236579714097153
1330236588157186059
1330236789869699077
1330236902503542786
1330236952818446339
1330237037031673862
1330237245455015936
1330237258750898176
1330237258952286212
1330237347502362632
1330237368931069964
1330237699098374148
1330237775686356996
1330237794808180738
1330237812612980739
1330237837371990019
1330238000886931458
1330238168617136132
1330238282152747008
1330238362171609090
1330238374725214208
1330238387350081536
1330238500730494979
1330238698470969345
1330238702363275269
1330238743522009097
1330238832336363521
1330238928562102274
1330238950011777030
1330239074851041284
1330239124591288323
1330239137958555651
1330239161329135626
1330239184548794373
1330239222264045570
1330239315159420929
1330239439948353537
1329997977713319936
1329998023871623171
1329998085481750528
1329998338716909568
1329998455775834117
1329998482648739842
1329998485647548416
1329998520330326016
1329998565385662464
1329998901865185282
1329999120090746883
1329999166492307456
1329999198314504193
1329999354376069121
1329999383056805889
1329999571347517442
1329999576112230404
1329999602976772096
1329999660979728385
1329999694483894272
1329999719775526912
1329999812134010880
1329999920569475074
1330000065029521411
1330000245669806080
1330000252452155393
1330000433218166785
1330000468995690496
1330000478919397379
1330000570967609346
1330000575019225089
1330000734545391617
1330000734977404930
1330000739607801857
1330000902900604930
1330000957527101442
1330001020026384386
1330001165380169728
1330001640645144579
1330001646139682817
1330001800678633478
1330001803518365698
1330001823705382913
1330001892966019073
1330001991397900289
1330002014084984833
1330002131101884416
1330002225846894592
1330002529178906625
1330002613316722689
1330002658539810823
1330002691897126917
1330002991760465921
1330003031736377344
1330003078616113153
1330003124292083712
1330003224644947968
1330003263039672320
1330003525028483074
1330003704964059136
1330003713226903553
1330003737377529858
1330003765806714880
1330003892608790528
1330003892923478017
1330004002692493313
1330004056455090177
1330004237288235009
1330004244238307329
1330004333203759110
1330004449918640129
1330004479773732865
1330004555669626881
1330004677845524480
1330004693070860288
1330004732396580865
1330004828446203905
1330004891494969345
1330004999607291904
1330005046583455748
1330005078804226048
1330005318424784899
1330005552370491392
1330005619399663616
1330005645072986114
1330005666786803714
1330005873868070912
1330005978910113792
1330006090440876033
1330006182128459776
1330006257718218753
1330006379176845313
1330006396927143937
1330006610144600066
1330006728365191168
1330007190791401473
1330007209275658241
1330007239432826885
1330007273851252736
1330007278632636419
1330007465778298880
1330007466038452226
1330007504709967872
1330007536595054594
1330007607814344704
1330007685966675970
1330007742296195072
1330007793965748224
1330007801821802497
1330007817370144769
1330007818833956865
1330007859581554690
1330008059712659465
1330008090360438784
1330008098740703234
1330008217783463938
1330008347450499078
1330008564262440965
1330008576706875392
1330008578967568385
1330008674492932101
1330008884791169025
1330008900557443080
1330009086138658817
1330009194825732096
1330009256087543810
1330009652524961793
1330009860927176704
1330009974907420673
1330009974924333056
1330010062102933504
1330010086698315776
1330010120206626819
1330010167933591553
1330010201315971073
1330010204994478080
1330010272153669633
1330010577364652034
1330010761817714688
1330011081188761605
1330011300840304640
1330011304548044800
1330011339096350721
1330011509255245824
1330011564313882624
1330011584027111426
1330011651949654016
1330011865297154049
1330011945764872192
1330012130012131329
1330012154599235585
1330012188128342016
1330012205383761927
1330012403904503809
1330012562537156608
1330012566727389184
1330012604484505601
1330012722034040832
1330012766820659202
1330239717720403968
1330239766034599936
1330239815279906821
1330239888562806784
1330239923019010052
1330240044796424197
1330240187054649345
1330240463836770311
1330240485043134466
1330240580857843716
1330240662659358723
1330240739809374208
1330241664397545473
1330241671108452352
1330241759989944322
1330241771838853124
1330241847407628292
1330241927556567041
1330242023593566220
1330242094804459524
1330242136701284356
1330242237737955334
1330242505519067136
1330242727964012544
1330242816178610177
1330242824785305614
1330242984651186177
1330243051042770948
1330243210522873866
1330243274230140935
1330243425338273795
1330243564039778308
1330243647758094337
1330243836136845312
1330243924494049281
1330243953225060358
1330243991615442945
1330244037740212227
1330244041032798209
1330244070707499009
1330244076000702467
1330244137652793347
1330244187330113536
1330244376304492546
1330244532861022208
1330244599194017794
1330244826110062604
1330244831214493708
1330244885530734593
1330244902647640066
1330244985594257411
1330245097921929216
1330245124031385609
1330245131333677064
1330245203865853956
1330245383444975623
1330245429263527947
1330245656754196483
1330245715357036548
1330245747879653381
1330245869241819139
1330245895099731975
1330245912057286668
1330245971981316098
1330245999621758976
1330246030043000834
1330246271647555587
1330246292992364546
1330246374311522304
1330246498379046913
1330246511314264070
1330246558625959937
1330246667879272450
1330246771197566980
1330247065029533696
1330247110034403338
1330247119249285123
1330247233229508611
1330247297859465225
1330247370769133568
1330247385428193282
1330247396341723137
1330247664504606723
1330247665251135489
1330247817407946754
1330247838236880898
1330247861775306755
1330248299127988225
1330248433295351816
1330248528942292993
1330248596588011522
1330248641718661121
1330248675667435530
1330248734119227392
1330248743782854660
1330248801215533059
1330248812691124225
1330248860627767296
1330248893532147714
1330248911232114702
1330248940235722753
1330248986628911111
1330249078614204416
1330249103247335430
1330249198726504451
1330249238857592837
1330249334353514497
1330249346273644544
1330249468227235841
1330249477714751490
1330249481225461762
1330249510816190471
1330249527803203587
1330249547898101760
1330249551966576648
1330249560413917191
1330249598208716800
1330249698905624578
1330249774205980673
1330249989155655686
1330250086039900161
1330250154998439937
1330250248288137220
1330250420304875521
1330250487615148035
1330250801718157312
1330250810106798085
1330250893397266432
1330250966554320897
1330250970442436609
1330251083256635393
1330251096288321539
1330251128966148099
1330251183563411459
1330251238156472321
1330251263045406720
1330251423553105920
1330251431702622209
1330251582328467458
1330251625173307399
1330251628973346822
1330251737089925129
1330251795784929284
1330251880916717568
1330251909781991425
1330251939016269831
1330251973548007427
1330251984922955781
1330252032066936836
1330252061217263623
1330252230914609154
1330252282714353665
1330252284098469890
1330252299877445634
1330252341799493635
1330252400775589891
1330252417116610560
1330252487220146178
1330252563883696129
1330252568648421378
1330252572507115529
1330252589024374793
1330252647908184066
1330252787117154305
1330252823951511559
1330252891177758720
1330252916997943296
1330252940678979586
1330252954037837828
1330253005300576273
1330253134262906883
1330253311166062592
1330253323543437312
1330253452983857152
1330253520956690433
1330253746920681474
1330253872418394118
1330253880446357505
1330253986159620099
1330254010641756176
1330254040257736704
1330254086881546242
1330254179902906369
1330254281195327491
1330254296781352969
1330254392356970500
1330254427006128132
1330254523760308233
1330254527338078214
1330254561592954881
1330254569876623364
1329937592117301249
1329938070955831298
1329938171262590977
1329938225658355712
1329938524615942145
1329938536041164801
1329938574146490369
1329938620959109121
1329938653775343616
1329938774881660928
1329938804849876992
1329938868112478208
1329938946994876417
1329938951747100673
1329938972382998530
1329939060845109251
1329939195834544135
1329939228399112192
1329939261534085120
1329939426311512064
1329939480262758400
1329939928906690562
1329940104509497345
1329940238869868544
1329940239729766403
1329940242892156929
1329940247896010753
1329940356914241536
1329940465253281792
1329940646325592067
1329940683843653639
1329940692349710336
1329940809198698497
1329940969614086144
1329940990703136768
1329940993953579008
1329941040766205952
1329941061997834242
1329941182366035968
1329941199344463872
1329941237328179208
1329941808600797185
1329941909394124801
1329941976033222658
1329942034606665731
1329942067943010304
1329942109265260549
1329942127007182851
1329942174008553474
1329942202735321088
1329942457589624832
1329942470742904837
1329942542113189890
1329942726096220161
1329942781100498944
1329942819176407040
1329942823047577601
1329942869604528128
1329942877196201984
1329942906816385031
1329942910821937152
1329942923497123840
1329942940748288001
1329942986503884801
1329943011422203905
1329943057865826304
1329943187784409088
1329943460212826113
1329943502940147714
1329943514537345024
1329943582023696384
1329943654061006849
1329943804225449986
1329943858944172032
1329943943421825026
1329944048312987651
1329944060275027968
1329944148602851328
1329944421366960130
1329944664573685760
1329944665030791171
1329944722924654592
1329944957659000833
1329944961844801538
1329945028936884224
1329945059026939905
1329945096381456386
1329945218553155588
1329945444194136071
1329945478704881666
1329945612507295744
1329945960961638400
1329945990288195586
1329946095481466880
1329946111293919236
1329946341435265025
1329946463812554752
1329946468535431169
1329946484259885057
1329946534604140544
1329946547287625729
1329946782659383298
1329946811189121025
1329946815509258247
1329946959583522818
1329947008996581376
1329947159370878978
1329947294721073154
1329947314539163648
1329947452699521025
1329947466674839552
1329947516595474433
1329947587709865984
1329947608312385541
1329947692936564736
1329947831243780102
1329947856158027783
1329947857122598914
1329947923459809281
1329948057467817984
1329948069945741312
1329948104263610368
1329948137813839874
1329948419545153536
1329948510444195841
1329948652974927872
1329948834039013376
1329948942017175553
1329948967837155334
1329949126415544321
1329949240387379201
1329949357274243075
1329949369920000000
1329949676691464192
1329949680751538176
1329949739312435200
1329949759746973696
1329949822875385858
1329949840814579714
1329950028966879233
1329950058192773121
1329950188304216065
1329950309553094656
1329950384836673537
1329950590630305794
1329950632413892608
1329950646007721985
1329950742589927425
1329950822390755329
1329950846755295232
1329950909284147214
1329951031485034498
1329951098359091200
1329951103459454976
1329951131922001921
1329951224322531329
1329951407181590529
1329951567487922180
1329951605928595456
1329951715395731456
1329951731686526977
1329951824313520136
1329951840931287040
1329951844630736897
1329951911466987520
1329951928491659268
1329952012780199937
1329952340061859849
1329952440926556160
1329952520677056514
1329952524233711617
1329952532274274304
1329952621428404226
1330179432015917064
1330179477347950593
1330179536311480323
1330179684408176643
1330179764435476486
1330179780520579073
1330179843519107075
1330179872011014144
1330180095567409153
1330180145211174915
1330180155206230016
1330180312370974720
1330180333594095616
1330180372525682691
1330180372550852608
1330180384806547456
1330180417891209227
1330180427936624640
1330180568861073410
1330180582551277569
1330180593452281866
1330180610774736897
1330180618752286725
1330180690500083721
1330180891239473164
1330180905185529859
1330180929361506308
1330181151974187008
1330181171448344579
1330181231120699399
1330181281284558852
1330181335714029576
1330181336687144962
1330181377770328067
1330181465917763590
1330181555831140352
1330181567516471300
1330181621518131201
1330181626505072640
1330181684533354504
1330181843795255296
1330181850636185602
1330182066957389834
1330182146506579968
1330182317260812288
1330182384273285121
1330182481023262723
1330182518474235907
1330182611470327808
1330182680449847310
1330182732937355268
1330182749337088003
1330182829184077824
1330182926995251201
1330182954346274816
1330183266343809029
1330183596791959554
1330183623031533573
1330183686508187655
1330183724336603139
1330184289514872838
1330184305717485570
1330184339737473032
1330184390819926030
1330184423992594435
1330184509267054600
1330184509262860290
1330184561523875847
1330184583141273600
1330184600178593793
1330184952416231424
1330185022838611970
1330185287192993796
1330185371750182925
1330185397125713924
1330185409691852803
1330185455250378753
1330185485571026945
1330185551375458306
1330185577157758978
1330185605398097933
1330185812588306445
1330185836185391106
1330185975943794692
1330186016393732098
1330186025910628361
1330186100351053827
1330186202046214149
1330186247814467591
1330186256458854402
1330186369721913344
1330186469613441026
1330186684877725706
1330186763663515648
1330186772517687309
1330186809909907457
1330187019780300802
1330187031377567744
1330187103502786560
1330187129171963908
1330187169982509057
1330187237598834691
1330187249695281153
1330187329877766144
1330187359086927873
1330187385561354242
1330187433925873666
1330187514360066049
1330187623177089031
1330187988068921346
1330188022906818564
1330188122710286341
1330188207330308098
1330188401430159374
1330188404512927747
1330188407402868743
1330188470476828672
1330188471328268289
1330188572163510278
1330188813679923205
1330188953287356420
1330189023890071553
1330189078671872003
1330189230123986945
1330189339809239040
1330189385023836160
1330189518759145472
1330189574144974848
1330189593870815240
1330189598560047107
1330189778873167877
1330190026341294087
1330190107706613774
1330190111095615491
1330190145405014017
1330190173632679939
1330190211645661196
1330190232482963459
1330190571626000385
1330190601195839495
1330190703071277059
1330190748382355461
1330190912073453569
1330190950187077638
1330190958407905286
1330191088729075715
1330191116273070082
1330191147663290371
1330191192370319361
1330191537456762881
1330191541512626190
1330191617240784910
1330191637193043968
1330191654943387651
1330191814150791169
1330191848653148162
1330191865786851329
1330191872074149891
1330192056409534465
1330192083416735745
1330192258541506566
1330192316108320771
1330192433959882754
1330192619104825358
1330192774352826370
1330192824336257026
1330192853293817862
1330192926782218247
1330192984181252099
1330193042817626114
1330193130352758786
1330193203019083776
1330193407780806666
1330193444418056195
1330193529386250242
1330193596969082882
1330193815026675720
1330193838581936130
1330193915325132800
1330193932693680132
1330194125023551491
1330194213036810247
1330254677850591240
1330254707227504643
1330254711249891334
1330254736075988996
1330254828501610502
1330254867730927616
1330254954582437891
1330255008856682496
1330255098040246278
1330255190130364425
1330255323639246849
1330255411824439299
1330255412403331073
1330255475225620480
1330255520784117761
1330255550265892869
1330255626098905092
1330255655710695430
1330255705102807040
1330255987085815808
1330256032669585417
1330256133957808134
1330256150160420867
1330256184448847879
1330256199892262912
1330256218804334592
1330256243303309315
1330256310227578887
1330256363910524935
1330256691087159299
1330256729616093187
1330256764852375564
1330256779838676994
1330256833806798848
1330256862839775232
1330256871358406658
1330256952023273476
1330257189798371330
1330257211420008451
1330257245247049730
1330257485350006784
1330257843962916864
1330258025542717448
1330258033545523201
1330258271962279939
1330258280296407044
1330258403231469570
1330258622010552328
1330258650393407488
1330258809982492672
1330258863250149381
1330258927632658435
1330258964257398784
1330258965247238151
1330259094511476738
1330259220017655810
1330259450310107143
1330259486368542725
1330259544052817923
1330259576709672964
1330259644737081348
1330259840510341122
1330259849540759554
1330259857790951426
1330260033926549507
1330260113970638850
1330260227028099077
1330260256149164032
1330260328257609730
1330260378610257923
1330260378815778819
1330260395471331331
1330260487142076416
1330260532297945089
1330260542041317378
1330260818626277380
1330261011987902467
1330261027901091848
1330261044552495106
1330261268100485135
1330261342025027586
1330261363596419073
1330261556563746820
1330261572799918080
1330261686721384449
1330262051101569025
1330262144638660614
1330262302923296768
1330262353858981891
1330262794202124289
1330262797788336130
1330262948540018689
1330263087002382336
1330263108762423298
1330263314765672448
1330263326794903559
1330263388870615046
1330263644689604619
1330263694501158914
1330263717041336327
1330263796905086981
1330263896670744577
1330263925959618579
1330264023036727296
1330264049142165506
1330264136643702792
1330264223751008257
1330264266537054208
1330264304961122304
1330264430060433411
1330264580195545088
1330264579604099076
1330264623816335361
1330264660797485056
1330264710156054531
1330264807098953729
1330264861222244356
1330264877391372288
1330265017149743106
1330265022023544834
1330265045805264903
1330265113748774915
1330265121403367427
1330265147391307779
1330265185207152640
1330265231214383106
1330265319886245890
1330265331886149634
1330265436596948999
1330265544382148614
1330265568813920258
1330265645607481350
1330265839367557126
1330265910557466626
1330265964248772608
1330266041025441792
1330266133660831747
1330266196260818954
1330266309049856004
1330266434916802568
1330266455003324418
1330266484959047682
1330266535823282178
1330266572628381697
1330266691541069826
1330266694372167681
1330266887733866501
1330266900304105474
1330267114519846912
1330267130340794373
1330267307868893185
1330267308208611336
1330267331944177665
1330267714854801408
1330267889874644996
1330267892986884097
1330267938587340802
1330268124625637377
1330268175158665217
1330268275679375360
1330268431925522433
1330268473268768772
1330268489307844609
1330268591338516487
1330268770993102856
1330268933224624129
1330268971891892225
1330269173549772811
1330269190352211968
1330269269540671489
1330269354211086343
1330269378458349570
1330269391985012742
1330269509387751427
1330269581055832068
1330269651570405378
1330269706746474502
1330269732084322305
1330013192567787523
1330013223504982016
1330013350563024896
1330013391629463553
1330013421060894720
1330013427327258624
1330013572848627714
1330013632923643906
1330013744915763200
1330013895990374400
1330013920619233283
1330013976097415168
1330014239084437505
1330014453337894913
1330014547609071617
1330014584510455814
1330014870503260161
1330015098912583681
1330015128616628236
1330015372758671360
1330015535522869249
1330015557618454529
1330015872421773312
1330016035051892737
1330016316128960512
1330016466393915392
1330016504675405825
1330016512585969664
1330016575844388864
1330016627442688001
1330016682098700288
1330016706576613376
1330016893235826688
1330016920783863809
1330017030217494528
1330017041038786562
1330017063549722624
1330017133191860224
1330017168352751617
1330017478425120768
1330017557865066497
1330017612076617728
1330017939404288000
1330018048003207169
1330018070404980736
1330018226458165254
1330018462714957824
1330018593128534018
1330018728470261760
1330018757826146305
1330018817402150913
1330018896447934465
1330019206004240384
1330019236031455233
1330019305736470528
1330019349290217474
1330019351957811200
1330019534414209027
1330019607957172226
1330019621261381634
1330019667247833088
1330019676152184832
1330019701905182721
1330019895300345858
1330019938946469890
1330020099483443200
1330020245382328322
1330020263006769152
1330020304924536832
1330020579722792960
1330020657460023296
1330020692365029377
1330020733506920453
1330020868743901186
1330021226769772545
1330021241026207744
1330021248701779968
1330021334236221440
1330021432391135232
1330021632321101824
1330021640466538496
1330021668404662272
1330021719797616640
1330021811753455617
1330021890711293955
1330022084282523650
1330022202209566721
1330022262750244864
1330022329934520320
1330022365678460928
1330022494288236545
1330022519156432897
1330022587896827905
1330022641642598401
1330022647359565830
1330022667592765441
1330022999962112002
1330023013652131841
1330023053565235200
1330023059655323648
1330023122372706307
1330023224881516545
1330023521309708288
1330023576188186626
1330023599256834054
1330023620354007040
1330023683717357572
1330023724779757569
1330023778013876227
1330023907538083841
1330023955932061696
1330024004090953728
1330024113285582848
1330024157325774848
1330024455255568384
1330024822064041986
1330024995636928515
1330025066910793728
1330025144241197063
1330025170841473026
1330025199769620480
1330025242027118595
1330025356380819458
1330025436416339969
1330025482528677890
1330025691388194816
1330025698480807941
1330025720299589632
1330025771797270532
1330025981239828484
1330026006778875909
1330026388825513984
1330026421067018240
1330026480106151936
1330026559575613440
1330026627108139010
1330026811720396800
1330026940133224448
1330027076070543361
1330027097574793216
1330027687012917249
1330027711142608896
1330027801475383296
1330118767100235777
1330118789992763403
1330118961279741962
1330118977666822150
1330119287336546304
1330119317376143364
1330119381045612550
1330119566815617031
1330119894944411649
1330120010430341121
1330120167989391367
1330120643308875776
1330120751865851907
1330120787873951749
1330120788830269444
1330120898008018947
1330121190627794944
1330121270831292416
1330121347402436608
1330121402972778499
1330121422023307267
1330121488633106443
1330121816346603523
1330121850551226371
1330121918129852417
1330122085893607424
1330122288457539585
1330122331042295809
1330122626329665538
1330122790427631617
1330122849609265153
1330123028425039873
1330123089791823877
1330123093734518789
1330123111837143041
1330123247850053635
1330123442771914755
1330123448924991490
1330123607394148353
1330123875242348547
1330123992087359496
1330124012266065922
1330124038321156099
1330124081438601218
1330124132156104711
1330124365246189570
1330124446108184576
1330124828221845507
1330124852297166854
1330124951739887617
1330125017401749508
1330125103309402112
1330125216543084547
1330125397086892039
1330125430045745152
1330125548752875523
1330125742634635266
1330125825006575616
1330126038748311552
1330126094498996226
1330126104057835523
1330126180712919041
1330126247825993729
1330126296534364160
1330126358496808963
1330126377727750151
1330126478940495872
1330126492068683776
1330126514227212288
1330126625749528576
1330126630262628352
1330126706007531531
1330126810433150976
1330126861964283912
1330127058278756352
1330127221059706881
1330127271408119819
1330127470964715522
1330127508784738305
1330127544457236480
1330127634202849284
1330127640276193280
1330127745284714498
1330127870023364609
1330128148156076032
1330128236261609473
1330128273452437508
1330128477480218628
1330128483570356229
1330128490574864385
1330128567557091329
1330128653125087232
1330128752710455297
1330128858369171460
1330129115672948742
1330129130583699463
1330129218085261313
1330129246723989504
1330129265325694977
1330129287165435908
1330129354890862596
1330129360276369409
1330129511111929858
1330129590241648640
1330129671653044225
1330129885323534341
1330129909268746243
1330129947965485057
1330129999895162881
1330130211787169793
1330130563651538944
1330130602742476800
1330130740487593986
1330130759756247040
1330130795172945923
1330130870817202184
1330130885325287425
1330130909769715712
1330130930745401347
1330131094298095617
1330131184916058113
1330131193090682883
1330131231808348160
1330131302314618886
1330131377535283202
1330131455620620289
1330131468430008320
1330131494975787008
1330131634318958594
1330131664551473154
1330131894441287680
1330132156459397121
1330132272801075204
1330132372042477569
1330132407010402306
1330132598509735947
1330132703061155840
1330132712989089793
1330133224769675265
1330133279115276290
1330133413634904069
1330133619432624132
1330133743944822786
1330133836907343876
1330028307883159552
1330028410836496385
1330028510136717316
1330028747450355713
1330028750998802433
1330028860679786496
1330029017731313666
1330029070487269381
1330029080062943239
1330029280458399745
1330029326767681537
1330029383457918978
1330029493705207811
1330029554895884290
1330029788166238215
1330029848367165441
1330029883125362689
1330029989287383040
1330030001421479940
1330030014717435908
1330030062431834115
1330030342397366273
1330030674565328896
1330030710489571329
1330030756777906178
1330030913661624322
1330031119086006273
1330031417930231808
1330031477816438784
1330031653390077957
1330031936169979906
1330032020949508096
1330032029791117320
1330032048128602113
1330032163740397570
1330032280451117056
1330032285949767682
1330032565420482561
1330032779481018370
1330032842101895173
1330032969466175489
1330033001686765568
1330033032166854656
1330033080405549064
1330033199691468800
1330033313537519617
1330033414314090497
1330033458522021888
1330033492445573120
1330033608237731841
1330033938472062976
1330034224682905603
1330034277287940106
1330034438449876995
1330034440060497925
1330034520251392004
1330034878797262850
1330034948397559811
1330035103574208513
1330035237800308739
1330035362476019712
1330035373016313858
1330035412686004232
1330035614318809090
1330035669427761154
1330035671126454273
1330035783206572034
1330035832334544897
1330035977297989636
1330036028845993989
1330036064388587520
1330036079378968579
1330036103932497922
1330036177689260032
1330036195053727747
1330036214922162177
1330036714597998593
1330036766775054337
1330036885322948610
1330037064247730177
1330037118899515392
1330037254518173698
1330037385099403266
1330037447883939842
1330037735302819845
1330037832270942210
1330037871097548802
1330037948042129408
1330038131379367938
1330038431595061249
1330038466697113602
1330038680287911938
1330038700944879623
1330038741579276289
1330038759333761027
1330038950208135173
1330038957401403392
1330039276663431168
1330039458796810248
1330039549515493379
1330039694168649729
1330039700111958019
1330039895289688069
1330039958548123648
1330040062134902788
1330040126429405184
1330040335926505475
1330040401365962754
1330040413974106112
1330040516185042946
1330040540386254853
1330040638633631744
1330040876282863618
1330040956587020289
1330041014296391680
1330041159272583172
1330041262322429954
1330041549539905538
1330041611426861059
1330041621115785219
1330041636592754691
1330041640610902017
1330041707740672004
1330041825898455041
1330041852767195140
1330041932102381570
1330042183035068416
1330042192514179077
1330042196003856385
1330042289276792834
1330042418280927232
1330042424094306304
1330042448463192066
1330042497163268096
1330042514963914757
1330042554298101761
1330042556432920578
1330042723131396096
1330042731276668929
1330042792295477249
1330042926525771782
1330104266787352579
1330104492176658439
1330104700029571072
1330104783370391553
1330104905684672516
1330105055102562307
1330105082390646787
1330105407671513089
1330105709288165378
1330105824224686081
1330105955040829443
1330105973390929922
1330106079896854529
1330106229490921476
1330106290434138112
1330106365604409344
1330106577198735361
1330106619477319682
1330106749022572546
1330106839711805440
1330106933811015682
1330106969517133824
1330106973174558722
1330106997480558595
1330107034633728001
1330107348858310656
1330107555188772864
1330107708914212871
1330107733379584002
1330107762550956032
1330107804158398468
1330107858952839169
1330107923629019138
1330108247156666368
1330108607749304321
1330108854387036160
1330109019520966658
1330109223343099904
1330109224261709837
1330109296944816129
1330109424757780481
1330109442931748865
1330109451538468864
1330109520178196488
1330109560162562048
1330109616827535376
1330109680522301440
1330109763082973184
1330109764563578882
1330109826274385921
1330109844226011138
1330109955295350785
1330109990003236867
1330110359584247810
1330110517629874178
1330110547145191426
1330110551360483338
1330110874258968576
1330110928281538560
1330111112730320896
1330111191994290180
1330111333090648068
1330111671017353220
1330111702847942660
1330111761891127302
1330111884742291465
1330111960059351040
1330112237453922309
1330112534108626946
1330112635057164289
1330112642652966913
1330112643437371393
1330112666514432011
1330113114365456386
1330113124859572224
1330113163438809090
1330113316816101376
1330113353029652482
1330113368703819776
1330113429382762501
1330113591123513344
1330113751304052736
1330113916479877122
1330113962759819265
1330114022633594886
1330114027532521473
1330114175977320449
1330114204125302784
1330114266335227906
1330114328805117953
1330114477094809606
1330114505741840386
1330114608355561473
1330114609307643906
1330114835179327488
1330114937235107846
1330114966712705025
1330114990477627392
1330115175630901254
1330115195897868290
1330115325455642626
1330115372461273089
1330115672974700546
1330115787869335555
1330115815010684930
1330115902239600646
1330116040597106692
1330116156372475910
1330116241995030537
1330116308344639498
1330116400459997186
1330116479820369921
1330116519636897794
1330116548531527686
1330116738395082753
1330116875162963968
1330116952874999808
1330117089101811714
1330117092637544449
1330117146521837572
1330117599984832523
1330117621967167493
1330117697955389446
1330117718486487047
1330117740082982912
1330118274412122113
1330118369853513729
1330118506566864900
1330118732379803649
1330043342558793728
1330043387232313348
1330043506874834948
1330043853378871296
1330043919032311811
1330043973474406407
1330044058698444806
1330044079120461830
1330044328685744130
1330044368443617280
1330044541475442688
1330044671712784388
1330044688104116225
1330044776390029313
1330044988219125762
1330044995353645058
1330045353975025665
1330045487706202112
1330045534799867905
1330045730648694788
1330045736277467137
1330045744452153344
1330045782305763328
1330045787594690563
1330045805705785354
1330045841487302660
1330046283646693377
1330046372188467202
1330046399615004673
1330046487754104834
1330046502891376640
1330046670747410432
1330046857142280193
1330046985118904323
1330047064953286656
1330047274039332866
1330047301310689280
1330047347519270914
1330047437520728067
1330047679435591685
1330047694778339328
1330047971132633089
1330048017551028224
1330048040665829376
1330048129417302018
1330048158706114561
1330048159402389504
1330048302210015233
1330048580372094976
1330048684860518403
1330048763159851008
1330048771187748864
1330049271140392964
1330049353868775425
1330049465047248897
1330049527102009346
1330049693636812801
1330049883374542848
1330049973862461446
1330050153055727616
1330050246567743491
1330050414885134337
1330050455007858689
1330050477023768578
1330050617755234304
1330050738026930176
1330050897976713218
1330051057737666571
1330051369999462403
1330051404719906817
1330051490619273218
1330051525201235968
1330051556507529220
1330051605618692097
1330051611469770757
1330051628888633348
1330051638837604354
1330051894153273351
1330051952064028673
1330052001162555395
1330052115553804288
1330052296433152001
1330052397050322946
1330052578202279937
1330052648003887106
1330052840082051074
1330052943542972422
1330053043660988416
1330053207809208321
1330053318459219968
1330053343612456962
1330053376730669056
1330053588513681408
1330053691546722306
1330053843938398209
1330053848325558276
1330054032036155392
1330054080220295169
1330054104761192451
1330054176064331777
1330054261124820994
1330054437470162950
1330054644635234304
1330054795353354244
1330054804136206337
1330054848742645765
1330055181321576448
1330055302591492098
1330055356429512708
1330055506170421255
1330055546641256448
1330055627926876167
1330055673418231809
1330055722495774721
1330055982542708736
1330056179167457284
1330056197899214854
1330056429546434560
1330056434613149698
1330056604360859649
1330057012214964229
1330057189277437952
1330057256826777603
1330057326326386689
1330057378071457792
1330057402662707200
1330057668988428291
1330057699489361921
1330057742149701635
1330057787884384257
1330057823837884422
1330057846885593088
1330058255591223300
1330058361149272066
1330058587041882113
1330058640452165632
1330058751508930562
1330058866290286593
1330058872002916354
1330058882228637703
1330059121761120256
1330059357166383110
1330059395607228422
1330059508803137538
1330059526918254592
1330059610863112195
1330059669600153600
1330060014669750277
1330060376281583621
1330060393914511360
1330060681341767680
1330060944110710784
1330061049614241797
1330061079263764485
1330061120900653057
1330061261019738112
1330061285384445954
1330061415227551744
1330061466418950145
1330061500170579969
1330061971140583424
1330061984071618565
1330062169141030923
1330062180855771138
1330062407079751682
1330062512189034497
1330062890653659138
1330063002960322563
1330063158300581891
1330063194656813062
1330063223358369794
1330063276680556547
1330063314764881925
1330063386231664642
1330063459103485952
1330063571531821057
1330063614947057668
1330063643850006529
1330063719787847681
1330063730634338308
1330063773479133186
1330063844841037830
1330063932271308801
1330063940315996160
1330064255035584513
1330064359821877248
1330064410895847425
1330064510372229123
1330064559110037504
1330064807719030785
1330064887771500550
1330065155556773890
1330065300918820864
1330065420364222468
1330065685897236480
1330065748757254144
1330065982392594436
1330066384773144582
1330066459549200388
1330066512560988162
1330066545872171009
1330066634904625154
1330066873510227972
1330067235046633472
1330067338578817029
1330067499640123392
1330067598122360837
1330068113396805632
1330068211442851840
1330068225753755658
1330068497448185858
1330068744710844418
1330068851632066564
1330068970351767552
1330069098324250624
1330069472288313349
1330069533357379588
1330069663930331137
1330069684360777729
1330069698411716608
1330069762894925830
1330069906801500166
1330070077899730944
1330070279289266177
1330070395387604993
1330070417369948162
1330070434801463297
1330070453508071430
1330070493660110854
1330071190036238337
1330071206016454656
1330071303236296704
1330071466717696005
1330071908776292353
1330072095808745472
1330072118311137281
1330072360150560771
1330072514068951041
1330072608784658432
1330072724375564290
1330072804851593218
1330072865740378113
1330072902704762884
1330072953808150529
1330073242678276106
1330073421674319879
1330088546749788163
1330088927076737024
1330089164445020161
1330089193624772608
1330089401960042498
1330089539004719104
1330089930639470594
1330089942949785601
1330090257774223361
1330090570421858304
1330090979009949705
1330090988291977218
1330091342861570051
1330091471073062919
1330092070573379587
1330092098603933696
1330092245647757314
1330092289885167618
1330092553404866561
1330092778051788801
1330093124539060225
1330093308065042432
1330093418215858179
1330093471991013378
1330093488965345287
1330093500998840322
1330093717986873345
1330093787918585861
1330094429764538371
1330094603953975302
1330094671574552577
1330094776666959874
1330094835320164357
1330094852244181000
1330094974998892545
1330095004249939972
1330095239697223680
1330095388565573643
1330095442558922756
1330095662990585860
1330096030805872644
1330096410344222725
1330096609116491777
1330096613721829380
1330096624471838721
1330096626103410688
1330096678578360321
1330096711897927680
1330096742277246982
1330096815782449155
1330096822531010561
1330096851928961024
1330096873919688704
1330097100667936773
1330097297254912000
1330097489807101953
1330097517439176706
1330097675937722371
1330098792872505345
1330098947491295232
1330099165121097729
1330099354061955082
1330099402552315905
1330099428775096323
1330099575550566402
1330099647759659010
1330099773706276865
1330099938970247169
1330100413799034890
1330100457520422912
1330100590224023554
1330100754024165376
1330100813545533441
1330100864271446019
1330100933456441347
1330101103535534085
1330101297035489283
1330101337179250688
1330101395815542784
1330101414257889289
1330101747445096448
1330102013041008640
1330102022528512003
1330102024214622208
1330102133824348168
1330102231144804353
1330102392633905152
1330102657827090440
1330102688244232192
1330103113236275203
1330103255771312129
1330103269390249986
1330103299631165440
1330103409337393165
1330103466715459584
1330103576287436800
1330073608618717184
1330073693981188103
1330073841473904643
1330073912013709313
1330074152368295936
1330074180247834630
1330074213265387522
1330074309268828161
1330074394669031424
1330074615771697152
1330074851059650566
1330074878221971459
1330074951148245000
1330074970119139328
1330075328476278785
1330075398936424453
1330075569514553344
1330075780450299904
1330075871315701766
1330076067575570434
1330077019330256898
1330077182564192261
1330077249354276867
1330077584495960064
1330077607992365061
1330077747813691400
1330078111237627910
1330078533121691649
1330078658028036097
1330078688554196992
1330078847669252099
1330079136493297664
1330079139970289667
1330079330798538753
1330079466392006656
1330079467985903617
1330079578468085775
1330079598764314625
1330079666678460416
1330079759192223744
1330079784437682176
1330080074540978178
1330080244452253696
1330080512589836289
1330080606273810435
1330080608450719745
1330080673231679493
1330081055597064195
1330081197742051328
1330081692447600643
1330081736353574915
1330081916398297090
1330082046547550209
1330082215812882432
1330082347455291394
1330082609947418627
1330082901250224128
1330083027641393153
1330083219929247750
1330083291572170752
1330083351437434882
1330083361172361217
1330083479523037189
1330083656749232128
1330083704006389764
1330083830825439234
1330083873145958400
1330084156815110145
1330084224024670209
1330084409635172355
1330084567617769474
1330084695061749762
1330084840125968385
1330084856576028673
1330085051313352704
1330085194704048128
1330085402968018944
1330085629439381504
1330086031362813953
1330086257452527617
1330086284245790720
1330086481990447104
1330086492232953856
1330086763570868226
1330087014486728704
1330087236176654345
1330087383472218115
1330087467568009219
1330087478800379905
1330087860511395845
1330087945550827521
1330088326964137985
1330088331196162048
1330088482128195591
1330088495055036416