1331009648506224640
1331009649135427584
1331009803267809280
1331009879293665280
1331009939037294592
1331009963003703304
1331010147259469830
1331010160094048256
1331010218315157507
1331010240578543618
1331010303035904000
1331010353916829698
1331010400054370304
1331010479939006467
1331010696465637376
1331010705361932289
1331010790028034050
1331010918864457729
1331011078474657792
1331011224969076737
1331011238441127937
1331011325930188806
1331011344955486208
1331011364530352132
1331011390102937608
1331011762620141570
1331011838348304384
1331012056108081152
1331012096339955721
1331012101683470338
1331012126958383109
1331012197745643522
1331012337193558016
1331012466982096896
1331012596535791617
1331012622381178880
1331012638415998978
1331012714886402049
1331012785229225984
1331012802090201090
1331012970327977985
1331013049491345419
1331013129657077761
1331013217972146179
1331013284061843457
1331013361459490818
1331013448038313989
1331013452773601280
1331013461543845889
1331013653986852865
1331013720991014913
1331013881242783744
1331013989489397762
1331013997496328192
1331014051799904257
1331014064772960257
1331014074075914240
1331014077511065606
1331014081327882244
1331014148478660609
1331014195874152450
1331014358382546945
1331014415458549761
1331014444688711680
1331014504902225922
1331014521901629441
1331014572652818437
1331014618609639424
1331014656362770432
1331014782447599622
1331014798817910784
1331014838911426564
1331014878853787657
1331015055308152833
1331015277379727362
1331015332266463239
1331015386716901376
1331015398456762371
1331015566224621569
1331015584159571968
1331015608104677376
1331015612353667073
1331015641608953858
1331015688064954369
1331015826875486209
1331015914863652870
1331016090508349444
1331016182569332737
1331016225485414404
1331016342691074048
1331016422357692419
1331016434340622336
1331016451071897600
1331016472546701312
1331016677522280448
1331016706811113474
1331016774758887424
1331016774624665600
1331017097095340032
1331017101838991360
1331017164057358337
1331017193472004100
1331017227663859712
1331017231149436931
1331017495302578179
1331017554840711168
1331017571538141186
1331017674839773186
1331017697535152130
1331017792712306690
1331017915752198147
1331017932772696064
1331018141649039361
1331018196543959041
1331018280212049921
1331018419081080833
1331018494259945476
1331018544075640832
1331018653031043072
1331018879070588933
1331018901606465537
1331018984888676352
1331019034977054721
1331019122767872000
1331019211683065861
1331019307652952065
1331019362287771650
1331019466747023360
1331019525949632512
1331019659831861249
1331019714638667778
1331019857412780033
1331019911490129920
1331019953940598784
1331019957501648898
1331020008063971328
1331020046009847809
1331020151123304452
1331020163232239617
1331020239132364800
1331020369139036160
1331020498713636864
1331020549154369541
1331020606473605120
1331020675792785408
1331020700140908545
1331020864410816514
1331020902469754880
1331020922875219970
1331020977149448193
1331020998183964680
1331021031901892609
1331021060440027142
1331021165431836673
1331021186613063681
1331021285346877440
1331021303873216514
1331021316367949824
1331021455115644929
1331021481338306560
1331021572514181121
1331021765938716676
1331021799639814144
1331021837241815040
1331021849795420167
1331021891922956291
1331021896092041217
1331021962739638273
1331022000354111490
1331022009044754433
1331022109510946818
1331022117626843136
1331022151026139144
1331022185453002753
1331022210753040388
1331022251848765441
1331022348930134022
1331022386758447104
1331022411182075908
1331022553838653440
1331022612470743040
1331022658293657601
1331022671363117056
1331022761049927685
1331022822785814528
1331022923272916993
1331022973646594050
1331022990105047046
1331023006848659456
1331023119960530946
1331023132405108737
1331023187220557830
1331023206644379650
1331023225330032645
1331023291985760256
1331023302219927552
1331023334235103232
1331023519048720388
1331023686174863361
1331023715660951553
1331023750326669315
1331023765896105987
1331023791393288193
1331023976794034182
1331024085556588546
1331024169035726848
1331024177608855552
1331024219161960453
1331024244042502144
1331024630304419842
1330722762172862466
1330722779843313664
1330722901281091586
1330722985943117827
1330723128146882560
1330723266680422400
1330723355591229441
1330723458758574080
1330723483345690625
1330723769757929475
1330723816734068736
1330724061849157632
1330724117797097472
1330724133387243527
1330724221907922946
1330724302640050176
1330724510971142145
1330724528851390477
1330724566516310016
1330724604248170496
1330724646484922368
1330724716722626564
1330724752542011392
1330724872109121536
1330724918053531648
1330725112274964484
1330725112660832256
1330725140368388097
1330725190347628545
1330725242696822788
1330725360233816064
1330725381490548736
1330725560872554496
1330725849230962690
1330725895049420800
1330726134791671808
1330726209404153856
1330726268481007616
1330726293667794947
1330726324420358144
1330726390287753217
1330726467093680128
1330726570336677889
1330726592184791046
1330726655682248704
1330726906514329603
1330726949333970945
1330727027675078656
1330727091290198016
1330727457247334401
1330727737988886528
1330727751020634115
1330727788953874434
1330727875662712833
1330727956411523074
1330728019581865984
1330728111059689473
1330728114322890752
1330728161600958464
1330728273559470080
1330728445593137154
1330728493181636609
1330728517210869760
1330728726603116544
1330729066115133440
1330729088584015872
1330729092799373313
1330729134885015554
1330729180347117569
1330729231534465025
1330729432084975618
1330729443841589249
1330729650373468160
1330729721206861824
1330729876530360320
1330729964484907009
1330729980284854276
1330730019392405504
1330730056541474817
1330730081719775233
1330730119590252544
1330730208362717186
1330730220232597505
1330730309000847362
1330730366986907648
1330730472373030912
1330730565675454464
1330730586068103169
1330730699679174657
1330730787432493056
1330731135953989633
1330731167507566594
1330731391068172288
1330731642391027713
1330731729297027072
1330731750205566978
1330731915314343937
1330731944393519105
1330731959924920320
1330731964937199619
1330731994293039106
1330731997426294785
1330732014778126336
1330732070591717377
1330732073024413697
1330732316617007104
1330732333142405120
1330732342961324034
1330732612105752577
1330732728115838978
1330732770973409280
1330732813197328385
1330732966335582209
1330732980210425858
1330733046207746048
1330733063492472835
1330733080387194881
1330733081221795842
1330733245697200134
1330733257089044481
1330733278249283590
1330733319059763203
1330733387049431040
1330733521397112832
1330733541282500609
1330733631451631618
1330733738528026624
1330733767967846400
1330733785323876353
1330734092820885504
1330734192364294146
1330734324233203714
1330734486397612034
1330734740144578561
1330734754832986113
1330734855802421250
1330734900387909634
1330734948333068288
1330735053186293762
1330735072769679362
1330735189547307009
1330735213945573376
1330735328899031040
1330735344359268354
1330735379591335936
1330735525897056261
1330735714372292608
1330735720223412229
1330735920178466816
1330736302866755584
1330736309703360512
1330736349826134019
1330736388887760898
1330736489739603968
1330736705930883073
1330736834939396096
1330736855835357185
1330737023582343171
1330737052669800448
1330737074677440513
1330737123591413761
1330737204214325249
1330737229413699587
1330737359118237697
1330737468757270528
1330737488780902400
1330737524461903875
1330737530740887553
1330737535874699265
1330737640757358592
1330919093445259265
1330919187137650690
1330919382378221574
1330919420978470919
1330919467040141312
1330919501022564362
1330919610766536705
1330919692643528706
1330919793818558466
1330919832569610240
1330919868833681410
1330919987570225152
1330920129576701952
1330920158857146371
1330920276780085251
1330920414361628672
1330920545655906304
1330920611229536256
1330920691793874948
1330920960527044609
1330920972610887681
1330921031817629699
1330921035223494657
1330921111631114247
1330921148067016704
1330921249502081024
1330921266027565059
1330921413625180161
1330921484575977472
1330921627027116035
1330921786838573056
1330921829146484737
1330921899807805440
1330921953306226694
1330922008037748736
1330922062903455748
1330922108571033601
1330922154657943553
1330922189722365958
1330922289106464782
1330922306730926082
1330922609370935296
1330922658825965570
1330922830746234880
1330922894143197193
1330922931359137797
1330922993493696514
1330923077379579904
1330923314123075585
1330923392481062913
1330923439843020800
1330923502283743235
1330923564120367105
1330923649570918411
1330923661872799744
1330923741639970816
1330923771742576642
1330923774942846976
1330924080157978624
1330924093835796481
1330924109191057411
1330924168792088576
1330924200710852610
1330924249754857473
1330925230731223043
1330925233339961344
1330925259151773698
1330925389867311106
1330925522847735814
1330925670164279298
1330925704146513924
1330925716783968258
1330925762241847297
1330926010515255296
1330926035446226948
1330926069252304896
1330926081944252420
1330926446647283712
1330926722024402944
1330926760414703621
1330926799023468545
1330926844317601792
1330927070663364610
1330927140108308480
1330927259604103175
1330927335718211585
1330927456648310785
1330927645735915529
1330927758344646660
1330927821754159113
1330927847259725830
1330927851411959809
1330927870877851652
1330927893124321281
1330927935583240193
1330928036250742785
1330928111077257223
1330928136553422849
1330928245039050755
1330928292472389633
1330928328971317253
1330928345459068929
1330928572937228290
1330928589739462656
1330928597511536643
1330928744752697344
1330928824607883264
1330928878617911297
1330928945802391553
1330929017118208002
1330929039306072065
1330929444735873026
1330929511320457222
1330929663217176576
1330929671555473409
1330929717793484801
1330930066314780673
1330930187303874561
1330930199375081472
1330930220313042945
1330930267079446528
1330930279129575425
1330930644298440705
1330930669334171651
1330930677496373249
1330930682995105793
1330930808287268867
1330930820551495685
1330930845859897353
1330930976554315776
1330931054962761730
1330931093755883521
1330931130967658499
1330931156422959105
1330931160650756097
1330931176660480004
1330931177872629762
1330931286962282498
1330931387894030349
1330931421163229186
1330931554537902081
1330931617796292608
1330931638776320002
1330931659961733122
1330931726277873667
1330931965508382720
1330932075822772233
1330932309932056583
1330932334225448961
1330932339489312768
1330932498394734600
1330932651415412736
1330932800938237958
1330932816738193415
1330933052177068035
1330933248986406922
1330933249842040834
1330933324211171334
1330933630936313857
1330933694949941248
1330933722103758848
1330933785916039171
1330933812042166278
1330933827829547010
1330933941998653440
1330934075088101380
1330873892920053761
1330874243916177408
1330874289814376448
1330874324073459713
1330874348274667525
1330874356487106560
1330874466130407429
1330874500183887879
1330874580353888262
1330874596610830336
1330874647747891203
1330874735438286848
1330874912895078400
1330874941244227584
1330874953957163010
1330874962492727296
1330875082646966274
1330875083800371203
1330875163395678213
1330875250360393728
1330875255016058882
1330875309550342149
1330875427217432576
1330875476479447043
1330875657971142660
1330875691223691267
1330875812212510721
1330875851844456449
1330875866939879425
1330875872312766466
1330875884031660036
1330875959029981184
1330876000624922624
1330876038298152966
1330876122712526848
1330876303625555975
1330876365982220288
1330876512946556928
1330876548099006464
1330876752239931394
1330876811593601024
1330876936210542593
1330877070956695556
1330877281867341825
1330877315140771841
1330877548297920517
1330877562453680130
1330877709094969347
1330877720381841413
1330877771590021121
1330877775243325442
1330877775339720706
1330877797175349259
1330877799926816769
1330877893480771585
1330877952502984704
1330878052193218561
1330878064734203904
1330878191662227463
1330878299149627396
1330878389268475906
1330878584987262976
1330878601349246982
1330878677710753793
1330878681061883905
1330878706684997632
1330878752843309057
1330878770023116802
1330878832954531842
1330878873681223686
1330878962147332096
1330878966500970499
1330879065188753411
1330879137993482242
1330879205232562176
1330879353228562435
1330879600625405955
1330879612054859776
1330879650529116160
1330879659244924932
1330879772918915078
1330879872944758785
1330879932671602688
1330880023901990912
1330880036145074177
1330880053455056896
1330880153593974784
1330880342794719233
1330880427465338881
1330880515704909831
1330880568595247104
1330880572311433219
1330880649595654144
1330880699813998594
1330880771880484867
1330880868009775105
1330881009483739147
1330881352875474944
1330881470651641861
1330881559323234311
1330881608711225344
1330881609990615040
1330881696951132161
1330881705046122498
1330881739548471297
1330881801053679617
1330881886361628674
1330881940744974337
1330881950022852608
1330882096328564738
1330882307465605124
1330882385311899649
1330882574013566985
1330882686945271814
1330882690690686978
1330882729387438081
1330882824799465473
1330882941602459653
1330882943292633088
1330882943565385730
1330883300496461825
1330883468612481024
1330883672862564356
1330883773253218304
1330883793700446211
1330883895236104198
1330883984625180674
1330884210362552322
1330884222626586625
1330884271695867904
1330884296274546688
1330884298526879744
1330884352016867333
1330884404172959744
1330884549681811457
1330884608779489281
1330884655709622273
1330885036162252803
1330885048069984257
1330885073772699655
1330885370947448832
1330885383580577792
1330885426081648640
1330885454665822211
1330885489730138115
1330885526308741120
1330885585033039873
1330885745565986816
1330885790457532416
1330885945764286466
1330885954014416905
1330885958728884232
1330885961056718848
1330886164413353993
1330886276892028936
1330886343363321856
1330886596061696003
1330886608384630785
1330886654261858304
1330886751863402497
1330886759736102913
1330886764081254400
1330886826396168192
1330886922915487748
1330886931413078017
1330887069925666817
1330887150200643588
1330887163378950144
1330887368551911424
1330887481214918656
1330887515130241024
1330887536235909122
1330887635586441217
1330887656717377543
1330887766717022209
1330887903979986947
1330887942936682501
1330887971671863300
1330888022519390211
1330888073027137540
1330888081113800710
1330888338237222912
1330888340401340421
1330888404578541569
1330888504629469185
1330888516394487808
1330888637987381262
1330888757126500355
1330888797698088960
1330737933683486720
1330737978851803137
1330738185878593536
1330738203171696640
1330738247429992449
1330738264991440901
1330738311766421504
1330738352245645314
1330738372361523203
1330738373443670021
1330738468352372737
1330738512220606464
1330738516171616257
1330738638905356289
1330738684010717184
1330738903490252801
1330738981093380096
1330739128984604673
1330739358945603584
1330739392164622336
1330739467754348544
1330739476159737857
1330739589837885440
1330739608838139904
1330739623258099712
1330739649111674881
1330739691918749697
1330739773649133568
1330739812593266688
1330739896542224384
1330739997184495616
1330740109365407745
1330740201442971648
1330740239971852288
1330740302294892544
1330740372029509633
1330740408419295232
1330740612698697728
1330740659100106754
1330740693036314624
1330740950231113728
1330740966689529856
1330741208210018304
1330741352024342529
1330741401424949249
1330741462753918978
1330741512838275074
1330741527505735682
1330741915365552128
1330741922692960258
1330741946684305408
1330742161051152389
1330742195779903488
1330742200175652864
1330742290357207041
1330742311836389376
1330742319696535554
1330742379876208641
1330742528585330690
1330742563284856835
1330742630032969733
1330742825030279170
1330742925270024192
1330743092136308736
1330743109102284800
1330743248583856129
1330743300295311360
1330743469573242882
1330743521771401217
1330743532613726209
1330743547180376065
1330743775870775296
1330743777481330689
1330743850957217792
1330743924432928769
1330743958142660611
1330744137772130304
1330744263445860353
1330744331079073795
1330744334719873025
1330744367317970946
1330744602916216832
1330744619374682113
1330744631315685377
1330744637334536192
1330744656662028291
1330744660319461377
1330744701968904192
1330744770172510208
1330744783162257410
1330744850078072832
1330744905463808000
1330744962900783104
1330745038452776960
1330745055309512708
1330745064717393921
1330745078307041281
1330745096946540548
1330745228739960833
1330745258800541696
1330745289880158208
1330745319290785792
1330745391881588736
1330745579786424322
1330745614825451521
1330745705443569665
1330745737433534466
1330745844904157185
1330745914886033408
1330746131303854080
1330746155039289346
1330746184852516867
1330746253890695168
1330746254792548352
1330746390029492225
1330746621919780865
1330746661673570304
1330746915068256257
1330746965286658048
1330746973004021760
1330746997247238147
1330747036086505478
1330747057200631808
1330747119490064384
1330747505705795591
1330747564367482885
1330747586559442945
1330747618574565377
1330747738598805504
1330747803509936128
1330747877648424962
1330748005679460352
1330748081088974849
1330748137846181889
1330748164027113472
1330748242825383937
1330748453647839232
1330748530160525312
1330748709835919360
1330748883358519296
1330748904829235201
1330748932331241478
1330748936093577217
1330749167686332418
1330749215778082817
1330749345214341122
1330749393427984384
1330749404492476424
1330749431646478336
1330749433869258752
1330749536399093763
1330749656452583424
1330749760764997632
1330750020648243200
1330750205965131776
1330750221987540992
1330750240291340292
1330750340996624384
1330750349645320192
1330750431442690049
1330750492780072961
1330750540536569857
1330750656261410819
1330750714281398274
1330750782539370496
1330750905407442944
1330750920716480512
1330751495688450048
1330751616912302080
1330751869061394432
1330751951332630528
1330751985377816578
1330751987869229059
1330752088477900802
1330752109537497094
1330752191880179712
1330752336508186624
1330752379717787650
1330752382372884481
1330752425385451521
1330752429068054530
1330752626212876290
1330752676116750338
1330752693954957314
1330752693879488512
1330752727782207488
1330752765711224832
1330752818689544193
1330752844526338048
1330934118440259589
1330934121728765957
1330934222761177091
1330934436582617095
1330934507373998081
1330934603880804359
1330934645513400324
1330934977001893892
1330934985339981825
1330935023084724227
1330935049416486914
1330935120426131457
1330935148674748418
1330935217570328577
1330935308372877312
1330935325158465536
1330935451713200128
1330935468393902083
1330935631309123593
1330935686007033861
1330935741568802816
1330935930245537794
1330936021815595012
1330936126874513410
1330936177377984513
1330936398988369921
1330936440981741574
1330936633559019521
1330936692233027584
1330936817445724161
1330936834713645064
1330936936656039937
1330937053765390340
1330937066859933698
1330937103039991810
1330937120731639809
1330937231171719168
1330937359295270913
1330937382024175622
1330937451276341256
1330937463976693768
1330937552145174528
1330937569228439552
1330937631379775489
1330937690250993669
1330937750405648385
1330937792071933956
1330937792579375106
1330937900553351170
1330938009697574922
1330938043793088516
1330938169290858505
1330938207618428929
1330938266107973638
1330938562699812866
1330938568555028483
1330938606773563406
1330938811354853379
1330938820502622221
1330938865801113605
1330938882196697091
1330938886751711232
1330939008575279106
1330939062144929796
1330939119015505923
1330939125017554951
1330939222228873222
1330939481642442754
1330939554388463616
1330939587443691520
1330939607689687045
1330939662261649408
1330939699725262860
1330939750656712704
1330939755207462913
1330939905179049986
1330939925852786689
1330939939257769991
1330940077099286528
1330940123500802051
1330940160939225088
1330940165846560769
1330940236315172864
1330940261627813890
1330940330200485889
1330940387301625857
1330940442003705856
1330940484919947266
1330940504960221185
1330940665304408066
1330940757889462281
1330940799782187010
1330940934536663040
1330941021845241856
1330941042116358145
1330941285847470085
1330941319024439300
1330941326779625475
1330941326750265344
1330941340016926720
1330941445109374976
1330941466894626817
1330941516408360966
1330941529666490369
1330941571378913286
1330941620422729729
1330941692745224192
1330941696377384962
1330941746360983552
1330941855987544070
1330941979052691457
1330942002427523074
1330942019439628294
1330942136582348804
1330942146279518213
1330942312936054786
1330942325082771460
1330942329285472266
1330942338273845249
1330942368707579905
1330942418649296903
1330942464857837568
1330942526879100928
1330942754189418500
1330942871185272836
1330942896300728320
1330943097765814276
1330943136105865216
1330943215810306057
1330943237570195456
1330943256612331520
1330943257921118211
1330943261574250497
1330943273452572673
1330943371364413440
1330943383267897345
1330943542710198276
1330943597601050626
1330943630169796608
1330943659596922881
1330943726982733826
1330943806414479367
1330943814475845639
1330943983351115776
1330943986408837120
1330944042524295170
1330944086572982272
1330944099411582977
1330944196182732802
1330944376848211971
1330944397647745027
1330944458372784130
1330944472499228676
1330944552471916545
1330944615113900032
1330944629290594305
1330944654213337100
1330944732592271363
1330944732642553857
1330944749939937282
1330944804038057984
1330944888737816583
1330944908908134400
1330945052454117382
1330945081315127303
1330945391953473536
1330945459897176064
1330945462635880449
1330945921044111362
1330946071422513152
1330946139454115843
1330946176200355841
1330946403359715329
1330946511019024384
1330946549732560896
1330946603905998848
1330946646381899782
1330946759858774020
1330946843287592960
1330946863588016129
1330946892944072704
1330946991011065858
1330947086196609027
1330947208858849282
1330947341768134658
1330947371367362567
1330947410013655042
1330947436886441984
1330947560723394560
1330947561054679040
1330947887463804928
1330947895072354306
1330947917608349701
1330947938038677504
1330947991545516032
1330948038597218306
1330948042963509252
1330948063565901835
1330948193765322752
1330948520937811968
1330948683702145030
1330948893614305282
1330948991794769921
1330949029749022721
1330888907123208192
1330888949427032066
1330889083023921155
1330889214565691395
1330889419138666496
1330889498868080645
1330889557789855744
1330889571198898178
1330889603054596097
1330889759426752517
1330889795975876613
1330889919049265152
1330889960736641025
1330890501210349568
1330890561092538369
1330890677723541505
1330890782178304001
1330890827841748994
1330890858057637888
1330890983198892034
1330891104280080384
1330891121556393986
1330891147632386049
1330891265005776896
1330891346295599104
1330891449156689920
1330891481410908161
1330891495117889539
1330891506874527746
1330891637141217284
1330891780330500096
1330891792636669962
1330891801713139714
1330891842427052037
1330891860047368193
1330891948325019651
1330892279477841920
1330892280446652417
1330892295613321216
1330892308926132224
1330892339217358850
1330892418271633410
1330892477549731843
1330892518502797313
1330892598177886209
1330892678263832578
1330892762418475011
1330892791644352525
1330892800506949633
1330892900062912512
1330892933365547010
1330893055235399687
1330893210374320132
1330893252405448705
1330893260622090242
1330893440482226182
1330893480831365120
1330893567644946433
1330893658783182853
1330893721819176960
1330893750835539970
1330893819290726401
1330893845031251969
1330894024652230656
1330894141878833152
1330894351572951041
1330894363732434944
1330894516484706304
1330894540685930500
1330894570004115457
1330894707766022144
1330894720491548674
1330894808261545984
1330894926712872962
1330894997269475335
1330895047785639936
1330895076881522690
1330895164731224070
1330895240421666822
1330895303457685508
1330895404787847168
1330895476451930117
1330895593045184513
1330895596350267394
1330895617669951489
1330895644094050304
1330895723500433411
1330895848667017216
1330895861539344387
1330895967755833347
1330896146005372930
1330896234773700608
1330896444883144705
1330896470795575297
1330896487002349568
1330896562315288578
1330896574319353860
1330896665851670534
1330896796487348224
1330896934849036295
1330896960643993600
1330896980340584449
1330897007037149184
1330897039237013505
1330897053229178881
1330897203091578883
1330897211471892481
1330897517396058112
1330897622312226816
1330897727740370951
1330897786666102785
1330897841447866369
1330897848649584640
1330897878739464198
1330897907927588864
1330897953561645059
1330898205584859136
1330898281640112135
1330898370102222848
1330898579460861957
1330898609018122252
1330898671861260290
1330898894394449921
1330898919639945216
1330899015924412416
1330899245809938433
1330899323073257472
1330899452396269570
1330899459593687040
1330900051418234880
1330900058741510146
1330900075703365636
1330900185141153792
1330900252887486473
1330900303554736130
1330900311788150786
1330900403928637442
1330901105358893060
1330901105711210496
1330901113160278018
1330901158500708355
1330901343658270720
1330901457370017794
1330901502588837889
1330901558050091014
1330901776187355139
1330901804377313280
1330901860081938432
1330902166140280832
1330902244720427008
1330902303386324993
1330902307538669571
1330902308754960384
1330902329193803779
1330902333824364544
1330902383530889217
1330902517593513985
1330902663941206020
1330902702616838147
1330902715094937602
1330902743783940097
1330902974336524288
1330903133376180224
1330903222148603904
1330903453032357888
1330903558489780226
1330903595148058624
1330903737511112711
1330903868507557894
1330949229406269441
1330949402718965761
1330949468854890496
1330949473225289741
1330949631853932545
1330949663491575811
1330949871180730368
1330950136718045184
1330950152568377344
1330950168561278978
1330950277235695618
1330950358735196170
1330950395611340802
1330950416318697473
1330950463861231616
1330950558560231425
1330950610057826304
1330950881232236549
1330950933455511555
1330951043153203204
1330951122324951040
1330951134094168065
1330951137596477441
1330951225370697732
1330951280634847245
1330951325744463875
1330951342815387655
1330951456082468864
1330951552782258178
1330951615868596226
1330951624781688832
1330951699696062466
1330951854809882629
1330952076789211145
1330952144724381696
1330952324362227713
1330952421443596288
1330952481040265217
1330952539395682304
1330952573201903626
1330952677149319174
1330952756346163202
1330952819524952068
1330952866203275267
1330952891935420434
1330952999754223620
1330953172383387658
1330953231288184832
1330953272543338503
1330953298271113218
1330953553934946306
1330953621316329474
1330953756226318340
1330953758721732608
1330953792498622473
1330953866003812356
1330954182602342402
1330954242417328128
1330954284029022208
1330954309727641605
1330954397514407938
1330954492884496384
1330954590263652376
1330954703518228483
1330954707066609667
1330954745394192394
1330954745855447043
1330954795012808704
1330954870367662080
1330954941645676546
1330955055210647556
1330955147447562243
1330955197674385408
1330955366193123329
1330955390717202436
1330955391576932353
1330955432278577154
1330955524792332288
1330955575316738049
1330955667520286720
1330955676093472769
1330955689313898500
1330955895132532737
1330955906272567298
1330955948546899969
1330955990158729217
1330955992285081600
1330956141799608326
1330956167540072449
1330956188540956673
1330956259781206018
1330956292844732416
1330956342861983750
1330956389271756800
1330956398642032640
1330956447065268227
1330956742319071232
1330956833893146624
1330956963358924811
1330956963987877888
1330957124046876676
1330957254699458561
1330957269383536640
1330957312908025863
1330957606228201472
1330957634946654208
1330957694287683585
1330957735383457793
1330957752244391937
1330957770330431491
1330957837225308177
1330957857265754117
1330957877692010497
1330957924068417539
1330957965533143040
1330957983728214018
1330957992066379776
1330958101466365952
1330958188875833344
1330958390013566977
1330958398163210243
1330958498998444033
1330958503691902976
1330958515708497928
1330958624647122944
1330958725511864324
1330958896815632384
1330958944030781440
1330959141523886081
1330959384961298434
1330959446751793167
1330959590318436352
1330959685562880000
1330959741149990920
1330959875367645187
1330959904673296385
1330959909173800961
1330959937141346307
1330960012999585792
1330960029445283841
1330960152850264069
1330960252666306566
1330960332827873283
1330960374305353730
1330960449643417600
1330960522909462530
1330960558028419072
1330960651213287424
1330960659262156802
1330960688018239494
1330960893199462403
1330960943820500993
1330961002909880320
1330961090839257092
1330961112972529666
1330961133646262272
1330961162624790538
1330961197240238080
1330961229334999040
1330961314525683715
1330961350529413120
1330961376957788160
1330961473410134025
1330961557262659585
1330961636136538118
1330961805301194756
1330961854148071424
1330961913493082112
1330961966903554048
1330961968140869633
1330962103054831616
1330962269631496192
1330962362074099712
1330962558921166851
1330962571168538625
1330962618266382337
1330962903202213891
1330962923687202816
1330963008256954371
1330963116272750593
1330963435564249092
1330963557844885504
1330963594624765957
1330963641429057539
1330963674329083904
1330963720219062282
1330963734521647106
1330963872308670465
1330964061123702785
1330964157722718209
1330964282452881410
1330904057028947970
1330904310113251331
1330904414819938306
1330904488727769095
1330904685398650889
1330904707183816706
1330904723847847939
1330904744882302977
1330904904945307651
1330904942777864192
1330905076160978949
1330905085170372620
1330905173552754691
1330905207656435714
1330905461718216705
1330905474850578434
1330905500637138945
1330905550465462274
1330905571281625089
1330905768611241990
1330905780862775304
1330905822482685953
1330905848407760902
1330905889402925058
1330905974299897856
1330906053677109248
1330906107255037952
1330906270916890626
1330906271063691264
1330906354958086159
1330906867212627968
1330906884119928834
1330906955435667456
1330907208289308675
1330907430285414401
1330907501060042756
1330907543359676421
1330907601375293442
1330907621507825665
1330907659390816257
1330907677644492807
1330907829457342464
1330908000555417600
1330908205631766529
1330908216105070593
1330908326381621254
1330908502374699008
1330908528811286530
1330908557202530310
1330908900909064193
1330908910685917185
1330908934421549057
1330909181730316296
1330909304245858305
1330909400979169281
1330909480154906628
1330909531514212352
1330909559460925448
1330909631288287252
1330909703682068480
1330909798842429442
1330909808250085376
1330909812448587776
1330909920678580231
1330910272664576002
1330910458124099585
1330910495587540996
1330910565229879302
1330910591985172480
1330910604710830082
1330910638705692672
1330910696096243717
1330910700622000133
1330910821623484417
1330910940733313028
1330910970802294787
1330911099152117763
1330911141111996419
1330911186444034050
1330911283487657986
1330911288516632581
1330911383710441472
1330911425645174784
1330911493840375808
1330911559971868674
1330911573125128192
1330911619992465412
1330911728805277703
1330911917339156492
1330912161313533952
1330912302779031555
1330912307598282753
1330912329299501067
1330912437093150723
1330912629666291712
1330912769475010564
1330912843714224128
1330912865524490242
1330912894347669504
1330912969685954561
1330912992041590784
1330913011607932932
1330913017006075904
1330913062174552065
1330913138338717698
1330913331683745795
1330913439728930818
1330913451531669504
1330913669690007552
1330913687259910152
1330913754419253249
1330913834589061120
1330913875454169088
1330914047517069322
1330914157378609155
1330914313238945792
1330914350568148992
1330914421422628866
1330914546962329600
1330914724268154882
1330914777351286786
1330915085183840256
1330915146877730817
1330915168289603584
1330915201198252046
1330915528311967744
1330915566232727552
1330915586679848960
1330915843606257671
1330915844084346887
1330915972685975555
1330916119335624711
1330916401565945856
1330916439495225345
1330916442343157764
1330916510014058501
1330916945361821699
1330916999405383681
1330917130989170688
1330917139637817345
1330917240137543680
1330917336828702720
1330917492282241027
1330917646594871300
1330917793164718080
1330918014917685251
1330918054046253067
1330918162859237378
1330918182601826310
1330918482360360961
1330918539285368832
1330918635892862978
1330994549016170496
1330994565118009349
1330994650027601920
1330994663805898762
1330994708336799748
1330994712237408256
1330994812632190976
1330994926335660033
1330994938897690628
1330994939040305152
1330994942559207425
1330995065292943360
1330995085974982657
1330995089993175040
1330995124353069056
1330995232880594951
1330995282713190404
1330995429652254722
1330995481279926274
1330995509755076614
1330995559851831298
1330995723693907973
1330995862714019840
1330995920452902913
1330996138632208390
1330996159947677706
1330996221259902977
1330996259646214145
1330996285210443776
1330996289249669122
1330996368807227392
1330996461979447296
1330996479180288002
1330996649611522048
1330996910723837965
1330996950838210568
1330997006911696897
1330997044660547591
1330997111668793345
1330997244338827265
1330997333564157952
1330997467953860608
1330997539852722178
1330997668802400256
1330997850101178368
1330997854320652292
1330997866106589195
1330997929113513986
1330997954870730752
1330997979600261122
1330998047489335302
1330998223620730880
1330998277446250501
1330998533563043843
1330998583601061888
1330998592404787200
1330998747698921473
1330999061378342912
1330999091111845889
1330999145897865220
1330999251086827520
1330999275262791680
1330999317285388290
1330999418762440706
1330999453059145729
1330999519308181504
1330999556549427200
1330999598945628167
1330999635905679360
1330999775144124416
1330999820601995264
1330999830097911815
1330999896325951488
1330999988495798276
1331000147703181315
1331000236123238400
1331000237398388736
1331000269505769478
1331000277739073537
1331000279052005383
1331000391077605378
1331000513635160070
1331000603762454533
1331000668048519174
1331000723258159104
1331000811804102656
1331000986706595843
1331001159591587841
1331001167934074888
1331001234032103424
1331001443944337408
1331001662840954886
1331001751026036738
1331001754566193156
1331001771490238464
1331001876792414209
1331001909843546112
1331002024138321926
1331002061564104706
1331002065699606529
1331002178874458117
1331002195702030336
1331002316846055424
1331002354875904001
1331002380373078017
1331002471737556993
1331002523302367237
1331002531032559620
1331002778127364099
1331002783072448512
1331002874868899841
1331002890660483076
1331003009568894976
1331003043006001152
1331003399538610178
1331003427787182086
1331003530874785792
1331003651003801601
1331003700492419078
1331003797053825024
1331003973210398722
1331003994878119948
1331004044580536320
1331004053468409859
1331004119834894338
1331004132866584576
1331004224608624642
1331004263649054720
1331004268145422338
1331004293177090050
1331004380825284609
1331004409787142145
1331004565672521730
1331004602410528768
1331004807910395904
1331004854601351168
1331004929322999810
1331004996964524041
1331005126753067009
1331005144323010562
1331005168465424386
1331005172802146304
1331005207044517888
1331005269296492547
1331005319451996160
1331005332995248128
1331005396031598594
1331005399550582793
1331005677016387585
1331005711359291396
1331005764270428161
1331005881920741379
1331006110480826369
1331006158195339264
1331006197504245761
1331006255733751810
1331006258820771842
1331006334779715586
1331006334716817409
1331006507505344513
1331006595417985028
1331006603546423296
1331006871625297920
1331006884078374913
1331006947462696966
1331007094359724034
1331007185938120709
1331007374686097410
1331007421452578817
1331007425478942721
1331007459780042753
1331007602503938061
1331007632426078210
1331007638977585156
1331007714915442689
1331007869508935680
1331007886793773062
1331008034626211843
1331008038241792002
1331008063977918464
1331008109276381184
1331008399446708224
1331008399421677573
1331008717844672512
1331008751227133952
1331008788112007169
1331008981364580359
1331008985504358403
1331009162776604672
1331009372156293125
1331009593523138561
1330979675867209730
1330979702211629056
1330979705340641280
1330979738261753857
1330979747518562304
1330979815004966912
1330979848244834310
1330979953416912897
1330979974216441857
1330979978004008965
1330979999457959941
1330980006378565634
1330980066415751171
1330980128889815040
1330980266966462464
1330980426589089794
1330980616498794496
1330980624463753216
1330980629157187584
1330980732722839552
1330980799957516288
1330980914042728451
1330980938298269696
1330981022847131648
1330981090220183559
1330981102685736961
1330981144058343434
1330981166166417413
1330981324962869249
1330981383678922757
1330981392344375298
1330981421717082115
1330981605079441411
1330981622884261900
1330981899356033025
1330982020139397121
1330982045204574208
1330982057774895107
1330982058894692354
1330982071687409667
1330982222447468545
1330982326659149833
1330982403507167239
1330982427712507906
1330982636412571649
1330982687159496705
1330982754805288970
1330982931733614592
1330983040693243906
1330983056744865792
1330983182204887040
1330983187128922115
1330983291701374976
1330983358285770752
1330983602016972801
1330983664524603396
1330983689363316745
1330983789942738944
1330983815397969925
1330984009439080454
1330984026400829441
1330984285155823618
1330984424545128450
1330984457281658884
1330984528148529152
1330984629982072833
1330984637435437063
1330984805098344448
1330984906470662147
1330984983226437635
1330985276475387907
1330985288219250688
1330985510441988099
1330985531593936897
1330985698925670401
1330985725039435777
1330985769687797761
1330985816051617793
1330986059912650762
1330986092988948481
1330986127826636800
1330986428612943878
1330986432668835841
1330986558367928322
1330986637921112065
1330986671991648257
1330986730804162560
1330986754619416576
1330986806146371584
1330986835267510274
1330986940649369601
1330986957783007233
1330987062611374080
1330987096576847885
1330987104642412551
1330987229007683584
1330987242245001216
1330987515008880640
1330987612748832768
1330987716784304128
1330987988508094466
1330988073811906560
1330988295103389696
1330988399776460802
1330988508454989827
1330988534128373761
1330988546434473985
1330988773266632711
1330988778522107905
1330988849024131074
1330988903084396546
1330988916762140674
1330989136858075137
1330989205615472644
1330989373370888202
1330989419667533827
1330989540316762116
1330989549770608640
1330989595169861641
1330989759431262214
1330989847436271617
1330989943557140480
1330989951891038208
1330990069461618688
1330990115200655366
1330990204002258944
1330990221089976320
1330990413910568968
1330990589928726528
1330990615778168834
1330990690482925569
1330990710062014466
1330991083833069568
1330991138715537409
1330991159515156480
1330991289417003009
1330991290880831491
1330991361194123264
1330991571492343808
1330991692607070211
1330991781308104705
1330991793060581376
1330991817970642950
1330992217385734150
1330992241767137280
1330992443752374273
1330992452161863680
1330992670496448514
1330992686250291202
1330992715530719233
1330992761936506880
1330992769968443392
1330992966123413504
1330993063775318016
1330993235355955207
1330993282072121344
1330993395771248643
1330993408333242372
1330993600910471170
1330993638587854848
1330993714223853570
1330993806557073408
1330993874194591745
1330993969472278529
1330993974979530756
1330994079363166208
1330994096639414272
1330994163433811976
1330994347517628422
1330994376676429827
1330692521786216454
1330692539553173504
1330692551553282055
1330692560679882759
1330692629860937737
1330692814406086661
1330692845569708032
1330693099723526144
1330693200487587840
1330693309585645568
1330693324257292288
1330693334726291458
1330693540775661569
1330693657964449796
1330693709411696641
1330693796745670659
1330694006678949890
1330694022181117953
1330694022432759810
1330694111947591681
1330694133535608835
1330694472322199552
1330694552684949505
1330694571815292932
1330694589313929218
1330694614442008577
1330694782918725635
1330694955388514305
1330695081335066625
1330695167989358592
1330695181142790146
1330695194346401792
1330695314764947458
1330695378220449796
1330695529207050243
1330695532965138432
1330695575814107136
1330695670911660033
1330695771809861643
1330695793360060417
1330695923689787392
1330695976999395330
1330695990811242497
1330696015075282945
1330696039729422336
1330696078467936266
1330696178753744896
1330696309414776837
1330696313214799874
1330696443741532165
1330696492928024576
1330696555725271046
1330696817449820161
1330696938690207746
1330696967983419400
1330696971053568000
1330697006151573506
1330697054973288448
1330697403519930368
1330697630649868288
1330697679890878466
1330697710912081920
1330697876876394497
1330697906123227136
1330698100395048962
1330698105340235776
1330698134503247872
1330698196704628736
1330698230988898304
1330698259401236482
1330698352539918336
1330698465748238336
1330698616479027200
1330698805428121607
1330698812936122369
1330699001428017159
1330699036165332994
1330699048056139778
1330699145045217280
1330699148014678017
1330699316269375491
1330699316462301188
1330699321138946049
1330699493373784064
1330699551485923331
1330699614320812035
1330699765223342080
1330700260595920896
1330700267675848711
1330700428456075265
1330700432079945733
1330700452543877120
1330700525529075712
1330700625944973313
1330700651001769985
1330700775975133184
1330700873417306114
1330700998289936388
1330701187369275393
1330701278222168064
1330701321943576576
1330701358706601985
1330701665645834240
1330701706917777408
1330701756917968896
1330701803067944960
1330701905178341376
1330701947356254208
1330702223148400640
1330702289347244033
1330702412705718272
1330702420536553474
1330702445446574082
1330702474437509121
1330702609582354435
1330702609611706370
1330702727005970432
1330702784799260672
1330702972926320644
1330702978953535489
1330703070779596800
1330703195702693890
1330703225339736064
1330703305283153921
1330703434744414212
1330703451194601473
1330703491468234752
1330703591485616129
1330703657743118338
1330703770007838720
1330703821404770304
1330703854762160128
1330704081623642113
1330704106063728647
1330704349102804994
1330704420003323904
1330704446402097154
1330704470322286593
1330704688812085248
1330704799155822594
1330704915962925057
1330705012956172290
1330705092446654465
1330705222340112387
1330705239717146629
1330705262982860803
1330705461734084609
1330705586967732226
1330706073351688194
1330706090321797120
1330706123184164865
1330706160979222530
1330706165320257541
1330706361856954370
1330706361974484993
1330706400297816065
1330706433751584768
1330706508980625409
1330706592761786368
1330706651435986945
1330706703390629890
1330706710931988481
1330706724995534857
1330706727822643200
1330706769677594624
1330706978507722752
1330707010090840064
1330707020660441088
1330707143847239680
1330707277712646154
1330707502732861440
1330707515324071936
1330707519552049153
1330707616713076736
1330662511985745924
1330662561667276800
1330662615568183296
1330662690918969351
1330662725421305857
1330662854228287488
1330662935430094848
1330663002216017924
1330663291295821826
1330663315736059904
1330663413748404225
1330663497928085504
1330663580623048707
1330664365188669441
1330664454032396290
1330664482717065217
1330664541030547459
1330664545505964032
1330664641651945472
1330664650728304642
1330664730122477572
1330664814197301248
1330664914944454661
1330664990215311363
1330665032284254209
1330665142040801280
1330665421565988871
1330665652550569989
1330665744347123713
1330665753545043970
1330665921254281216
1330665988967325699
1330666152687702016
1330666219591114758
1330666378408431616
1330666524995063808
1330666608977719297
1330666802192523265
1330666893871632386
1330666920266375169
1330666961651560451
1330667010846466048
1330667011614105601
1330667028538077186
1330667041649377280
1330667049438355458
1330667109173563392
1330667158569881603
1330667355295379457
1330667406642081792
1330667518814392320
1330667585688412160
1330667817063034884
1330667821605466114
1330667879549853702
1330667896616480769
1330667980682772480
1330668097406169096
1330668123746394115
1330668131027726336
1330668206504243201
1330668390491561984
1330668436553404416
1330668672298389504
1330668731932893184
1330668764497465350
1330668890481803265
1330668916843175936
1330668934408806400
1330668996308258817
1330669024770973696
1330669057939558400
1330669184624168960
1330669306753945600
1330669309740412930
1330669327855468547
1330669415549992963
1330669540838170624
1330669553282584576
1330669603991789568
1330669717074440194
1330669822833782785
1330670131354202116
1330670178305257472
1330670186974810115
1330670287902318592
1330670308068646913
1330670375601131521
1330670451257876480
1330670468496560129
1330670479854559232
1330670764706578432
1330670765465694208
1330670925105270784
1330670946701561856
1330670971548733447
1330671428098797571
1330671567601328129
1330671666817601538
1330671738443632641
1330671784572567552
1330671819007827969
1330671881016360960
1330671893490380802
1330671952533524482
1330671965607260160
1330672016664485890
1330672048558010368
1330672070502486017
1330672102870048769
1330672153029701635
1330672246826872833
1330672271829196801
1330672371699757057
1330672413990797313
1330672515442733056
1330672526544998402
1330672652592287746
1330672664919334918
1330672666085384192
1330672696120782848
1330672715892625408
1330672732858617858
1330672737530957824
1330672746129395713
1330672786700980224
1330672888802848770
1330672968020545539
1330673194060025856
1330673294480203778
1330673362683580416
1330673459031011328
1330673558721355777
1330673637955866624
1330673706969026561
1330674033327820804
1330674041288462336
1330674129033449473
1330674205688414208
1330674209333391362
1330674326492811264
1330674342640828418
1330674373607518209
1330674431639703552
1330674489844240386
1330674515421130758
1330674683428134913
1330674691422396417
1330674847660257282
1330674896234418177
1330674898205880320
1330675009870733315
1330675069388005379
1330675160764956673
1330675189873598466
1330675216587120642
1330675254000173057
1330675265509470209
1330675312288538624
1330675342076485639
1330675517570355213
1330675568816267265
1330675572561899523
1330675588739239939
1330675631647059969
1330675693089386496
1330675709321351168
1330675781815549953
1330675858508541955
1330675865575968771
1330675869573132290
1330675886119587840
1330675941618503681
1330675946421063682
1330676092361838592
1330676129510813698
1330676197760577538
1330676226399236097
1330676248146808840
1330676264223600640
1330676315825999873
1330676450060603393
1330676634031108096
1330676645951279104
1330676781188308993
1330676854831804417
1330677089910087681
1330677216582246404
1330677224836575232
1330677337793437701
1330677359796686851
1330677392264859656
1330677442520944642
1330677540034387968
1330677644657123328
1330677660813467651
1330677758289186819
1330677795274584064
1330677896197894147
1330677899976970241
1330677934433198083
1330677943400587266
1330678056227196934
1330678247995166731
1330678562865688580
1330678666918039555
1330678675784667142
1330678721976672257
1330679036050354180
1330679045571420160
1330679086599925760
1330679136906604546
1330679169911558146
1330679293584814083
1330679326535192582
1330679393816096774
1330679476603203586
1330679481183375360
1330679502620463104
1330679595331411968
1330679733185622016
1330679766698127360
1330679799778603008
1330679950471475200
1330679971904413699
1330680026178723840
1330680467281031170
1330680491620626434
1330680672277524482
1330680811369197570
1330680814800171009
1330680815194312706
1330680823314575361
1330680932496527360
1330681045969154056
1330681234251526146
1330681271962439681
1330681281118576640
1330681401788739584
1330681503899136002
1330681570236121093
1330681591706898439
1330681594449780736
1330681644852801538
1330681666575200256
1330681791825383426
1330681809957507081
1330681850780655616
1330682321746485248
1330682447705616392
1330682551791480833
1330682621773352960
1330682682007822338
1330682718623920128
1330682760625844228
1330682778715779072
1330682828732968963
1330682858629967872
1330683122078330880
1330683138260004864
1330683210683068422
1330683402455015427
1330683457798885378
1330683498848456708
1330683500169719809
1330683550228766721
1330683557807874048
1330683588333998083
1330683592301752320
1330683605031542785
1330683624623050753
1330683671871975425
1330683696727400450
1330683747159613440
1330683881247354880
1330684136441442304
1330684159296204803
1330684179319689216
1330684205915729920
1330684216422637576
1330684287897702401
1330684364133330944
1330684518186045440
1330684573760581632
1330684661714931714
1330684770137870336
1330684782703992832
1330684807702044672
1330684871535161345
1330685156034633728
1330685407349125120
1330685407613382657
1330685465910009861
1330685546486771713
1330685706042302465
1330685710316097536
1330685780444934144
1330685811453538307
1330685848610803712
1330685977468293125
1330686037711085570
1330686209241169927
1330686246511923205
1330686381300051977
1330686708451471361
1330686744547700739
1330686774901927936
1330686876760608770
1330686880698966018
1330686896914182144
1330687136543236099
1330687265266311170
1330687269838204934
1330687283264163841
1330687337492254721
1330687350108774400
1330687593592352771
1330687622751154179
1330687626958041090
1330687773909549059
1330687824560082946
1330687849776103425
1330687979141165059
1330688121483239431
1330688138763710464
1330688281605009408
1330688298646433797
1330688348462190595
1330688422915289093
1330688443966480388
1330688532684230656
1330688675701805057
1330688700431421442
1330688701488394241
1330688768529973251
1330688909525790720
1330688922599510016
1330688957231882241
1330688993739026433
1330689284303679490
1330689326112444421
1330689376620146691
1330689522661810179
1330689711581650944
1330689821262671872
1330689849813188609
1330690013810528256
1330690134178754564
1330690253884063744
1330690268203544577
1330690589080367114
1330690593014558721
1330690654624768003
1330690675965382657
1330690739861381121
1330690760572887044
1330690957814112256
1330690991339278339
1330691128476258305
1330691253890142211
1330691333737033736
1330691385171832835
1330691551849287680
1330691594073214979
1330691610540187649
1330691708288462849
1330691792656867330
1330691818107887619
1330691880238149632
1330692010651447299
1330692080755204096
1330692085725364226
1330692114686955520
1330692211823026177
1330692403968303105
1330858667491651585
1330858708906237960
1330858825671467012
1330858842368913411
1330858940184358913
1330858957833990150
1330858960123904000
1330859029053239296
1330859047323541506
1330859135345287168
1330859477218828295
1330859582525206533
1330859665052356610
1330859666574815244
1330859674850062336
1330859722921172992
1330859769159180289
1330860104187588609
1330860148814974978
1330860210685153285
1330860366436438029
1330860451224293378
1330860467351392259
1330860534472658949
1330860562180435970
1330860797313118209
1330860850723381251
1330860860529635330
1330861024132657154
1330861045137764358
1330861090176200704
1330861090314530816
1330861102431866881
1330861137374687242
1330861149152272384
1330861297467072512
1330861312331509761
1330861321357811712
1330861341775712259
1330861347568050176
1330861423908560900
1330861633212719105
1330861650191261696
1330861674476281858
1330861904621957126
1330861926080012289
1330861989640491014
1330862039707897856
1330862097773813762
1330862101234147331
1330862141167996930
1330862232050171905
1330862327223234563
1330862339676114944
1330862395091193856
1330862400946450432
1330862461436751872
1330862634309021696
1330862639606624256
1330862870129741824
1330862953629769728
1330863134551117824
1330863206403858432
1330863309269110784
1330863348230086657
1330863444787163138
1330863518988578821
1330863574764412935
1330863591235444736
1330863676396593152
1330863782562836482
1330863809515368449
1330864141268111365
1330864488568872960
1330864517182525440
1330864583641362432
1330864623302684673
1330865213986451463
1330865230969180162
1330865265207357446
1330865322354765830
1330865352939630599
1330865356055998466
1330865417028513792
1330865443695890433
1330865443695898624
1330865495281692672
1330865519470194688
1330865536419377153
1330865898362712064
1330865972291530753
1330866249593737217
1330866337472794624
1330866366224666624
1330866377004081156
1330866427306389505
1330866459187286018
1330866526040317955
1330866553668194304
1330866581635702786
1330866798992953345
1330866821684191236
1330866878336610306
1330866971383107585
1330867012449562627
1330867022423609347
1330867100202700800
1330867206624833537
1330867255446532097
1330867264049065990
1330867315009839107
1330867382915620864
1330867486984646656
1330867712696967168
1330867792812367874
1330867802241183744
1330867841000681474
1330868058215297024
1330868070244605952
1330868145729495040
1330868172082253826
1330868212964200448
1330868284640686084
1330868296573444097
1330868380241367042
1330868409270202368
1330868438231871489
1330868489108795392
1330868572705308672
1330868686895390721
1330869064948998145
1330869102185996289
1330869206926155776
1330869296868671488
1330869496211517442
1330869500233740288
1330869503564058628
1330869567669870592
1330869571096637444
1330869602490826752
1330869673882226689
1330869923858374657
1330870070424252418
1330870141089951754
1330870195578163211
1330870353334300673
1330870465250910213
1330870510620708865
1330870648852385792
1330870707694264320
1330870725339656192
1330870729668116480
1330870917505961985
1330871171575926784
1330871257777266691
1330871262198063105
1330871299330207752
1330871328656809984
1330871357450706944
1330871367860817922
1330871388912160771
1330871740445159424
1330871769142616065
1330871874511843328
1330871920036868096
1330872091470655491
1330872130628702222
1330872139596115969
1330872274153582594
1330872301873672193
1330872335465738240
1330872381070594050
1330872733442453506
1330872738425212929
1330872814782586880
1330872835456294912
1330872855169417220
1330872860546502656
1330873018902589441
1330873019330404353
1330873052800946177
1330873070458986496
1330873077367009281
1330873270250385414
1330873297677004801
1330873480133357570
1330873537079468032
1330873661419630594
1330964446412296192
1330964627153330177
1330964677715578885
1330964706719358976
1330964794732662784
1330964852819582977
1330964911904657413
1330965017844445185
1330965101470392321
1330965310195834882
1330965347843809280
1330965436003983361
1330965503804919812
1330965725801041920
1330965747548508161
1330965826883739650
1330965843987943424
1330966044165345280
1330966132602310658
1330966203272097792
1330966230350622720
1330966237686349825
1330966261950525440
1330966355777122304
1330966397527199749
1330966485418864641
1330966543434276867
1330966636648669187
1330966812989636609
1330966946951688200
1330967038785941506
1330967042233548800
1330967105232138240
1330967151348383745
1330967181065146372
1330967260261920768
1330967289827627009
1330967340104765441
1330967630723887106
1330967679591649285
1330967784780656645
1330967801234862084
1330967839000449026
1330967852346695680
1330967873481809923
1330967898920275971
1330967966326939649
1330968020777381889
1330968023470014465
1330968359131897863
1330968401074917386
1330968435791187969
1330968452299960321
1330968507144663040
1330968536701939716
1330968548160774147
1330968632093003782
1330968876029501442
1330968900624912391
1330968935529791488
1330969182272434178
1330969551400546304
1330969738755796992
1330969747853352962
1330969748180496387
1330969988006612993
1330969996667858948
1330970019874869251
1330970123105136640
1330970348376952837
1330970377573462016
1330970541042393088
1330970594880483328
1330970662190673920
1330970696856514567
1330970699926683652
1330970833729302528
1330970961139691522
1330971199761833984
1330971240723599361
1330971296323297291
1330971329378574337
1330971400203538432
1330971597725982721
1330971606965837825
1330971614977138688
1330971795147673606
1330971878459060228
1330971983144751108
1330971995547176962
1330972022017560579
1330972096642609154
1330972147162832897
1330972147154608129
1330972164670050309
1330972256739209218
1330972302654066688
1330972311332253697
1330972595458633729
1330972794172047360
1330972809762394119
1330972826355032065
1330973057431654400
1330973128693002240
1330973152353144832
1330973350672310273
1330973364354072576
1330973480884580352
1330973852860633094
1330973950667493376
1330973971777404928
1330974110164287490
1330974164732289024
1330974616873943042
1330974618421694464
1330974773996777472
1330974919082053640
1330974941169266688
1330975150645407749
1330975162745950209
1330975225773637632
1330975443432988673
1330975485820502016
1330975536387076100
1330975562181996549
1330975641911619588
1330975742184878081
1330975771448500228
1330975871172153346
1330975897302822912
1330975985748107267
1330976073312505859
1330976118548082691
1330976156649213952
1330976224945065984
1330976279475204099
1330976433146109966
1330976433255174149
1330976479623012352
1330976516314980352
1330976567363768323
1330976665246294021
1330976720049086465
1330976735588921344
1330976877910126594
1330976882498551808
1330976906993410048
1330976975427497984
1330976983719829506
1330977011943161856
1330977047276040192
1330977096970199044
1330977187990736899
1330977200997187584
1330977305586520065
1330977415242391567
1330977440823468032
1330977519881764864
1330977717723025414
1330977792931061761
1330977846865563648
1330977926557339656
1330978019654070272
1330978082736496643
1330978196137906178
1330978241239076864
1330978325037244424
1330978342720270336
1330978376094461959
1330978426602176512
1330978464573353989
1330978589286797316
1330978589718630401
1330978788105019392
1330978802889965569
1330979021597896705
1330979037842464771
1330979218365292547
1330979218533068801
1330979240372793345
1330707842794475526
1330707976777306113
1330708020838371329
1330708024076496897
1330708070603706369
1330708262547812355
1330708313361661953
1330708417351180288
1330708574356422658
1330708615796125698
1330708632564973572
1330708740333400064
1330708921342824450
1330709085709361152
1330709126813544451
1330709331793174533
1330709349254057984
1330709428262367232
1330709513876496386
1330709537830137856
1330709554187837440
1330709673255735297
1330709744353304577
1330709818064195584
1330709875144404993
1330709899425292288
1330710057642758144
1330710088240259073
1330710220688007168
1330710260382830594
1330710292221882368
1330710297653469184
1330710448002502662
1330710510480846848
1330710625417383940
1330710780002627586
1330710806300925952
1330710863305723905
1330711133565693954
1330711354869616640
1330711454027223040
1330711491767570437
1330711555181309963
1330711782193848320
1330712012922433537
1330712045055045632
1330712293726949376
1330712460958035971
1330712482462240770
1330712809001410568
1330712974277881857
1330713262275563521
1330713416714031104
1330713455175888897
1330713462842920960
1330713527611502592
1330713580866469888
1330713636625649665
1330713661220941824
1330713850572926982
1330713879811383296
1330713992923320320
1330714002368786434
1330714024816861186
1330714096849850372
1330714134799900675
1330714450412924928
1330714533883748354
1330714591286837248
1330714927200276480
1330715037971976194
1330715063389478912
1330715224664584192
1330715468634714115
1330715602596601864
1330715741792968705
1330715771081777153
1330715833392394240
1330715914153709569
1330716228860608513
1330716261022633984
1330716331063341056
1330716375468306432
1330716378672852994
1330716563683627008
1330716639189491716
1330716653127143426
1330716701281890307
1330716709699796992
1330716735658450945
1330716936276115456
1330716978709991424
1330717142199787524
1330717289692401664
1330717306977042432
1330717351109685250
1330717633725939722
1330717712864034818
1330717749442654209
1330717791138287623
1330717927146983425
1330718291934007298
1330718307436032001
1330718315694604291
1330718404404256768
1330718501334609921
1330718706687676418
1330718715965530113
1330718745078026241
1330718795913068544
1330718892109524994
1330718971885096960
1330719171290783744
1330719290018959366
1330719352107261953
1330719419820109824
1330719456830558210
1330719590914027520
1330719615882825729
1330719683784433666
1330719739241504768
1330719743653789697
1330719764759552002
1330720107559940098
1330720120474361858
1330720161398198272
1330720166829756416
1330720230553874436
1330720335721852932
1330720639649460225
1330720695752376320
1330720719601168390
1330720740505772033
1330720804594585602
1330720846416121857
1330720900614909953
1330721033909903367
1330721083981320193
1330721131729399809
1330721244937785350
1330721287044415495
1330721591643103232
1330721965406113792
1330722141738766338
1330722213385953283
1330722291903320064
1330722317996068864
1330722347230359556
1330722391102795777
1330722507041730561
1330722591322025986
1330722637723672576
1330843648536305664
1330843656710975489
1330843681591537664
1330843734221713408
1330843956205277185
1330843983203938306
1330844390466711553
1330844425162027009
1330844485773832193
1330844572948320256
1330844644930854914
1330844837151649792
1330844967808487427
1330845109513031682
1330845133122785280
1330845756228595713
1330845778483535873
1330845872351891458
1330846256537726977
1330846278121558016
1330846445558263809
1330846462884933632
1330846753000710145
1330846760739229699
1330846789709275140
1330846851956879366
1330847026905538562
1330847344091426819
1330847362122539008
1330847452681920514
1330847601650970625
1330848058708533250
1330848163884765190
1330848200832417792
1330848201558155264
1330848308676468737
1330848589032067074
1330848669520818176
1330848746377256960
1330848802203340800
1330848819781754880
1330848886127267842
1330849206278516737
1330849237974867968
1330849305524047873
1330849365477511168
1330849469919879172
1330849674593398785
1330849717144743936
1330850009219100673
1330850170888736769
1330850229701099523
1330850405975166976
1330850467409084416
1330850471318331397
1330850488229642241
1330850623210868738
1330850816782176256
1330850822838775821
1330850979122716673
1330851251253338112
1330851305284243458
1330851369935368192
1330851391078883333
1330851418882809856
1330851460964298754
1330851510884982784
1330851746575474690
1330851827655598082
1330852217243324417
1330852241004228620
1330852342795694080
1330852410365861888
1330852496986804224
1330852611197722625
1330852793767215104
1330852827732828165
1330852947354382337
1330853142573981697
1330853225470316545
1330853438041841666
1330853494811660288
1330853504089530370
1330853582338469889
1330853649090826241
1330853699825102849
1330853762810978305
1330853781140082688
1330853881602039812
1330853894981869575
1330853918000226304
1330854028054499328
1330854033012166656
1330854111298924546
1330854215783239682
1330854266920169474
1330854464861863938
1330854627617742848
1330854677110525954
1330854879796097030
1330854917624492032
1330854930102554624
1330854953565499393
1330855043399098370
1330855050734940161
1330855157962330112
1330855284743561216
1330855305702477824
1330855473768181762
1330855563358453762
1330855566831390720
1330855656954454017
1330855694560620547
1330855901616599042
1330855907673169920
1330855915457826818
1330855991936757760
1330856077978644482
1330856178696523776
1330856285747769344
1330856546687913987
1330856560822771715
1330856649901420547
1330856678175223810
1330856697426919428
1330856719694622721
1330856786908372996
1330856791387774976
1330856944744206337
1330857023869775874
1330857106879090690
1330857325024989186
1330857347187494916
1330857386622509060
1330857438589935617
1330857438929629185
1330857649563430918
1330858004267347969
1330858045186961408
1330858183196229632
1330858201819066369
1330858237843877888
1330858313735692290
1330858327950049285
1330858352235204611
1330858373139587074
1330858538437062656
1330753085174640643
1330753192104116225
1330753293753196545
1330753534967558144
1330753537899302913
1330753648645738496
1330753812617838592
1330753866602672129
1330753875813560322
1330754083494379521
1330754131561156608
1330754189916467202
1330754217074692103
1330754301204062211
1330754364458360832
1330754602673717250
1330754666251038728
1330754700530970624
1330754805057380359
1330754817568882691
1330754829774254080
1330754879023767552
1330754970023555073
1330755166010740736
1330755506093367296
1330755544479649792
1330755592097554432
1330755755566264321
1330755969966456833
1330756275475423234
1330756336469020673
1330756519873310721
1330756809175527429
1330756897008447488
1330756905258479618
1330756925349355520
1330757043754393604
1330757165028524036
1330757171341008896
1330757460987158532
1330757679858540544
1330757744077524993
1330757876588154880
1330757910062714881
1330757941054607361
1330757990870343681
1330758117437566976
1330758241274490881
1330758348229251073
1330758395612127233
1330758428604604418
1330758552466694146
1330758903693332480
1330759209768595456
1330759266588823553
1330759439863910400
1330759441092931585
1330759527520751617
1330759662258544642
1330759913379917830
1330759994686328834
1330760128438677504
1330760166938087424
1330760309913468929
1330760446937206784
1330760457662173184
1330760498799804418
1330760711891521536
1330760773367328771
1330760776299188224
1330760900312231937
1330760951738609665
1330761098451058688
1330761107573788672
1330761163341107201
1330761203367505921
1330761221193273344
1330761248200265729
1330761326671478784
1330761346971963392
1330761367880491011
1330761661876031490
1330761686974832641
1330761911441481728
1330761967515086849
1330762092144594946
1330762284965060609
1330762340913078272
1330762491530395659
1330762634736463873
1330762699630804992
1330763009527058432
1330763122269970432
1330763164019957760
1330763241627258882
1330763443725484032
1330763755144179712
1330763796185432066
1330764013521698818
1330764036036841473
1330764080257269761
1330764096707330050
1330764300236042240
1330764308263936000
1330764654369533952
1330764856488767489
1330764952966098945
1330765115747151875
1330765122135072768
1330765338351431680
1330765406039015424
1330765511316135936
1330765583474888704
1330765808881033216
1330765879701876737
1330765891928158209
1330765997624545280
1330766023298060288
1330766133172039681
1330766381223178240
1330766466589704193
1330766529126916097
1330766684425076736
1330766788007665664
1330767110839013376
1330767184054902784
1330767193743659008
1330767210743259136
1330767214820159489
1330767293094117378
1330767418734436353
1330767451361972225
1330767549127155713
1330767814551072768
1330767824269303808
1330767827607891968
1330767928107548676
1330768007904243713
1330828472533590016
1330828478455951365
1330828505882488832
1330828567282913281
1330828588157857792
1330828634773364736
1330828636778328065
1330828845298163715
1330828854890553347
1330828928680914946
1330829097715572736
1330830149747695617
1330830358061965314
1330830560508391426
1330830644197339138
1330830770273968128
1330830916839739392
1330830943565832193
1330831264262328324
1330831573277663233
1330831688700747778
1330831748515688448
1330831830321405952
1330831847375458307
1330831956981002243
1330832112233058311
1330832172362706947
1330832244894806016
1330832445634121729
1330832487212257282
1330832619395715072
1330832710810660864
1330832806369484800
1330832839793930240
1330832844990496769
1330832870760472576
1330832904948244483
1330833223987806210
1330833435372433408
1330833549520482304
1330833598417694720
1330833622832730114
1330833651140091904
1330833692445581312
1330833744207503360
1330833812725567488
1330834145128361984
1330834492726996992
1330834736219103233
1330834908953137152
1330835104852176896
1330835106332897286
1330835179083096066
1330835313854451715
1330835336759480320
1330835346540666881
1330835413980819458
1330835453734481920
1330835515495497730
1330835584491917316
1330835667270594560
1330835668113743872
1330835726330703874
1330835744227614722
1330835859294175236
1330835895956762625
1330836246520852481
1330836309997465607
1330836398090424326
1330836425915305984
1330836430000631810
1330836748771921921
1330836799611138048
1330836980205297668
1330837049285423107
1330837186388881408
1330837508821716993
1330837538106454016
1330837595518103552
1330837716179808256
1330837791102611458
1330838056102924290
1330838344037584896
1330838441479729152
1330838447377018884
1330838447813259264
1330838471120969728
1330838903826362369
1330838914911805443
1330838952111190017
1330839103215165443
1330839139969798144
1330839155283259397
1330839219384807426
1330839337991278593
1330839379921805312
1330839537086566401
1330839700962152450
1330839744159379456
1330839801411592193
1330839805438156800
1330839950577655808
1330839980076392451
1330840040172359688
1330840103716057089
1330840250948706304
1330840275321839619
1330840377851568128
1330840378468143104
1330840603471523841
1330840704164241411
1330840733662720001
1330840756202901505
1330840932078538758
1330840953280733184
1330841077021085697
1330841124458655746
1330841430382690305
1330841542223859712
1330841563140911109
1330841569545641988
1330841659341303808
1330841712227463168
1330841795048173571
1330841909800169474
1330841998404841473
1330842063701741568
1330842154722267136
1330842233264861184
1330842274771709952
1330842304802938881
1330842493706006528
1330842633707659264
1330842710815744001
1330842845301927946
1330842847914962946
1330842899307642880
1330843347175530497
1330843367232696321
1330843439966134272
1330843459629027334
1330843482362048512
1330768593974292480
1330768710856949761
1330768877031018496
1330769069490855936
1330769136075608064
1330769250798112769
1330769298764173313
1330769428770742274
1330769815317794816
1330769892723843072
1330769955520966656
1330770052736552960
1330770074064490498
1330770345087750144
1330770389014704128
1330770564806369282
1330770702530703360
1330770717583970304
1330770820533264384
1330771057876209669
1330771063081299968
1330771465352962048
1330771612912689159
1330771667749015553
1330771883768287232
1330771890177183745
1330771899694059522
1330771942396182529
1330771948901699584
1330771966891003905
1330772005650653185
1330772492881948673
1330772585492193280
1330772615527608320
1330772704962768902
1330772720741724163
1330772903105875968
1330773097490898945
1330773238272708609
1330773332992602113
1330773563180257282
1330773594473975809
1330773644818092032
1330773742180589568
1330774004685299716
1330774020048863233
1330774307090419714
1330774354259570688
1330774381056962561
1330774486958755840
1330774520110542848
1330774521234690051
1330774677074055170
1330774993815412736
1330775099390234624
1330775189458620416
1330775196396040192
1330775624101875714
1330775742024540163
1330775828167356419
1330775953736347648
1330776024783626242
1330776198021062657
1330776408705167361
1330776511037779969
1330776703329849345
1330776809517015040
1330776938324103168
1330776999074226176
1330777047828983808
1330777075242786816
1330777238808223745
1330777377035710465
1330777558577721345
1330777743559049217
1330778098254622721
1330778137169330177
1330778212952014851
1330778224759099394
1330778261891198977
1330778296162816001
1330778346742018049
1330778355562545154
1330778375036702721
1330778382741671937
1330778668638081029
1330778731426836480
1330778783838769153
1330778918287237121
1330779117432684546
1330779229697560578
1330779423336001537
1330779496039936002
1330779706581454849
1330779816728043521
1330779918297305088
1330780100544114688
1330780230487859200
1330780258946125828
1330780295864455168
1330780367503036416
1330780530657419264
1330780644364877825
1330780814578245632
1330780820349591552
1330781030995947521
1330781083231686658
1330781107646763008
1330781189364457472
1330781285665566720
1330781492268691456
1330781744254095360
1330781902584881152
1330781912588279808
1330781964425695232
1330782341795639298
1330782480551407618
1330782544455843840
1330782710407815168
1330782752560582656
1330782843266609152
1330782891706642433
1330782943913021440
1330813448385564673
1330813689868423168
1330813710055714819
1330814023160487943
1330814029766352896
1330814238600867841
1330814736368361472
1330814963343118338
1330815041847881729
1330815122126884864
1330815190288494592
1330815223394164756
1330815559974400000
1330815599321231360
1330815654866296833
1330815708922585089
1330815751046000640
1330815778229268480
1330816238466035713
1330816353415081984
1330816637923192832
1330816695410233344
1330816839195222016
1330816955859791884
1330816974062981120
1330816981784813574
1330816997635067905
1330817282700939265
1330817587140198400
1330817634300989440
1330817768627826688
1330817792199843841
1330817890635767808
1330817962148814848
1330818388264964096
1330818812539760640
1330818833360281601
1330819177171595264
1330819479140446210
1330819602314633219
1330819635315429376
1330819683616919552
1330819846146232323
1330819874323529730
1330820030028722176
1330820081220268038
1330820118671216645
1330820321176391681
1330820644213317632
1330820660004675585
1330820866008084481
1330820877672443905
1330821117477580802
1330821231306821632
1330821647734071303
1330821765639983104
1330821907059527680
1330821933974364160
1330821974193532928
1330822001439748101
1330822061216841730
1330822100299493377
1330822174458982402
1330822250816266241
1330822379715477504
1330822429015502848
1330822459126386689
1330822537668927490
1330822550969065472
1330822597085425664
1330822671278497798
1330822756074713088
1330822763469295616
1330823078264320000
1330823185500155904
1330823239581495297
1330823268345974790
1330823333357752322
1330823383102091266
1330823644424114176
1330823720487809025
1330823995701276675
1330824150219452417
1330824270058930177
1330824394134974465
1330824530735017984
1330824595163795457
1330824834872467458
1330825243162718209
1330825317372600320
1330825370598305792
1330825399450935297
1330825494934282240
1330825614283190274
1330825733200093184
1330826082292002817
1330826172859633664
1330826328468295680
1330826419719598081
1330826909014319105
1330827008587296768
1330827021178580993
1330827297511731201
1330827542811406336
1330827648117903360
1330827759615139841
1330827868650213380
1330828205851197441
1330828258284367876
1330828381357707264
1330828402002112514
1330783122993123329
1330783182363394048
1330783289011884034
1330783334239137792
1330783497846403076
1330783697377906688
1330783808950468609
1330783832572825601
1330783851426295810
1330783875409326082
1330783917868277760
1330784679935451137
1330784697279008768
1330784796197351424
1330784966683267079
1330785442162122753
1330785644147302401
1330785667975180288
1330785916613517313
1330786077414543360
1330786172042264579
1330786300316839936
1330786387910651904
1330786456957308928
1330786496073371648
1330786547948371970
1330786844590616576
1330786872684056576
1330787028989042689
1330787058495926272
1330787453276401666
1330787688048336896
1330787719199514625
1330787819275501573
1330787886820679681
1330787937701801985
1330788078550536192
1330788468918607872
1330788481925226498
1330788781562073088
1330789111465082880
1330789527825289218
1330789538130694145
1330789906096984066
1330790043275853825
1330790659020697600
1330790690721185796
1330790850163585024
1330790902269435905
1330791181962252288
1330791424019804160
1330791806737522688
1330792015022403584
1330792131208695808
1330792193594781696
1330792209310904321
1330792220840972290
1330792479747153920
1330792560273580033
1330792940860485633
1330793275683430400
1330793484308140032
1330793560241827841
1330793672502198272
1330793698754514945
1330793731436507138
1330793749325246464
1330793883459067905
1330793918523469824
1330794185679532032
1330794343280599041
1330794406346108928
1330794662341218304
1330795088117702657
1330795538397229056
1330795780203040769
1330795786154590209
1330795799626747905
1330795802055372801
1330795865179627521
1330795901103837186
1330795939657904132
1330796028019306497
1330796038693806082
1330796074278277121
1330796094561935360
1330796363123200002
1330796603490381829
1330796827378151425
1330796859313500162
1330797059272654848
1330798356361306115
1330798363801907201
1330798546669473792
1330798818699272192
1330799046580195329
1330799102452330496
1330799132710146049
1330799314248019968
1330799397064597504
1330799543840083969
1330799680670687232
1330799743069515776
1330800373100130309
1330800422735503365
1330800594093793280
1330800807676141568
1330800882708078592
1330800950848569344
1330801041726713856
1330801272656703492
1330801543747080192
1330801600084971521
1330801682255646727
1330801705500303361
1330802159047245824
1330802492137943042
1330802502917349376
1330802506755153920
1330802663072559104
1330802799727308805
1330803018816741377
1330803371633086464
1330803416847802369
1330803996672413696
1330804200691826688
1330804220941971461
1330804264516653056
1330804414106525697
1330804493546565632
1330804646378696708
1330804929804591104
1330805028794273792
1330805190614724608
1330805280901193728
1330805551039537153
1330805586032799746
1330805629083136000
1330805745659547648
1330805845563727879
1330806092146741248
1330806367234519043
1330806398352035844
1330806483701870593
1330806508012118017
1330806927211769856
1330807018127560704
1330807212822855681
1330807443899752448
1330807542918901760
1330807768144633861
1330808888451620865
1330808917467729921
1330809083658727426
1330809128894091267
1330809158749229057
1330809357118828546
1330809549427798017
1330809574547365891
1330809722363138048
1330810163654234112
1330810581478064129
1330810645567201284
1330810784667082754
1330810818884116486
1330810993279176708
1330811322527834113
1330811327351193601
1330811538177892352
1330811702313627648
1330811704037437441
1330811821935235074
1330811847231025152
1330811924951523328
1330812031801417729
1330812061698433025
1330812396659757056
1330812591191502849
1330812906150227968
1330813012140285952
1330813013612490752
1330813083955175424