1331704221046071300
1331704224732880897
1331704372187852804
1331704442920591361
1331704498440560644
1331704522335510528
1331704686995513344
1331704699246968832
1331704753101922306
1331704833003450369
1331704879673466880
1331704921163501575
1331704992164507648
1331705186113507332
1331705197698179077
1331705274202288133
1331705391735074824
1331705534240731139
1331705664645722112
1331705680412209153
1331705755788046341
1331705773081157632
1331705790370111488
1331705814667710466
1331706145967312896
1331706213571170305
1331706389283147778
1331706416290271234
1331706419582803973
1331706469675397124
1331706519595995137
1331706575082450947
1331706636717731842
1331706649766031361
1331706658049961984
1331706695739867137
1331706731366379528
1331706828565196800
1331706915999649794
1331706963533713411
1331707000380665858
1331707046014701568
1331707094203043841
1331707098204426242
1331707103472447489
1331707215166758912
1331707254106513408
1331707349816516611
1331707412680740866
1331707417101365248
1331707463050080265
1331707469656064000
1331707471241633792
1331707473938485255
1331707527579508736
1331707572793982982
1331707731296874497
1331707782790254594
1331707810716004358
1331707865439080456
1331707882040152065
1331707927208599552
1331707968937717760
1331708121367113728
1331708134109241344
1331708171476475904
1331708209476747267
1331708365358194689
1331708570161778690
1331708620677943296
1331708667016728576
1331708677062094853
1331708826580627457
1331708843349270528
1331708863683280896
1331708867890343944
1331708893014142976
1331708936609738755
1331709060706549760
1331709136891949060
1331709291905118209
1331709371496075265
1331709410511642625
1331709517474750466
1331709586886287364
1331709598009597958
1331709610785378307
1331709631626928128
1331709808207073280
1331709836849975300
1331709899668000768
1331709899923886082
1331710189159018508
1331710193344843776
1331710248265068545
1331710277138731008
1331710307971035137
1331710310655340548
1331710546018775040
1331710600687316999
1331710614578851845
1331710708719906816
1331710730157035523
1331710815548936192
1331710947669512192
1331711138480812034
1331711191396347905
1331711263253164032
1331711393222029315
1331711464240009216
1331711505931243521
1331711607358054402
1331711812920778753
1331711837612634112
1331711913298980872
1331711959255793664
1331712039186739202
1331712122338897923
1331712259660386307
1331712404342771712
1331712525927403522
1331712579794739201
1331712713995608065
1331712806664724483
1331712807059025920
1331712857143033856
1331712892836716544
1331712989255376896
1331712999372038145
1331713069848944640
1331713192418938882
1331713310144815106
1331713360245772288
1331713414264184832
1331713477551943680
1331713498586419203
1331713654455111681
1331713691679645700
1331713708691755027
1331713759069556736
1331713778895835138
1331713809149546499
1331713834294374400
1331713934848626693
1331713955492978693
1331714050078683136
1331714077941518336
1331714207939780608
1331714236406505472
1331714320229494786
1331714501100531712
1331714534424285184
1331714568129826820
1331714579945099268
1331714618968969226
1331714623003897856
1331714685977063426
1331714720970272771
1331714730277416960
1331714823797809154
1331714829124571137
1331714861781319680
1331714896598327296
1331714920501583874
1331715050545897472
1331715084746371073
1331715239952388096
1331715293987606539
1331715338380193794
1331715351290134529
1331715436346548225
1331715491233226757
1331715583096860674
1331715646107906054
1331715659135377408
1331715763745550342
1331715775380533249
1331715826668474373
1331715843504353285
1331715861485412361
1331715923187814400
1331715935388876801
1331716289073647623
1331716317041336323
1331716350755172352
1331716363316994050
1331716384863109121
1331716560722022401
1331716741093863426
1331716749234896902
1331716787570941952
1331716811776286723
1331717231873495042
1331717244439699456
1331717336710193152
1331717402988597249
1331717508525678598
1331717613420994561
1331717683960799232
1331717760716562435
1331717781000048640
1331718003499692032
1331718041269391361
1331718229610225664
1331718271578513409
1331718282731089921
1331718351983419392
1331718414499340288
1331718577188077568
1331718590668673027
1331718619844243459
1331718685116035082
1331718737863593985
1331718858579668992
1331718895410044930
1331719051660333056
1331719051886821376
1331719112213618688
1331719154521542658
1331719248713015297
1331719261866307585
1331387232582823936
1331387496534478848
1331387538548768768
1331387760230404096
1331387827955830785
1331387882033057793
1331387903960903684
1331387933811564544
1331387995195404290
1331388063621197826
1331388157380743169
1331388176087265280
1331388234794987521
1331388464793853953
1331388502949367809
1331388574504251395
1331388964381618176
1331389216039841795
1331389228203331586
1331389340065411078
1331389412719124483
1331389467937140737
1331389548052557824
1331389551508504576
1331389593934049280
1331389694102417408
1331389849551712260
1331389891566063617
1331389912763994113
1331390100731809792
1331390411231924224
1331390431989383168
1331390436116664325
1331390473769005057
1331390559416512512
1331390743471030272
1331390753969475587
1331390940116901890
1331391003366973442
1331391146514391042
1331391225627230208
1331391241792016384
1331391276017651714
1331391309660254209
1331391333664235520
1331391367243771904
1331391447724134402
1331391457178103809
1331391539474526208
1331391593966956545
1331391687348736001
1331391774842114048
1331391792487469056
1331391897189945344
1331391979301654528
1331392298848903168
1331392325432598528
1331392530177351680
1331392764672667648
1331392844901265408
1331392865331785730
1331393019820478465
1331393045489725440
1331393058877960195
1331393064129073152
1331393092348329984
1331393095410348033
1331393111742947332
1331393163336900608
1331393163802636293
1331393390806765572
1331393406904446977
1331393418585649153
1331393750904483840
1331393900653645824
1331393947797753862
1331393992999710720
1331394100990504963
1331394110654193666
1331394148339953667
1331394158041423874
1331394169403686912
1331394170037170176
1331394287335038978
1331394301780238342
1331394331199086592
1331394378695389184
1331394480545607681
1331394496228061190
1331394563299164161
1331394640285749255
1331394677300334595
1331394988379279360
1331395092150693889
1331395216591495168
1331395507151781888
1331395578433998850
1331395659237363713
1331395675553140736
1331395768943595527
1331395789101408256
1331395878951665666
1331395892340011011
1331395920022425600
1331396036812812290
1331396187317002241
1331396192299745280
1331396354568949761
1331396665195032579
1331396669204729856
1331396703187066887
1331396735457964032
1331396819696250880
1331396996721238018
1331397118125240321
1331397256826720259
1331397297041780742
1331397336136896522
1331397403036053504
1331397424326336513
1331397529079078914
1331397617532628993
1331397633563271170
1331397663091171328
1331397668141232128
1331397672176062465
1331397759702872066
1331397968558059520
1331398044630257665
1331398192714420225
1331398222410108933
1331398259059945477
1331398285131722752
1331398372482170880
1331398437397536770
1331398519358328832
1331398552547852288
1331398578154188800
1331398675034230789
1331398788456583177
1331398813139931138
1331398908820426754
1331399014986752000
1331399122767781890
1331399244264079361
1331399468915240962
1331399529678188544
1331399531905175553
1331399597177102336
1331399626449154054
1331399714227458049
1331399848617070593
1331399908054757378
1331400025751121920
1331400158928637953
1331400193061777408
1331400252163649536
1331400297802067969
1331400343012270080
1331400389690703872
1331400427850625025
1331400578505830406
1331400593676627971
1331400851110313984
1331400892952702982
1331401036439855105
1331401087342026752
1331401115854909446
1331401163862925312
1331401216446918656
1331401385011785728
1331401479379410944
1331401527227949058
1331401572664954880
1331401639144599554
1331401647944294402
1331401708199575552
1331401731838791680
1331401732639821824
1331401975859175426
1331401987959771136
1331402034478784512
1331402059296493569
1331402097632432128
1331720012202209280
1331720012487278592
1331720034138218496
1331720259770970115
1331720387411980288
1331720415765413889
1331720427610181632
1331720465421725696
1331720670997221376
1331720691109031939
1331720717256323072
1331720729537163265
1331721270682071042
1331721300222492672
1331721333261152257
1331721371005710336
1331721556418916352
1331721615068057610
1331721778335522816
1331721878642298882
1331722029544984578
1331722114622238724
1331722168485498881
1331722188974657537
1331722191302512651
1331722206959767553
1331722260424560644
1331722340103823363
1331722399004430339
1331722420042878976
1331722546320912386
1331722575160832000
1331722588016566272
1331722772804997120
1331722787598241798
1331722792971153415
1331722913062391808
1331722977524682753
1331723020260425729
1331723074383712257
1331723132873404419
1331723152167153665
1331723482128781313
1331723536482902017
1331723665575190534
1331723673263366145
1331723711745990657
1331723998275768321
1331724097944956929
1331724108120244225
1331724125497384962
1331724164949037059
1331724500950544391
1331724508802248704
1331724515135553537
1331724617501839366
1331724626439892993
1331724647453298689
1331724759659327490
1331724822863286278
1331724889934483460
1331724911593861125
1331724915658014722
1331724928111038465
1331724929075531776
1331725021698514944
1331725106578681856
1331725134391103493
1331725247070961665
1331725301240487936
1331725335235334147
1331725390780399616
1331725602953555978
1331725905299791872
1331725926003044359
1331725930784567297
1331726068567343104
1331726337820778500
1331726350575550464
1331726556054646787
1331726732001505280
1331726732303470594
1331726794639216642
1331727062906925056
1331727121417465858
1331727142841954306
1331727197686685697
1331727222152032258
1331727234541957121
1331727336153210882
1331727456731017216
1331727931626831874
1331727972475265024
1331727999926996993
1331728027395391488
1331728119758270464
1331728149370056706
1331728231263842311
1331728275098411010
1331728347689324544
1331728498118062082
1331728523522961408
1331728535153766400
1331728541231292419
1331728644415266816
1331728644998303753
1331728711482269699
1331728783464951809
1331728787952820224
1331728833993715712
1331728933805559810
1331728972032438279
1331729127595008006
1331729156325969921
1331729256427171840
1331729290195591170
1331729302581342208
1331729307039895554
1331729316049248261
1331729378414301185
1331729412568526851
1331729445342879749
1331729516255916034
1331729667150151680
1331729717943173121
1331729844191707142
1331729873543499783
1331730049935028226
1331730500516536321
1331730529801089024
1331730729160601600
1331730742053920768
1331730871594995714
1331730880012972035
1331730923004567554
1331730926422937602
1331730926699769856
1331730946962448389
1331730947553845256
1331731031234326528
1331731080005742597
1331731165644984321
1331731177137344512
1331731283223973888
1331731370905718785
1331731450597683205
1331731617480646657
1331731630969511939
1331731697407320068
1331731698237796358
1331731722539569154
1331731761135542280
1331731777484976134
1331731828605034497
1331731862339735552
1331731937573146625
1331731941956198410
1331732025200443393
1331732146214629378
1331732270017863680
1331732494148890629
1331732527552335872
1331732532925263872
1331732633395417095
1331732717487198210
1331732767693037568
1331732847044997120
1331732855966359553
1331732872693248000
1331733123290312709
1331733194945785860
1331733324826513408
1331733325992562696
1331733400990982146
1331733514622959616
1331733601147363328
1331733727819362304
1331734034620137478
1331734148625608706
1331734239734345728
1331734289671729153
1331734290250469378
1331734374157590528
1331734382223052803
1331402226515005440
1331402277630992385
1331402352113430530
1331402395591520256
1331402406635196428
1331402528739762177
1331402708469866497
1331402770545586177
1331402927794221058
1331403022388367360
1331403024531537923
1331403057591160832
1331403136171388928
1331403237233221633
1331403238181101568
1331403238424203264
1331403536148672512
1331403678532694019
1331403853917532163
1331403937786834944
1331403954379395072
1331404299411222528
1331404311025356805
1331404350653157379
1331404370886406146
1331404375093252098
1331404420215672832
1331404466134933505
1331404588440715264
1331404638516436992
1331404999067271168
1331405030373662723
1331405288457560069
1331405300717391873
1331405334922006532
1331405359907557377
1331405389078818816
1331405419818987520
1331405469517291521
1331405611150565377
1331405649629024257
1331405784354156544
1331405791698489344
1331405796605890560
1331405972842164225
1331406072574308352
1331406127301619717
1331406346151923713
1331406357698928642
1331406396135534592
1331406479950278656
1331406488288587777
1331406492227031041
1331406544492261378
1331406630517235712
1331406638004068355
1331406756883304448
1331406828018790401
1331406840505176064
1331407016955404289
1331407115072704514
1331407143010963456
1331407163105955844
1331407247386185729
1331407263899201536
1331407512353067011
1331407537711693824
1331407583329062912
1331407625251139590
1331407633451020289
1331407855455514625
1331407855866552321
1331407910660956165
1331407994752364546
1331408006370783232
1331408110955732992
1331408212638244864
1331408246909906945
1331408365159780352
1331408405261594631
1331408589446115334
1331408603106971649
1331408640218107910
1331408656504664066
1331408696375578626
1331408732106928128
1331408749383225345
1331408835400101888
1331408874868408320
1331408878441885697
1331408988316053505
1331409223096311813
1331409290431762432
1331409423852421122
1331409630258315264
1331409659668926465
1331409726291243009
1331409734365286401
1331409852384620544
1331409864564805633
1331409889336455168
1331409927324233728
1331409998707109888
1331410032991350785
1331410112271970305
1331410204043468802
1331410304580849664
1331410385333841921
1331410421908197377
1331410477709225984
1331410540267188226
1331410573477752832
1331410757968420871
1331410797503852544
1331410828160012288
1331411051712180224
1331411064701865986
1331411281925054465
1331411411965267970
1331411454545842176
1331411555058024449
1331411567305437185
1331411915457835010
1331411923997519874
1331411944713170944
1331412133465235456
1331412163961950208
1331412167896178689
1331412251467800577
1331412268802838533
1331412276742537216
1331412331318820864
1331412464865603586
1331412494422847488
1331412553524678656
1331412729173737474
1331412817019359236
1331412960334409728
1331412974662139904
1331413102139744264
1331413145139765249
1331413295547392000
1331413342523514882
1331413350618697729
1331413366506721282
1331413569884344321
1331413572640006145
1331413639564320771
1331413702554365952
1331413732199632896
1331413894854815745
1331414000735723520
1331414062765395974
1331414064493436932
1331414323118411776
1331414327677624322
1331414344857497602
1331414348523302912
1331414385764544515
1331414448893030400
1331414458183393284
1331414516660269056
1331414566320762881
1331414616598065154
1331414700777631744
1331414708788707328
1331414718582566913
1331414734818717697
1331414852372484100
1331414880646176770
1331414934903787524
1331415001463218176
1331415170271256576
1331415279960723457
1331415309010481152
1331415405013782532
1331415467878215684
1331415658320506888
1331415681795911680
1331415770019061765
1331415770534801408
1331415891725021188
1331416132876722176
1331416361604702208
1331416412947025920
1331416436850483201
1331416470899879937
1331416491221127168
1331416546619506689
1331416890359619584
1331416944352710657
1331416965060071426
1331416991689625601
1331417100372598784
1331417158497275907
1331417222141472770
1331658926132228096
1331658986257592322
1331659032499679232
1331659054847045634
1331659119342854147
1331659295277146114
1331659358489473027
1331659661976584192
1331659680104538112
1331659702573424641
1331659706708996097
1331659931154403328
1331659970748710913
1331660084854874116
1331660135106707456
1331660147937083392
1331660176118542336
1331660136847327232
1331660269102120963
1331660379202539521
1331660466045689856
1331660692353642499
1331660848461451264
1331660861241511936
1331660877351837699
1331660962173251584
1331660970427498501
1331661041013428225
1331661095002644481
1331661134307454979
1331661234198904834
1331661284228608001
1331661343615840260
1331661439640035329
1331661452218937351
1331662018047217665
1331662220200210432
1331662287392878596
1331662315498983424
1331662316094459904
1331662399858937857
1331662419823824896
1331662487402450945
1331662608106213376
1331662642260316160
1331662643506057223
1331662679333875721
1331662680726392837
1331662844396515328
1331662886515712000
1331662902584090624
1331662902647025668
1331662929108799492
1331662961656532992
1331663004320972800
1331663092531433472
1331663096121683968
1331663187545001984
1331663376351682560
1331663439362723852
1331663523450138624
1331663560926244866
1331663854221320198
1331663859682316289
1331663896449589251
1331663918696194053
1331664003844587520
1331664068365717505
1331664160749445123
1331664271240007684
1331664522189291520
1331664688984285188
1331664769669951488
1331664861739225093
1331664907352170497
1331665100432879619
1331665135484563459
1331665355622723586
1331665463089225728
1331665479048458240
1331665562649440256
1331665663124000770
1331665704211410948
1331665718056800256
1331665813963640832
1331665923359481859
1331666003235909634
1331666015676076032
1331666091769294849
1331666107913089028
1331666161772224513
1331666212724633601
1331666263182086144
1331666300117131271
1331666300574130176
1331666389539713024
1331666484758601729
1331666514404134917
1331666619681136642
1331666653575225344
1331666706629074944
1331666963542765575
1331666971109167104
1331667004533698562
1331667185874432001
1331667193810087938
1331667231995031552
1331667252320628736
1331667360911122432
1331667408478584833
1331667461511536642
1331667464770494464
1331667549986172929
1331667778462494724
1331667844422004736
1331667873211834379
1331667889804349440
1331667936864514049
1331668015881052163
1331668017147731970
1331668150694404111
1331668170738970624
1331668182084435970
1331668306147774472
1331668347516309506
1331668380609171458
1331668384992342018
1331668447676280846
1331668469327204352
1331668529330880514
1331668578760798212
1331668628115238916
1331668666937700354
1331668683643645957
1331668829060145153
1331668909406126080
1331668946530017284
1331669064813580288
1331669144513732611
1331669162033246208
1331669380019740672
1331669408909979648
1331669416199614464
1331669416195497990
1331669428765945857
1331669518968643585
1331669539017412608
1331669595107643392
1331669632877379585
1331669673193185282
1331669739052036096
1331669785680244745
1331669882845483014
1331669994812346374
1331670012881342464
1331670029130223618
1331670130435231744
1331670142258982919
1331670289302900736
1331670300535255040
1331670304490446859
1331670313675866112
1331670339806519297
1331670385629294592
1331670427408560128
1331670482052059137
1331670687560437764
1331670788882255872
1331670991882207232
1331671027819155457
1331671102343573509
1331671120383152130
1331671137835692032
1331671141757415431
1331671154088558599
1331671245784555523
1331671401137393666
1331671449296400390
1331671479868592130
1331671505877524480
1331671567588347905
1331671640065724416
1331671648211062784
1331671803358482438
1331671803966722053
1331671853325291521
1331671888775569409
1331671899911368708
1331671976251961348
1331672092081733632
1331672151024431111
1331672159786332162
1331672218309419008
1331672261053607936
1331672272810237952
1331672290891886592
1331672349389717504
1331672349545029633
1331672362442502146
1331672403353751553
1331672470072520704
1331672483578208258
1331672591631851528
1331672616315346946
1331672857940815873
1331672914094120964
1331672914626809860
1331673284526690306
1331673406085935104
1331673463497568262
1331673490836099081
1331673681769230336
1331673770772344832
1331673850141151235
1331673887214546944
1331673984098856962
1331674051882995712
1331674068739907586
1331674177493999617
1331674256581808138
1331674361208696835
1331674472479412226
1331674499612372992
1331674533695283210
1331674557057441793
1331674667699089410
1331674952534208513
1331674957592612865
1331674995630747649
1331675041499467777
1331675083836887040
1331675088370929668
1331675105236189190
1331675213621198849
1331675498292932609
1331675641662476288
1331675830427164672
1331675921783242752
1331675956407267329
1331676160531587075
1331676391239151617
1331676439071043586
1331676496147013632
1331676535485587462
1331676665135525888
1331676672391831557
1331676706902564866
1331676862272196609
1331676865975750659
1331676903414116358
1331676966467088385
1331677080132718592
1331677163355979778
1331677239428009984
1331677370118451202
1331677495591104515
1331677533339873281
1331677578973900800
1331677584359297024
1331677944113074177
1331677986693767170
1331678002850172929
1331678005421355008
1331678085423349760
1331678123369312265
1331678132240265221
1331678228595896320
1331678229690630145
1331678291531624449
1331678304512970757
1331678380706631686
1331678413875195909
1331678489913806850
1331678762233188352
1331678883121299457
1331678908064776192
1331678909704835074
1331679025803259908
1331679362920419330
1331679391106084864
1331679454012301315
1331679751463862273
1331679872549335041
1331680003780534272
1331680092238606336
1331680092305690627
1331680099373035525
1331680384464035841
1331680398703783939
1331680427552206848
1331680574730342403
1331680703961042944
1331680938510585857
1331680942260359169
1331680993292537858
1331681551596351493
1331682390494883843
1331682415581028354
1331682453317169160
1331682464822005761
1331682486917718019
1331682515099283459
1331682572259135488
1331682707886182400
1331682772436406275
1331682871954665474
1331682943375446016
1331683060346187778
1331683095326584832
1331683165044318208
1331683242265677827
1331683332967510016
1331683413779165189
1331683598370529280
1331683635561369604
1331683697796337665
1331683929674428424
1331683953514868738
1331684097543069704
1331684120506884105
1331684176471310336
1331684261049483264
1331684293878300672
1331684302464151552
1331684440976871427
1331684641460297728
1331684738369806343
1331684779847163904
1331684855323758597
1331684947749433348
1331685019245481984
1331685036278444032
1331685108726820867
1331685200250671108
1331685249538019339
1331685262204706816
1331685321344315392
1331685367481819141
1331685430174109706
1331685631844466689
1331685686634692609
1331685846127415297
1331685904361037830
1331685916902109194
1331686051539247104
1331686097080946689
1331686110137901057
1331686113870831621
1331686436454756358
1331686521305509892
1331686571037364225
1331686793503248390
1331686819579133953
1331686906648801281
1331687002945810435
1331687087075155978
1331687138069344256
1331687180658483202
1331687418504900612
1331687470199664642
1331687645500624896
1331687762089611264
1331687800203218945
1331687852409810949
1331687879718932482
1331688035637989377
1331688090012852224
1331688526426099713
1331688540044922882
1331688886402211840
1331688902772527112
1331688969071960069
1331734470710398982
1331734509042212867
1331734627371921415
1331734747052175360
1331734935229530113
1331735007321350144
1331735058386980867
1331735071003381761
1331735100007067648
1331735241640337411
1331735271809945600
1331735384536084492
1331735905355362304
1331735959335944193
1331736063920926720
1331736156552237066
1331736197811548163
1331736225171050502
1331736336554930177
1331736442050002944
1331736458156236802
1331736483091320832
1331736587965779972
1331736659990351875
1331736752432713728
1331736793113366529
1331736802588241922
1331736920196571139
1331737049137770498
1331737067232002049
1331737101075791872
1331737121141317633
1331737197251276805
1331737499073384448
1331737501980008448
1331737513333964802
1331737523920441348
1331737553590956033
1331737623711379462
1331737675204706304
1331737712949391362
1331737856306515972
1331737934454804486
1331737960107094020
1331738060191461376
1331738337850232832
1331738375649423363
1331738383521964032
1331738543404634113
1331738581325516802
1331738739501125643
1331738794987577347
1331738820157599745
1331738883386707969
1331738907965177858
1331739071723565057
1331739176836993025
1331739365131763713
1331739375600685057
1331739512079343616
1331739534799810561
1331739558610952196
1331739683739504642
1331739696108597248
1331739775540350976
1331739939910901760
1331739985972658177
1331740011365064705
1331740161424707584
1331740216869212161
1331740305167708163
1331740371194404865
1331740476446289923
1331740477255782401
1331740497467957248
1331740522688475136
1331740594457223173
1331740707048943618
1331740716456939523
1331740812175175682
1331740971571310595
1331741051711750144
1331741243550920706
1331741265076113413
1331741279714226182
1331741348785958915
1331741360525873155
1331741440800538624
1331741558991974404
1331741680937046017
1331741704987271168
1331741721756127233
1331741747148361733
1331741774533029891
1331741787925454848
1331741931932672000
1331742212590235648
1331742305410297856
1331742401799581699
1331742510830522369
1331742566262267904
1331742837906444289
1331742905824899072
1331742985596379140
1331743177733271558
1331743206539735040
1331743459292667912
1331743483728695297
1331743571708440576
1331743777728376833
1331743844543684608
1331743965586939906
1331744494363013122
1331744499077435393
1331744515108036609
1331744611572727809
1331744670863470597
1331744725129424900
1331744805936881664
1331745443487903747
1331745443441676290
1331745450710474761
1331745656776531969
1331745760719888387
1331745802046369796
1331745852457709579
1331746050936360961
1331746074684428288
1331746126354145281
1331746399495532544
1331746470098132996
1331746525953798147
1331746528935993344
1331746546501570561
1331746596166524933
1331746717331562500
1331746847875067906
1331746881693597697
1331746894331129857
1331746919199236096
1331747128465453057
1331747564505337858
1331747658126376961
1331747690993094657
1331747821305933825
1331747942789750784
1331747999102488576
1331748160302149634
1331748218997129217
1331748223107600385
1331748366640951302
1331748396814790659
1331748592462163968
1331748833240313856
1331748847987646465
1331748861468176386
1331748962773180417
1331749041403641859
1331749074865819649
1331749093580832771
1331749138128625668
1331749222698405888
1331749272530923521
1331417335152971778
1331417384633073664
1331417481311780864
1331417553374228483
1331417565080342529
1331417565814530049
1331417644554129409
1331417692050493440
1331417733788016640
1331417749403394052
1331417851006230532
1331417938394566666
1331417993616691201
1331418002454142981
1331418210856472578
1331418408890609664
1331418471444455426
1331418635378651136
1331418781218836481
1331418832045486080
1331418863658033152
1331418957933203456
1331419082437128195
1331419125621559298
1331419241124417540
1331419395273367552
1331419486633811968
1331419510671347717
1331419738686296068
1331419800652951559
1331419918743580677
1331419918911348737
1331419948405592064
1331420011517202432
1331420283849166848
1331420338706542593
1331420376417464324
1331420400568266752
1331420476749574148
1331420559645630466
1331420647814164481
1331420747118628865
1331420748892803073
1331420783156080641
1331420783466467336
1331420825455636482
1331420895575830529
1331420958268170240
1331421059896238082
1331421143757099008
1331421188569116673
1331421335961137152
1331421357255618562
1331421357872087040
1331421394295394304
1331421474620641280
1331421520229523457
1331421600990846977
1331421609115217922
1331421621895245826
1331421817920122880
1331421852598743041
1331421890238242818
1331421893908422658
1331422028382023680
1331422049621970944
1331422069800587264
1331422132748787713
1331422161878228993
1331422204731531265
1331422246360010753
1331422254803144704
1331422296838266880
1331422645078908936
1331422762427179009
1331422762997518337
1331423024122302471
1331423036981952514
1331423076978868225
1331423337164181505
1331423362191601667
1331423415828422656
1331423450251005954
1331423466269106187
1331423483260178432
1331423542412521472
1331423559986647040
1331423579091521536
1331423619524673536
1331423659177746433
1331423676353417221
1331423684750401536
1331423781814890497
1331423861548724226
1331424041941536769
1331424050019770370
1331424141661118468
1331424146304028672
1331424155544260609
1331424255075110914
1331424347785924609
1331424499179241473
1331424544658165761
1331424724770021381
1331424943339409411
1331424997349449729
1331425216128552961
1331425266590216195
1331425388376035330
1331425445846331393
1331425513802436609
1331425530005032960
1331425643305775105
1331425911812616193
1331425978770468865
1331426008784904193
1331426096601063424
1331426101667655680
1331426129723478016
1331426314906112003
1331426361005793282
1331426415108087808
1331426494606761986
1331426512969482242
1331426533509013504
1331426558876262401
1331426619454578689
1331426696172605440
1331426729794170887
1331426755073044481
1331426840028860416
1331426918306959361
1331426989564039168
1331427141427359749
1331427187099131904
1331427241281146885
1331427287884029955
1331427291788939268
1331427413880950784
1331427564687134721
1331427648283828226
1331427828756213762
1331427837253980160
1331427883580088320
1331428139939942400
1331428159766618112
1331428236006481921
1331428324535660544
1331428612747239426
1331428722117926912
1331428755865219073
1331428801297920001
1331428831039668224
1331428870814240769
1331428886274584579
1331429011872907267
1331429183445196800
1331429275350786051
1331429385472237569
1331429544998432769
1331429775546585089
1331429875253579776
1331429939187355648
1331430122713333760
1331430156737662976
1331430174412447748
1331430320898379781
1331430355610587136
1331430475844390912
1331430484522508288
1331430567510822914
1331430596715790338
1331430831425015809
1331430841315168258
1331430867491811332
1331430932797120518
1331431125252673537
1331431162670166020
1331431222652796934
1331431301744881664
1331431373043888132
1331431420028338177
1331431570880798721
1331431570989850625
1331431646755758082
1331432118375706624
1331432133076815877
1331432201074995203
1331643828084891648
1331644058310238210
1331644129110093833
1331644251944472577
1331644289617686533
1331644309653909504
1331644464859930624
1331644637304344576
1331644855051808773
1331644968092512257
1331645148569108481
1331645176557809666
1331645554703515649
1331645564786601985
1331645588094464004
1331645840054771712
1331646066622656513
1331646147002298368
1331646200534200320
1331646226677325828
1331646301684035584
1331646374140538880
1331646470445928448
1331646481661571073
1331646486757728267
1331646595327168512
1331646952686104579
1331647144558800896
1331647253514231811
1331647280500277254
1331647295453089795
1331647330316034050
1331647389246001154
1331647393398452224
1331647518690615296
1331647643802628098
1331647673250680835
1331647803823632387
1331647849524768771
1331647895645290498
1331647995771826176
1331648000620367873
1331648140127182854
1331648277184454657
1331648290845315072
1331648341202128900
1331648453189971968
1331648646031437826
1331648893373833216
1331649033543307265
1331649040782594049
1331649062194515971
1331649171200249856
1331649368898801670
1331649514747224065
1331649589573791747
1331649611199606787
1331649640488341504
1331649716963192833
1331649741281783815
1331649761053708293
1331649766833463297
1331649812954017799
1331649888732536836
1331650085898379267
1331650194602037250
1331650206694330371
1331650429285908481
1331650449376735233
1331650517366435840
1331650601252491269
1331650643157606400
1331650819427627008
1331650932149547008
1331651088488026115
1331651126740070407
1331651199330824194
1331651326183411716
1331651507310178306
1331651558392598530
1331651871686103040
1331651934449754114
1331651955752570880
1331651989130735616
1331652311647723526
1331652349568327680
1331652366840590336
1331652618477858824
1331652619111116802
1331652743845478400
1331652887345152000
1331653167382138894
1331653202668904450
1331653205579730954
1331653273003192323
1331653701224820737
1331653755264184326
1331653884784353284
1331653982188572672
1331654161541324802
1331654275219542017
1331654389409468418
1331654573367435264
1331654606456164352
1331654695774003201
1331654963584524289
1331655009117892610
1331655089568641024
1331655381962133504
1331655387158880260
1331655429223374852
1331655437146611712
1331655460957536256
1331655520516771842
1331655589538242562
1331655596790132737
1331655600934166529
1331655680282009604
1331655693317910540
1331655696446840833
1331655718907174915
1331655789887557634
1331655822838001665
1331655922947526656
1331655958066470912
1331655978106773506
1331656012965638145
1331656230184636422
1331656271230095362
1331656430521176064
1331656444769300487
1331656518773710849
1331656538352660484
1331656598427754497
1331656667168169985
1331656680434786307
1331656809296384001
1331657041769803782
1331657115497328641
1331657169440108544
1331657273584840704
1331657342337761282
1331657447665262592
1331657608667811841
1331657753379680258
1331657756932251652
1331657764997742592
1331657815824470025
1331657837315985408
1331657856836308994
1331657914193383424
1331658058850836481
1331658104182771712
1331658351118311432
1331658357120360449
1331658486581751811
1331658743063330818
1331658768141127682
1331658816102957057
1331689105034530819
1331689125540347904
1331689256188850177
1331689288279461889
1331689347553263617
1331689381065863170
1331689419112390662
1331689452394213378
1331689575048228864
1331689616555057152
1331689625107238915
1331689683772874753
1331689771014320128
1331689914275164161
1331689994621161472
1331689998047997952
1331690023280848899
1331690035599564801
1331690136237699072
1331690249139888128
1331690324746412032
1331690382925701122
1331690433861328896
1331690513628622855
1331690669199527937
1331690827941171201
1331690833490440195
1331690891824799744
1331691081008869377
1331691357585465351
1331691361108697090
1331691377462292482
1331691466683518976
1331691498220490753
1331691637970440197
1331691641711730688
1331691743390158849
1331691759613534210
1331691870255149057
1331691905915228168
1331691927893204992
1331692011544567809
1331692058734637057
1331692066062135299
1331692298359468033
1331692381549301766
1331692396451557377
1331692531776712706
1331692858450055181
1331692883468976128
1331693089572999168
1331693131612495876
1331693219231494144
1331693379189682181
1331693403415990273
1331693446264983557
1331693454435475461
1331693513650495489
1331693525855989760
1331693609003880448
1331693647079874562
1331693651232051200
1331693672761602051
1331693752381890561
1331693780962058247
1331693923690045440
1331694146038366209
1331694188778369032
1331694255509790720
1331694318155747328
1331694436665921537
1331694453095063561
1331694474079203330
1331694478202183680
1331694512046043140
1331694566391623681
1331694611287437315
1331694624327524353
1331694682603220994
1331694935637110787
1331694968415670274
1331695014502690817
1331695122975748096
1331695333412380679
1331695413447966720
1331695467416203268
1331695468024373253
1331695539159658496
1331695539126218757
1331695698048290816
1331695778193174534
1331696029549391873
1331696039762427904
1331696097044164609
1331696230729207818
1331696314111971339
1331696486661419016
1331696530554806272
1331696533272670212
1331696566768463883
1331696699765645312
1331696725480923136
1331696729779970048
1331696801347493889
1331696943681179649
1331696960236122114
1331697094902558722
1331697098958524416
1331697123633602560
1331697162502041600
1331697434255298569
1331697719895859200
1331697749163642880
1331697782185406471
1331697958841167874
1331697962980929539
1331698127150198791
1331698323288363012
1331698527827791881
1331698785072730117
1331698810591072256
1331698814072315904
1331698843419889664
1331698852156506112
1331698914957824000
1331698944582279170
1331699044696121346
1331699061972365312
1331699087075385345
1331699091848515585
1331699146420523008
1331699204876611588
1331699334283481089
1331699485098045443
1331699662726729728
1331699670289092608
1331699674856759303
1331699770860204033
1331699833967697920
1331699942201683969
1331699963210948612
1331700042881781765
1331700102688280583
1331700115396980736
1331700152902381568
1331700174247301121
1331700323916898304
1331700375888523264
1331700386776952839
1331700412660019200
1331700581044510720
1331700601168687104
1331700966895316994
1331700991855452160
1331701000797818883
1331701004224655362
1331701016396517379
1331701158662995969
1331701251608875011
1331701323100692482
1331701344382689287
1331701536867618816
1331701583239917574
1331701808717291526
1331701906213720064
1331701921959337987
1331702031569055748
1331702035989876736
1331702131942969344
1331702190449287170
1331702409651908609
1331702467147554817
1331702605874130946
1331702786078109696
1331702799441149952
1331703167961206784
1331703197501624323
1331703264052613121
1331703356923015170
1331703361788276737
1331703516482727937
1331703612398055431
1331703683768172544
1331703953323601920
1331703964895686656
1331704174409625602
1331432403663872001
1331432552331169793
1331432576968495111
1331432615488880640
1331432659499634689
1331432882800357377
1331432912638648320
1331432943957536773
1331433218759921666
1331433222341844992
1331433336569475072
1331433411085541376
1331433499023142919
1331433520141635585
1331433567260463106
1331433593625833479
1331433689104912385
1331433705525682176
1331433801579376641
1331433832134873089
1331433839772672003
1331433952041525248
1331433964607860736
1331434213455917062
1331434304254185474
1331434397069840385
1331434641019047937
1331434721083965441
1331434926479003650
1331435026815348738
1331435127046610944
1331435161104375812
1331435371255697408
1331435378579042304
1331435442462453764
1331435492378767361
1331435505280421890
1331435710222569473
1331435773829255169
1331435928229916677
1331435970319749120
1331436083058532353
1331436092571062273
1331436133780250624
1331436285198680064
1331436369105838080
1331436457148502021
1331436464660484098
1331436573758349313
1331436615974088704
1331436713089097731
1331436893138001921
1331437053146517507
1331437078354255872
1331437148445282307
1331437169156648960
1331437513869729792
1331437584912949248
1331437706157682690
1331437710100328448
1331437774256259072
1331437971153805315
1331438084559417346
1331438168101425153
1331438201328820227
1331438578304389121
1331438600047587330
1331438792394362881
1331439003179081733
1331439015837503489
1331439044966944769
1331439089858461698
1331439095281643523
1331439279789236225
1331439530327543809
1331439573080092683
1331439678122287108
1331439689954422785
1331439870535897091
1331439904384016385
1331439975519412228
1331440063591428105
1331440127923658753
1331440215718834178
1331440223209787394
1331440319636926465
1331440336468660224
1331440399534133248
1331440570854744064
1331440597291380738
1331440727189020681
1331440755794186242
1331440764212056065
1331440827415969793
1331440998434664448
1331441028121804802
1331441267188895745
1331441360210173952
1331441473292787712
1331441481471594496
1331441673696632833
1331441782819794944
1331441829678514176
1331441911354286080
1331442110269173760
1331442122608795648
1331442122818424837
1331442208084377600
1331442228842037248
1331442543284916225
1331442618992091141
1331442635463139329
1331442652294881280
1331442676437139461
1331442992188715009
1331443109343981568
1331443188469538817
1331443201471893507
1331443216919486465
1331443328802574338
1331443527977496578
1331443531878199296
1331443570570571777
1331443661821800454
1331443755489112065
1331443776242462720
1331443901681561606
1331443951660920832
1331443964797349889
1331443985903210497
1331444009877827584
1331444044828991493
1331444136545710083
1331444257949851649
1331444383389020162
1331444426753724418
1331444485218312195
1331444731717578753
1331444845089595394
1331444870435786752
1331444874063724547
1331444907911868417
1331444950979014664
1331445281393557505
1331445494954995712
1331445537694998528
1331445567268982788
1331445721405550593
1331445747523473409
1331445935407198208
1331445939924586498
1331445966537416704
1331446024213209088
1331446057306382336
1331446082555969536
1331446171236175872
1331446279667392512
1331446421761912832
1331446593908830209
1331446602058391552
1331446775438163969
1331446811823894529
1331446821294661633
1331446916685701120
1331447069245136897
1331447071480549376
1331447076035710978
1331447236266483719
1331447290318385154
1331447349399285760
1331447491674451975
1331447961759477761
1331447966398287872
1331448121226760193
1331448124422955009
1331448142592544768
1331448213803585538
1331448309739905024
1331448331432759296
1331448449053700097
1331448544058765314
1331448842382925824
1331448926117920771
1331448968975409152
1331449002383040512
1331449300019134464
1331449337247719427
1331449383792095233
1331449429149294593
1331449522149416964
1331449560078708736
1331449819890556928
1331449996680589312
1331450004607815680
1331450028792164353
1331450054889107456
1331450184082010118
1331450184488914946
1331450294421639169
1331450347819307010
1331450523669704704
1331450528824487938
1331450617106231304
1331450734387339265
1331450763449667584
1331450839366393861
1331450961781534722
1331450977036079106
1331451015497920512
1331451111346081792
1331451170846629890
1331451275712589824
1331451324483833856
1331451355014131713
1331451590641938432
1331451887028154369
1331451912286244866
1331451933551448066
1331452139839877120
1331452244403871750
1331452353929732098
1331452446594494468
1331452522146435072
1331452643370262530
1331452869900460032
1331452990243409922
1331453455857119232
1331453501881393154
1331453536115286016
1331453540481572871
1331453728549793794
1331453728931635200
1331453766449717248
1331453799521808391
1331453870728470531
1331454005093011457
1331454052790644736
1331454060323540994
1331454073451782144
1331454077407006720
1331454115549827074
1331454312292167685
1331454342113714176
1331454353127972865
1331454470970982402
1331454597249036288
1331454810797858817
1331454822919311365
1331454827587530752
1331454920931860484
1331455130697232384
1331455146421850112
1331455327842168832
1331455436151615488
1331455494947475456
1331455885336428544
1331456090702274560
1331456202711003137
1331456203122233345
1331456312358494209
1331456345611137026
1331456394562682883
1331456426011607041
1331456430256263169
1331456497650454533
1331456802974703616
1331456984311341057
1331457298435174400
1331457515977015299
1331457519911317504
1331457553423863809
1331457721380507648
1331457776602767360
1331457793484795904
1331457860849577985
1331458074591199232
1331458154173853698
1331458338526167043
1331458363327008770
1331458393874313217
1331458607620255744
1331458765715951617
1331458769923018759
1331458921492406272
1331458963796336640
1331459734549917697
1331459790040690689
1331459805781831683
1331459847636729856
1331459877902880768
1331459928742039553
1331460103984218113
1331460205490614272
1331460263804022785
1331460285568344065
1331460347857936384
1331460381580136450
1331460553424986113
1331460612552060928
1331460690989682689
1331460989527728129
1331461010796888066
1331461114731761666
1331461127469993990
1331461157471850496
1331461237536854017
1331461378754760706
1331461548330659842
1331461707684671488
1331461996051480576
1331462038242123777
1331462066872471553
1331462205473124352
1331462584046739456
1331462779786719232
1331462825533796352
1331462876247302144
1331462948011741187
1331462982295973888
1331463104501215232
1331463250987393027
1331463530806206465
1331463552515772417
1331463647776952322
1331463727892353027
1331463804702519297
1331464734118457344
1331464739159945217
1331464831313059841
1331464840150360066
1331464915731746821
1331464995788480514
1331465095432400896
1331465167159193601
1331465209186316289
1331465314308141058
1331465804978610178
1331465893201596416
1331466064308289537
1331466128057638913
1331466287264960513
1331466353472020481
1331466505066745856
1331466647052247042
1331466727717281792
1331466916284698629
1331467005241794562
1331467034048294912
1331467071964770306
1331467121344200709
1331467122548109312
1331467151727857664
1331467159239847936
1331467218673164288
1331467268027510785
1331467456376922113
1331467613394919424
1331467680155639808
1331467909961379842
1331467914650718208
1331467969113821185
1331467985526067200
1331468069533839361
1331468182486458369
1331468208646176770
1331468215998963712
1331468288044511232
1331468471599771649
1331468514838908928
1331468745097658369
1331468802807263236
1331468832876032000
1331468955131781120
1331468982940033025
1331468999436034048
1331469059825807362
1331469118634139648
1331469362809585666
1331469382938218496
1331469467222745090
1331469592082825217
1331469604124811264
1331469654317953024
1331469763483217920
1331469868265193472
1331470167889506304
1331470213079031808
1331470222172114944
1331470339428192257
1331470407455690753
1331470482059751424
1331470499113807876
1331470510643949569
1331470784615698436
1331470787556093952
1331470943852478468
1331470966803795968
1331470989192998915
1331471433839546368
1331471571941281793
1331471667990650885
1331471738941673473
1331471783631917057
1331471818511712256
1331471877504692224
1331471890293030919
1331471947599757312
1331471961353023489
1331472011248320515
1331472042856570880
1331472063471644673
1331472092622057472
1331472141519380481
1331472234255425537
1331472258808782848
1331472357102411778
1331472398978322432
1331472499222196224
1331472509145899008
1331472633859166213
1331472645313933313
1331472648623239168
1331472678671224833
1331472697063321600
1331472715996393473
1331472720555438081
1331472729036492800
1331472767234039808
1331472868476022784
1331472946532118529
1331473166246440961
1331473265240338432
1331473331464376321
1331473425869619200
1331473600793047040
1331473670070358016
1331473988460158976
1331473996727132161
1331474083184197632
1331474158983712768
1331474161261228034
1331474274146783232
1331474289208545281
1331474320191840256
1331474377796304896
1331474433245122560
1331474459480510469
1331474622231965696
1331474630373158915
1331474782173483011
1331474827874627586
1331474831511085056
1331474941296992261
1331475002021933056
1331475090157002752
1331475117218598914
1331475146369069059
1331475183048257539
1331475192686796800
1331475240849788928
1331475270335930368
1331475440083501057
1331475492390637571
1331475494479437824
1331475553141002240
1331475614830792706
1331475630060408832
1331475702064050181
1331475779398426624
1331475786486996993
1331475789410410497
1331475804254035970
1331475864521895936
1331476005609824256
1331476041450319872
1331476109863489536
1331476137080467457
1331476159587102720
1331476174459924482
1331476226377039873
1331476356731973632
1331476534331277313
1331476545639231491
1331476677524926465
1331476979095367680
1331477106195361792
1331477114382532610
1331477223627513857
1331477247048429569
1331477277503197184
1331477327084195840
1331477424769544193
1331477526972162048
1331477541635452929
1331477637785554944
1331477674607464454
1331613669872992257
1331613674222481408
1331613708548714498
1331613716538925061
1331613829759963137
1331614328634523652
1331614433374769154
1331614488957652993
1331614799311089665
1331614810950123520
1331614850196385799
1331614899341029376
1331614932627042305
1331615055012634625
1331615087719817216
1331615154266640384
1331615232242966529
1331615238400188417
1331615259321364480
1331615352279732224
1331615491165708288
1331615524330070016
1331615557238419456
1331615730333327367
1331615784536305664
1331616250351529984
1331616431289618432
1331616572478255107
1331616573543608321
1331616574092898304
1331616582271979520
1331616690719830016
1331616803563442178
1331616988095983616
1331617025865764864
1331617034615083008
1331617152592392192
1331617320704176131
1331617343827562496
1331617344536317953
1331617394532421634
1331617538384547843
1331617557661487105
1331617596249083905
1331618187671183363
1331618289290768389
1331618356047261696
1331618418261430276
1331618452000415746
1331618494220218372
1331618514189365249
1331618562276954114
1331618593646186497
1331618854351630337
1331618867945246724
1331618942335520769
1331619130743590918
1331619186494349318
1331619227401408515
1331619231184642049
1331619278538240003
1331619286004150272
1331619319281664002
1331619321009893379
1331619333617774593
1331619352966295554
1331619399866802176
1331619424986599427
1331619475112808448
1331619608974028801
1331619932954497024
1331619941791961091
1331620087837696001
1331620242750136322
1331620300820197376
1331620385536749569
1331620495700221954
1331620507981029376
1331620599131729920
1331620880598790144
1331621131648970753
1331621132303216640
1331621190448926722
1331621429150953473
1331621433705779201
1331621534260031488
1331621570637336576
1331621698051973121
1331621925651668994
1331621963438034947
1331622100675792897
1331622457057439748
1331622486228791303
1331622591971340292
1331622607981060096
1331622842702721024
1331622969458692097
1331622973774565376
1331622989683679232
1331623040933916674
1331623053361639424
1331623287391129605
1331623317078487041
1331623321427963907
1331623467725283330
1331623514978316288
1331623665222508544
1331623807249879041
1331623825117745157
1331623964137955333
1331623980420141057
1331624030093205504
1331624102071713792
1331624123202752514
1331624210997907457
1331624353541337096
1331624378673586176
1331624381697699840
1331624446336102406
1331624584072863744
1331624597649809414
1331624634341593092
1331624668520845314
1331624957596626946
1331625049447571456
1331625195963109376
1331625381301018625
1331625493624463361
1331625519490560002
1331625682435239938
1331625799871582209
1331625917786058758
1331625933946675202
1331626252482953216
1331626253946851331
1331626315989078020
1331626336914272256
1331626403440324608
1331626421425463296
1331626618121379841
1331626785147064322
1331626907796901888
1331626987337691139
1331627204380413955
1331627243374841863
1331627259820699651
1331627356910391298
1331627465626714112
1331627528486866950
1331627657876959236
1331627725141008387
1331627733269565441
1331627759634763779
1331627856464588802
1331628045137047555
1331628212305137664
1331628253510049794
1331628366856851459
1331628384028418048
1331628480191229953
1331628497966600193
1331628501108019200
1331628568879767554
1331628588685094912
1331628673963847682
1331598814457729024
1331598919340613635
1331599002110836737
1331599003566399491
1331599011728531461
1331599107539034114
1331599439245533184
1331599484858617859
1331599545189339136
1331599699279835136
1331599783446843393
1331599799473168385
1331599867550920708
1331599893706764289
1331600182136418305
1331600193238818816
1331600357470986240
1331600378769661953
1331600420888834050
1331600420834316296
1331600432959868928
1331600467827146754
1331600480049491971
1331600626950795269
1331600652372488193
1331600672622596099
1331600679861936130
1331600755611086853
1331600964986527744
1331600979473563650
1331601235447787525
1331601255899258881
1331601321984724998
1331601369468461057
1331601427731460099
1331601430881447938
1331601472493154304
1331601565585649666
1331601658825019396
1331601671353475072
1331601729637507074
1331601734163193857
1331601795202772992
1331601971720171522
1331602198619369473
1331602282081701889
1331602461618970625
1331602533815525377
1331602636810940418
1331602677227261958
1331602773851385857
1331602848597983233
1331602903325413378
1331602919691587592
1331603003875467264
1331603108619821062
1331603135090012160
1331603469225119745
1331603813879451648
1331603842748694528
1331603910184865793
1331603948915093507
1331604535672938497
1331604589351677957
1331604644557062144
1331604677738172417
1331604765474574336
1331604765512400896
1331604817295384578
1331604840515035136
1331604857552203778
1331605294368092163
1331605567861780480
1331605655178907653
1331605683905683456
1331605696090083328
1331605743888453633
1331605776356564994
1331605843415093249
1331605870304759810
1331606116715917313
1331606140912857093
1331606288355057664
1331606326607278080
1331606338816774146
1331606413706137602
1331606516059623430
1331606561328926720
1331606569876938757
1331606689339092992
1331606791709478914
1331607014779146240
1331607094554812419
1331607105426632705
1331607142617526272
1331607357839781889
1331607369755877378
1331607445010079745
1331607471241244673
1331607583648518146
1331607593727504385
1331607680281161729
1331607709435777026
1331607735889141760
1331607786157989888
1331607869083561985
1331607982866538496
1331608356553957380
1331608394415951872
1331608495943262209
1331608583285293056
1331608779872464901
1331608784175734784
1331608848008941570
1331608851406209024
1331608953424384000
1331609199806205954
1331609345558159361
1331609413556297730
1331609468736421890
1331609626844991489
1331609739432652801
1331609782860599298
1331609920903516160
1331609980110319616
1331609997160177667
1331610003912806402
1331610188399448064
1331610441420664832
1331610525965250560
1331610529819856896
1331610567262547968
1331610595775324165
1331610655317766150
1331611005667876865
1331611032351981569
1331611138006642691
1331611184177442818
1331611393355902976
1331611401719341060
1331611535177699331
1331611561144807424
1331611594133016585
1331611636289990659
1331611988800245762
1331611992914878466
1331612071474188290
1331612089786523649
1331612109906485255
1331612273190838272
1331612306900455426
1331612324151635970
1331612328933138433
1331612520344391684
1331612546726588417
1331612726423134209
1331612782333050885
1331612903699410944
1331613094976446472
1331613251549978628
1331613301847977985
1331613330667089921
1331613405548072961
1331613461156139011
1331613522011144192
1331583409513263109
1331583484977098758
1331583694218342400
1331583730817900545
1331583816436244483
1331583887206658058
1331584110498820097
1331584134129573888
1331584213729103872
1331584230078308352
1331584428259340288
1331584517577056258
1331584587055603713
1331584617254694920
1331584647323652097
1331584742903394304
1331584784666140674
1331584872436150278
1331584930791501827
1331585023494004737
1331585118981533702
1331585254063280128
1331585345616375808
1331585346656628738
1331585409822855168
1331585456388141059
1331585488906547203
1331585567713202178
1331585647874891776
1331585942079959040
1331585988553039872
1331586094375211009
1331586110653304832
1331586151040376835
1331586164021735426
1331586185882374147
1331586211283079168
1331586281273438211
1331586335870685185
1331586672362881024
1331586713618182144
1331586750448283650
1331586764650123265
1331586822066106371
1331586851694649348
1331586860834037760
1331586944900485120
1331587188388147200
1331587212727771137
1331587247272054791
1331587493989380097
1331587859095166976
1331588047645802506
1331588056378388480
1331588299102760961
1331588307977981952
1331588434331381760
1331588660555378689
1331588853166206983
1331588906593218561
1331588973928517632
1331589008720277504
1331589011203383297
1331589142287826946
1331589272416235524
1331589510644326402
1331589549450006530
1331589606773551104
1331589637912006660
1331589708607074306
1331589906464972800
1331589917231771649
1331589923112148994
1331590102737448961
1331590300930887685
1331590329397633024
1331590401724207105
1331590452072435713
1331590454379417602
1331590471450292226
1331590564039462912
1331590610239823873
1331590619639078917
1331590897130221569
1331591093687885825
1331591108812533761
1331591125501620224
1331591356804964355
1331591431346073602
1331591453592625155
1331591647621156864
1331591664293486594
1331591780723089408
1331592153735307266
1331592250120413184
1331592410430894080
1331592464122122248
1331592914007445510
1331592917358559233
1331593072254328836
1331593214114074624
1331593236390023168
1331593449200562176
1331593458595762182
1331593521002909700
1331593781536284673
1331593857381715968
1331593940429107201
1331594041075482627
1331594070838263809
1331594168389480450
1331594195925086208
1331594285016223745
1331594372131983363
1331594415052386304
1331594453740630018
1331594582165913600
1331594734117285890
1331594734037393412
1331594783085584387
1331594820750614528
1331594868859265024
1331594968536903682
1331595023268405251
1331595039869456389
1331595182538539008
1331595189543165954
1331595211781365764
1331595282119880706
1331595287853461511
1331595316173234184
1331595353431433216
1331595403368738817
1331595492736724992
1331595505755832328
1331595610894569480
1331595723457040384
1331595749054951432
1331595827517796352
1331596025438539777
1331596099971379203
1331596150986698753
1331596231097917447
1331596327285911560
1331596390938644489
1331596504746905606
1331596632677376000
1331596650813513734
1331596683612991489
1331596734632325121
1331596771911487491
1331596893860708353
1331596896587173890
1331597091534147584
1331597103689314310
1331597325920313345
1331597341414060034
1331597522767372290
1331597546603556864
1331597941622988802
1331598121135124485
1331598122775175168
1331598169050898433
1331598356225822722
1331598406947659778
1331477713085874178
1331477868715511808
1331477909798793218
1331477926252986369
1331478031236382725
1331478210853343233
1331478370429726720
1331478409634000901
1331478609899433984
1331478627687555073
1331478705940606985
1331478789927305216
1331478812513677312
1331478828296888320
1331478945162735616
1331479015836823552
1331479084082237440
1331479139639910400
1331479164642349056
1331479319084994560
1331479350080843777
1331479519295844352
1331479548307922945
1331479554192535555
1331479701580374018
1331479763282759681
1331479875551543298
1331480027016306689
1331480053528530947
1331480107870003202
1331480373293842432
1331480589480972288
1331480685572481026
1331480722813677568
1331481009712467970
1331481236129234944
1331481266357743618
1331481513687445504
1331481675784724481
1331481697821442048
1331482017700093954
1331482179608735745
1331482464490037248
1331482616474730496
1331482654256943106
1331482725828730882
1331482778068611074
1331482832665858049
1331482855562649601
1331483043534577666
1331483072018210819
1331483184807239681
1331483194382684160
1331483216272789504
1331483286296793088
1331483324188139520
1331483636063989761
1331483717655797760
1331483774031257603
1331484106698461185
1331484217755258881
1331484242832920577
1331484399729197056
1331484641786818560
1331484774456815618
1331484911199547392
1331484942019284992
1331485001666408449
1331485083044249600
1331485398586023936
1331485430424866817
1331485501136777218
1331485546737143809
1331485548939239426
1331485739104706561
1331485813251530753
1331485827466100738
1331485874261880835
1331485883254657025
1331485909242429440
1331486111332372480
1331486152507813889
1331486316463210496
1331486463670640640
1331486482029289473
1331486524723097600
1331486806911672320
1331486887329075200
1331486925367046147
1331486965687083008
1331487100806565895
1331487465459347456
1331487480952938496
1331487488007954432
1331487576407076864
1331487674545344512
1331487876186517505
1331487884788985857
1331487912605724672
1331487964933754881
1331488061348139008
1331488141291741184
1331488340936417281
1331488462256697345
1331488521383669760
1331488590619095040
1331488627524775939
1331488759720800257
1331488784567832577
1331488852754612224
1331488907175706625
1331488912611545088
1331488932521971713
1331489272021405696
1331489284293967872
1331489323921924096
1331489330267754496
1331489393853521920
1331489497717018625
1331489797697769472
1331489855495413761
1331489877976821762
1331489897992032256
1331489964958380034
1331490007517966336
1331490059556679681
1331490191203323913
1331490240339521537
1331490288855035904
1331490400452927489
1331490444899995649
1331490751298072577
1331491130949701633
1331491305944334336
1331491380984688640
1331491459258667008
1331491484282073091
1331491512543277056
1331491557745291266
1331491675705925633
1331491759998840833
1331491806555611137
1331492022599917577
1331492029411459072
1331492051116978178
1331492102342144003
1331492313588137991
1331492339446005766
1331492729121959936
1331492762307452929
1331568318537461761
1331568400196317185
1331568469586956293
1331568656036356100
1331568923049947137
1331568946873503746
1331569547627868160
1331569571631861761
1331569663159971840
1331570032179097601
1331570053771370498
1331570212810985477
1331570229718224896
1331570521494970368
1331570550272094208
1331570611341172737
1331570782816890881
1331571090955456515
1331571198346588166
1331571346241957888
1331571798165565440
1331571902859665409
1331571937873715201
1331571938356031488
1331572043834388482
1331572322805792768
1331572399851048961
1331572474958536705
1331572529480265728
1331572548774092800
1331572612158394372
1331572930829053953
1331572961740992513
1331573029105700866
1331573192603955200
1331573395843117056
1331573436498522114
1331573724689043460
1331573886836682754
1331573946219638785
1331574181738254337
1331574185223663627
1331574202680348677
1331574334352019456
1331574525155299328
1331574530641367043
1331574688271757314
1331574957269278720
1331575074592346115
1331575095345573889
1331575121740521473
1331575165675839488
1331575214451384321
1331575452289413122
1331575916871503872
1331575939688325124
1331576040179712000
1331576107389358082
1331576195343904769
1331576307952529409
1331576487447769088
1331576521341939712
1331576639877210114
1331576832215425025
1331576915073904646
1331577128698187779
1331577183995879424
1331577193193992193
1331577336219770880
1331577386505220096
1331577466440343553
1331577566805831680
1331577580516937728
1331577603841544192
1331577713040232451
1331577718165688322
1331577796334739457
1331577901083471874
1331577952346075136
1331578149298028544
1331578312305618946
1331578359650922499
1331578560730042368
1331578597946122243
1331578633433956353
1331578724903497728
1331578728766443527
1331578836446834691
1331578962405974016
1331579242891661312
1331579332226125824
1331579369303773184
1331579574845575169
1331579579748716545
1331579588099661831
1331579664876396544
1331579750301700098
1331579849241206793
1331580213952712706
1331580228532113408
1331580316943740928
1331580343825084420
1331580363592904704
1331580385076002823
1331580451337637888
1331580455573880835
1331580606938050560
1331580685941927938
1331580766380322816
1331581006114119680
1331581045041364992
1331581097134727168
1331581308586364928
1331581663181119492
1331581702985052161
1331581840520515584
1331581860132974598
1331581895335882755
1331581970900520960
1331581986566234112
1331582010926612481
1331582032204460034
1331582195018948610
1331582285385248770
1331582293106778113
1331582331782565888
1331582401865248770
1331582477278851073
1331582556186304545
1331582569981251584
1331582733932486657
1331582765909880835
1331582994625294338
1331583257046102017
1331583371932282882
1331628856474816519
1331628958450933760
1331629055943307264
1331629293328220160
1331629294590644225
1331629402686320640
1331629558466899968
1331629612338593792
1331629620685377537
1331629818300014594
1331629864064061441
1331629919592460292
1331630028375863299
1331630091043016710
1331630321390014465
1331630383906004992
1331630414662758400
1331630518950047745
1331630531298152450
1331630543654449153
1331630590282526723
1331630870675918852
1331631197546549249
1331631232585781253
1331631277741666314
1331631433564229632
1331631639164817412
1331631932782866432
1331631992119513088
1331632167042965504
1331632445343424513
1331632528495669248
1331632536930410498
1331632557138460677
1331632670661554176
1331632784973193222
1331632791872704512
1331633064628391936
1331633278613413892
1331633340907139072
1331633467260592128
1331633500429168640
1331633529856217088
1331633576127983617
1331633694885363714
1331633807577976835
1331633907578658823
1331633950402469894
1331634096611729413
1331634420089032705
1331634704177512448
1331634755843067907
1331634914710736898
1331634917944528900
1331634997816602626
1331635345897775106
1331635412801089536
1331635564165156865
1331635693982863362
1331635816288890885
1331635824950177793
1331635866268282880
1331636058971365379
1331636110485712896
1331636113715367936
1331636226445746176
1331636269697396736
1331636411213209600
1331636458227167234
1331636495195787269
1331636509238194176
1331636533070270468
1331636601034825730
1331636617870798848
1331636637571313665
1331637116930052100
1331637167949537284
1331637280868593667
1331637452910469120
1331637503678423044
1331637636231032832
1331637757769248768
1331637812945244160
1331638085084459009
1331638211718881285
1331638282531299328
1331638453864439809
1331638727186276367
1331638761151754242
1331638950117613568
1331638969411399681
1331639008472993793
1331639024620949504
1331639200727371777
1331639208780283904
1331639502377537536
1331639669205905409
1331639753939283968
1331639885619372032
1331639892900712450
1331640077210984449
1331640136031989764
1331640227954307080
1331640287723094016
1331640539423248386
1331640550777376769
1331640639973433346
1331640661397757952
1331640753219629056
1331640966650982400
1331641039023640578
1331641092886839296
1331641218338598914
1331641557552746496
1331641613068734464
1331641621507690504
1331641634153435143
1331641637886259200
1331641697248358400
1331641800835129344
1331641826210672641
1331641898142994435
1331642113944072194
1331642121036632069
1331642124639485953
1331642204113096704
1331642316646445056
1331642321008517121
1331642339119558661
1331642383704989701
1331642397726552064
1331642434187571210
1331642435148058627
1331642578345848833
1331642586189205506
1331642637057732608
1331642756524089348
1331643504032849920
1331643664548950016
1331553223426060301
1331553294427230208
1331553533674610689
1331553558265614336
1331553858418520065
1331554123595059203
1331554230298157057
1331554349223440384
1331554365027594242
1331554467091767296
1331554600344838146
1331554653775998976
1331554722856230912
1331554947285004288
1331555062557122561
1331555144287330309
1331555223299612674
1331555251690860546
1331555255499317252
1331555279276806150
1331555312181129216
1331555600531136512
1331555783746621442
1331555914088902657
1331555936377430017
1331555964097540099
1331556001267462145
1331556054325465088
1331556109811912705
1331556410262433792
1331556722163511299
1331556939424292869
1331557089441886208
1331557266235994113
1331557267402059779
1331557333328142347
1331557464744058882
1331557472243486720
1331557529885822977
1331557565193474049
1331557618742153219
1331557677886009344
1331557750262861825
1331557751177113602
1331557805535481863
1331557821326954496
1331557922283921408
1331557952885559297
1331558260890099712
1331558392335360006
1331558420374142976
1331558423863971840
1331558693335412737
1331558737631453185
1331558897849667584
1331558958763532288
1331559076858372096
1331559362381443075
1331559386989424641
1331559437757280256
1331559539640942593
1331559604606689282
1331559842352304128
1331560100385972225
1331560187396702209
1331560193495281664
1331560193818316802
1331560213594443776
1331560610123948035
1331560618927722497
1331560651571904512
1331560787035500546
1331560819721707521
1331560834590511104
1331560890504765445
1331561029650747393
1331561172332494848
1331561320458620929
1331561359411212290
1331561414750654466
1331561418596913152
1331561549912215552
1331561576453840896
1331561628891029504
1331561686290075648
1331561817945018374
1331561843773599744
1331561935821705216
1331561936102641667
1331562143821549568
1331562239631843328
1331562269382217728
1331562290911514624
1331562453960888327
1331562474408177664
1331562589118205958
1331562633653313536
1331562913518284800
1331563022125555713
1331563048587419648
1331563133505159168
1331563260525633537
1331563368566681602
1331563447264407552
1331563510850056193
1331563595197517824
1331563670132953088
1331563709211308034
1331563736784580608
1331563911850696706
1331564040695504899
1331564112065810436
1331564238461136896
1331564240822542338
1331564710555160576
1331564731015057418
1331564799939981312
1331564819711995904
1331564839794184192
1331565336181796865
1331565428397793280
1331565552461094923
1331565759869325312
1331565850822914049
1331565889129500673
1331565993911595009
1331566293389078529
1331566350528106496
1331566396954742784
1331566469122023424
1331566485815365633
1331566699590594561
1331566733338042370
1331566879324983298
1331566984455139334
1331566996941537286
1331567073126977538
1331567258292936706
1331567264030629888
1331567574430179328
1331567686124494848
1331567727400660994
1331567893243457536
1331567898469543937
1331567905650200576
1331567938931814400
1331567944267165698
1331567958523568128
1331567986860302336
1331492863461502978
1331492939554455553
1331492964300845059
1331493038921682945
1331493052712710145
1331493197839798272
1331493355944108032
1331493468221435905
1331493542754213888
1331493724317241348
1331493751034961921
1331493790872264704
1331493870073311234
1331494071546810369
1331494083471216640
1331494311037440003
1331494349474058242
1331494368730083329
1331494445590536193
1331494470571929600
1331494471846998018
1331494591824945154
1331494837867192321
1331494919584714753
1331494986165129217
1331494992628445186
1331495478530289664
1331495570863661059
1331495626505392128
1331495766494330882
1331495933306155011
1331496011286671362
1331496153662197761
1331496232292806658
1331496373556895745
1331496405840650240
1331496425616621569
1331496643284398080
1331496775174266883
1331496912747331584
1331497172177707008
1331497204784242688
1331497269493960706
1331497298761814016
1331497324045070336
1331497364486561795
1331497368861151232
1331497390700974080
1331497597362712577
1331497643483275264
1331497683224326144
1331497789377835010
1331497931032195073
1331498016461774848
1331498162327064577
1331498219394756609
1331498373183139843
1331498459946430466
1331498534940577792
1331498670248898560
1331498762477457408
1331498809608658945
1331498972653948930
1331499057076969473
1331499180196388865
1331499182708895744
1331499331258511361
1331499371196678144
1331499390616408066
1331499447109480448
1331499520467734528
1331499665435598848
1331499848600674306
1331499967798710273
1331499976288038913
1331500015987150848
1331500286213386242
1331500384955691008
1331500426869436418
1331500547107536899
1331500578409738240
1331500641613537280
1331500672525602817
1331500710781980674
1331501081478787072
1331501095714234368
1331501288794669056
1331501293140025344
1331501430155382785
1331501754127687681
1331501891885408258
1331501943076753409
1331501993999826945
1331502035208790017
1331502053831544832
1331502263714664449
1331502288398135296
1331502321168125952
1331502355234385921
1331502379464843265
1331502397827506178
1331502710693261313
1331502787113353218
1331502979245957121
1331503020534861824
1331503114097209349
1331503211262451718
1331503217163833344
1331503225212702722
1331503411284627457
1331503616511893505
1331503646882758659
1331503738574364673
1331503754827317258
1331503820577398784
1331503868572803073
1331504153068068864
1331504480760651776
1331504737674399746
1331504950036279297
1331505040306040834
1331505066503589895
1331505105011499009
1331505226101055488
1331505245625741313
1331505361828896769
1331505401863360513
1331505429717901314
1331505821797281792
1331505834338107393
1331505982430699522
1331505991440064512
1331506172655005696
1331506257702711296
1331506570736222208
1331506664919470080
1331506791851700224
1331506821442330626
1331506839872159745
1331506884046594049
1331506915759689728
1331506970856046592
1331507030578835456
1331507161873072128
1331507184753106947
1331507244337393666
1331507252570841088
1331507288360759297
1331507344954585091
1331507416920371201
1331507425384534019
1331507680935075840
1331507761885155330
1331507807762468864
1331507887668162561
1331538127501086723
1331538364579901440
1331538438076702720
1331538687792979968
1331538840327057408
1331538950092152833
1331539204837355526
1331539266938265600
1331539483536265216
1331539879281377280
1331539949288493057
1331539996147236864
1331540026795155456
1331540107153772545
1331540333683990533
1331540674366361600
1331540766158622723
1331540920685256707
1331541008136417280
1331541488937865217
1331541588183449600
1331541601261289474
1331541869440843780
1331542093932662784
1331542196458237952
1331542305526874113
1331542408597745664
1331542725217439744
1331542775632900096
1331542892725223427
1331542910152679424
1331542924425826306
1331542978469433344
1331543099571662849
1331543422105227266
1331543523183783936
1331543542137827328
1331543559191846912
1331543578389192704
1331543614673932292
1331544256301903872
1331544271061716993
1331544360748544000
1331544497046646785
1331544883446775810
1331545050765922304
1331545073037631489
1331545281222074370
1331545416312233984
1331545492329795585
1331545594201055232
1331545662639497224
1331545713629679617
1331545746215202818
1331545791203336193
1331546025794957312
1331546174004686848
1331546193705406465
1331546514179678209
1331546706316550145
1331546728512720896
1331546894758158337
1331546994289094656
1331547307389620224
1331547315535048704
1331547562080395265
1331548161169616897
1331548170359365633
1331548461704089602
1331548559540416512
1331549043055620096
1331549067025977345
1331549189650616323
1331549226946469890
1331549613871034368
1331549899289137153
1331550045729157120
1331550131603247104
1331550174464729089
1331550186317996034
1331550193775480838
1331550371051950081
1331550425430990851
1331550941347160064
1331551082196111360
1331551130740994049
1331551213310021635
1331551255173484545
1331551267626364928
1331551363172544512
1331551388195840001
1331551578248015872
1331551685949452289
1331551730472001536
1331552213433520139
1331552525808521217
1331552688547524608
1331552692255145990
1331552700568223746
1331552702141227009
1331552743043919875
1331552769703104512
1331552795204284417
1331552852590825474
1331552859523936262
1331552882865426432
1331552897629360128
1331553072988950529
1331507933142790145
1331508089414160384
1331508113879470080
1331508252119588864
1331509154364727303
1331509286594367488
1331509483261005830
1331509646478241794
1331509688442077186
1331509708834816000
1331509845128712194
1331509907456225283
1331510153515069440
1331510595036749825
1331510632114315264
1331510754240045059
1331510902873595904
1331510957374320641
1331511005659140096
1331511077734027269
1331511244495474689
1331511428549804032
1331511469117231104
1331511523135590401
1331511543360491520
1331511865348923392
1331512121872560128
1331512124204605440
1331512236758601733
1331512326764322818
1331512484189011968
1331512728561852416
1331512758173626368
1331513161661378562
1331513305580572673
1331513319815933952
1331513348614098949
1331513456944586753
1331513517027966976
1331513628441407488
1331513834482315265
1331513911137460230
1331514036110942209
1331514099872772097
1331514297613094913
1331514321927507968
1331514350616662017
1331514438583799808
1331514516186787841
1331514700731977729
1331514901433520128
1331514924535844864
1331514988276617218
1331515007343996929
1331515312039206913
1331515374202990592
1331515514397601792
1331515698259103745
1331515773383303173
1331515934486405122
1331516763599638529
1331516907233579008
1331516961889669120
1331517263602659328
1331517283232075781
1331517400559144960
1331517736325943297
1331518111531606020
1331518223401906176
1331518254699995137
1331518388032696320
1331518640215224321
1331518642635345920
1331518807135776768
1331518937142530048
1331518939248140289
1331519033837907968
1331519051961667584
1331519118412034050
1331519206093955083
1331519229372280833
1331519489490477056
1331519641492086785
1331519886280024064
1331519974314287107
1331519975572480000
1331520032124317698
1331520523734487043
1331520962009960449
1331520999720947712
1331521157741256706
1331521272434585600
1331521418740248576
1331521537929863168
1331521783565053960
1331522040646561794
1331522152651055104
1331522319576010758
1331522380913664001
1331522433069838338
1331522441802371073
1331522556407508994
1331522764897808387
1331522877359722497
1331522916765356032
1331523173540618243
1331523232336318466
1331523409738670081
1331523564734992385
1331523679377895424
1331523806821642241
1331523823934423041
1331524001752035328
1331524129657335810
1331524324604391426
1331524522290266118
1331524904299032576
1331525109169987585
1331525134801375234
1331525310639169537
1331525320239935488
1331525558388355077
1331525794720432128
1331526000396656641
1331526140071174144
1331526215740628992
1331526227627290625
1331526587989118982
1331526667727228929
1331527020728225793
1331527177393856512
1331527230825107461
1331527343005982722
1331527435062550529
1331527481694806017
1331527552746225664
1331527580835516417
1331527699366604800
1331527767809290240
1331527812000473090
1331527815133601792
1331528026421563394
1331528300552982529
1331528303308582914
1331528422384836608
1331528588454072323
1331528891169705987
1331529011013574663
1331529210763104256
1331529393139822592
1331529782656430081
1331529831062835200
1331529938852261889
1331530541779218432
1331530608556855297
1331530719017897986
1331530817462538240
1331530859967614978
1331530935028887553
1331530992474087426
1331531018373791744
1331531032777121794
1331531323891015680
1331531434125889537
1331531609162403840
1331531643652349953
1331531698950066177
1331531778369200128
1331531801291083777
1331532440943407104
1331532754459226112
1331532838135541760
1331533175877668864
1331533276880769024
1331533287806865408
1331533489230012423
1331533629189742602
1331533788279566337
1331533985403588608
1331534003640311808
1331534022913257472
1331534061626486787
1331534126294257666
1331534310218854403
1331534343697784832
1331534553668866048
1331534571649736704
1331534893180805120
1331534945651732481
1331534984008642560
1331535170957053953
1331535298145218560
1331535425593348096
1331535426763501570
1331535758302318594
1331535916519682054
1331535990612168707
1331536202391023616
1331536378367250434
1331536421908262913
1331536447388614656
1331536669137367043
1331536730458099713
1331536896103751680
1331537318809722880
1331537622280364033
1331537888505282561
1331538038808305665