1332338400276348928
1332338400595120135
1332338538071937027
1332338605734449152
1332338660239355904
1332338681462525952
1332338844256129024
1332338856444641280
1332338907334250498
1332338983192449024
1332339029006663682
1332339068701528069
1332339139111493636
1332339327683223553
1332339335467847681
1332339402161459201
1332339485590347776
1332339603282378755
1332339712766267393
1332339724497858560
1332339790642081793
1332339805229703168
1332339822053167106
1332339842714316807
1332340136764448769
1332340199129448454
1332340375059574787
1332340408098164737
1332340412632113159
1332340433268207616
1332340492185587713
1332340606740283394
1332340714668220416
1332340821224550408
1332340842711961601
1332340857085767685
1332340920306589701
1332340978644967426
1332340992201154566
1332341131179401216
1332341265963347969
1332341339611131904
1332341394107752449
1332341461212344322
1332341532595085312
1332341536764416001
1332341545555509252
1332341705648054272
1332341761163878403
1332341893397667843
1332341983008989186
1332341989950558211
1332342040387063809
1332342053062070275
1332342061912219648
1332342065372401664
1332342069172400129
1332342145311596549
1332342208570085377
1332342423129735169
1332342490037252096
1332342526347501568
1332342598112075776
1332342620081725441
1332342678646878209
1332342733256744960
1332342930300866560
1332342950261628930
1332342996235333632
1332343043572129792
1332343244513026048
1332343496024465411
1332343555415711744
1332343613322309633
1332343625662013446
1332343806872735753
1332343828079120392
1332343850262798337
1332343856294195201
1332343886317056000
1332343940075417600
1332344086641008640
1332344179016429568
1332344360680251394
1332344457069551616
1332344503299153923
1332344628113248256
1332344712448126976
1332344725219676164
1332344741426589699
1332344766156206081
1332344973044408324
1332345006410125312
1332345080678547456
1332345080993165319
1332345410975920129
1332345416822759426
1332345480446173185
1332345512519999488
1332345547085258754
1332345547966001153
1332345774521389056
1332345828401422340
1332345841818939395
1332345933321957376
1332345954591182853
1332346037185503238
1332346150561656834
1332346164147068929
1332346356955041792
1332346407345410048
1332346481920106507
1332346599712960512
1332346660207407107
1332346701269516288
1332346794345263109
1332346992727523329
1332347014848405508
1332347087267262465
1332347129457745926
1332347203764023296
1332347279794049025
1332347362833027073
1332347409532383234
1332347548422516737
1332347660297244672
1332347707130834946
1332347831701499910
1332347917349359617
1332347918037045249
1332347962580676609
1332347995795415041
1332348086199398400
1332348095418544132
1332348160044396545
1332348269712842757
1332348381633638410
1332348427737440256
1332348476596899842
1332348537993039872
1332348558348079111
1332348705693843456
1332348740183572480
1332348756545720321
1332348805895892993
1332348823159631878
1332348852846866435
1332348877446422529
1332348969242882053
1332348986854936576
1332349075782590471
1332349101376221184
1332349224881713155
1332349248592113667
1332349329789562885
1332349502049628160
1332349531653103617
1332349564846792704
1332349573843521539
1332349615555883012
1332349619284680706
1332349678701191172
1332349712188497921
1332349720065433603
1332349809106235396
1332349816135962626
1332349845420568578
1332349875761995790
1332349897572569088
1332350016451719168
1332350047900536832
1332350064552013824
1332350156948332546
1332350197419175937
1332350231363596288
1332350240591126529
1332350310057201669
1332350357410811909
1332350432623144965
1332350480182358016
1332350492412956677
1332350579880837121
1332350588504313858
1332350632917950466
1332350647954497540
1332350663716638720
1332350714958536709
1332350725406531585
1332351023617290240
1332351046698622977
1332351075047927812
1332351086645035009
1332351104567439361
1332351250529218560
1332351393458434048
1332351399250673664
1332351431932846086
1332351450379218946
1332351753942077440
1332351847932325890
1332351860049653762
1332351947739967488
1332352007114461184
1332352108041883648
1332352208302710785
1332352271649177600
1332352345783590915
1332352362887974914
1332352572217241601
1332352608929935360
1332352791021375489
1332352833723781120
1332352844968693762
1332352912052211713
1332352971149959168
1332353127186632709
1332353142344863745
1332353169616146435
1332353231062790145
1332353282774360069
1332353398763565056
1332353435958710274
1332172402097147906
1332172402537754624
1332172425224663041
1332172467570413570
1332172511795175424
1332172613179695112
1332172631982817281
1332172787394486272
1332173036536082432
1332173077560631296
1332173287640723456
1332173354183368706
1332173404821094400
1332173427415855105
1332173455027007495
1332173512711278592
1332173581342556161
1332173669787951105
1332173690272964608
1332173744496926720
1332173964077002754
1332174003553906690
1332174072201891840
1332174125440274432
1332174361365794816
1332174554358308866
1332174562776154115
1332174651330605059
1332174709832572930
1332174755776974848
1332174823091560449
1332174825595527172
1332174859485450241
1332174940351594496
1332175069502705664
1332175104499884032
1332175124309700612
1332175278601351168
1332175458289348608
1332175469987450881
1332175472491454466
1332175496772087810
1332175552116109314
1332175672333246464
1332175678125518848
1332175804176814081
1332175847374118912
1332175947261374465
1332176004421390337
1332176013959319557
1332176040886726659
1332176064454533121
1332176080883441665
1332176105147691009
1332176163544981504
1332176171249897472
1332176230733451267
1332176268016685056
1332176336702623744
1332176399180967937
1332176412615307265
1332176489538850816
1332176547919372288
1332176790702485504
1332176811049046016
1332176969883115520
1332177147956367360
1332177210103500806
1332177225702051840
1332177347274039296
1332177367654010881
1332177377380630528
1332177380828278786
1332177403888726018
1332177405516115968
1332177417952223233
1332177456476737543
1332177457483550720
1332177636483870720
1332177648999493632
1332177656897474570
1332177922870931456
1332178047890452485
1332178090836058113
1332178134335098882
1332178285195771908
1332178298860924928
1332178362664587264
1332178379827712000
1332178396109967361
1332178396730839040
1332178563181793281
1332178584237080577
1332178622245969920
1332178685403615232
1332178814705790980
1332178831654989824
1332178915910057984
1332179012928507904
1332179041550524418
1332179057681653760
1332179423722958849
1332179548302094336
1332179691294384130
1332179915039531008
1332180018341040135
1332180099295109121
1332180190483656706
1332180207810166784
1332180309215887360
1332180329960968195
1332180429864980480
1332180442879934464
1332180475474026498
1332180600434769920
1332180763580633088
1332180769746214914
1332180945319858177
1332181288908939266
1332181293535256583
1332181328129822722
1332181362124619776
1332181453463986181
1332181644011315200
1332181758742310912
1332181776911847424
1332181926774497280
1332181952200400897
1332181970181296129
1332182014544535565
1332182085956562944
1332182108119343104
1332182221264924672
1332182318094688256
1332182335710748673
1332182367474126848
1332182373367242753
1332182377083392002
1332182469722984451
1332182698681638912
1332182777773453312
1332182938767732736
1332182971189760003
1332183009940840448
1332183038810263553
1332183131781095424
1332183198273564673
1332183283556237314
1332183318771757062
1332183347427115008
1332183449910747136
1332183571591811072
1332183597613256704
1332183699916517377
1332183818116210688
1332183929034579971
1332184060299534336
1332184304772919297
1332184313530519555
1332184368165642240
1332184371906932737
1332184441339318273
1332184472981213184
1332184565062852609
1332184712073203712
1332184776313331713
1332184905845915648
1332185053074317314
1332185091666272256
1332185156673806338
1332185203217997825
1332185252698079233
1332185303197560832
1332185343064375296
1332185384281923585
1332185505937682434
1332185522081566720
1332185797974401024
1332185842299768837
1332185996507672577
1332186053831168003
1332186087255470080
1332186143257837569
1332186218159767553
1332186435810574336
1332186506648227840
1332186549413437446
1332186605386428418
1332186659736092672
1332186738958233605
1332186749162975234
1332186822651338752
1332186850773983232
1332186852548177926
1332187140076158976
1332187152843587584
1332187204987260928
1332187232594128899
1332187278312030210
1332354170897231873
1332354171312463872
1332354194515382280
1332354410349948928
1332354535369609220
1332354564377300992
1332354573680447488
1332354611252916224
1332354812365697024
1332354832871677956
1332354858826031105
1332354870549024770
1332355173159751681
1332355399794745350
1332355432308944898
1332355463179067392
1332355499686236166
1332355688572612609
1332355747066351620
1332355841559719939
1332355906089197568
1332356002897915905
1332356158322040833
1332356251183968257
1332356305365983232
1332356325817323523
1332356329961295872
1332356346784731136
1332356398370480131
1332356481082122242
1332356540054040577
1332356561122025476
1332356692303089667
1332356720975339522
1332356733495291905
1332356916417323009
1332356929776095233
1332356934142484483
1332357051125739520
1332357111901249536
1332357156306350092
1332357207099281408
1332357261835038725
1332357279568572420
1332357597752528897
1332357651213152257
1332357773271547905
1332357781379231744
1332357818742153216
1332358100699975680
1332358196393021440
1332358204706103296
1332358222716481538
1332358260276359168
1332358270053457922
1332358565546369027
1332358582579367938
1332358590536052739
1332358595631955968
1332358698933637120
1332358708257558528
1332358725978427395
1332358834866810881
1332358900377640960
1332358934158458880
1332358963828912129
1332358984813203460
1332358989196103680
1332359001661698048
1332359002265677824
1332359092137054208
1332359173850456068
1332359200270413824
1332359311956197376
1332359362950561793
1332359396500770816
1332359450804490240
1332359652034613248
1332359938547478529
1332359958705344514
1332359963268755459
1332360097423474688
1332360356795133959
1332360368782454784
1332360570864021504
1332360743535128576
1332360743648333824
1332360806697234436
1332361070749466624
1332361128614256644
1332361150160318465
1332361207936794628
1332361230045114368
1332361241738813440
1332361338501410817
1332361455887380481
1332361628315045888
1332361912835829760
1332361951129821185
1332361980653555716
1332361998726815751
1332362005592862721
1332362093316743169
1332362123016626178
1332362189869637635
1332362202548879361
1332362243724484612
1332362316164325377
1332362457663352839
1332362480643940353
1332362492245397506
1332362499266662405
1332362597123977218
1332362598050795520
1332362663834357762
1332362734407720960
1332362738362765313
1332362782105161730
1332362881283870723
1332362919292657669
1332363067506692096
1332363095587631109
1332363192446504961
1332363226558894080
1332363238726463490
1332363243038384131
1332363253238947844
1332363315700396038
1332363349464653826
1332363380963770369
1332363448957755392
1332363599772348416
1332363649676161024
1332363774754492416
1332363801157652483
1332363971920154624
1332364237235130368
1332364413987418112
1332364442672246784
1332364636826513410
1332364650189615108
1332364773044879362
1332364780645085188
1332364823875760129
1332364827503718400
1332364827650560002
1332364844931162114
1332364845518368774
1332364924849307649
1332364974459662340
1332365057171263495
1332365066604224513
1332365172254576647
1332365260800536577
1332365336168058881
1332365500110745600
1332365515428343812
1332365578800140295
1332365580050030593
1332365604196556800
1332365641928626177
1332365657984393217
1332365708156571648
1332365742147211267
1332365814301745153
1332365817590276096
1332365898393530371
1332366015678869506
1332366141063393280
1332366356214321157
1332366388997009408
1332366396861386758
1332366492856356864
1332366575777718279
1332366626784735232
1332366702508589056
1332366710574354433
1332366727678574593
1332366970835103746
1332367042670972928
1332367168923721735
1332367172732010497
1332367243972202499
1332367286812897280
1332367349253435394
1332367432833490945
1332367554854203393
1332367856281874432
1332367968248999937
1332368057080143872
1332368104140255232
1332368107650707458
1332368188215087105
1332368196196728833
1332368230988603399
1332368292103802883
1332368372269539335
1332368423226122244
1332368432348729346
1332368569221386243
1332368766819299329
1332368841473716226
1332369014996123648
1332369117861584898
1332369122336772097
1332369157111812109
1332369240888774656
1332369352692092930
1332369354420314115
1332369354458062855
1332369680456167424
1332369831946031105
1332370016998547457
1332370108593827840
1332370126176391168
1332370506729844736
1332370516376649728
1332370561146773510
1332370582835322881
1332370586048360452
1332370632814850053
1332370680172732417
1332370809646669827
1332370863149228035
1332371250589675521
1332371283380756482
1332371551551848450
1332371563493138436
1332371601401077760
1332371624520159233
1332371656300515334
1332371686981730306
1332371740232740864
1332371886622257152
1332371925675384832
1332372064347545600
1332372070760648706
1332372076028522496
1332372077085483010
1332372260485799940
1332372361119666185
1332372419948933121
1332372646965747712
1332372659347337218
1332372700384391168
1332372785264533507
1332372792839458817
1332372796811464707
1332372851475820551
1332372938973007873
1332372945109397504
1332373070393339907
1332373141692223493
1332373154778542080
1332373338216427522
1332373439475306503
1332373469216993280
1332373489035194368
1332373581171359745
1332373599148236802
1332373820984856577
1332373858112835584
1332373883165548545
1332373929521008642
1332373975574392838
1332373983690362883
1332374218751811585
1332374218852368384
1332374278692433920
1332374367758655498
1332374378483490816
1332374487187169281
1332374596075610119
1332374630309490688
1332374755199119367
1332374794147389440
1332374991380369408
1332375007406804992
1332375048896835584
1332375063245565954
1332375107902320644
1332375145705594881
1332375162839175168
1332375163543883777
1332375254367227905
1332375295941230593
1332375300655566848
1332375418503041028
1332375460173537281
1332375667158126595
1332375738201346049
1332375875808096261
1332376087687536648
1332376119539097601
1332376189990817793
1332376195674017796
1332376300582019073
1332376320471273472
1332376332596961280
1332376358190796801
1332376400104464385
1332376471655108611
1332376509034672139
1332376585710628864
1332376680527106048
1332376781647593475
1332376865915473926
1332376903169302529
1332376961868566528
1332377025365983232
1332377059331596296
1332377247089520641
1332377289728864265
1332377322826162176
1332377558172647425
1332377574635429895
1332377792554602506
1332377926461919232
1332377969118105602
1332378026789711872
1332378073350725633
1332378086315339782
1332378446731874313
1332378453153234949
1332378475920044046
1332378669680119811
1332378702789955587
1332378707009310721
1332378790744322049
1332378808666763269
1332378816275238914
1332378874563452929
1332379009317912576
1332379040829874179
1332379101374640128
1332379285240340484
1332379373748580353
1332379524428820480
1332379537267625985
1332379667194646528
1332379713642274817
1332379868533825538
1332379915094732801
1332379923734999044
1332379939539214338
1332380149375963136
1332380150072176641
1332380216849805312
1332380284621385736
1332380317471154176
1332380480914731008
1332380595700125697
1332380657545338880
1332380661252988928
1332380691087183872
1332380917378265088
1332380927880622082
1332380934264373248
1332380950857195522
1332380954724282370
1332380989453176834
1332381051021299713
1332381063692345344
1332381112279191553
1332381152246689792
1332381193552211968
1332381265065091073
1332381269443809280
1332381278579068928
1332381294802706433
1332381394765574155
1332381416953425921
1332381463984017415
1332381521488060419
1332381668213022720
1332381768511524865
1332381794575020033
1332381882139422723
1332381937579638785
1332382113237229570
1332382133780930560
1332382213695041536
1332382213887959043
1332382326442004480
1332382548815712259
1332382759017349120
1332382805523886094
1332382825853685763
1332382859026460672
1332382876168499207
1332382930702884865
1332383257040654343
1332383305195458563
1332383324971495424
1332383352473542657
1332383452352679937
1332383507482546177
1332383571760308230
1332383681348964352
1332383744561467393
1332383794133835776
1332383816694992898
1332383882684080130
1332384063659806725
1332384129938284546
1332384432729313293
1332384453008699399
1332384474752053255
1332384479495729162
1332384679375343619
1332384717920821249
1332384830189936641
1332384872418086912
1332384881297424386
1332384905578356736
1332384905985187841
1332384994044604417
1332385095072829440
1332385182804967426
1332385406550118400
1332385565052899328
1332385578063630339
1332385594568224768
1332385681872744450
1332385690252763137
1332385761631625224
1332385812844077056
1332385854480932866
1332385954959552512
1332386005316296704
1332386063621492737
1332386165308018689
1332386180801892352
1332386680683208704
1332386785524129794
1332386999756472321
1332387070392889346
1332387099744509952
1332387100512153600
1332387184557629443
1332387204530835460
1332387276115079175
1332387401382174721
1332387436345905152
1332387439357341703
1332387476623732740
1332387478532186112
1332387649194225667
1332387691393126408
1332387707964825600
1332387707801235458
1332387737182162944
1332387770438828032
1332387813786939392
1332387836927107074
1332387908796510211
1332387910369230848
1332388002434322432
1332388195233792001
1332388261424205831
1332388349261312003
1332388385093251072
1332388689046073346
1332388694699909120
1332388731018383360
1332388752946130944
1332388818910003200
1332388843681689600
1332388907460136962
1332389003467792384
1332389118190493697
1332389381605367808
1332389554943307776
1332389638154096645
1332389737676615681
1332389784199815170
1332389981227266049
1332390019584159744
1332390191894462464
1332390245330001921
1332390359670738945
1332390375982583808
1332390467732975621
1332390573504917510
1332390585752190976
1332390616941142016
1332390632871092225
1332390733450539009
1332390849280417792
1332390933149736961
1332390942993756162
1332391025105580034
1332391039798218753
1332391095125282821
1332391148057464843
1332391203275345920
1332391243171639297
1332391243460931584
1332391339607126017
1332391437422325761
1332391471081803780
1332391583170375680
1332391617664323585
1332391671284248584
1332391933008879619
1332391940667695106
1332391973769113602
1332392158444314628
1332392166241538055
1332392204648779776
1332392225150558209
1332392329890631690
1332392377357516801
1332392430516269062
1332392434999783424
1332392520165191680
1332392753712553988
1332392821165154304
1332392849694986242
1332392866627379202
1332392916912771072
1332392997032431621
1332393000660590592
1332393132097499137
1332393152414670848
1332393164632633347
1332393290273054729
1332393332224430081
1332393365896237057
1332393370124230662
1332393433089105927
1332393457692848132
1332393520468987909
1332393570339336193
1332393619014213633
1332393659971620864
1332393676597833732
1332393819472416768
1332393903996227591
1332393944643145729
1332394067339034625
1332394146892484608
1332394163451555840
1332394388899684355
1332394415713751041
1332394423078961152
1332394423062294528
1332394435477458948
1332394531522711553
1332394549990264836
1332394608152748039
1332394646379499521
1332394688440111104
1332394755213299712
1332394804278296576
1332394901959561218
1332395014681313280
1332395035908857859
1332395051889029121
1332395153974124544
1332395165349244928
1332395316079898627
1332395325475045376
1332395329858252800
1332395338083274756
1332395366365466627
1332395412628631552
1332395453737000960
1332395509311549446
1332395718720548866
1332395820885307392
1332395844608245761
1332396026616012810
1332396063127343105
1332396137815433216
1332396155687284741
1332396172581941260
1332396175740301312
1332396176897953794
1332396188310630401
1332396280597811201
1332396433388036100
1332396483841204224
1332396512500977674
1332396540682526720
1332396603542544384
1332396675651002368
1332396683477479430
1332396838843002880
1332396839543291904
1332396892995645443
1332396931310526465
1332396943402733568
1332397031655092224
1332397196231069697
1332397271074430976
1332397281979535363
1332397355807760388
1332397413630349312
1332397427123511297
1332397450301206528
1332397519456833542
1332397519842766849
1332397535797850114
1332397585814982656
1332397664877629441
1332397682195836933
1332397816220626948
1332397842036559878
1332398130546028545
1332398193481539584
1332398194643279872
1332398621162156032
1332398759410499584
1332323350115442688
1332323389478989824
1332323511080247298
1332323631213449217
1332323815498592258
1332323888240361473
1332323941952712706
1332323954858602498
1332323983530881029
1332324123213586432
1332324156550025222
1332324273298563081
1332324311256928256
1332324802195931138
1332324856822640640
1332324964972769281
1332325058954584064
1332325100641800200
1332325129754456064
1332325246234398720
1332325354971799552
1332325371019190272
1332325394670903296
1332325503336898565
1332325578674868225
1332325671247499265
1332325703019343874
1332325715610640390
1332325725022597120
1332325841410265090
1332325969387024384
1332325980745175041
1332325989532184579
1332326026307719168
1332326043626115072
1332326123875790855
1332326429569159168
1332326430022242306
1332326442248654849
1332326453992681472
1332326483864530946
1332326559001276418
1332326613674037248
1332326651817046016
1332326799016153089
1332326877881638915
1332326903567544321
1332326912660623361
1332327004029370368
1332327292308250624
1332327330623213568
1332327338084683777
1332327503008972802
1332327540816564225
1332327620734664704
1332327703714934784
1332327760199622656
1332327785457725440
1332327850872016906
1332327873361809410
1332328040018436097
1332328146230792198
1332328338191507456
1332328349562179586
1332328488339185664
1332328510388625409
1332328536284291074
1332328660410445827
1332328672573927424
1332328750046994435
1332328925075288064
1332328971250388994
1332329000019124224
1332329144529674240
1332329201815482370
1332329294257737730
1332329360880185347
1332329465674809345
1332329467138682880
1332329487132991492
1332329513053802497
1332329584243724295
1332329700467752961
1332329711582769155
1332329808047509506
1332329968416616449
1332330050721513474
1332330242539724800
1332330266371637250
1332330280703700997
1332330347208519680
1332330359367880706
1332330440552755200
1332330561176801282
1332330686527762444
1332330708359131138
1332330728030277633
1332330753187745792
1332330782325555201
1332330794933776390
1332330938957762561
1332331219225284609
1332331316214255617
1332331411399979009
1332331513778737153
1332331520628027392
1332331575187484673
1332331840292712449
1332331908437569537
1332331990650150912
1332332180060696578
1332332208598749190
1332332466330345473
1332332489977843712
1332332578494427137
1332332772266967040
1332332833386483713
1332332943646318595
1332333451316502530
1332333458887204866
1332333471814004740
1332333564701126662
1332333623148744704
1332333674117931008
1332333753507647488
1332334360394076161
1332334360419295233
1332334365280329729
1332334565784862722
1332334663080304640
1332334704159285250
1332334754495148034
1332334940634173441
1332334965615374336
1332335015376670720
1332335285267361795
1332335355144638465
1332335412765835265
1332335413063725057
1332335430960893954
1332335436207972354
1332335480717922304
1332335598326214657
1332335728341213184
1332335762864541703
1332335773887180804
1332335799132704768
1332336004368363523
1332336428848713729
1332336522486542340
1332336554312921090
1332336679760261120
1332336797024743434
1332336850816573440
1332337007612227584
1332337065946718210
1332337069713223680
1332337213078712320
1332337241813868546
1332337430284832769
1332337666176774145
1332337679669800960
1332337694723215361
1332337792257466370
1332337867821989889
1332337899476455427
1332337917948211202
1332337963305377792
1332338044012167168
1332338090682187777
1332338332706156545
1332308183411531776
1332308288139112448
1332308368048971777
1332308379314884608
1332308381386862592
1332308467562975232
1332308523300974593
1332308567681069057
1332308584177262593
1332308696907481090
1332308793779249152
1332308856815325191
1332308867007410177
1332308940881883139
1332309096276533250
1332309316385329154
1332309384370810882
1332309561261187072
1332309657789075456
1332309716601606152
1332309773061152771
1332309807429259267
1332309908998545408
1332309984529457158
1332310046802251776
1332310096165167112
1332310122308177921
1332310226272444419
1332310391632896002
1332310490362630146
1332310515717206017
1332310765177606144
1332310831049056256
1332310966214660096
1332310966609063936
1332310999743885312
1332311073844760576
1332311386215604227
1332311447192408064
1332311489030598656
1332311514967986179
1332311603463729157
1332311696493453312
1332311795747401728
1332311906804248577
1332311909035610115
1332311947547734016
1332311948181073923
1332311996067442688
1332312072395366403
1332312141274091522
1332312256340783104
1332312348325933059
1332312398636703745
1332312564949250048
1332312588571602944
1332312589611786242
1332312629549830146
1332312722218823680
1332312773481607168
1332312864678359040
1332312873184407556
1332312886505566209
1332313091158253568
1332313100075347972
1332313143436058624
1332313184238178306
1332313187862122497
1332313335589584896
1332313361879588865
1332313382217797632
1332313453114101761
1332313486689439745
1332313536597434368
1332313581962944512
1332313590850793473
1332313637613162496
1332313933928165377
1332314026332672001
1332314156314275841
1332314157555871744
1332314445977182210
1332314458904027136
1332314503208267777
1332314790610558977
1332314817579921409
1332314878732853249
1332314918796791811
1332314933648785409
1332314953588596738
1332315020789747717
1332315040582610946
1332315059150839812
1332315105040719873
1332315146090401792
1332315164226375683
1332315173269479430
1332315282006806536
1332315368497565700
1332315566040870912
1332315573997473792
1332315673138245633
1332315679370981377
1332315689432989697
1332315798300405761
1332315897684504576
1332316063913156609
1332316111921164295
1332316307786784768
1332316547612778506
1332316606169542656
1332316750256410626
1332316846129901571
1332316900622209027
1332317031367122945
1332317092452962312
1332317168311132164
1332317184387915777
1332317307134152712
1332317406786691072
1332317487090700290
1332317525628030978
1332317592476921857
1332317647028039681
1332317671371759628
1332317738937823238
1332317743757086721
1332317765718462471
1332317922946146304
1332317960984260608
1332318004084944897
1332318074268217344
1332318091074736128
1332318107889754112
1332318129452625923
1332318155809689600
1332318179457191936
1332318247350255616
1332318275674415105
1332318297228980227
1332318375624667137
1332318443878686725
1332318507598540802
1332318644185956358
1332318682677121025
1332318732270657537
1332318774997954560
1332318775765417985
1332318887719931905
1332319019131670528
1332319093739769860
1332319252188078084
1332319261226840064
1332319302410772482
1332319534934585352
1332319550524809218
1332319621962211328
1332319702903902210
1332319966432022531
1332320070417190913
1332320100377124866
1332320141917515776
1332320168157048833
1332320206086090756
1332320221613359109
1332320337116147713
1332320498898919424
1332320586316599296
1332320691123748864
1332320838700380162
1332321056837824514
1332321148101488640
1332321210512912390
1332321383301468160
1332321417379995649
1332321435197595649
1332321576470138881
1332321610125119489
1332321726840123394
1332321735731920897
1332321814874370048
1332321844486152192
1332322066691973120
1332322076657557504
1332322101945098242
1332322146320850945
1332322163408457730
1332322339577532416
1332322351527174146
1332322386603958272
1332322410557698049
1332322444825268226
1332322520561713152
1332322591147745280
1332322637062737920
1332322780814188544
1332322783666327554
1332322856013869058
1332398801403961346
1332398816583168005
1332398882349740032
1332399116287053824
1332399321879175169
1332399384324091904
1332399422853050369
1332399476519137281
1332399494026104836
1332399528431894528
1332399548296093696
1332399685525532673
1332399842296000514
1332400041324146691
1332400143379943424
1332400304483143686
1332400332283015168
1332400357427666945
1332400672096980992
1332400681190367233
1332400701947908096
1332400933322584067
1332401049395748864
1332401138314821632
1332401213606932482
1332401263875485697
1332401288496046080
1332401355965784067
1332401423074652160
1332401511012458496
1332401519778521088
1332401523972829185
1332401621209374722
1332401948063129606
1332402119819862017
1332402219925315584
1332402245250461696
1332402257741172738
1332402291169587201
1332402342277345282
1332402346769358848
1332402462007975936
1332402576763994113
1332402602978500609
1332402723162116096
1332402762081067011
1332402803864707077
1332402894608490497
1332402899931058179
1332402987323547648
1332403025797898245
1332403092206329857
1332403151165681665
1332403164331479041
1332403209751715841
1332403310834425856
1332403483509657600
1332403710190731264
1332403839723507712
1332403845918441474
1332403865405198337
1332403961274523650
1332404141759590400
1332404273041334282
1332404338770268161
1332404360068947968
1332404385511600130
1332404456307240961
1332404477840793602
1332404497419792392
1332404501630898176
1332404544106598408
1332404611353894912
1332404791469875202
1332404888832131073
1332404899934572544
1332405101609226240
1332405118323601413
1332405181221384192
1332405257863880706
1332405294727647232
1332405454744526852
1332405558394044417
1332405704913633280
1332405739529383939
1332405806143299592
1332405919057993729
1332406082891726849
1332406129700315136
1332406413965004808
1332406469787066368
1332406490548809729
1332406520039022592
1332406822695649280
1332406860129980418
1332406876433244165
1332407115323899904
1332407115865088000
1332407236400963584
1332407371583393793
1332407635912568838
1332407672461783041
1332407673011261444
1332407736341065728
1332408137488478210
1332408188356890624
1332408309874188289
1332408316815929346
1332408410520899584
1332408641710862339
1332408781632806912
1332408918165782528
1332409119882555398
1332409158260371457
1332409261842980866
1332409278645366784
1332409560280215552
1332409610737651712
1332409698633605120
1332410084320796673
1332410098245718016
1332410180982726659
1332410193368526850
1332410235550576646
1332410332082528256
1332410440782147588
1332410450315796480
1332410450806501376
1332410454828838912
1332410571808010240
1332410591319875584
1332410593135955970
1332410629379018754
1332410727756410882
1332410777286766592
1332410918811164672
1332410968945651714
1332410991552782337
1332411040500502528
1332411327143403531
1332411381161877505
1332411586674384898
1332411607003979776
1332411698821672961
1332411724574699521
1332411728332812290
1332411804002226179
1332411892107718660
1332411909081952256
1332412069077979138
1332412354861146113
1332412409173204998
1332412445579763712
1332412509169590274
1332412635132911621
1332412719643975681
1332412848304234496
1332412916813893634
1332413038180241408
1332413213569257472
1332413217071624193
1332413226416558084
1332413284914401280
1332413310747222018
1332413334587535360
1332413401797193730
1332413570869579781
1332413620790185984
1332187417034383361
1332187425444126722
1332187564384641024
1332187845226864641
1332187871311237120
1332187920913100800
1332188017042317312
1332188037913206785
1332188169165361152
1332188201918885889
1332188261012291584
1332188294231240705
1332188333448065026
1332188366037786624
1332188490956746752
1332188533080121345
1332188541766434822
1332188599911993344
1332188681583669252
1332188826048081925
1332188904460595201
1332188906708754432
1332188935418613761
1332188941806661634
1332188945476583424
1332189045305196556
1332189159197470722
1332189239165874176
1332189297563361286
1332189350382153729
1332189427708424194
1332189583111454720
1332189742629314561
1332189750242004992
1332189810258305030
1332190001434669056
1332190277784793090
1332190279131127808
1332190294972919810
1332190386433921026
1332190415819137025
1332190554327748608
1332190556164739073
1332190659256733696
1332190675799056386
1332190785320620032
1332190818845777920
1332190842480693248
1332190923522859008
1332190970574741505
1332190975851114500
1332191203769651207
1332191209482297344
1332191293154398208
1332191306601406467
1332191447513067521
1332191772731170817
1332191797947363329
1332192003380162560
1332192048271695874
1332192137211875328
1332192300668243968
1332192322625228800
1332192367282106368
1332192376627015680
1332192434789335041
1332192447670095877
1332192531942174720
1332192569518936064
1332192574207971329
1332192597964689409
1332192678109454342
1332192705884033025
1332192850138832896
1332192884704108544
1332193073753972737
1332193118339403777
1332193181744689152
1332193247318351873
1332193366084366336
1332193382190485505
1332193402750783488
1332193407461183488
1332193440558440449
1332193496158121986
1332193541766844418
1332193555142602752
1332193612197556224
1332193870826835968
1332193901164130305
1332193948555677697
1332194056819142657
1332194267926851584
1332194309358149632
1332194347815669761
1332194401595117570
1332194402614222849
1332194473246416898
1332194473258971136
1332194635263995905
1332194716906041344
1332194723704967168
1332194971768606722
1332194981877047299
1332195039938801664
1332195175272226816
1332195259330256897
1332195434840911872
1332195479841550336
1332195483113070592
1332195516826923008
1332195650314833920
1332195677204463616
1332195682455756800
1332195753272504320
1332195895195144192
1332195912420970496
1332196050229219328
1332196053743964160
1332196078221975557
1332196118269030401
1332196394174615559
1332196688979783680
1332196719157768195
1332196753223913473
1332196934866661377
1332196939035717635
1332197107982360576
1332197306003841024
1332197514108407808
1332197777753989130
1332197804886827008
1332197806497533954
1332197837589897216
1332197846863421440
1332197911346647040
1332197943160483840
1332198043349823489
1332198062287167489
1332198085674483712
1332198091437510657
1332198147297337344
1332198207833604097
1332198337462767616
1332198486205411328
1332198668083097601
1332198675062218763
1332198680535986176
1332198779416698885
1332198840842268672
1332198949411835904
1332198970911846400
1332199054131011584
1332199118874300416
1332199131792728064
1332199168002068480
1332199191016321026
1332199339029106689
1332199394276360192
1332199401285103617
1332199430393655296
1332199601236037634
1332199618583490561
1332199879679029249
1332199995366395905
1332200020255387648
1332200030426566656
1332200033110945795
1332200043932250112
1332200188342054912
1332200286086041600
1332200359519948803
1332200382458683393
1332200580236849153
1332200630140739586
1332200861527908353
1332200966037401600
1332200981363351558
1332201096975183872
1332201102121586688
1332201198687051776
1332201260540329986
1332201491516428288
1332201546914807808
1332201691521953792
1332201878898102272
1332201893657939974
1332202273292816385
1332202303730933761
1332202371464777730
1332202469930266624
1332459167127400450
1332459326498172928
1332459424858787841
1332459497919549443
1332459778828886017
1332459789717266434
1332460005094813697
1332460025822973952
1332460185319739392
1332460210443661312
1332460249509470208
1332460295239790592
1332460529575669762
1332460559787302916
1332460595405197313
1332460873202470919
1332460876994125826
1332460990336802822
1332461061585268736
1332461145953865728
1332461166463909893
1332461213645742082
1332461239163904001
1332461335603408896
1332461351583838214
1332461446358241283
1332461477828038657
1332461485457489925
1332461598775001088
1332461611026501634
1332461859610497032
1332461949112684547
1332462042373099520
1332462290717843460
1332462368677359621
1332462577436200966
1332462677852086277
1332462783099756551
1332462808345272326
1332462820076740615
1332463029976395776
1332463037320744960
1332463101338394624
1332463151195951104
1332463164814921735
1332463372600815618
1332463436350033920
1332463595821547520
1332463638775541767
1332463751556108295
1332463763543437320
1332463805859815424
1332463957660094466
1332464043798499330
1332464132583546881
1332464141517262849
1332464252746158081
1332464295779721216
1332464396963090438
1332464577603309568
1332464740874981379
1332464765369683968
1332464836618305537
1332464857388634117
1332465209764573184
1332465280157626369
1332465403528876032
1332465406716506112
1332465471438921738
1332465671914070017
1332465785361481728
1332465872934473729
1332465906803503107
1332466284194385922
1332466306927513600
1332466502008778752
1332466510321729536
1332466720313921536
1332466733077065728
1332466762021883904
1332466805609279489
1332466812781522946
1332467001898397698
1332467258657009664
1332467304026804225
1332467412122288130
1332467425137352704
1332467609040777217
1332467643295563776
1332467715068600322
1332467803417436162
1332467870710837249
1332467961966309376
1332467969671245825
1332468067167727616
1332468084091871232
1332468150403788802
1332468323129298945
1332468352229502976
1332468485595787266
1332468512456126468
1332468523302580226
1332468587076923393
1332468762390491137
1332468792916631555
1332469039352991749
1332469136123891712
1332469241258209280
1332469254936014849
1332469265392398342
1332469462881144832
1332469573023576067
1332469622952570883
1332469706771623938
1332469908840402944
1332469921201094662
1332469921511600132
1332470009067614210
1332470030135681024
1332470357287202824
1332470433048739840
1332470449620480000
1332470468935254016
1332470492150763521
1332470822926168066
1332470944686862337
1332471027767468032
1332471040350572544
1332471053675679744
1332471168213934088
1332471375496409089
1332471378021380102
1332471418760683520
1332471510750142465
1332471607265284097
1332471628438016001
1332471753826824193
1332471805051809792
1332471820088315905
1332471841722601474
1332471866167078912
1332471903949189127
1332471997759168514
1332472124968226821
1332472252953145344
1332472299308670980
1332472361078157312
1332472613013221382
1332472730571124741
1332472756575875073
1332472759704838146
1332472794546925571
1332472840134725635
1332473179172864003
1332473376305156098
1332473402326544385
1332473422459224064
1332473533058969601
1332473557008457730
1332473701380599808
1332473707365851138
1332473729037856769
1332473775888195597
1332473803537080322
1332473822415527938
1332473896940036104
1332473984760287232
1332474102951546881
1332474253632016384
1332474260405641219
1332414039692075009
1332414072843857921
1332414082222223361
1332414173574270979
1332414174887092224
1332414332949438464
1332414333347827712
1332414337680506881
1332414498502811648
1332414552374296576
1332414613846192129
1332414756460912646
1332415223706206208
1332415230933159942
1332415381768724480
1332415382343172096
1332415402853474304
1332415470004293634
1332415562547421188
1332415584693325836
1332415701018177536
1332415793318031361
1332416087389065219
1332416170616639488
1332416213549461511
1332416246978121731
1332416539459420161
1332416577279569923
1332416623689469953
1332416665661816832
1332416762445328385
1332416800336859139
1332417056499789833
1332417235516878849
1332417243905396736
1332417265761882113
1332417294262296577
1332417421215457287
1332417424071618560
1332417533178228737
1332417584805736448
1332417760182190087
1332417768059236357
1332417855904681987
1332417970522480640
1332417999970693120
1332418077682659329
1332418196851351554
1332418212621934593
1332418251171631105
1332418344478248966
1332418405790584838
1332418510375448576
1332418557515345920
1332418590184714243
1332418821718728706
1332419048034930690
1332419115437477890
1332419139961548805
1332419161671143424
1332419366944710657
1332419470900535298
1332419579495243779
1332419669844656128
1332419744390131712
1332419865550970882
1332419882521137153
1332420092177621006
1332420208594718727
1332420662229536770
1332420708421361664
1332420742152122370
1332420746275147776
1332420929092280322
1332420930627379203
1332420965083410432
1332420998155677698
1332421066694684672
1332421142473109504
1332421199444500481
1332421249524502529
1332421254444363779
1332421267102855168
1332421271515062273
1332421308651474944
1332421505360203777
1332421533780897793
1332421543339634701
1332421660406927362
1332421782968692737
1332421995615506432
1332422006013214720
1332422009859543040
1332422102406803459
1332422308036706305
1332422323144560640
1332422500639248384
1332422608734748672
1332422663311126528
1332423045437399040
1332423245853827075
1332423355304128515
1332423355706662913
1332423435847307264
1332423460690268166
1332423493825261571
1332423541183172611
1332423573927956480
1332423578231468035
1332423644929286151
1332423943060418560
1332424122773753863
1332424430090326019
1332424647124652032
1332424651000188931
1332424684177068034
1332424848560300032
1332424903287508994
1332424920735883265
1332424986691317762
1332425192673513475
1332425268774973440
1332425448207237121
1332425473209507841
1332425505975410688
1332425524086509569
1332425713547419648
1332425869185323009
1332425873132298241
1332425910390300672
1332426022516645888
1332426065453613057
1332426823557287936
1332426875826671616
1332426891719045120
1332426932508651523
1332426963261198336
1332427013181890561
1332427184397447168
1332427280879116288
1332427339385491456
1332427357353816066
1332427420369113092
1332427454166802436
1332427621422993413
1332427680596316169
1332427758199140355
1332428053893537795
1332428078157426688
1332428179827527688
1332428192024469505
1332428225008463877
1332428300665323520
1332428438775402499
1332428606501494794
1332428761602674690
1332428908738740224
1332157360761028610
1332157408446189571
1332157459029495809
1332157532844933121
1332157570094600193
1332157696854814720
1332157844062429185
1332158129237237760
1332158150947069954
1332158249949343745
1332158331348107264
1332158410830225409
1332159363478220801
1332159369656471554
1332159462610784257
1332159472211554306
1332159551106392065
1332159634342359040
1332159734795874305
1332159807340548102
1332159852592893953
1332159958398341121
1332160230994698241
1332160460456529920
1332160551087190016
1332160561098993664
1332160726971068416
1332160793614413824
1332160956923736067
1332161023369904128
1332161181704876033
1332161325691125762
1332161412249088004
1332161605342175232
1332161695662292994
1332161724032626690
1332161765509976066
1332161811865452545
1332161815355207681
1332161845277323265
1332161850860048384
1332161913116102656
1332161962977931264
1332162158772285442
1332162319246364675
1332162386724151300
1332162617687814144
1332162624524484610
1332162680510025730
1332162696834330624
1332162783861944320
1332162897812840451
1332162925092597762
1332162931816009728
1332163006252376066
1332163188612186115
1332163234107781121
1332163468636643331
1332163527310782464
1332163560307298306
1332163683087159301
1332163711180693505
1332163728570200064
1332163791791022081
1332163818848473089
1332163851819823104
1332164100957278208
1332164122180530176
1332164207459110912
1332164333560868864
1332164345715802115
1332164398639697920
1332164511806140416
1332164614528917504
1332164920851324928
1332164966510575618
1332164975385833474
1332165095477174276
1332165163089338370
1332165238733475841
1332165256290832384
1332165267925962754
1332165545374998528
1332165548130660353
1332165705555435520
1332165728510742529
1332165753122947073
1332166202660179971
1332166341319507968
1332166439386673153
1332166513550385152
1332166557691207682
1332166593082757121
1332166651920461825
1332166664406765570
1332166723299119105
1332166736192397312
1332166789271347202
1332166820871221249
1332166841905655810
1332166871471296517
1332166921203101698
1332167016690688000
1332167042305286145
1332167142737915906
1332167184521506816
1332167288477237248
1332167297784492033
1332167425903747075
1332167436775301121
1332167440399265794
1332167470652608514
1332167490076626944
1332167507524739073
1332167512776187906
1332167521143668736
1332167561664995328
1332167663108444160
1332167741617352704
1332167966134300672
1332168068408066050
1332168137685553153
1332168232468406272
1332168412081033223
1332168480813158402
1332168802927316995
1332168811957669888
1332168900277133312
1332168976869232642
1332168980723888128
1332169096285327363
1332169109799309316
1332169142540132354
1332169201201475584
1332169256797167617
1332169283397427200
1332169451194597378
1332169458610176002
1332169614181113857
1332169662449156097
1332169664827256833
1332169776001519617
1332169835346751490
1332169916217225217
1332169941290688518
1332169966078943232
1332169993635688451
1332169999910400003
1332170029517860865
1332170047574446081
1332170154608910336
1332170190855888896
1332170192638578689
1332170204265148418
1332170234267136001
1332170276843433985
1332170287903870976
1332170339447615488
1332170398838886400
1332170404711051265
1332170406405476353
1332170419022000128
1332170465511682054
1332170576861962240
1332170604053737478
1332170657514262530
1332170678913675264
1332170695665725440
1332170708609273856
1332170749692440576
1332170857796546561
1332171001426182145
1332171010435670017
1332171115511369730
1332171174286139395
1332171366964076546
1332171475160166402
1332171482890428417
1332171573156057089
1332171592906915840
1332171618320146434
1332171659231571971
1332171743511900162
1332171829092478984
1332171843718025224
1332171924709978117
1332171957169741824
1332172041387204609
1332172044750909442
1332172073771229184
1332172079798562816
1332172175655247873
1332429336553590786
1332429433198678016
1332429487221460994
1332429781439229953
1332429792948326400
1332429831204597760
1332429878084427789
1332429910409764866
1332430028643164161
1332430057848102922
1332430120737452032
1332430197052858372
1332430201373020160
1332430221837017097
1332430309661487105
1332430443636019203
1332430473746931712
1332430506156240896
1332430670971379712
1332430724977348609
1332431165857406976
1332431338243203072
1332431472590876673
1332431475979948033
1332431476055371776
1332431483777077248
1332431589075275778
1332431697736994817
1332431876389285896
1332431912107962368
1332431920907468803
1332432036959817729
1332432196913795076
1332432218443038721
1332432218954862593
1332432267969400832
1332432406318624772
1332432423846621187
1332432462039932928
1332433031639015427
1332433130347782144
1332433195778912256
1332433253786062848
1332433287617318913
1332433329149370369
1332433346522189824
1332433393410215936
1332433422174838788
1332433673656934406
1332433687556788225
1332433757970837504
1332433942184665090
1332433996056150017
1332434034866196482
1332434038204870660
1332434084417691651
1332434089501224960
1332434122187415552
1332434126029402114
1332434138536800261
1332434155209170949
1332434201325531142
1332434224222253056
1332434270187630594
1332434399195967491
1332434663302975492
1332434707682893826
1332434717333991429
1332434784228818944
1332434855943090179
1332434999652585481
1332435054094594051
1332435137901039619
1332435242741882880
1332435254271832065
1332435340028747776
1332435611878363138
1332435850840449024
1332435851477970945
1332435905798344704
1332436139802718208
1332436144622096391
1332436240801656832
1332436278432862210
1332436399966982144
1332436621959041029
1332436656268451840
1332436787202060289
1332437133680898048
1332437162990718976
1332437267324022784
1332437281198706691
1332437511721742337
1332437633876811776
1332437637865623553
1332437653367742468
1332437704127070208
1332437717339283458
1332437951674978305
1332437980301172745
1332437984445083650
1332438124371304450
1332438170206552065
1332438315790786560
1332438450910482433
1332438467729625089
1332438602568118273
1332438618913136641
1332438665008648193
1332438736408285185
1332438757182758912
1332438844323467265
1332438981372502016
1332439004634025986
1332439008056512512
1332439071461928962
1332439201846013954
1332439214835765248
1332439248616747008
1332439281961463809
1332439561646075904
1332439646928715777
1332439788771799040
1332439970435436547
1332440077612486657
1332440102744838145
1332440259267751936
1332440372367265793
1332440488675209218
1332440501090455552
1332440807069061121
1332440809820610561
1332440867823620099
1332440888308592640
1332440950828916737
1332440971452313610
1332441160552419331
1332441190889828357
1332441320514699265
1332441442279706625
1332441519169675264
1332441730055102469
1332441769334607874
1332441785784700929
1332441882706792448
1332441987535036416
1332442049245810689
1332442172197531648
1332442241697263616
1332442246919098377
1332442275050364929
1332442367769653248
1332442549160652800
1332442708552474625
1332442749841272833
1332442859950264324
1332442876106534912
1332442969140568066
1332442987788288000
1332442989113774081
1332443056390492160
1332443073155125248
1332443156361699334
1332443483286761480
1332443581366333442
1332443661045555202
1332443663998222336
1332443672391151618
1332443763541569536
1332444083281915905
1332444126554386433
1332444184792297472
1332444332117389312
1332444415017816065
1332444428456370180
1332444495355523072
1332444521242750977
1332444747969884161
1332444798368681985
1332444809181630465
1332444964798812160
1332444985556299776
1332445027289747457
1332445027302182913
1332445039444652032
1332445073410125826
1332445083006881793
1332445225533333504
1332445240620314624
1332445250430902284
1332445270374801412
1332445275139371010
1332445349651177472
1332445548905840643
1332445564890456069
1332445588911222788
1332445812178120705
1332445832071835651
1332445892243165186
1332445941677268992
1332445996270432259
1332445999630069762
1332446038196674562
1332446126600019970
1332446218367111170
1332446229800816649
1332446285148917761
1332446289645031424
1332446348465954816
1332446512412954624
1332446517911638016
1332446738683195395
1332446818165088256
1332446990773473283
1332447058138021888
1332447155026604032
1332447192888598535
1332447288594108416
1332447359482163202
1332447410040266758
1332447426637127682
1332447506093858816
1332447606870458369
1332447632879390721
1332447952632246274
1332448286771277826
1332448315108171776
1332448379125837826
1332448417113575426
1332448988189110272
1332449004580442112
1332449037585301504
1332449092417499137
1332449125657403396
1332449209568489472
1332449209505689602
1332449260734984192
1332449281337303041
1332449298026356736
1332449649714720770
1332449720673980419
1332449989088436227
1332450073842597889
1332450102301007873
1332450112602304515
1332450161159639041
1332450190884794369
1332450257054146560
1332450282987532291
1332450521165205504
1332450543604678658
1332450686697680896
1332450727160127488
1332450736559562754
1332450811557916674
1332450915866058752
1332450959092494336
1332450967468568576
1332451084057665538
1332451184708378625
1332451402258509833
1332451478968086537
1332451487675416577
1332451525843689479
1332451735810445312
1332451747026112513
1332451818484486145
1332451844191367168
1332451885480087552
1332451951783636993
1332451961002713089
1332452040056987658
1332452066355257344
1332452094226403335
1332452141420720129
1332452220613357569
1332452330285854720
1332452687212789761
1332452724022108164
1332452820117639169
1332452904511229952
1332453090461687808
1332453093854769153
1332453097147404291
1332453157016719360
1332453160435249152
1332453257185255427
1332453492691259392
1332453634261606401
1332453700942651392
1332453751622393860
1332453899756654592
1332454007235817472
1332454049334108161
1332454175851077636
1332454233547927555
1332454247716319232
1332454254519349248
1332454428344016897
1332454671001280515
1332454750063906818
1332454754446880770
1332454788613742593
1332454817176936448
1332454854262984707
1332454872688553991
1332455204042780673
1332455231918059524
1332455329897058304
1332455374826446849
1332455535111778305
1332455572705320961
1332455581517565954
1332455708147769348
1332455734798217217
1332455764938649603
1332455807556915216
1332456146423091200
1332456150516834304
1332456222927196160
1332456242812514306
1332456260055207936
1332456419157749760
1332456452632547334
1332456469401374724
1332456474312912896
1332456658367254531
1332456685215080449
1332456860042092545
1332456914848862209
1332457032323108869
1332457213147959297
1332457366709821442
1332457413467906048
1332457441775263748
1332457513925677062
1332457568799760386
1332457626593095683
1332457711154257925
1332457782671511554
1332457983587049472
1332458017195962369
1332458102315130880
1332458169663164425
1332458382217900033
1332458403759796224
1332458482407272449
1332458499155005441
1332458688989306881
1332458773097668613
1332458839707426817
1332458868006297601
1332458873341534211
1332458897144209408
1332458986189144065
1332459027213803523
1332459111758372864
1332111877971828738
1332111967142768643
1332112057471283202
1332112187884597248
1332112276103413760
1332112277064052737
1332112336719466496
1332112381531582464
1332112411852238848
1332112486770741248
1332112515430432769
1332112562071220225
1332112842967838720
1332112888408977408
1332112989508538370
1332113003416842241
1332113041798934528
1332113055031898112
1332113074631880705
1332113100577751040
1332113166763962373
1332113219763142656
1332113543592882179
1332113584168398849
1332113618574438401
1332113632793145344
1332113687553957888
1332113716276563976
1332113727215329281
1332113807594975234
1332114042731827200
1332114066928701440
1332114099769987072
1332114335976534017
1332114689266905088
1332114872704831490
1332114880736997376
1332115112765911042
1332115120890187783
1332115243401699331
1332115460482019330
1332115489414373377
1332115645631229954
1332115694956257287
1332115761867853826
1332115795426435072
1332115797074874368
1332115926012059651
1332116050889101312
1332116277888917504
1332116315948060672
1332116371178663936
1332116404103942149
1332116471133204483
1332116665643970562
1332116676008169472
1332116682282713088
1332116856199647236
1332116934624763905
1332117046386167809
1332117074941005830
1332117145744977920
1332117192758996992
1332117193128087553
1332117210735681538
1332117301181681664
1332117343963582465
1332117353673396224
1332117621982937088
1332117812622598147
1332117826090496003
1332117842561556480
1332118066054930432
1332118135827206144
1332118157226545155
1332118345479573504
1332118359794651147
1332118472009113601
1332118827673526272
1332118920447320070
1332119073245769730
1332119125641015296
1332119561794166792
1332119563522150401
1332119713862848512
1332119850798505985
1332119872785031168
1332120078066782208
1332120088472924161
1332120149596495873
1332120401502105600
1332120452580454401
1332120476894830594
1332120555395424257
1332120652355133440
1332120681874673670
1332120776049299456
1332120804226703360
1332120891644399622
1332120975354318849
1332121014839496704
1332121052617576453
1332121173606486016
1332121319316533248
1332121319509553155
1332121364992569344
1332121400543416325
1332121449021251586
1332121545532170241
1332121597092761603
1332121612737417216
1332121751778697221
1332121756224479232
1332121778676756480
1332121848432226304
1332121854031454208
1332121881554661379
1332121918623920138
1332121965167984641
1332122053516947456
1332122065789444096
1332122168260440066
1332122275643076610
1332122301308002307
1332122374259564550
1332122569420517383
1332122640740397057
1332122691281686529
1332122770193301504
1332122860069023744
1332122923096829952
1332123035013410816
1332123158242074624
1332123178198462464
1332123208187863040
1332123258267856897
1332123295135789060
1332123413268344832
1332123416154034178
1332123606596399108
1332123619523252224
1332123833206095872
1332123848574164994
1332124028358840321
1332124028518211584
1332124050978729988
1332124432010260480
1332124604668645378
1332124607898394626
1332124651506450432
1332124834738954243
1332124885099839488
1332124985629028358
1332125137475395586
1332125175333044224
1332125191573544969
1332125295130812417
1332125467944620032
1332125626371776513
1332125664867184643
1332125863022833666
1332125882341875712
1332125958627799040
1332126042975318016
1332126066740260864
1332126080371593216
1332126197409591296
1332126266003099651
1332126335263793160
1332126386807508994
1332126412371791878
1332126563060551683
1332126593070850049
1332126721617899521
1332126761086291970
1332126789305450496
1332126794426757120
1332126941307166720
1332127002346754048
1332127115957956610
1332127263978967040
1332127291435069440
1332127346191724546
1332127607572156418
1332127822018535430
1332127916596080642
1332127951639490561
1332128233425395712
1332128457866690563
1332128487637970944
1332128726696427521
1332128887640190976
1332128908314079232
1332129222777851904
1332129381704089600
1332129662324109312
1332129809078644738
1332129847263588353
1332129855077568512
1332129917979553792
1332129968806039553
1332130022644097029
1332130045079465984
1332130228773281792
1332130257550262273
1332130366384168960
1332130376467169280
1332130399221374976
1332130468997820416
1332130505828028418
1332130812507123712
1332130891871600641
1332130945823027201
1332131275008659456
1332131381183356929
1332131404486873089
1332131559097442304
1332131801104433152
1332131931564236800
1332132068839583752
1332132098182877184
1332132157167337473
1332132237010145282
1332132545199284224
1332132576274784257
1332132644134526978
1332132686811500545
1332132689663627270
1332132871461539840
1332132943263830018
1332132955813195777
1332133001883312128
1332133010616049664
1332133038050971649
1332133231714578433
1332133274039185408
1332133432520916992
1332133575299239937
1332133592907046912
1332133634296438785
1332133909287624704
1332133987448328192
1332134023326552065
1332134063394664450
1332134196530307073
1332134551804653568
1332134566103019521
1332134573459828742
1332134658532904968
1332134755689787394
1332134954441060352
1332134962523492357
1332134989035696130
1332135039694372869
1332135132564754436
1332135212172644353
1332135404707876865
1332135522165288963
1332135580709228544
1332135647205859329
1332135681552879616
1332135810376851456
1332135834288607243
1332135900638302210
1332135953880674304
1332135958972547075
1332135978748637186
1332136309406789633
1332136322413207552
1332136360795312129
1332136368303185920
1332136428663238657
1332136532556226560
1332136822944768005
1332136877416206342
1332136901654974464
1332136922068750337
1332136984479928324
1332137023407316998
1332137074745511937
1332137205125574661
1332137253573976066
1332137300759724032
1332137411237736449
1332137454632116224
1332137749483200512
1332138114391756805
1332138285930602496
1332138357254746118
1332138431900749824
1332138457800404992
1332138486908874752
1332138528935976961
1332138642882650113
1332138725451689986
1332138770150215680
1332138974136078343
1332138981962571777
1332139003416629249
1332139054343786497
1332139263606087683
1332139288322949120
1332139666871635969
1332139699478159360
1332139757049159681
1332139837340737536
1332139904231481349
1332140084112584709
1332140345023455235
1332140366288531457
1332140953726038016
1332140975624495107
1332141063323136003
1332141428848304128
1332141449203298304
1332141606644826112
1332141621887053827
1332141910044127235
1332141939832057856
1332141999277953026
1332142169017241601
1332142471590109190
1332142575894061057
1332142722879262722
1332143165210554368
1332143267983609856
1332143302330748935
1332143302896988161
1332143407544885248
1332143683374870529
1332143760596209667
1332143834487271426
1332143888958713857
1332143906927079425
1332143969829072897
1332144283722379264
1332144315435544581
1332144381013397504
1332144543966359554
1332144740465303558
1332144781955387399
1332145067151257600
1332145223699369984
1332145281710874624
1332145454688198656
1332145515664957443
1332145517707501568
1332145536724574208
1332145667821735937
1332145856489861121
1332145861883817984
1332146016368332800
1332146279875563520
1332146394988236800
1332146414751797248
1332146442744582144
1332146484834312192
1332146532959858691
1332146762417639425
1332146842226880512
1332147222931251201
1332147245249130496
1332147345656590336
1332147411788161024
1332147497184202752
1332147609348268032
1332147786100379650
1332147819654901760
1332147936487116800
1332148129181749248
1332148209146327041
1332148418970607616
1332148473463005184
1332148482539474945
1332148557311324162
1332148621291233281
1332148670892896256
1332148732972986369
1332148750555484163
1332148850623008769
1332148863554244608
1332148885947486208
1332148994626248705
1332149001135792129
1332149077249826818
1332149179741659138
1332149230035755008
1332149426715058176
1332149588644552705
1332149636090441729
1332149833390579713
1332149870120099840
1332149904857247748
1332149995286507522
1332150000437039105
1332150104069955584
1332150226958888960
1332150503350951937
1332150591389376512
1332150628542451715
1332150830900850689
1332150836076621825
1332150844125569026
1332150918280777729
1332151002431188992
1332151100049387525
1332151205947183105
1332151460356820992
1332151473145225216
1332151560613326849
1332151587230216193
1332151606612209664
1332151627919351808
1332151695279841281
1332151698794684418
1332151850104094720
1332151929103929344
1332152009437405184
1332152222738767874
1332152244616261638
1332152283161772032
1332152333220917250
1332152543175118849
1332152891507879937
1332152932578570241
1332153069665198080
1332153087524433920
1332153124015005697
1332153198421958659
1332153213433360386
1332153237739347970
1332153258601836545
1332153419839262720
1332153507781210116
1332153516106928129
1332153554430160897
1332153625326604288
1332153699788001281
1332153775763509249
1332153791173496834
1332153816645574656
1332153952230535169
1332153984010706945
1332154210696179712
1332154467052089344
1332154581535518720
1332154714117402624
1332154899040251914
1332155000273952772
1332155011883618306
1332155517758623744
1332155569726230528
1332155702492737537
1332155902674296832
1332156023818362880
1332156114725552130
1332156367348649985
1332156380841697286
1332156627840102403
1332156651764412418
1332156660987486208
1332156744055721984
1332156824095748096
1332156898808774659
1332156900130103298
1332156916416450560
1332156929733517312
1332156987644239872
1332157062789423108
1332157164274798594
1332202630899142656
1332202728001572864
1332202823547842561
1332203050497421314
1332203053307531267
1332203156344889344
1332203310753964035
1332203361408610305
1332203368782172160
1332203562315689984
1332203606737563650
1332203660701360129
1332203765341052928
1332203825617203200
1332204049475760130
1332204108120395776
1332204141142216704
1332204243281960960
1332204254929489921
1332204267340435456
1332204313091911680
1332204586476711936
1332204904106999808
1332204939376881666
1332204983593410561
1332205134609227778
1332205335294078976
1332205625682477058
1332205682901311488
1332205849608036355
1332206124443992064
1332206206966849536
1332206215904989185
1332206233118408706
1332206344351334406
1332206463213776896
1332206469454807040
1332206741602381826
1332206952517087232
1332207013196165120
1332207134352654337
1332207166011412481
1332207197099597825
1332207243492777984
1332207358735478785
1332207469607739392
1332207566336782336
1332207612134367237
1332207642186371081
1332207757613797377
1332208081552478210
1332208365007761408
1332208419013582849
1332208582440357889
1332208583476473857
1332208663021305856
1332209007143116801
1332209073161265153
1332209227163693056
1332209357933645824
1332209483091562499
1332209492486877185
1332209533033213952
1332209728253009920
1332209783202574338
1332209785358323712
1332209896713052161
1332209943286575104
1332210083791466496
1332210135897411586
1332210170559156227
1332210186530930693
1332210210916556803
1332210282530181120
1332210300448280582
1332210318794129411
1332210824744632320
1332210876720492544
1332210995201249280
1332211176831258624
1332211228324741120
1332211364048285697
1332211491219582976
1332211550803943424
1332211827313356801
1332211920376655874
1332211959278792709
1332212033639514114
1332212209045237760
1332212500415168512
1332212535190310912
1332212734629330944
1332212754447527936
1332212794096312328
1332212809250181121
1332212995183824897
1332213001047273472
1332213313749606400
1332213485032378368
1332213570348650496
1332213713454182400
1332213718772432896
1332213915749675009
1332213979578568714
1332214079642066944
1332214145597407233
1332214355333562368
1332214415790379008
1332214427211489280
1332214527283261440
1332214552222568449
1332214644753145860
1332214876215898112
1332214956801073154
1332215013277274117
1332215149764239360
1332215516073775104
1332215576480112642
1332215584063361024
1332215601402671106
1332215604586143745
1332215671304818688
1332215779501232132
1332215805250068480
1332215886376157185
1332216113820692481
1332216121848524803
1332216124671463424
1332216210071703552
1332216332734099458
1332216336769036288
1332216358285828098
1332216407942160384
1332216426673926144
1332216464959533061
1332216467492843520
1332216630487576577
1332216640059092995
1332216698112335873
1332216826411945985
1332293185746382849
1332293374691471360
1332293556082454528
1332293624424509440
1332293733249732611
1332293861637550080
1332293886476242945
1332294177309171712
1332294450085842944
1332294560324734977
1332294679027724288
1332294696165650433
1332294788226408448
1332294920648929280
1332294973765558272
1332295036579442688
1332295217152618503
1332295252917547009
1332295366839050247
1332295448321806337
1332295533776474113
1332295565481287681
1332295569579012096
1332295592119209986
1332295624214110208
1332295915227525122
1332296104151494659
1332296239354961922
1332296259986722817
1332296288893870082
1332296326621478914
1332296375925673985
1332296431261024256
1332296731824975873
1332297064785522688
1332297282142801922
1332297442184880129
1332297620212101120
1332297622162386946
1332297689355186178
1332297810113409027
1332297828245368832
1332297836067741697
1332297898931998722
1332297935476944897
1332297988115484672
1332298049054519298
1332298119774662656
1332298120630325251
1332298178679468033
1332298196362665990
1332298300117184512
1332298332648189953
1332298651427803136
1332298788262785024
1332298815295123456
1332298817866240000
1332299104261726213
1332299149476306944
1332299311053496320
1332299377294053377
1332299497918095360
1332299796674088961
1332299824469848064
1332299879998218240
1332299985812131847
1332300048760270849
1332300289261486082
1332300549316898816
1332300642086498310
1332300648243671043
1332300648713433089
1332300668326043648
1332301066633875456
1332301075567796224
1332301110762041347
1332301250021519360
1332301285714964480
1332301299346403328
1332301357123035137
1332301500954144769
1332301637596090372
1332301781519523843
1332301819717038080
1332301874071007233
1332301877501960192
1332302004207710208
1332302030266839041
1332302083551326211
1332302137708179457
1332302267572215809
1332302291383312384
1332302379056848899
1332302379618799617
1332302581528469508
1332302673517965313
1332302701015740417
1332302722914152456
1332302880787865605
1332302899431559169
1332303008823189510
1332303051827408897
1332303321877581825
1332303424621309952
1332303449376108544
1332303529298505728
1332303654251073541
1332303757284159488
1332303834681630720
1332303893896646656
1332303975832383488
1332304049329278978
1332304086281031680
1332304114462711810
1332304286567555074
1332304409716535300
1332304480696668160
1332304600871800833
1332304603463946241
1332304652810018820
1332305056230764544
1332305076673785856
1332305144768131073
1332305163260997635
1332305181468291072
1332305660520910849
1332305752250191872
1332305872920473602
1332306075194888194
1332306162172178433
1332306199920996353
1332306301188067329
1332306589957697537
1332306646371082242
1332306692407582726
1332306762595262464
1332306779066216448
1332306986587852802
1332307018338750465
1332307159770664961
1332307261377703936
1332307271481761792
1332307345188278272
1332307522515038216
1332307526470295552
1332307827248029698
1332307937692438534
1332307978045825030
1332308140407271424
1332308144555503621
1332308152579207168
1332217592665305089
1332217596997996544
1332217614723026946
1332217646150938626
1332218074045558785
1332218166307536897
1332218192496893952
1332218282846408706
1332218297840963585
1332218466791686145
1332218649722150912
1332218782958321664
1332218867209396224
1332219080514940930
1332219111288389632
1332219155458580480
1332219243241242625
1332219473089224706
1332219486292893696
1332219743244267520
1332219788106600449
1332219811955294209
1332219897145929729
1332219925331468289
1332219925243506688
1332220066134446080
1332220353024811009
1332220448076034049
1332220527834845189
1332220535476895745
1332221032938172417
1332221114593009665
1332221229546176512
1332221301835128834
1332221479954513935
1332221688893857792
1332221778597343232
1332221945622847488
1332222033061687296
1332222199575547904
1332222239647916034
1332222264645861377
1332222403901009920
1332222524357292032
1332222678309031936
1332222852230238208
1332223156338176006
1332223193910702080
1332223273740824576
1332223304388644864
1332223333023297536
1332223381400285184
1332223387998056449
1332223412870242304
1332223653832962048
1332223702394490880
1332223746891984896
1332223867583037441
1332224038404440065
1332224134244421633
1332224299730694146
1332224367145709568
1332224546427035649
1332224641226600449
1332224728954789889
1332224885830135809
1332224994571673600
1332225018869080067
1332225053845450754
1332225251992801281
1332225352068980736
1332225502015352833
1332225506188603394
1332225680482951168
1332225728780267523
1332225746165706753
1332225814293848064
1332225900834910209
1332226083605852162
1332226306164068353
1332226452977225728
1332226462712119301
1332226512439947265
1332226836537827328
1332226949654089729
1332227002221223936
1332227140419342337
1332227181028765696
1332227260812652544
1332227298880176128
1332227343541174272
1332227771280486400
1332227788422561799
1332228015162601473
1332228020686434304
1332228181235965952
1332228576872194056
1332228739753717764
1332228800810082304
1332228866249682945
1332228917516775426
1332228943554908161
1332229188510691330
1332229216541298695
1332229255015534592
1332229293221548032
1332229323839987712
1332229346694635520
1332229708843544576
1332229799536783361
1332230023227424768
1332230068383395843
1332230179192639489
1332230289612038147
1332230296264171523
1332230306313752577
1332230532168626176
1332230778961408000
1332230819243552768
1332230926831501312
1332230947354382336
1332231022805721090
1332231078044520448
1332231424137515008
1332231780263399424
1332231797132947456
1332232089220083718
1332232353821782016
1332232464455135232
1332232497518825472
1332232538769797121
1332277982694694913
1332278005134200832
1332278149602742272
1332278201310195713
1332278241374167040
1332278773962711042
1332278788802170881
1332278990418141185
1332279006587129856
1332279262439682049
1332279378575847424
1332279793367203841
1332279926993645569
1332280100264488961
1332280138789253120
1332280167763488768
1332280228241141760
1332280271496949760
1332280341218942978
1332280425092419584
1332280542713188352
1332280589655928832
1332280615933153281
1332280695507578882
1332280707855638528
1332280754147999745
1332280826810273792
1332280915578531842
1332280926026354688
1332281242180579328
1332281351731621889
1332281400976961537
1332281496133120001
1332281540395593730
1332281802518650884
1332281878196473856
1332282142936739840
1332282292446912512
1332282403407085569
1332282665056178176
1332282730600681473
1332282953314004992
1332283330981728256
1332283396987424771
1332283439899357186
1332283472501727238
1332283554986926082
1332283770544803840
1332284086879199232
1332284170819801088
1332284320451604481
1332284415268057090
1332284879946432512
1332284973668323328
1332284985613692928
1332285255286452224
1332285486149160964
1332285581330681859
1332285693004017667
1332285805839196162
1332286144466259968
1332286192667271169
1332286316298559494
1332286336267673600
1332286348984725506
1332286412775972864
1332286548021108738
1332286885411090433
1332286992835629057
1332287012494340097
1332287028885671939
1332287047877406723
1332287083680030720
1332287735307112449
1332287751438422017
1332287838805757953
1332287975233875969
1332288350544420865
1332288510317957122
1332288531746729986
1332288728836886528
1332288847347118080
1332288921875562496
1332289016285302785
1332289086883819527
1332289141204078596
1332289173408133123
1332289217892917248
1332289439666565120
1332289579483885568
1332289600753192964
1332289915871244288
1332290096394100736
1332290118674157570
1332290281027284993
1332290387541716993
1332290686201303043
1332290696162783233
1332290929386991617
1332291173931741185
1332291484150853632
1332291492275236864
1332291774459633666
1332291870790021121
1332292321224830976
1332292346034204672
1332292463101440000
1332292497649803264
1332292700876525568
1332292869013508097
1332232754033958912
1332232912490672133
1332233007307100161
1332233051510812675
1332233063800201216
1332233073493217281
1332233281279037441
1332233352242364416
1332233979970392065
1332234150024257537
1332234221478424577
1332234320862457856
1332234373018501120
1332234387518226435
1332234504874778624
1332234535644303360
1332234760878510080
1332234905774927873
1332234958233100289
1332235183014240258
1332235560950358017
1332235946687868930
1332236148371042304
1332236155018907649
1332236164196134912
1332236165555003395
1332236221255479296
1332236251429105672
1332236282815242241
1332236356647522311
1332236365589725185
1332236395633651712
1332236414457688064
1332236658205310976
1332236872882540545
1332237069712691201
1332237097466531846
1332237266895384577
1332238419007840257
1332238581084147712
1332238827587588097
1332239016012390400
1332239056822886400
1332239080827088896
1332239238423748609
1332239308665856002
1332239438110453760
1332239614388662273
1332240139897217026
1332240189846999040
1332240337255886849
1332240542458122240
1332240615539617794
1332240678588477441
1332240770556850176
1332240980335087616
1332241233331298305
1332241282232508417
1332241350411038720
1332241374448594947
1332241777735110656
1332242094296080385
1332242104026861574
1332242106711220224
1332242253851598851
1332242378300690432
1332242585939832835
1332242899610734593
1332242940895391744
1332243467049824256
1332243651175407616
1332243666736394241
1332243702895394817
1332243836505092098
1332243911587336192
1332244048309067776
1332244310952202241
1332244408050151425
1332244559640727554
1332244645393420289
1332244893167738882
1332244924335411200
1332244960070967297
1332245057760489473
1332245150819618816
1332245385537064960
1332245640370262016
1332245666437984260
1332245747358547968
1332245768963567616
1332246150066311168
1332246231029051393
1332246417935536128
1332246645761839104
1332246740074860545
1332246955020357634
1332263101606072321
1332263298071293952
1332263368523190278
1332263780709928960
1332263808384065536
1332263976177201154
1332264422857990144
1332264896776454144
1332265049377959936
1332265086770163713
1332265258728239105
1332265602342383616
1332265606041792512
1332265810686054400
1332265970639933440
1332265972238077953
1332266091977056256
1332266113590304769
1332266192434814979
1332266311091515394
1332266338472046592
1332266688922972160
1332266879348600834
1332267196958060544
1332267309411561473
1332267311387058176
1332267384300822528
1332267820156063745
1332267981926088705
1332268528733286401
1332268578914017280
1332268783168331778
1332268930220613634
1332269123020206081
1332269273088200706
1332269562247704581
1332269899855654912
1332270049705521152
1332270276067823616
1332270352303616000
1332270425536131075
1332270435338248192
1332270558961078272
1332270758001856512
1332270806152470529
1332270945101287424
1332270992245321728
1332271320327970818
1332271392188899330
1332271613040078851
1332271793055272961
1332271928954949632
1332272075734736896
1332272094265171970
1332272319109210112
1332272474956976128
1332272699436126208
1332272932563931137
1332273372340826114
1332273627325222912
1332273659348652034
1332273863464464384
1332273874843660289
1332274177223651329
1332274452273504257
1332274682804965377
1332274840842059776
1332274924958879744
1332274938041036802
1332275343663779840
1332275440959057920
1332275834413928449
1332275840609116161
1332275998948253699
1332276010360967169
1332276064777773056
1332276184823062528
1332276283464687617
1332276330348630017
1332276389123383296
1332276403732164616
1332276438033195008
1332276578361884672
1332276660398415873
1332276711505981440
1332276712978182144
1332276953282453505
1332277254618017792
1332277256996130817
1332277389133443074
1332277580058136576
1332277919310352384
1332247852064632833
1332248084957573120
1332248102040981507
1332248310170726400
1332248780717101056
1332248840511115269
1332248969708244992
1332249714784432129
1332249810490056704
1332249950948888577
1332250077050572801
1332250132285452288
1332250216746127360
1332250290096017409
1332250321800863744
1332250338741547010
1332250712059781122
1332250861947523074
1332251084073676802
1332251122367655936
1332251191263121408
1332251287400951811
1332251319676100608
1332252119416639494
1332252493330468867
1332252596661329922
1332253001155833858
1332253127760891906
1332253142801584128
1332253394564739073
1332253566799663104
1332253770349043713
1332254010234056704
1332254032803618817
1332254058191622146
1332254105134305284
1332254182544326656
1332254425625325570
1332254469527130115
1332254748163133443
1332254776537591809
1332255195221401601
1332255261906640897
1332255315232899072
1332255539808579584
1332255704644784128
1332255869787119620
1332255872630841347
1332256301934669824
1332256508143415299
1332256607145746433
1332256890135470080
1332257114899746816
1332257170373693441
1332257203235991553
1332257474745954306
1332257529150140416
1332257555880546304
1332257751918063616
1332258257558233089
1332258620277469184
1332258946359336962
1332259132196356097
1332259770728935427
1332259780660957185
1332259853583212544
1332259859392237568
1332259984294383618
1332260044151382018
1332260050694406144
1332260184664764417
1332260969381294080
1332261015233376260
1332261101661286401
1332261380502802434
1332261400908066818
1332261475323351042
1332261517203410944
1332261635109613569
1332261775614611457
1332261853028814850
1332261925447667717
1332262013448441856
1332262177231790080
1332262220617699329