1332776284750045185
1332776285446107136
1332776419747721216
1332776481924255744
1332776528325865484
1332776545266638852
1332776653618110464
1332776662048460800
1332776700158091266
1332776759029325828
1332776794748047360
1332776826909835264
1332776884535488512
1332777040282406912
1332777048155295745
1332777110746910723
1332777203722055680
1332777322051751936
1332777430835204106
1332777442520522754
1332777509952376837
1332777524351348736
1332777539899695110
1332777560845950976
1332777846696275969
1332777905277997056
1332778075659120646
1332778105883164673
1332778109662269440
1332778129660780549
1332778185579253770
1332778298452176897
1332778403200700416
1332778503947902986
1332778525062008832
1332778537049272329
1332778597656956929
1332778655039320064
1332778667802554371
1332778806327832577
1332778937823408131
1332779005020413955
1332779053376532480
1332779111828295681
1332779161975476226
1332779163783208961
1332779168245952512
1332779276677107714
1332779318083203072
1332779422466838528
1332779493535125505
1332779498274746370
1332779540037431297
1332779549155799043
1332779558429450241
1332779561000439808
1332779564372799494
1332779625181712385
1332779677275070464
1332779854475902976
1332779912525189121
1332779942803894272
1332780002685775872
1332780022596313094
1332780072118480899
1332780115558879232
1332780282882220032
1332780298795442177
1332780337647259655
1332780377815928832
1332780550583709720
1332780764451233798
1332780818578763779
1332780869426307081
1332780879542890497
1332781040214167554
1332781059101093888
1332781079695134723
1332781084208209921
1332781112289005568
1332781159139381248
1332781292824502272
1332781376521838600
1332781540951154688
1332781628935041024
1332781671305908227
1332781789060935680
1332781864529129483
1332781876797468675
1332781892014198784
1332781913711513603
1332782107563880448
1332782135929933826
1332782202682224644
1332782202837405702
1332782508421885953
1332782513459245065
1332782572393418755
1332782601560580098
1332782635203096582
1332782636092321793
1332782882138574849
1332782941181603840
1332782955144613894
1332783054528647169
1332783076733280256
1332783164402642945
1332783285085278210
1332783299647868928
1332783500387356674
1332783554611310594
1332783632298221570
1332783760102760449
1332783830646874112
1332783877295837186
1332783973773164544
1332784183899545602
1332784208490754054
1332784283606507523
1332784329513168896
1332784409372659716
1332784493342691330
1332784582148677637
1332784632056655875
1332784783768825859
1332784901003767808
1332784954321870854
1332785086706708482
1332785176548618245
1332785177886674945
1332785226637062145
1332785261974065152
1332785358749257728
1332785368874278916
1332785440915644419
1332785558238728193
1332785676673282053
1332785726057013251
1332785777919418368
1332785840448212992
1332785862959124483
1332786018160881664
1332786055146311687
1332786074226221058
1332786123832238083
1332786142316425217
1332786174725922819
1332786199967068160
1332786296583041024
1332786315419639811
1332786409669849095
1332786436924465155
1332786566759112706
1332786594177232903
1332786679208407042
1332786862956503041
1332786896091672582
1332786930937982978
1332786942367457281
1332786982683111430
1332786986764148739
1332787051821862912
1332787086970265600
1332787095421804545
1332787186819850252
1332787194889691136
1332787224954368001
1332787260605992961
1332787284077383685
1332787321968746499
1332787409524727808
1332787446111760385
1332787464377950210
1332787596875927559
1332787651561345026
1332787693672083461
1332787706510913540
1332787793932718081
1332787850669154304
1332787941417095168
1332787988732973058
1332788004528730113
1332788020249042944
1332788122975932417
1332788135059746816
1332788188906139648
1332788208409702404
1332788226617126913
1332788289070370820
1332788301300948994
1332788664351543297
1332788692524658691
1332788729077907459
1332788742046801922
1332788764603678720
1332788928252837889
1332789056279875587
1332789061442912256
1332789091520425984
1332789108956073987
1332789405216550912
1332789497184931840
1332789509671579651
1332789594836725760
1332789652806389761
1332789753683566596
1332789853969375235
1332789917819301888
1332789992591138821
1332790009406099457
1332790223399514114
1332790260263215110
1332790438097526784
1332790482188066819
1332790492262789124
1332790558927020039
1332790618490331137
1332790773159497729
1332790788783300609
1332790816088203268
1332790876976853005
1332790928726237198
1332791045722140679
1332791082015481859
1332791229684310017
1332791229965340674
1332791251691728898
1332791291990728706
1332791332067106816
1332791422970441736
1332791438816518146
1332791576951721984
1332791801414082561
1332791837619335172
1332792030041346048
1332792086551273473
1332792132957069318
1332792153089699845
1332792177085337602
1332792227416956931
1332792288842567680
1332792370635677697
1332792388423720963
1332792440613466114
1332792638467031042
1332792672281534464
1332792734478950404
1332792785221668868
1332793075547185153
1332793298881277954
1332793310059098114
1332793409891930114
1332793473204973568
1332793523591147522
1332793595510796288
1332793596794327041
1332793636531167232
1332793725542670344
1332793863380082691
1332793902441451520
1332793921974493186
1332794089750863877
1332794359679389696
1332794378528694276
1332794380625862656
1332794413899272192
1332794492676661250
1332794655692492801
1332794664399872000
1332794829454053377
1332794886601535488
1332795013076574209
1332795084744634369
1332795098061529090
1332795130236071940
1332795160359555074
1332795181469458432
1332795211068567552
1332795285081354246
1332795293868322816
1332795365117095936
1332795414475640834
1332795500270137345
1332795578376462336
1332795595904458752
1332795687579365384
1332795758526013445
1332796048037748736
1332796072033361921
1332796259367849986
1332796467610873856
1332796535797583874
1332796555745783810
1332796694908596225
1332796719755632647
1332796732388859911
1332796736780242944
1332796762269114374
1332796763544150016
1332796778169720834
1332796824491581440
1332796824579678213
1332797026594136065
1332797042092072960
1332797050082168832
1332797348829917187
1332797482938535939
1332797529709277193
1332797576962256900
1332797742599565314
1332797757082406912
1332797828679294979
1332797848015015942
1332797865329106948
1332797866004389888
1332798048867659776
1332798070506000385
1332798111736016900
1332798179625070594
1332798318481715201
1332798336496091136
1332798428678598656
1332798533469138952
1332798565182296065
1332798581951008768
1332798988165255168
1332799118683623431
1332799275927998466
1332799513728344066
1332799623803654145
1332799711863037956
1332799811251294213
1332799831484428288
1332799941186609160
1332799962787291139
1332800067259015170
1332800081121009664
1332800115732586499
1332800251607060488
1332800428103266304
1332800433694384141
1332800621121056769
1332800977934675968
1332800981382283264
1332801020343291908
1332801056611459072
1332801152367403010
1332801350820900868
1332801472279568391
1332801492387041287
1332801649119797250
1332801675007025157
1332801695324254209
1332801741692268544
1332801817131044868
1332801840690376706
1332801958441316357
1332802058781675523
1332802075814719498
1332802109268504578
1332802114037354498
1332802119125053440
1332802215476654081
1332802453499228167
1332802537288830980
1332802706692579331
1332802741542952962
1332802781216993282
1332802810904252419
1332802907159277571
1332802974838558726
1332803063590121495
1332803098209898498
1332803128010317824
1332803230510804996
1332803351831048192
1332803378058047491
1332803482026389508
1332803603497709570
1332803717377052672
1332803853864079363
1332804102611415042
1332804111897530368
1332804169112182784
1332804172488425472
1332804244492128258
1332804275379068941
1332804369453096966
1332804521848950787
1332804584805437440
1332804715109883910
1332804861688164352
1332804902347796481
1332804965740503043
1332805012695769089
1332805060980576257
1332805112004108288
1332805151489363968
1332805192975339529
1332805314324918273
1332805330644971526
1332805606424662018
1332805650141769728
1332805804500652033
1332805860008071169
1332805892690092037
1332805948239441927
1332806023627886600
1332806240683118598
1332806312078548993
1332806355024027648
1332806413366796288
1332474278764220416
1332474351686303744
1332474362402803715
1332474430115745792
1332474458431434758
1332474459425562624
1332474731950460930
1332474743937753089
1332474793824804869
1332474819393302528
1332474862518951941
1332475716777222148
1332475717729312769
1332475741724930049
1332475977155309568
1332476108583952386
1332476140590546944
1332476150287884288
1332476190653702145
1332476410674376704
1332476434762362883
1332476464080580613
1332476476407607304
1332476804171444225
1332477051874512897
1332477085521219584
1332477122577715202
1332477161098375180
1332477365335642113
1332477428627869696
1332477536899653632
1332477605728169985
1332477713181863938
1332477859747819526
1332477934087663616
1332477982645100548
1332478002509254656
1332478004287725568
1332478019999571968
1332478069504757760
1332478146579476481
1332478204255166464
1332478225059106816
1332478347755008001
1332478376980996100
1332478389396058113
1332478578198536195
1332478593763565569
1332478598607990786
1332478720246951938
1332478783962669061
1332478828720099328
1332478883753496583
1332478942431883267
1332478962551775233
1332479307843837954
1332479365943353345
1332479495924695040
1332479503998791683
1332479541772775425
1332479840512045058
1332479943280771072
1332479953775058951
1332479970401202177
1332480011861848064
1332480020737003520
1332480335980814337
1332480356897984512
1332480364691017729
1332480372630839297
1332480478243409922
1332480489597390854
1332480508891176960
1332480629997449217
1332480699933351936
1332480734368571392
1332480767247708160
1332480790328971264
1332480794116308993
1332480808859430912
1332480810184814592
1332480907370958848
1332480997515026433
1332481026489085953
1332481141224468481
1332481194680840192
1332481232223965184
1332481288272416768
1332481504736403456
1332481812321488898
1332481833762754563
1332481840553160705
1332481984644321280
1332482269811003392
1332482285401219073
1332482503182049282
1332482685034369026
1332482686221492225
1332482752277581825
1332483036202606595
1332483096063717380
1332483119778246656
1332483178423062529
1332483203832090624
1332483217329307649
1332483325425037314
1332483451056959493
1332483639511314437
1332483950522994688
1332483988808552449
1332484018760265736
1332484039400361985
1332484046744645633
1332484142831968256
1332484173387476993
1332484244917129217
1332484260507250690
1332484303788404737
1332484382263750661
1332484541399916550
1332484567022886912
1332484578410369026
1332484584559292419
1332484689597173762
1332484692583604225
1332484763920293893
1332484840332144654
1332484844367077376
1332484894098944000
1332485000109858817
1332485041935376386
1332485205131632641
1332485234936467461
1332485342860107784
1332485376565538816
1332485389328773123
1332485394357772291
1332485402549252096
1332485469121089542
1332485503434764291
1332485536427044864
1332485608745349120
1332485766266691587
1332485817852260353
1332485947787780096
1332485978326409217
1332486156836069377
1332486437455814658
1332486622651224064
1332486652275650561
1332486856538198017
1332486869460918276
1332486999849267201
1332487008124624896
1332487053896941568
1332487054916284423
1332487055683825664
1332487075405459456
1332487075866701824
1332487160138706945
1332487213024731137
1332487301587488768
1332487311578128385
1332487427416608770
1332487521054416904
1332487600674729984
1332487773882822656
1332487788554571776
1332487856275779584
1332487859509420033
1332487881437425667
1332487923128741888
1332487939482284032
1332487994096414720
1332488028305166337
1332488108709974017
1332488112656838657
1332488199818661890
1332488321067610112
1332488455050330112
1332488686580076544
1332488720486985738
1332488728410021889
1332488829480165377
1332488918768496646
1332488974967910400
1332489055917854721
1332489067137740805
1332489084154097664
1332489344922292232
1332806505838620680
1332806635958407168
1332806639112642560
1332806712542130176
1332806758889361413
1332806824832114688
1332806912564473857
1332807041732239361
1332807348432351241
1332807461699538948
1332807550757187585
1332807600807710721
1332807601818570753
1332807684567994377
1332807692847521792
1332807728079675392
1332807789786267649
1332807871952609280
1332807923278508032
1332807932350590976
1332808071022776325
1332808275855880194
1332808349772107778
1332808527275061250
1332808632283537408
1332808635840405506
1332808673610133505
1332808761967321090
1332808870520000512
1332808872243961856
1332808874227884034
1332809211122753537
1332809368702750721
1332809558352392195
1332809651088453637
1332809668876525568
1332810057826889732
1332810069717737478
1332810112621178881
1332810134767235072
1332810138420465665
1332810187367964679
1332810235120148482
1332810371837661184
1332810426241859584
1332810820464439296
1332810854954192897
1332811131216306176
1332811143224696836
1332811182026199042
1332811207527460865
1332811239920001024
1332811272606388230
1332811325253283841
1332811474620850177
1332811516924444672
1332811661158309890
1332811667969896448
1332811673644699648
1332811676173955077
1332811864842117120
1332811967795519489
1332812029766348803
1332812264316014593
1332812276533964802
1332812317734694915
1332812406867718151
1332812414488809472
1332812417047408640
1332812474937012226
1332812562468118536
1332812570802139137
1332812700368449536
1332812775400194048
1332812787597373440
1332812973975498752
1332813078522687488
1332813111506706432
1332813132327129088
1332813221489635328
1332813241232179200
1332813468756393984
1332813505435668480
1332813530903547905
1332813578395643906
1332813627179536390
1332813635262029826
1332813875218178049
1332813875696316416
1332813938241777669
1332814031153840129
1332814042285568003
1332814155481571330
1332814266093760514
1332814302596788230
1332814428404854794
1332814471438368768
1332814675076022273
1332814692021133313
1332814731472642048
1332814750514892808
1332814793342816256
1332814830420496393
1332814852096733188
1332814853145198592
1332814943859589123
1332814986066997249
1332814989648949249
1332815107085176832
1332815150261235713
1332815363571023874
1332815435390201863
1332815574502694912
1332815795718660097
1332815829633732616
1332815900165218305
1332815908855812096
1332816016175370240
1332816034269638661
1332816047544659969
1332816072416825344
1332816113411960835
1332816189987274752
1332816226993790977
1332816303753736192
1332816403112615943
1332816507978608647
1332816592946622464
1332816630611660800
1332816689352888322
1332816756352507904
1332816790204739584
1332816982291476483
1332817025664774144
1332817059307278336
1332817299548614656
1332817314799083528
1332817543896109057
1332817680328396801
1332817726390349825
1332817784376422401
1332817833722478595
1332817847073042434
1332818208236027904
1332818215530082311
1332818239496261636
1332818439363325959
1332818472083083265
1332818476440965123
1332818561040080896
1332818581323702272
1332818588852510721
1332818647308496897
1332818785632460802
1332818816682889217
1332818879102537729
1332819063391719425
1332819154508935168
1332819310566367240
1332819324571160582
1332819454800121862
1332819503042813953
1332819665362489344
1332819713903239168
1332819724762304512
1332819738397851649
1332819952697544704
1332819955650322432
1332820023732285441
1332820094255185921
1332820125146361861
1332820292947742721
1332820413227917320
1332820476595494914
1332820480206757889
1332820509902376962
1332820745148219393
1332820757320060928
1332820761778728967
1332820780103569408
1332820783471747078
1332820821757276161
1332820888547254274
1332820901281165314
1332820964833452032
1332821017627004928
1332821070907322368
1332821156609527808
1332821164742291462
1332821177232883713
1332821194509328384
1332821320002920453
1332821348335427584
1332821405285675008
1332821474856505346
1332519649112625152
1332519753924177921
1332519783556915201
1332519876204900354
1332519937617895424
1332520122171469825
1332520143302373376
1332520227016486916
1332520227465261056
1332520346142994432
1332520584803086336
1332520811098468356
1332520861950160898
1332520882556768256
1332520918522982401
1332520937355431944
1332520994691555329
1332521338666315779
1332521389002264576
1332521409369829376
1332521437186322434
1332521543981801472
1332521602270040064
1332521667281686529
1332521783052935169
1332521849931051008
1332521900518600711
1332521925084672000
1332521993665712128
1332522181176270849
1332522246082940930
1332522559884189697
1332522580150980608
1332522604725374977
1332522609192394753
1332522818874056704
1332522861228122113
1332522977913688065
1332523020922089472
1332523029935616000
1332523054438572032
1332523054858170368
1332523151146684416
1332523260622368768
1332523352318222336
1332523586595266568
1332523755021676546
1332523769374629891
1332523787364003842
1332523876832702464
1332523885049221120
1332523959749894144
1332524014741434373
1332524057108082690
1332524165673472001
1332524220031569921
1332524283017404416
1332524393214382080
1332524408712421377
1332524937060368385
1332525047311953921
1332525273581948928
1332525347582210050
1332525378531897344
1332525381262340096
1332525470743715840
1332525490813493249
1332525566663135232
1332525697152282624
1332525735072894976
1332525738302443521
1332525776793550849
1332525780857831425
1332525957282979840
1332526003474681857
1332526020054953984
1332526020063358979
1332526048748204034
1332526083623751682
1332526129941364736
1332526154297860097
1332526225345155072
1332526228834758656
1332526325219815424
1332526527641124864
1332526598172651520
1332526690057158656
1332526729416478723
1332527044509528071
1332527052013047808
1332527090428641281
1332527117993697280
1332527186117586946
1332527210662682625
1332527278308384769
1332527378942226432
1332527503508959233
1332527778143621121
1332527956946771968
1332528045060747265
1332528145774284800
1332528193069330432
1332528402075705349
1332528443523801089
1332528627372593154
1332528683827953666
1332528800672976898
1332528817466957824
1332528913478799360
1332529022933221378
1332529036921286656
1332529069192142848
1332529086548340737
1332529191917674501
1332529312021540864
1332529397086126081
1332529409417379840
1332529496084385798
1332529513624965121
1332529569232953344
1332529625977790466
1332529682546380801
1332529723516329985
1332529723931504640
1332529824590688256
1332529928953241605
1332529962557927424
1332530080317370368
1332530118548475904
1332530175829966848
1332530449596379136
1332530458031050752
1332530495175979010
1332530686968930305
1332530695869263873
1332530737778728962
1332530757873651712
1332530868896796672
1332530921824665602
1332530977185222656
1332530981413249026
1332531071750115329
1332531320573079552
1332531391758815233
1332531419713683458
1332531438084755457
1332531490408648705
1332531573611180033
1332531577188999169
1332531719539355649
1332531740217384960
1332531752859000833
1332531884170080259
1332531928755408899
1332531963689779201
1332531968743915522
1332532035198435328
1332532060322455552
1332532126290468865
1332532180162129921
1332532232070815745
1332532276890980356
1332532293987151872
1332532449566359552
1332532538057895939
1332532578763628544
1332532706190757889
1332532790785699840
1332532810159067139
1332533041630220288
1332533074098315265
1332533079622127616
1332533079697543171
1332533092075057152
1332533192620978182
1332533213814796288
1332533275764666368
1332533315262410752
1332533360275623937
1332533431197110273
1332533481235214337
1332533586335961099
1332533704200134656
1332533725633138693
1332533742095708166
1332533851424436224
1332533863030013952
1332534022627586049
1332534034757545987
1332534039094423552
1332534047600328706
1332534077157564416
1332534126927360002
1332534169822523392
1332534231193489409
1332534448219451393
1332534558353465345
1332534580285501444
1332715954736934912
1332715988001943555
1332716059124707330
1332716077101568003
1332716092456841221
1332716093430001664
1332716097263579142
1332716106344181760
1332716193237639168
1332716342282170370
1332716387303907329
1332716416126992386
1332716441498476546
1332716500126461956
1332716570372677633
1332716577741963264
1332716725809385473
1332716726522421248
1332716776887635968
1332716817626894337
1332716828032978946
1332716915148476416
1332717071143215104
1332717144983920641
1332717154685378561
1332717225732665348
1332717280501886976
1332717295848857601
1332717317055254537
1332717384768040965
1332717384793112576
1332717401721323521
1332717448529842180
1332717523855347717
1332717540900945920
1332717670723149831
1332717696597815297
1332717979503644675
1332718039557672962
1332718042376261634
1332718457742245888
1332718593168039938
1332718656191680512
1332718689540599808
1332718893824086016
1332718987118071817
1332719024153653251
1332719071322800131
1332719109742718979
1332719214881251329
1332719288906616834
1332719306057007105
1332719424093253633
1332719510525132802
1332719620961284096
1332719742981865472
1332719770723119105
1332719808434085889
1332719830944903170
1332719948616114178
1332720253554585600
1332720261305692160
1332720300925071360
1332720350745006087
1332720395544186880
1332720400158093313
1332720417623089154
1332720535277596672
1332720838768996354
1332720988639916035
1332721188628402176
1332721281284726784
1332721319067013120
1332721529398964226
1332721772802822145
1332721826133315585
1332721881754050560
1332721898032140288
1332721923755810820
1332722059575783427
1332722066085310467
1332722103351652357
1332722270880468993
1332722274621861890
1332722313658208256
1332722380683218944
1332722504876527617
1332722590113275914
1332722670820093953
1332722808250634240
1332722938714361857
1332722976639344641
1332723025754677249
1332723030527774720
1332723408736563200
1332723455192608769
1332723470996824064
1332723474498871298
1332723554652200961
1332723593143345154
1332723601854894087
1332723704497889282
1332723706020458496
1332723772512677894
1332723785842135040
1332723872152526848
1332723905983758347
1332723982831919107
1332724272217743360
1332724397636022272
1332724422197833732
1332724425343561732
1332724543840944128
1332724710585499648
1332724893302001667
1332724922670489600
1332724987086712833
1332725295745527811
1332725424389058560
1332725562868166656
1332725568861839363
1332725652504653825
1332725652894707713
1332725659551084546
1332725958814547980
1332725975013003264
1332726005061054464
1332726158765551616
1332726292874203138
1332726532842786828
1332726536567394306
1332726590732603393
1332727172654481408
1332728038090391555
1332728063591845890
1332728101760020484
1332728113239879680
1332728138091147270
1332728165177896961
1332728222610575364
1332728360615636993
1332728428785614849
1332728531273609220
1332728554241536001
1332728603943997440
1332728722902847490
1332728760551022592
1332728830633660418
1332728919989088256
1332729040063639552
1332729149539147782
1332729375821848580
1332729418951905281
1332729490284408832
1332729758199795713
1332729782937776130
1332729950424551424
1332729975989006337
1332730038962237442
1332730134290255872
1332730171779059715
1332730181715456001
1332730337869275138
1332730558628171780
1332730664622444549
1332730710390693888
1332730796172460032
1332730895212687361
1332549851234656256
1332549894494687232
1332550027256991744
1332550160602210305
1332550366693568512
1332550446322475014
1332550506393251840
1332550519592808448
1332550551670702080
1332550710584508416
1332550745728675840
1332550872006537216
1332550916839444480
1332551455572709376
1332551516146851840
1332551631632625665
1332551736217792512
1332551781776240640
1332551814810570753
1332551940803334145
1332552059439226880
1332552078602903553
1332552104347463680
1332552222232592386
1332552305053290496
1332552406656159744
1332552438998573056
1332552450855890945
1332552460758511617
1332552551674257409
1332552654958981123
1332552665113440256
1332552673141338117
1332552703550091265
1332552718334926848
1332552790883913728
1332553056873967616
1332553059470340096
1332553069758799873
1332553081331085312
1332553106773532673
1332553172972351489
1332553221433421844
1332553256682336258
1332553392317665280
1332553464296005634
1332553488773963778
1332553497498292227
1332553581552144385
1332553848641216513
1332553886289289219
1332553894170333184
1332554052257935361
1332554088391733248
1332554163683799040
1332554242645663744
1332554298513735680
1332554323348369410
1332554385226948609
1332554406873755648
1332554567683371008
1332554674269020161
1332554861095825410
1332554870302400513
1332555007367983104
1332555031330119681
1332555056554668032
1332555179212812296
1332555192018022400
1332555271256813568
1332555442694868994
1332555488475561987
1332555514409050114
1332555663843713026
1332555721314078721
1332555815270703105
1332555880005505024
1332555985064501248
1332555988084224001
1332556007722143744
1332556033433116672
1332556106074296322
1332556220230750208
1332556231207227394
1332556327953047552
1332556491073544195
1332556576079581185
1332556772297437184
1332556794175102976
1332556809912029184
1332556878379954176
1332556890753167360
1332556973422866432
1332557095489552384
1332557221994115076
1332557245792485377
1332557264251736065
1332557288360476675
1332557318081425408
1332557331113107456
1332557480564387841
1332557765244563458
1332557861759676418
1332557958685880323
1332558065170743298
1332558071525122048
1332558127754055680
1332558406939455488
1332558477936488448
1332558559825989632
1332558754588614656
1332558781813821442
1332559050664521731
1332559074030915584
1332559164854444032
1332559381171408897
1332559454353694720
1332559583466774529
1332560145801383936
1332560152139091968
1332560167456497666
1332560271609647104
1332560334775865346
1332560392376053761
1332560480741822464
1332561152245600256
1332561152857964544
1332561159329902592
1332561377483915266
1332561486686818304
1332561529544306689
1332561584468631553
1332561790257938433
1332561815310659584
1332561869119369216
1332562162603024384
1332562237228249090
1332562297152303104
1332562299593371650
1332562318153162758
1332562323215581190
1332562371672485889
1332562497895862272
1332562637582966785
1332562677319622659
1332562688950607872
1332562716125499392
1332562937131659269
1332563395011350528
1332563495825645571
1332563531212853252
1332563668337369090
1332563794673889280
1332563853343944704
1332564021078339584
1332564083867078657
1332564088136806407
1332564243435188225
1332564275437711363
1332564478819495937
1332564738144874497
1332564753445761024
1332564768146669569
1332489375930855429
1332489453147987969
1332489484101771265
1332489504310124544
1332489550464126976
1332489634790604800
1332489684711313408
1332489935601999872
1332489983656136705
1332490083732058114
1332490158797516800
1332490170357190657
1332490171292348417
1332490254167773187
1332490304235085827
1332490344206917632
1332490359792799744
1332490464843493384
1332490554609950726
1332490614768881665
1332490623350345728
1332490691939889153
1332490837289291776
1332491042818580481
1332491105854742529
1332491272095981570
1332491362055430144
1332491417508216833
1332491471996522499
1332491504959578117
1332491601030090752
1332491672647774211
1332491732357951489
1332491777094397952
1332491801622671362
1332491899152834562
1332492059505283074
1332492154892009473
1332492177188982784
1332492414360166400
1332492473738940417
1332492598976638976
1332492599148601346
1332492629611712519
1332492698041937920
1332492990221148160
1332493044730441729
1332493082932244480
1332493107175301120
1332493190037991430
1332493274985193472
1332493367209390080
1332493472184594434
1332493475254853633
1332493510340014085
1332493511766265857
1332493555659644928
1332493627302440962
1332493694549766145
1332493799801688066
1332493886602633216
1332493932895166464
1332494088709423104
1332494110100516865
1332494112495443969
1332494148230844424
1332494235816263680
1332494282184421381
1332494366322069510
1332494374928740354
1332494387339792393
1332494578817986560
1332494587320037377
1332494625408335872
1332494663262068737
1332494667124940800
1332494805658718209
1332494830077874178
1332494847626842113
1332494914916061185
1332494944699867140
1332494993630453761
1332495036018270208
1332495044113289218
1332495086966480897
1332495362804887554
1332495448549027840
1332495570141790208
1332495572658479105
1332495840028487682
1332495853702049794
1332495895158550530
1332496164852293637
1332496190055845892
1332496245269651457
1332496282536079360
1332496298096910340
1332496315796901888
1332496379198009345
1332496399024459777
1332496416376283137
1332496461536215040
1332496499968794626
1332496517387718656
1332496526111698944
1332496629480341506
1332496710145245184
1332496897689473025
1332496906036019200
1332496999145418753
1332497004077912066
1332497015398395904
1332497116480950274
1332497212354555905
1332497372144951299
1332497418068234241
1332497602886168578
1332497830217457672
1332497885603139585
1332498023478333441
1332498114897346560
1332498166269284354
1332498294753304578
1332498351841951764
1332498424579706881
1332498438689263617
1332498556389912576
1332498652435075072
1332498731522875392
1332498769565323264
1332498840826482689
1332498912180113408
1332498945038114817
1332499033709899776
1332499041783955456
1332499070385053696
1332499263692148736
1332499311469481990
1332499367702433792
1332499449562664961
1332499470441984010
1332499490876649473
1332499516415733761
1332499549626068993
1332499579166666755
1332499661899370497
1332499692224180225
1332499718102892546
1332499813171138562
1332499893269663744
1332499968087576576
1332500127278358528
1332500170823516160
1332500228554039296
1332500278571126786
1332500279984599041
1332500405595631618
1332500561401323521
1332500648491950085
1332500832512856065
1332500842038046721
1332500887537762305
1332501151904829440
1332501171743776769
1332501249237782528
1332501340358991877
1332501639282954240
1332501755620450310
1332501790277898241
1332501835568058371
1332501865381113859
1332501907013836801
1332501923434520576
1332502052950437888
1332502229379555328
1332502322455474185
1332502436083326976
1332502599153627139
1332502838547714048
1332502939395522561
1332503008899444737
1332503190386978816
1332503227544178688
1332503245462392832
1332503391986180096
1332503428841369601
1332503551764008962
1332503562757279745
1332503643644366848
1332503676066418688
1332503914927841281
1332503927527333890
1332503952831770624
1332503999010975746
1332504016933310464
1332504205437886468
1332504217660116994
1332504256167993345
1332504281153495043
1332504318608613376
1332504399403307009
1332821562391662594
1332821609430855680
1332821764015943680
1332821764137771011
1332821842999078920
1332822321187307523
1332822335104094219
1332822401730695168
1332822637047930885
1332822846230437893
1332822912529784837
1332822950890917890
1332823005207130114
1332823022302949376
1332823056973238272
1332823076892012563
1332823216205737985
1332823375614504960
1332823576832040960
1332823677583327232
1332823841861738496
1332823867367301123
1332823891895435267
1332824213871230979
1332824222910083072
1332824243764154370
1332824473599414274
1332824587931963396
1332824676125396993
1332824750427492352
1332824800075665410
1332824824423591937
1332824890336894977
1332824959622713345
1332825045719154688
1332825056125218817
1332825060613222400
1332825158277586948
1332825485068398593
1332825657496068096
1332825757907783680
1332825782809346049
1332825795199262721
1332825828053364745
1332825882226995200
1332825886693883904
1332825997889200129
1332826113123475457
1332826140432605185
1332826261668777984
1332826302894780418
1332826345278205952
1332826436751810561
1332826441235394560
1332826528179171330
1332826567194632195
1332826630943887364
1332826691765321729
1332826702305759233
1332826747411292161
1332826848410148864
1332827023442653187
1332827251168129030
1332827380356952065
1332827384655998976
1332827405619179521
1332827505800036352
1332827687837081600
1332827822944096257
1332827891340546049
1332827911200661506
1332827938123870212
1332828008269426690
1332828030193070083
1332828047016419339
1332828052221530113
1332828094260944897
1332828164419104770
1332828345843773445
1332828445420744704
1332828455076061184
1332828656821911552
1332828672617754626
1332828735935025152
1332828811369480192
1332828848916840449
1332829011626569728
1332829114714079233
1332829263783981059
1332829297564938241
1332829364568825858
1332829481325768704
1332829644702298112
1332829691594608644
1332829977142833152
1332830035464622081
1332830056889114624
1332830085708197891
1332830390990610432
1332830426168131584
1332830442869956608
1332830689041985536
1332830689805307905
1332830811251372032
1332830946098356225
1332831214533812226
1332831249187155976
1332831251577888771
1332831315247423493
1332831718907256834
1332831768949428231
1332831893163827201
1332831901263011840
1332831994774949888
1332832233313492993
1332832375978532865
1332832514969391106
1332832723912822785
1332832761464254464
1332832862488440837
1332832879181697024
1332833161122902019
1332833214268895233
1332833302953091073
1332833690230140932
1332833703882600449
1332833785587634177
1332833799101681665
1332833840239284226
1332833939933814785
1332834049036079104
1332834061304344582
1332834061405057028
1332834065381163014
1332834183215984640
1332834203382255616
1332834205135409153
1332834239159603207
1332834342494679040
1332834389139578882
1332834532408475649
1332834581930602497
1332834607629299712
1332834656102666240
1332834946231230467
1332834998479708160
1332835206315745280
1332835225194422275
1332835317221560325
1332835344513896448
1332835345826598912
1332835421659738112
1332835513359867904
1332835529776369670
1332835690107850753
1332835982102716418
1332836034753802246
1332836071202230279
1332836134716657665
1332836260646416391
1332836348370292736
1332836476984365061
1332836545561317380
1332504477648244737
1332504653511192577
1332504657688748045
1332504666702221314
1332504725229621249
1332504751062192130
1332504774399365122
1332504840891736067
1332505009557299200
1332505059985383428
1332505350738747398
1332505361899655169
1332505509086326785
1332505806756057090
1332505835931643904
1332505887546744834
1332505989715673088
1332506009353371648
1332506147505332224
1332506180661329920
1332506242648924161
1332506276677423104
1332506318200991748
1332506351864401920
1332506482089152517
1332506524204244993
1332506533209513984
1332506595436195840
1332506680341393408
1332506830325637125
1332506912626253826
1332506914496917510
1332506944041594880
1332506951868092417
1332506955827585024
1332507060475482112
1332507178587066369
1332507261831417860
1332507321973530626
1332507375719297024
1332507459399856129
1332507623300554752
1332507790863179777
1332507798932885504
1332507858869555203
1332508055750270977
1332508339834556417
1332508340979642370
1332508357622525952
1332508453668057088
1332508484064178177
1332508629325516803
1332508633482063873
1332508738318725122
1332508752180862978
1332508869545824256
1332508904312373248
1332508928119345152
1332509015381843969
1332509065478598657
1332509071103193089
1332509305657044992
1332509312804073472
1332509397537468417
1332509410929897473
1332509556140777472
1332509891701911552
1332509914577719299
1332510128294277121
1332510173961793541
1332510265137635329
1332510432800681985
1332510455118479360
1332510501385940993
1332510509195800576
1332510572043137025
1332510584789725185
1332510672647712768
1332510711486955520
1332510715517820928
1332510739966418945
1332510823907028993
1332510852507963392
1332511000629710848
1332511036965089287
1332511231392018433
1332511279940993024
1332511347700019203
1332511411411546113
1332511535919472641
1332511550385451010
1332511573768867840
1332511578151858176
1332511612159336449
1332511670246141952
1332511715339214853
1332511729272631297
1332511788311728134
1332512056726130697
1332512090129641473
1332512137349107713
1332512250242985984
1332512471253446661
1332512514320572416
1332512555357462528
1332512610571354113
1332512611213086720
1332512686655950848
1332512686681178112
1332512852746379265
1332512936343056386
1332512942181367809
1332513198193446915
1332513210117861386
1332513269798506496
1332513412237189120
1332513499503755264
1332513680550977536
1332513726436675587
1332513730148655106
1332513764017627141
1332513901938941955
1332513930984493056
1332513935879262209
1332514008109203458
1332514154696085506
1332514174174367746
1332514313332994049
1332514316772405248
1332514341870923778
1332514383574994947
1332514662336909313
1332514962778902528
1332514992625692683
1332515026079535104
1332515202844291073
1332515206463975429
1332515370293465089
1332515563441164288
1332515768832028672
1332516029436547073
1332516058067066881
1332516058943647745
1332516090937815041
1332516099708121088
1332516163205681153
1332516193165586432
1332516289806540801
1332516309217792001
1332516331753787393
1332516338871324672
1332516394206777346
1332516452222451715
1332516581608357890
1332516729759535104
1332516909393334275
1332516916485890049
1332516922244546562
1332517017719607298
1332517081338834945
1332517186431307776
1332517208325550081
1332517288059219971
1332517353267990528
1332517363128938499
1332517400143486976
1332517422759354370
1332517571925471232
1332517624056582144
1332517634441502723
1332517660559437826
1332517828801359873
1332517846971125760
1332518105893928961
1332518218657828864
1332518243500654593
1332518255274074113
1332518256557568003
1332518268213415936
1332518411054829572
1332518504554225667
1332518575689568256
1332518598888263685
1332518792732225537
1332518842506092549
1332519061893369857
1332519138670030853
1332519148962897926
1332519237970243584
1332519241560461313
1332519321457844225
1332519372590637057
1332700764070875140
1332700824779288577
1332700972196524033
1332701162399731712
1332701178874843140
1332701564855754753
1332701597521080320
1332701664755609602
1332701762491334657
1332701769672126465
1332701932679467008
1332702033497960448
1332702108567691266
1332702394875080704
1332702406455533568
1332702624169160705
1332702642980737034
1332702806734671873
1332702833955786753
1332702875676504067
1332702920043884544
1332703159861514241
1332703191536951296
1332703225716371456
1332703518474571776
1332703522777948162
1332703644958023686
1332703723542384640
1332703813078159360
1332703836855693319
1332703888038907905
1332703915331231747
1332704018137661441
1332704034990534656
1332704135767076865
1332704169506066432
1332704176799944707
1332704295586729985
1332704306928226305
1332704571387379712
1332704667940302858
1332704768146481154
1332705031632654337
1332705117024358404
1332705334524325891
1332705439855861762
1332705547573932033
1332705573276626944
1332705585284976640
1332705809176748034
1332705816483409925
1332705883969695745
1332705935593271299
1332705950885666816
1332706164790992896
1332706235758620673
1332706399558787074
1332706445414916096
1332706562922737670
1332706574759026690
1332706613954826253
1332706777050308608
1332706864811819010
1332706954175787008
1332706962325315586
1332707078624964608
1332707122644209666
1332707226654367746
1332707415784120321
1332707586517454849
1332707611813277696
1332707684123111426
1332707705635606532
1332708069806133256
1332708143969816577
1332708271346622465
1332708275779989510
1332708343962546178
1332708551433752576
1332708669914550273
1332708758779203590
1332708794804146178
1332709186157809665
1332709210635857920
1332709410565738499
1332709416605343744
1332709632930967553
1332709646038147075
1332709675100491776
1332709718738018310
1332709726044311552
1332709921675210752
1332710187032043521
1332710233030893568
1332710343131475973
1332710355324190722
1332710547264057344
1332710581929914368
1332710656487817216
1332710748401831937
1332710816194453506
1332710908355895296
1332710914190155776
1332711017105780738
1332711034306449408
1332711101029609474
1332711279367127043
1332711308475600896
1332711445478342658
1332711474385608706
1332711483545956356
1332711550273036288
1332711730175234060
1332711760223059970
1332712011294183424
1332712108362907648
1332712217909878787
1332712233751744513
1332712242626899968
1332712444582629377
1332712560634830850
1332712612069404674
1332712699134758913
1332712906148995073
1332712920640151553
1332712921093300228
1332713009962246151
1332713031474802690
1332713333703716868
1332713377345511427
1332713387185287170
1332713399273197569
1332713413923880961
1332713661463457793
1332713759966683137
1332713827033632768
1332713835921350662
1332713848734965760
1332713944545447937
1332714114930667520
1332714117774368770
1332714150754209793
1332714226830372865
1332714310552973316
1332714327984377856
1332714435463573504
1332714478056726529
1332714489876160513
1332714507802730497
1332714527885029380
1332714558180515841
1332714637880594439
1332714745925754881
1332714852201205761
1332714893263384576
1332714946866581504
1332715165893201921
1332715268183891968
1332715292653461508
1332715295736094721
1332715325473878017
1332715363566559233
1332715659894124546
1332761152196120578
1332761199084249089
1332761229199167489
1332761387723059205
1332761417548582912
1332761609459077120
1332761615117262852
1332761643814694914
1332761705668075524
1332761739448954882
1332761765462028288
1332761860467273729
1332761971008151555
1332762116823146508
1332762302190383104
1332762310268628993
1332762496273354754
1332762532034043906
1332762543924924419
1332762637839585289
1332762641731903492
1332762805175455744
1332762805938909187
1332762809390804992
1332762981311115264
1332763037045051401
1332763102182563844
1332763250539327488
1332763744250728448
1332763749334347785
1332763908839452672
1332763911695818756
1332763932344381448
1332764004775825409
1332764105103581186
1332764128243560448
1332764251509895169
1332764348431929344
1332764662476251137
1332764750875406337
1332764796542914570
1332764831397662724
1332765141377589248
1332765180829323265
1332765230238216201
1332765275863863296
1332765380004229121
1332765418407096320
1332765690001022978
1332765874428776458
1332765882909683716
1332765905575702533
1332765934835150859
1332766069597978624
1332766071493857280
1332766185461587971
1332766243439456258
1332766424809435136
1332766433181392898
1332766524520734731
1332766643383136257
1332766673011683332
1332766751642279943
1332766877056045056
1332766891669151750
1332766932269985797
1332767029657542664
1332767092685336583
1332767200453783556
1332767250173091844
1332767280556544005
1332767520147738624
1332767749081280512
1332767812654419968
1332767838155792388
1332767859223695360
1332768067886071808
1332768170059317248
1332768282194022400
1332768375664242691
1332768452369674241
1332768575657021442
1332768593159745536
1332768806662524929
1332768925554274309
1332769393776975872
1332769410579374082
1332769440639934467
1332769477843423233
1332769482427789315
1332769673016913930
1332769674799542276
1332769712619532289
1332769745725173762
1332769817380741123
1332769897290616837
1332769952680595457
1332770003708502016
1332770011136475136
1332770024675823616
1332770028211597313
1332770068606935043
1332770269988069378
1332770300094779399
1332770308760215555
1332770430134996999
1332770560150024199
1332770779113590788
1332770791457435649
1332770795756658688
1332770891651026947
1332771102414807041
1332771118189568000
1332771303858778119
1332771412558434305
1332771474176880640
1332771872253956097
1332772079763030017
1332772196100362241
1332772196532449280
1332772283593740291
1332772309006999553
1332772343102525442
1332772393891360771
1332772427441508360
1332772431296143366
1332772501701726209
1332772808825450497
1332772993282441216
1332773315992174592
1332773525799755776
1332773529947803648
1332773555566678020
1332773676253650944
1332773717466877953
1332773730699898880
1332773785259401217
1332773958190555137
1332774025051848704
1332774179645648898
1332774200449359874
1332774229360697345
1332774242614603776
1332774409996800003
1332774544839487495
1332774549469995010
1332774582265262087
1332774683620634628
1332774721776128001
1332775408723488768
1332775458505678849
1332775471503839233
1332775509076439042
1332775538025521155
1332775584548737025
1332775739964481536
1332775832859848705
1332775887230611456
1332775907417677824
1332775964074512384
1332775996324503556
1332776155154411523
1332776209286094851
1332731132689981445
1332731178965581824
1332731227170803716
1332731298016677890
1332731330744954880
1332731452136460292
1332731591496404994
1332731859281866752
1332731880203030530
1332731973249413122
1332732053092249601
1332732128342274050
1332733029912023043
1332733034248892416
1332733125491822592
1332733134174040065
1332733209088565252
1332733288948113408
1332733381956792321
1332733453285150726
1332733495303606272
1332733599049601025
1332733860765904897
1332734077808619522
1332734165213736961
1332734174692843523
1332734336165171202
1332734400715517952
1332734557062393856
1332734622808104966
1332734770581737473
1332734909455208449
1332734992561147906
1332735176317804546
1332735264238735363
1332735290234920961
1332735328101208064
1332735375022968836
1332735377610838017
1332735407159709699
1332735412612296704
1332735471479349255
1332735520158273536
1332735705513136136
1332735860975001604
1332735927119093760
1332736149371105282
1332736154005766147
1332736208540033026
1332736225166422017
1332736305948733442
1332736417760489479
1332736443169509383
1332736448915779587
1332736520478928897
1332736698283745282
1332736739337768967
1332736963649146880
1332737021907972098
1332737051914067968
1332737174136086530
1332737199750721539
1332737216657850370
1332737277504602112
1332737303316459520
1332737333615988737
1332737572745998339
1332737593562247169
1332737677406269440
1332737798521180167
1332737811531829248
1332737861104365568
1332737970118529026
1332738071117312006
1332738365171527681
1332738410470060033
1332738419122974720
1332738535691087874
1332738599213731842
1332738674258284547
1332738690980917252
1332738699751084033
1332738968517971969
1332738969088323586
1332739120498692099
1332739141700825091
1332739165897641984
1332739601509863424
1332739735555432448
1332739828803309568
1332739900148379648
1332739945124016130
1332739978657484801
1332740037352460290
1332740047284539392
1332740104759226368
1332740117035888640
1332740165106888706
1332740197650403330
1332740218215161857
1332740247252328455
1332740293796487168
1332740385228124160
1332740407801810948
1332740504015003649
1332740545517678593
1332740642212966400
1332740651889397760
1332740776955170821
1332740789399556097
1332740792469782532
1332740820114448384
1332740839081201666
1332740855631933440
1332740860648177665
1332740868646703104
1332740905988714498
1332741006220005377
1332741082275311616
1332741297090686976
1332741392758665222
1332741460823855104
1332741553106931715
1332741723198423041
1332741790554701824
1332742101512065024
1332742109967884289
1332742194113888256
1332742269405859841
1332742273365381121
1332742382534713344
1332742396472418309
1332742428629946368
1332742484003344386
1332742538877407233
1332742564076777473
1332742726677311489
1332742734793347073
1332742885695950849
1332742931468324865
1332742933200723968
1332743041627680774
1332743100217905153
1332743187098644480
1332743213984133120
1332743242215985152
1332743277255274498
1332743287007023111
1332743334641725447
1332743364115107840
1332743532528996352
1332743586291486720
1332743587281457156
1332743603681169416
1332743645204803585
1332743703966912514
1332743719972442112
1332743788956151808
1332743867003777025
1332743872267554819
1332743876092825601
1332743891976671232
1332743950923427840
1332744093273829389
1332744127906189320
1332744194172055559
1332744219497205761
1332744241437618176
1332744257698983938
1332744307602649089
1332744435461808130
1332744613535363072
1332744622720786432
1332744753046282243
1332744823674167296
1332745046672740352
1332745171524493313
1332745179405619202
1332745285118746624
1332745306841243649
1332745335882407937
1332745382217076736
1332745478103035909
1332745576212000773
1332745591693201409
1332745684747915265
1332745719917187075
1332745813878075393
1332745818642628608
1332745851182198786
1332745860195684353
1332745968098402307
1332535050701737984
1332535147531407361
1332535201143066625
1332535498452164614
1332535507788685312
1332535545734582273
1332535592555479042
1332535623807344642
1332535738676748288
1332535768313597958
1332535831777726464
1332535906985709569
1332535913184899072
1332535931572772865
1332536023105015811
1332536156567715841
1332536187295297537
1332536217037103108
1332536383995600897
1332536435262562305
1332536878541770752
1332537051418222593
1332537185636151296
1332537188937035777
1332537189348073475
1332537196738473987
1332537301478551552
1332537408143802370
1332537587517575169
1332537624133652482
1332537632337739776
1332537746129358849
1332537907530240003
1332537928229277696
1332537931186114560
1332537978095235072
1332538117060964352
1332538136258244608
1332538174770319361
1332538741764702211
1332538840897163266
1332538905187340289
1332538964025217030
1332538997772578819
1332539038889246727
1332539056211730434
1332539103473266688
1332539132560756736
1332539382386003968
1332539395702886400
1332539466779480064
1332539648074190848
1332539702444847104
1332539741347213312
1332539744409038848
1332539790621769728
1332539798502862852
1332539827837931523
1332539832480968706
1332539844484993027
1332539861711151105
1332539907802161153
1332539932800294913
1332539979784998913
1332540109225422848
1332540378281504769
1332540423047421953
1332540431473790976
1332540501850001408
1332540573731987459
1332540720494743552
1332540776564264962
1332540860597231616
1332540967916748800
1332540977597337601
1332541066436861952
1332541340815507457
1332541582159929351
1332541583292448768
1332541639252914176
1332541871055376384
1332541874859507712
1332541971295039490
1332542005386285058
1332542129646804993
1332542349625479169
1332542385859989504
1332542516877434882
1332542863863812097
1332542893093920768
1332542997293109248
1332543011721383937
1332543241934266368
1332543366811283457
1332543371458482176
1332543384980914176
1332543434511495169
1332543447513882625
1332543686073315330
1332543713084583936
1332543718767820800
1332543859658657792
1332543907478052864
1332544054509273090
1332544190840975360
1332544207513399301
1332544346273550336
1332544362304000001
1332544409238466560
1332544479992004608
1332544500854640640
1332544584035966977
1332544722007584768
1332544746863153159
1332544747756347395
1332544812101283841
1332544944788135939
1332544957333204993
1332544992200577024
1332545025939542016
1332545306521600001
1332545394056761345
1332545536356995077
1332545719501283329
1332545825759752193
1332545851831558144
1332546010896343044
1332546126797484032
1332546242182852608
1332546256267223046
1332546567824429057
1332546571230130178
1332546629837139968
1332546651005857793
1332546714901884929
1332546735109967872
1332546924604375042
1332546955092893696
1332547086785667073
1332547205912289280
1332547284131864577
1332547496539803648
1332547536842788866
1332547553288712194
1332547649749221382
1332547730821033984
1332547756817330178
1332547817663995904
1332547942964670464
1332548010732122112
1332548016637681666
1332548044437372931
1332548139979456514
1332548325531324416
1332548488530333698
1332548527587725313
1332548640959848448
1332548657300742146
1332548752553504771
1332548769896796160
1332548773013295108
1332548840227037186
1332548857696317442
1332548943369052164
1332549276413661184
1332549379291541504
1332549459364950016
1332549461948723200
1332549470479781888
1332549562976727040
1332746179105402880
1332746224076722181
1332746280288837632
1332746429824069632
1332746510287585282
1332746524351193090
1332746589710979072
1332746615539503108
1332746841662889985
1332746892531339265
1332746903604310016
1332747058894266368
1332747079928729606
1332747118319079425
1332747118340091904
1332747130956603392
1332747164896743426
1332747176896827396
1332747319234744325
1332747332773961730
1332747341242122240
1332747361362325504
1332747366642851841
1332747440932450304
1332747642028355584
1332747657891155968
1332747680586543106
1332747903375462405
1332747923382296579
1332747985365643264
1332748032706830337
1332748087639552002
1332748091095621634
1332748129834213378
1332748220586405890
1332748310008852480
1332748322692493313
1332748377021440002
1332748381643567104
1332748439579480065
1332748603513856008
1332748610224730112
1332748830069108737
1332748912659025921
1332749088622841862
1332749157061300225
1332749256357253121
1332749294617710594
1332749391279640579
1332749463211941888
1332749516416684032
1332749531415531522
1332749613904883714
1332749718108114952
1332749744544894980
1332750070563938304
1332750406250848259
1332750433153126404
1332750498840129537
1332750537004097540
1332751112257101827
1332751129273380865
1332751162844598275
1332751216267448320
1332751249465364480
1332751334664249345
1332751334576152577
1332751387210510338
1332751409171795970
1332751425500311564
1332751777557598208
1332751849095573508
1332752117182976002
1332752201735938053
1332752230315925516
1332752239941857282
1332752289925378048
1332752319696441344
1332752385224142848
1332752411631489027
1332752437908819969
1332752650421547014
1332752672072544269
1332752817442975745
1332752857184022533
1332752868122701825
1332752943418908677
1332753048255557636
1332753094636089349
1332753102664060938
1332753221031489539
1332753321564778499
1332753540746506240
1332753619930787841
1332753630345170945
1332753666348969984
1332753879977652226
1332753890966720512
1332753964631285772
1332753992007487489
1332754031358451713
1332754101285871625
1332754111125725189
1332754194181316610
1332754222996221956
1332754249059590147
1332754299064037382
1332754379728883713
1332754492157276160
1332754856646500361
1332754894005170178
1332754991975632897
1332755079347249152
1332755271614128130
1332755275292479488
1332755276739600384
1332755338987261958
1332755342439157762
1332755442087456777
1332755679304671235
1332755818735931396
1332755887933562886
1332755942165901316
1332756094368821248
1332756202875478027
1332756245321756674
1332756378176397316
1332756434388455429
1332756451446677504
1332756458115624961
1332756635182391308
1332756881689993218
1332756965584465928
1332756967559983104
1332757004419477505
1332757032970153987
1332757071545200641
1332757092529270784
1332757436885819392
1332757465507762176
1332757570038140928
1332757616204845056
1332757780072198148
1332757818206810115
1332757826758975490
1332757959739314183
1332757985261727744
1332758018648403970
1332758061023424512
1332758405543497735
1332758409507188739
1332758488251064322
1332758507154771968
1332758526620553219
1332758686389981186
1332758720225423362
1332758737174614027
1332758744007118849
1332758930431283205
1332758959325929478
1332759135650275329
1332759193745551361
1332759312091983872
1332759499556466688
1332759655462875138
1332759704548876290
1332759731111403523
1332759805505757186
1332759860732112902
1332759919406313473
1332760006173876224
1332760078143909898
1332760280477167616
1332760316854329350
1332760402439016448
1332760472148447233
1332760690361249792
1332760712465231872
1332760791045509128
1332760808183504896
1332761001737981953
1332761088925036546
1332685660801560580
1332685689155182592
1332685696402907137
1332685718909579264
1332685813843423239
1332685855195099136
1332685940582723584
1332685996027162624
1332686089136578569
1332686180752777216
1332686314542669826
1332686406184022017
1332686409002520577
1332686469287305216
1332686514879389697
1332686544264716294
1332686620705890311
1332686652712513541
1332686699743342599
1332686987799760902
1332687034247487490
1332687138874404864
1332687153550274560
1332687190711808001
1332687205962309634
1332687227277742083
1332687252108046338
1332687320168820736
1332687373713469440
1332687705185116163
1332687744821243907
1332687781194305540
1332687796130238464
1332687851851567106
1332687881861738497
1332687891563155457
1332687973968646146
1332688215464001538
1332688238738345988
1332688273576239104
1332688512521363457
1332688876209537034
1332689060930998272
1332689068606582788
1332689307769909251
1332689316141817856
1332689439051698181
1332689661337092096
1332689690760187904
1332689852966576128
1332689904040603651
1332689971879305216
1332690007988056064
1332690008562659330
1332690139164909568
1332690266214576136
1332690500760072193
1332690540735901696
1332690596268367874
1332690626723373062
1332690696617254912
1332690894193975296
1332690905011265537
1332690911961124864
1332691094077845504
1332691174180728835
1332691287796031491
1332691316686401542
1332691387922350088
1332691438098853889
1332691438237343744
1332691455639515139
1332691548484505600
1332691594433224705
1332691602918215680
1332691879947808770
1332692073003159553
1332692088891256832
1332692105542529025
1332692332588589057
1332692403904413699
1332692425677168649
1332692618845700096
1332692635446878210
1332692750475669504
1332693111605235712
1332693205419241475
1332693360402968578
1332693413913833474
1332693855146287109
1332693858828902400
1332694009542631425
1332694147921276929
1332694169794568195
1332694375059648513
1332694386526875651
1332694449047138309
1332694706812112899
1332694756539789315
1332694781860990976
1332694861376438272
1332694958432718860
1332694987415425025
1332695083582296066
1332695108865511425
1332695192915357697
1332695273345310720
1332695315271593987
1332695352776994816
1332695473530957825
1332695616913371141
1332695617051774976
1332695659657490439
1332695696168919046
1332695743212249090
1332695838372597766
1332695892336529408
1332695906395639809
1332696045340545024
1332696049241255936
1332696073077477377
1332696140656111616
1332696145726820358
1332696171291283456
1332696207760744450
1332696254854410240
1332696342523592709
1332696355387617280
1332696456243933187
1332696565115465729
1332696590541344772
1332696664973471744
1332696857773023232
1332696928941862913
1332696980297052163
1332697058747310080
1332697147842576384
1332697210258001922
1332697319880404993
1332697445474582536
1332697464055369729
1332697494510333955
1332697545211060228
1332697579595952128
1332697698110148611
1332697700333137921
1332697889634705410
1332697902024560641
1332698115573493761
1332698132145197058
1332698309627097088
1332698309908180996
1332698333702447104
1332698719280574465
1332698892421394433
1332698895743397891
1332698940727324674
1332699123875602432
1332699173687349251
1332699274123960320
1332699428126265344
1332699467338842113
1332699483331731456
1332699585056129026
1332699761489686531
1332699919841435648
1332699960639328257
1332700158950301697
1332700175874355200
1332700255209594880
1332700338906750978
1332700361489063936
1332700377100263425
1332700494477881346
1332700564703031299
1332700636144689156
1332700691576578049
1332700716801126401
1332670669759401990
1332670701824737280
1332670829851799552
1332670869949308928
1332670900454481920
1332670907651923968
1332671056751054850
1332671119032258561
1332671231108255745
1332671384175067136
1332671410393780225
1332671466287009799
1332671729748074496
1332671948493611010
1332672044941668353
1332672082350649345
1332672370931363840
1332672597469884416
1332672627278811137
1332672870237958146
1332673032314294272
1332673052652367877
1332673370329059328
1332673533172981760
1332673814514212864
1332673964318085123
1332674002628841473
1332674010556063744
1332674073718116352
1332674124615913475
1332674178806374400
1332674200692269057
1332674389230321672
1332674417634254853
1332674528791699456
1332674539378053121
1332674561830121472
1332674629903790082
1332674667690287110
1332674977191981059
1332675057462730752
1332675113670434818
1332675442575364098
1332675550448676866
1332675573559275520
1332675728295546882
1332675966892642305
1332676099906605059
1332676234363494400
1332676264398901249
1332676323425312768
1332676402991271937
1332676714812510208
1332676745749819394
1332676814532210691
1332676859134402561
1332676861009272834
1332677045860634624
1332677119051247617
1332677131806142467
1332677177549099009
1332677186709581824
1332677212303134721
1332677405190795264
1332677447217778688
1332677609470222336
1332677753494237186
1332677770900430850
1332677812461965312
1332678087990009856
1332678166503165952
1332678201026469890
1332678239895113728
1332678374255448067
1332678730485993477
1332678746302787586
1332678752963276802
1332678839365898241
1332678936833175555
1332679138239524865
1332679146649120771
1332679175124168705
1332679226189783041
1332679318561058819
1332679397208432642
1332679589718581251
1332679707620487176
1332679765942280194
1332679832950484993
1332679866932748290
1332679996876484608
1332680020670754818
1332680086324174849
1332680140925644800
1332680147036758018
1332680165936259073
1332680499639234561
1332680512784265216
1332680550784569345
1332680558187585537
1332680621358010369
1332680722306322432
1332681015102464000
1332681070588911618
1332681092340604930
1332681113081421824
1332681177199747072
1332681217515413505
1332681270623551494
1332681401301422081
1332681449091309574
1332681497967464448
1332681606755217413
1332681649469972490
1332681944497152001
1332682311557496835
1332682480525201410
1332682552612679682
1332682630085664769
1332682656245493761
1332682684980625408
1332682727640997889
1332682840727834625
1332682920763408390
1332682966863122435
1332683171654201346
1332683178109263873
1332683200733167618
1332683248653185024
1332683457743482880
1332683482451963905
1332683860912517121
1332683894257307649
1332683951757008898
1332684032254087175
1332684099400708098
1332684280460316672
1332684543325822977
1332684564842639361
1332685151369908226
1332685173457088513
1332685265140387840
1332685626475483137
1332685647337971713
1332565005619720192
1332565021684064257
1332565299858710529
1332565328753147905
1332565386588348418
1332565550669598720
1332565847450267650
1332565952106352641
1332566097053114370
1332566536863637506
1332566637254471681
1332566671874265088
1332566672482447361
1332566775582445570
1332567048229044224
1332567124188028928
1332567197139542018
1332567250960850945
1332567268761300993
1332567331978047488
1332567641572118528
1332567672912023552
1332567738817142785
1332567900515921922
1332568095387430912
1332568136575545344
1332568416981422082
1332568576155258881
1332568635924156417
1332568805852155905
1332568865520304129
1332568869110575105
1332568886450003968
1332569016146202626
1332569204579577856
1332569209956659200
1332569365699563521
1332569633887490048
1332569748534603776
1332569768692428800
1332569795288416256
1332569838246522882
1332569888771158017
1332570123077644289
1332570201074884610
1332570581926092800
1332570605191901184
1332570707402792960
1332570774553698306
1332570862927704065
1332570976794644481
1332571157850185729
1332571190104379394
1332571311219085312
1332571503263670273
1332571583911784448
1332571798425067522
1332571855580848129
1332571867085819904
1332571942541545472
1332572007938945024
1332572060611006464
1332572123756433408
1332572142798594048
1332572244908802050
1332572259018563584
1332572281424506881
1332572395169714177
1332572400563654656
1332572475188801537
1332572580662833153
1332572633410400259
1332572833319292930
1332572999992696832
1332573051397914626
1332573261494796289
1332573301026111491
1332573336711409664
1332573431385235456
1332573437412466689
1332573547584163841
1332573677217452039
1332573967203364864
1332574057838092288
1332574095129542656
1332574307315224577
1332574312931483650
1332574323614298116
1332574402739728386
1332574490765746176
1332574595300405250
1332574705073614848
1332574981591470081
1332574996569403392
1332575089200570368
1332575119735214080
1332575139561689088
1332575163053985797
1332575236684984322
1332575240623427585
1332575402469052417
1332575484908089344
1332575570681602050
1332575798138720256
1332575823526645761
1332575864152788999
1332575918477488129
1332576144915263489
1332576526773014529
1332576570498637824
1332576717949452289
1332576737809620993
1332576775172366336
1332576859842891777
1332576876510973952
1332576901228081152
1332576925823471617
1332577099530469376
1332577194913058818
1332577204857933825
1332577244028555264
1332577317697236992
1332577397275832326
1332577478926245888
1332577494235443200
1332577522945552384
1332577705813045251
1332577739933581313
1332577993299021833
1332578278964670464
1332578402931359744
1332578545659330568
1332578754493779970
1332578869145083907
1332578880343961600
1332579431034961920
1332579490250199040
1332579640632897536
1332579873387376642
1332655637868711936
1332655752213913600
1332655867397869570
1332656136906936322
1332656141550153731
1332656263415668736
1332656450540191745
1332656513127747585
1332656521260523527
1332656743692820486
1332656794129338368
1332656856620265475
1332656979630841856
1332657052116725760
1332657299983392769
1332657367519903745
1332657403024826369
1332657521266466818
1332657534486732800
1332657548592377856
1332657600215851008
1332657908081774592
1332658266204119043
1332658304539975681
1332658353508519940
1332658523709321223
1332658742106714112
1332659058331983873
1332659121494118400
1332659306387410944
1332659609132261377
1332659697665634313
1332659706695798784
1332659726069403650
1332659852343005184
1332659975995461632
1332659982362406912
1332660275791634432
1332660500941848577
1332660565236477957
1332660696631431168
1332660730450092032
1332660760955285504
1332660808254369792
1332660934918213632
1332661051129696256
1332661154666196992
1332661199222280194
1332661235687567361
1332661357930557440
1332661690475810817
1332661984777670656
1332662037462323200
1332662200389996546
1332662202428436482
1332662285299560455
1332662647053946881
1332662715639242752
1332662868433661952
1332663001460125697
1332663124076314624
1332663133723389953
1332663174143873026
1332663374090563585
1332663427723112448
1332663430680023040
1332663547189358592
1332663593448312833
1332663735807324164
1332663786449358850
1332663820842659843
1332663836713889794
1332663859291824132
1332663926400708608
1332663945316900867
1332663962861768707
1332664452550979584
1332664502287020032
1332664615310929921
1332664787927506948
1332664838057844736
1332664968840314882
1332665090588487680
1332665146771189761
1332665416909467651
1332665506793361409
1332665544349257733
1332665614306041856
1332665784129232899
1332666058138820611
1332666091718414338
1332666281393197057
1332666300410204161
1332666337668153345
1332666354361655297
1332666529511518209
1332666536692240384
1332666828540301313
1332666995876253701
1332667076494946305
1332667210561695744
1332667214575534085
1332667397732528128
1332667455748124673
1332667545497858049
1332667605652549633
1332667795428040704
1332667854261456910
1332667863296053248
1332667953305825280
1332667975111823360
1332668065117564931
1332668275172503554
1332668346379202560
1332668399030190082
1332668519364825090
1332668856951861250
1332668914216517637
1332668921829322752
1332668934080892930
1332668937771823108
1332668996668321799
1332669099298725888
1332669124636446721
1332669196753379328
1332669408225923074
1332669415813476354
1332669419194028032
1332669498189615106
1332669606599798784
1332669610672394243
1332669630079508480
1332669672450187266
1332669689965768704
1332669722618458114
1332669725483077633
1332669866952839168
1332669874120904704
1332669925513629697
1332670041070964739
1332580207555842050
1332580381413969920
1332580547193958400
1332580611098255360
1332580713716133888
1332580837947105280
1332580861129080832
1332581133926735874
1332581379448709123
1332581481214926848
1332581592833855488
1332581607958601729
1332581703924256770
1332581831586275329
1332581885487312896
1332581948070432768
1332582131713773568
1332582170209243139
1332582287159005184
1332582369497280513
1332582451517009924
1332582481405431808
1332582485834739712
1332582511441014784
1332582545783832582
1332582829763538944
1332583023322263558
1332583162078240769
1332583183892803584
1332583211134803969
1332583249344827393
1332583302889316355
1332583362230329345
1332583668578086912
1332584015270977536
1332584253431848960
1332584424186273794
1332584617715621888
1332584618915205122
1332584689840877569
1332584822301048833
1332584840915537920
1332584850595803136
1332584918174588928
1332584957756190721
1332585018863087617
1332585085401407490
1332585162895290371
1332585164262739968
1332585227307294728
1332585243463753730
1332585365459378176
1332585402625126400
1332585757458927616
1332585905316532225
1332585935628693505
1332585939177074688
1332586258162479108
1332586306732482560
1332586488597520384
1332586559409770496
1332586699268845568
1332587038667907079
1332587069974208518
1332587130590285824
1332587255379136512
1332587330176225290
1332587619155210240
1332587934365724672
1332588041265790982
1332588049461436416
1332588050531094529
1332588077642969089
1332588565419552769
1332588576005996545
1332588617236037632
1332588781094965249
1332588822136238080
1332588842369552384
1332588904789098496
1332589079712686080
1332589251914031104
1332589438308806656
1332589490523709440
1332589557729071104
1332589562581954560
1332589724456914944
1332589754689359872
1332589816425443329
1332589888932376576
1332590055454543872
1332590088170201088
1332590200875257857
1332590201890172928
1332590463140786177
1332590584469590016
1332590622075736064
1332590650773049344
1332590859917922304
1332590885557583873
1332591042445586432
1332591099911684096
1332591463822204928
1332591606181015552
1332591638384758784
1332591743577907201
1332591910033248257
1332592054149521409
1332592161351675905
1332592238384345089
1332592355002757137
1332592456848658432
1332592505347424256
1332592545423970307
1332592778015084544
1332592952061743105
1332593053400408065
1332593226755104768
1332593229187846146
1332593298058469379
1332593888171737090
1332593915329978368
1332594018023133187
1332594042283155456
1332594070049452034
1332594761417428995
1332594889645846528
1332640368995704834
1332640669148606465
1332640800023269376
1332640861415411717
1332641009398902789
1332641451969277954
1332641537411395585
1332641604885229569
1332641718223601664
1332641740835217408
1332642046742470656
1332642097825013761
1332642308651618304
1332642462154821638
1332642477937975296
1332642590571827200
1332642867831918592
1332642873393766400
1332643332825243648
1332643503604633600
1332643564359196673
1332643804793303048
1332643810703257600
1332643819632857095
1332643869268258817
1332643874876043265
1332643897407922184
1332643933126537216
1332644455707529218
1332644564314845184
1332644598179635201
1332644711153090561
1332644728202903554
1332644929831464961
1332645147193069568
1332645295516233735
1332645395428749313
1332645640044732416
1332645673620148225
1332645723393974274
1332645832844324865
1332646097471332354
1332646110771417089
1332646412094492672
1332646459586478080
1332646483674484736
1332646589635194887
1332646624074543110
1332646624452030465
1332646778852749314
1332647088581206016
1332647194898227201
1332647277249355777
1332647285008711682
1332647823645442055
1332647910501212163
1332648023718043652
1332648094681473025
1332648268153712640
1332648475863838720
1332648571263389696
1332648758824357888
1332648860116799488
1332649036525031425
1332649084776288262
1332649110764130305
1332649251885772800
1332649386954862594
1332649547387056130
1332649716878880769
1332650047327117319
1332650080902516736
1332650162905260033
1332650196648464384
1332650227623469056
1332650275769901057
1332650281184714753
1332650306962812928
1332650543139975168
1332650596323581953
1332650640171016194
1332650759314259968
1332650928265170944
1332651026902642689
1332651196914479106
1332651257949990913
1332651430822502401
1332651526817452032
1332651609978003456
1332651762168328193
1332651862084947969
1332651889117319168
1332651915818246145
1332652109045624834
1332652201404207106
1332652341380739073
1332652345918971905
1332652512122384386
1332652553469906948
1332652571648008199
1332652635502022656
1332652714300497920
1332652874082508800
1332653072141541376
1332653198557974529
1332653206355267585
1332653247312572417
1332653538825027585
1332653638607626240
1332653685260881920
1332653807537369088
1332653839565131777
1332653905847705603
1332653938584260610
1332653977373184001
1332654187860037632
1332654357100122114
1332654370429743104
1332654570187747332
1332654574146994177
1332654715688009730
1332655048086724608
1332655189602439169
1332655243004407808
1332655293575159808
1332655334444429313
1332655354602205191
1332595205439066114
1332595236644773890
1332595276742275072
1332595323395563521
1332595356375322627
1332595380228222979
1332595767094153217
1332595863097585665
1332596109982756867
1332596160096243715
1332596278732025857
1332596400769601537
1332596404531859456
1332596414719856640
1332596651547090944
1332596906799886338
1332596950315663360
1332597066045026305
1332597085858742275
1332597166150303746
1332597226367905793
1332597584855257089
1332597965849042944
1332597984866029568
1332598283777286144
1332598561586905088
1332598667665149955
1332598695766990850
1332598736443252736
1332598883206258697
1332598906555822081
1332599046272397312
1332599095677087746
1332599132804972546
1332599610502737920
1332599625388228608
1332599806007648257
1332599816308846592
1332600044315308034
1332600148493361154
1332600513439948800
1332600624236670977
1332600771381133314
1332600809440370688
1332600835646386178
1332600884220583937
1332600923949043713
1332600989757616129
1332601064156254213
1332601178463621123
1332601223200038912
1332601250580287488
1332601322852425729
1332601335712272384
1332601381941743619
1332601450413780992
1332601538657730560
1332601547226800129
1332601846763024384
1332601948240011269
1332602000538816514
1332602092612104192
1332602137793224705
1332602383759765504
1332602455159435265
1332602720184717312
1332602877425168384
1332602993573826560
1332603256330129408
1332603325787861001
1332603572253581312
1332603986709450754
1332604065205919745
1332604121220739074
1332604155664457731
1332604246143930369
1332604496552275970
1332604839889604608
1332604937344217088
1332605102977380353
1332605205708476418
1332605730474647552
1332605840268820483
1332605855737540611
1332606143668097024
1332606400665710592
1332606511621808129
1332606624737980417
1332606747652091909
1332607132810817537
1332607191489138689
1332607335051751425
1332607358556663809
1332607379205214209
1332607448880979969
1332607602832846848
1332607990940176384
1332608118266736640
1332608144757846016
1332608165091946497
1332608188026384384
1332608231408082944
1332609021564645376
1332609039709048834
1332609142708551680
1332609322006831104
1332609793517776901
1332609987865161728
1332610011697070080
1332625370122739712
1332625529011384322
1332625625581051905
1332625743004770304
1332625832112746496
1332625900882432002
1332625944075530241
1332625998219792386
1332626306358448129
1332626490480070656
1332626518074384390
1332626927006474240
1332627174176612352
1332627204413530112
1332627411326935045
1332627547876716548
1332627941570830336
1332627954438848512
1332628260799188992
1332628587065659392
1332629013165031426
1332629026062659585
1332629407832412161
1332629543874662400
1332630186060378113
1332630218675204102
1332630383167479808
1332630439861825536
1332630739804778497
1332630983661772800
1332631362721832966
1332631552086339585
1332631659208978432
1332631717727727618
1332631737541693445
1332631748765757440
1332631989262962688
1332632064903041025
1332632765804597250
1332632966330126347
1332633040259067905
1332633154981662721
1332633208744255491
1332633226553282561
1332633360162762753
1332633393302003712
1332633647434883074
1332633795070218240
1332633854817996801
1332634083982274562
1332634476342460416
1332634900780859392
1332635121820823552
1332635128900759552
1332635139193581569
1332635141080895488
1332635198782140419
1332635236014968832
1332635274313150464
1332635353757458434
1332635362078896130
1332635395532656640
1332635416353239043
1332635648046587904
1332635854603476993
1332636060921311234
1332636092395384833
1332636259731333120
1332637392906448896
1332637554022240257
1332637799707795456
1332638004955910144
1332638057120624640
1332638079895658497
1332638241116315648
1332638313958699009
1332638444548448256
1332638617785802754
1332639129239130114
1332639171878547456
1332639320465924096
1332639502624546816
1332639565472030721
1332639622447263747
1332639702176952320
1332639891373445120
1332640108890251265
1332640154696241153
1332640221335314433
1332640242956869632
1332610422269210624
1332610724733087746
1332610734958796800
1332610737936736259
1332610875841081349
1332610993776713729
1332611192813187073
1332611500738011137
1332611543134056449
1332612035801092097
1332612209848053760
1332612227677958144
1332612260615892994
1332612397970780163
1332612469714538496
1332612603550466053
1332612866361286657
1332612955301683201
1332613112713842690
1332613196931354625
1332613452356067329
1332613479887294464
1332613518860972034
1332613613832474624
1332613703036850177
1332613939016949761
1332614189211332608
1332614218756055040
1332614293712498688
1332614313656414209
1332614685678563328
1332614766829834241
1332614941006835712
1332615155725660161
1332615249292271616
1332615469577216000
1332616514550312961
1332616701712629761
1332616770016980992
1332617139870720000
1332617165850218497
1332617323694460928
1332617745704382464
1332618227130707975
1332618356613148673
1332618394860879872
1332618564059140096
1332618880699813888
1332618883325435906
1332619079807606785
1332619234510303234
1332619235705675778
1332619357835431936
1332619380727762945
1332619460616859648
1332619559912792064
1332619587477712896
1332619903229071363
1332620093944180736
1332620390531788800
1332620495963959297
1332620496899334145
1332620563819458560
1332620995690074113
1332621148136194048
1332621647346589696
1332621695006298113
1332621867987857408
1332621992315416578
1332622162528702464
1332622298298376194
1332622580038180864
1332622882141315075
1332623018493939712
1332623231702999040
1332623303819857920
1332623361109757957
1332623372535164930
1332623498045485057
1332623700630278144
1332623750496448512
1332623871514652672
1332623916339138560
1332624232434503681
1332624299971252225
1332624516413943809
1332624696563515394
1332624828839448576
1332624981155598337
1332625002231984129
1332625217303105537