1333078276223463427
1333078279159488513
1333078431697932289
1333078506532696069
1333078565290651650
1333078590645170177
1333078774003339264
1333078786615685123
1333078845784776704
1333078870027857920
1333078930056732672
1333078983190204423
1333079029499432962
1333079109463904256
1333079319548194818
1333079332059836419
1333079415958482945
1333079542295126022
1333079701431201805
1333079847325798405
1333079860865085441
1333079948236615680
1333079966347571207
1333079986975232001
1333080012132519936
1333080380660912136
1333080456800079872
1333080671393370112
1333080711482503170
1333080716104654850
1333080741534707712
1333080812028215296
1333080950549458945
1333081080866377729
1333081206620123146
1333081234566733826
1333081248949039107
1333081324739989505
1333081395132960773
1333081411880771584
1333081576830365696
1333081655481937922
1333081736125706240
1333081822809436160
1333081885476614145
1333081965713567744
1333082049314496514
1333082053970194432
1333082062786596864
1333082251681271813
1333082317993123840
1333082474340098052
1333082582313996288
1333082587800211459
1333082649078820864
1333082662446182409
1333082675016450054
1333082678644543488
1333082682776031241
1333082771758071808
1333082845896724480
1333083097840177152
1333083178387517441
1333083220234149894
1333083304132636675
1333083329239932930
1333083400069124103
1333083459984658432
1333083513428578308
1333083691216752642
1333083714109181959
1333083767255261185
1333083823601434626
1333084058864279553
1333084356466925570
1333084423433166848
1333084478525337600
1333084488189014020
1333084613258977283
1333084628907925505
1333084642954543105
1333084646729461760
1333084668372062211
1333084704690503680
1333084805051793411
1333084839147257856
1333084872345313281
1333085015098478593
1333085091396870145
1333085129183518728
1333085233068060675
1333085303163277317
1333085313284050945
1333085326059986944
1333085347224428554
1333085522948804609
1333085550627221513
1333085613713657856
1333085614154141701
1333085898699890689
1333085904265736195
1333085962595930114
1333085990584455168
1333086025200136192
1333086025946685443
1333086269673529345
1333086327978549251
1333086341752557568
1333086440931078144
1333086462984728577
1333086551123906568
1333086669017329665
1333086685022838786
1333086890958987276
1333086944968970241
1333087024102903809
1333087158626824194
1333087234673823746
1333087283864547332
1333087390055895040
1333087610881773570
1333087635997331457
1333087716569964547
1333087762568814594
1333087850699628544
1333087938301857792
1333088030534430720
1333088082007121922
1333088184163463169
1333088245597421570
1333088374396121088
1333088428095889409
1333088571599761410
1333088625119162369
1333088669410885635
1333088672351215616
1333088722670161922
1333088761211736064
1333088865297592320
1333088875137409025
1333088943529734145
1333089053940588545
1333089163889938433
1333089210056790016
1333089260023521286
1333089322220757003
1333089342919675904
1333089487547752450
1333089523954118657
1333089541448724484
1333089590568169472
1333089608050073600
1333089637598961669
1333089660130775045
1333089754313854976
1333089771556581378
1333089863260844040
1333089876863016963
1333089888766484481
1333090010476679170
1333090035411902464
1333090115485306887
1333090124029173762
1333090289880281092
1333090320825913346
1333090354715893763
1333090365381832704
1333090404887977985
1333090408390340613
1333090469140701187
1333090504477605889
1333090510827900933
1333090602716721152
1333090610174193671
1333090639811129346
1333090673046605826
1333090695444303873
1333090732102594561
1333090819537039360
1333090854160932866
1333090874255925250
1333091000902946819
1333091055152091138
1333091097539727360
1333091109791281153
1333091194809696256
1333091249159540738
1333091339941122050
1333091385885376515
1333091400280371203
1333091415979683841
1333091454202339328
1333091520786796551
1333091533407612937
1333091584271806464
1333091603628568576
1333091619738947594
1333091680082219009
1333091690379235330
1333091718619598850
1333091890590330881
1333092045364322306
1333092073424171008
1333092107326787584
1333092119959937025
1333092142798020611
1333092318941995008
1333092421912158209
1333092501541019650
1333092508906233856
1333092548215189504
1333092569979383809
1333092930429521922
1333093042505465857
1333093055944134666
1333093156552810496
1333093226773843973
1333093342754742272
1333093457867513860
1333093529833312257
1333093614885380098
1333093634946838531
1333093874240167936
1333093912643317760
1333094117073707009
1333094163617705986
1333094176267902983
1333094247877156865
1333094315673923585
1333094487082622976
1333094502748229632
1333094533752528899
1333094565943894018
1333094599909322754
1333094658050826242
1333094688400809985
1333094785104506881
1333094825084801024
1333094989941923841
1333094990004715520
1333095013807513601
1333095056354500608
1333095099753000961
1333095199581499392
1333095216417476610
1333095370973384706
1333095619364261888
1333095659822571523
1333095865758535680
1333095928144687105
1333095975800418304
1333095997174542336
1333096025142272008
1333096079395614720
1333096144491212803
1333096231078219777
1333096251219390468
1333096302729543680
1333096516546912257
1333096528647426051
1333096553163186178
1333096620645289986
1333096674978377728
1333096982257274880
1333097224209915907
1333097233999425537
1333097267054698496
1333097341981773824
1333097409497411585
1333097464690139137
1333097543761203201
1333097544793141248
1333097585901449218
1333097682022363138
1333097829846355974
1333097870644264960
1333097891359981573
1333098070121254915
1333098365077254145
1333098383741833219
1333098387537727488
1333098423994683399
1333098462796259329
1333098505204867077
1333098681030103042
1333098690068803587
1333098869698293762
1333098932143091714
1333099069712064518
1333099145821900805
1333099159172251650
1333099191749382149
1333099226297987072
1333099248712380420
1333099280287096840
1333099359047725064
1333099368321339395
1333099447304278017
1333099494611816456
1333099585925951488
1333099666402127872
1333099683690975232
1333099785025441793
1333099863358271494
1333100165654138880
1333100192321638400
1333100387818237954
1333100609143267330
1333100684305108998
1333100702546202631
1333100852563808263
1333100876819521541
1333100890669027331
1333100894888415232
1333100920603766786
1333100924009582595
1333100937787805696
1333100990879453189
1333100991378579463
1333101204856070145
1333101218877476864
1333101229291958273
1333101377250336769
1333101545492242436
1333101688681541634
1333101741840105473
1333101788967395333
1333101964465463297
1333101980672290816
1333102056375087104
1333102074385424384
1333102093830410244
1333102094610468868
1333102274239840256
1333102286864834564
1333102309513969664
1333102354816774150
1333102426405163021
1333102575894233090
1333102594433093633
1333102689778065409
1333102798746099713
1333102828844355584
1333102846733115395
1333103165441499136
1333103265202974723
1333103399902924801
1333103562482651139
1333103814249902082
1333103830804807680
1333103931736682496
1333103977794314243
1333104027534381056
1333104133738434560
1333104153887956998
1333104268153401344
1333104292597784591
1333104403428106241
1333104418598817794
1333104455705710592
1333104599272546306
1333104788498681864
1333104796228870147
1333104993587650561
1333105370265317376
1333105374887436295
1333105415958261760
1333105453929213953
1333105554600955917
1333105761589858308
1333105890271002624
1333105910454099972
1333106071389360134
1333106099575267329
1333106117237301249
1333106120731348994
1333106167942352904
1333106243955687424
1333106269033521160
1333106394862587909
1333106502303879168
1333106520020586497
1333106556708155394
1333106561774923778
1333106566388707328
1333106667555147777
1333106913081520128
1333106994211909632
1333107156640538626
1333107170171179010
1333107206942810112
1333107248856371200
1333107279953080322
1333107380033351680
1333107451038720007
1333107539584552960
1333107575651495940
1333107606416547845
1333107714327793668
1333107841578782720
1333107869496070148
1333107974911496194
1333108096395317249
1333108213370204170
1333108272069488645
1333108348326035456
1332851905685565440
1332851916125167618
1332851971565477888
1332851975004639234
1332852047092326409
1332852077396103169
1332852174049718277
1332852188918452226
1332852325095010308
1332852391260147712
1332852524966096898
1332852669170536448
1332852710375350273
1332852776074956802
1332852824212955137
1332852874439585797
1332852925207482368
1332852968429858818
1332853009051766787
1332853044644638721
1332853136508084225
1332853153650323456
1332853434819563521
1332853479237271553
1332853640147636226
1332853698402381824
1332853732556607489
1332853789393612802
1332853867860594688
1332854091144437761
1332854164930637826
1332854210581262339
1332854269540667393
1332854324645535744
1332854408187703296
1332854418270789640
1332854492891635712
1332854521253523458
1332854522872541184
1332854806105497602
1332854820034711553
1332854833007763462
1332854890008174593
1332854916897861632
1332854966147444736
1332855886713290752
1332855888676315137
1332855910193111041
1332856025242857472
1332856141135695872
1332856275785355264
1332856308475760648
1332856319964049414
1332856358949949440
1332856584276414464
1332856606632062978
1332856635409244160
1332856648143015939
1332856977819570176
1332857227523350528
1332857261522178050
1332857298004348929
1332857340387860480
1332857545749368835
1332857609540530176
1332857715211681792
1332857785856512002
1332857895495626753
1332858065599803393
1332858167605260293
1332858228925935616
1332858251990339584
1332858254792282113
1332858273528213505
1332858292347998209
1332858331296387073
1332858423520718848
1332858489627086850
1332858513983418370
1332858612213977090
1332858656883433474
1332858688093163523
1332858703482146816
1332858910269693956
1332858926782689282
1332858933468409866
1332859068260757506
1332859137135316992
1332859189375479811
1332859249098059777
1332859316219461633
1332859336880635906
1332859704003837952
1332859764808835073
1332859904277815296
1332859912246870016
1332859954785619969
1332860273636630529
1332860382290055172
1332860392700137472
1332860411209682945
1332860456218800128
1332860465664372738
1332860710238482432
1332860801204436993
1332860825464397824
1332860831550332928
1332860839343255553
1332860952988033024
1332860964123840516
1332860985758023680
1332861111054569474
1332861182634561538
1332861220555280385
1332861254805954561
1332861279908868099
1332861284208046080
1332861297843638272
1332861300024762369
1332861401157681152
1332861494049067009
1332861526290608129
1332861651566043142
1332861708281524227
1332861728644689922
1332861748387385344
1332861809452146691
1332862037203017728
1332862138293993472
1332862343286575110
1332862362727006212
1332862368993390597
1332862507644489728
1332862645767172096
1332862781201264640
1332862794081968129
1332863006993248256
1332863188157644803
1332863188405268481
1332863255216328705
1332863534770900994
1332863594669633536
1332863616933097474
1332863677649719297
1332863702186516486
1332863714924564481
1332863820054761476
1332863942520147970
1332864130898857984
1332864437053575168
1332864479156072448
1332864508520505345
1332864529156419584
1332864537108770822
1332864631975464960
1332864663701368834
1332864734119534594
1332864748497502215
1332864793166761985
1332864869683650560
1332865026110201856
1332865050999021569
1332865062113984513
1332865069827325953
1332865176723460098
1332865178887745538
1332865247682715648
1332865323792523270
1332865328330780673
1332865376871456769
1332865481536102400
1332865523068121089
1332865598804508673
1332865687300104192
1332865716031283202
1332865824714076161
1332865862299234305
1332865874970243074
1332865879625801729
1332865889377533953
1332865956410843136
1332865993543020546
1332866027206668293
1332866103228379136
1332866265619173377
1332866320111710208
1332866454253948933
1332866485665062912
1332866667676897280
1332866722508931072
1332866832152162306
1332836759303053317
1332836956485595138
1332836988702109701
1332837206986272770
1332837220508602368
1332837359629557768
1332837368030703618
1332837417435471872
1332837421118083073
1332837421692690432
1332837442504822785
1332837443792293888
1332837532258676747
1332837588445618179
1332837681865363462
1332837693537939456
1332837812631113728
1332837912266862596
1332837997595725829
1332838181537017856
1332838195617259521
1332838266232455171
1332838268937908224
1332838294166642690
1332838337095241728
1332838353193066498
1332838411418431491
1332838449079087115
1332838533015367682
1332838536949555201
1332838629975224334
1332838696899448832
1332838759948292097
1332838898188238848
1332839129600626694
1332839140782604289
1332839175788195842
1332839183656882179
1332839291806838784
1332839313915015170
1332839384526295047
1332839439710752769
1332839526167949317
1332839536196546560
1332839555465142274
1332839648444379136
1332839821153345536
1332839901113577472
1332839988657090563
1332840039731126278
1332840043623440388
1332840123512262658
1332840172690563074
1332840243620433920
1332840336281001985
1332840474227437568
1332840806927851520
1332840928504025089
1332841024742371328
1332841076932169728
1332841079868166144
1332841170611920898
1332841178912485381
1332841217873354753
1332841283900108804
1332841372332732417
1332841427970220033
1332841439835906049
1332841586602991618
1332841803804979200
1332841880602759170
1332842074312486913
1332842187059499008
1332842191165779968
1332842232144162818
1332842328273326090
1332842442962448385
1332842446590513154
1332842446594588672
1332842802917597186
1332842967497904135
1332843171303321604
1332843267596165125
1332843286361493507
1332843386387238914
1332843475163869188
1332843699919679489
1332843712343322629
1332843759118274565
1332843783948562432
1332843787673096197
1332843839040745477
1332843889770848257
1332844035338366982
1332844093832007681
1332844140183183360
1332844510485876738
1332844519902105604
1332844547538378754
1332844837238956032
1332844849989513217
1332844891832012800
1332844920219037696
1332844954557714433
1332844989412413442
1332845047478358016
1332845206652166144
1332845251745165312
1332845404120100864
1332845411254538240
1332845417084628992
1332845419634843648
1332845618243493888
1332845728415223808
1332845793296920577
1332846040869789696
1332846053230587904
1332846096779972614
1332846192871559168
1332846200219979776
1332846204770611200
1332846264573173760
1332846360056442880
1332846368533204996
1332846506102063105
1332846583189270530
1332846598057914369
1332846796930953216
1332846907312529413
1332846939063283712
1332846959997181958
1332847055551795205
1332847076431040512
1332847182370795522
1332847315510464513
1332847353724891143
1332847380027351041
1332847430136713216
1332847480464031744
1332847488760487942
1332847736073359361
1332847736442544131
1332847798912512001
1332847893376622593
1332847903493287936
1332847991749816324
1332848083034648578
1332848113715978241
1332848223506092033
1332848262286630912
1332848436488581122
1332848452057919493
1332848490330861569
1332848506483208201
1332848545003659267
1332848580072263680
1332848598145527814
1332848598854356994
1332848682568445954
1332848717687382016
1332848721139097600
1332848831151575040
1332848871895076864
1332849064287768577
1332849131237339138
1332849260602089473
1332849464579665922
1332849496498139136
1332849563712040963
1332849570234167296
1332849672327745540
1332849689859862530
1332849702031794176
1332849724450287621
1332849761896919040
1332849833678352395
1332849869724282881
1332849945431453697
1332850034707210242
1332850135668289538
1332850217989922817
1332850252148256768
1332850310205870082
1332850374366162946
1332850407236890624
1332850407039787008
1332850595082932226
1332850637806071808
1332850671599591424
1332850902106066944
1332850915846578176
1332851132226555905
1332851264170778625
1332851309582508032
1332851367212412930
1332851413156847625
1332851425815224320
1332866877861801984
1332866885642313730
1332866907255533569
1332867103385382916
1332867135761215488
1332867141473734659
1332867226429485056
1332867246469885953
1332867251922489346
1332867310344753158
1332867448677294081
1332867479660617730
1332867543187525637
1332867725794930691
1332867818526806017
1332867971916595201
1332867986198237186
1332868120302804994
1332868167153094663
1332868323315388417
1332868372279779328
1332868381058404355
1332868396027965441
1332868610113613824
1332868611384414209
1332868681114800132
1332868749590999047
1332868782256250880
1332868950229733376
1332869068370575360
1332869130748387328
1332869134749630464
1332869164143284224
1332869382406615044
1332869395505242112
1332869407589228546
1332869413054267394
1332869431740014594
1332869433937825800
1332869473590767616
1332869538744975360
1332869550484844544
1332869612376035331
1332869662980370432
1332869715123871744
1332869787781910530
1332869802872934401
1332869812205268995
1332869824393822209
1332869842282688513
1332869964953477121
1332869991922868227
1332870020536307712
1332870048449441792
1332870116221067264
1332870287654752256
1332870318298451969
1332870402129993728
1332870434400989184
1332870533508022272
1332870597664239619
1332870799884230656
1332870820666896386
1332870850115108864
1332870913654616068
1332870914531356672
1332871039802609668
1332871256149028866
1332871291632836609
1332871530745913346
1332871576686129152
1332871585326305280
1332871607703003136
1332871643627188225
1332871664456097792
1332871722278776833
1332872079503486977
1332872134708908033
1332872155105734656
1332872183954157569
1332872296462094336
1332872355098583041
1332872422811463680
1332872541610733569
1332872610980491265
1332872662377517056
1332872687308451841
1332872760264171522
1332872953654960130
1332873023918133249
1332873192302493697
1332873353829392384
1332873372716441601
1332873397370490884
1332873401434853377
1332873615549861888
1332873659753639939
1332873781744955393
1332873828276596736
1332873838321946629
1332873862808285186
1332873864804700161
1332873961772761090
1332874073844686848
1332874168459816961
1332874408214597635
1332874578260004864
1332874592029863937
1332874609268576256
1332874702566600704
1332874712297459718
1332874785672417281
1332874843134586880
1332874885962420225
1332874993340977152
1332875048361799683
1332875110638825473
1332875221506908161
1332875237042515968
1332875771191439362
1332875884416565248
1332876117649334275
1332876193146707968
1332876223010254848
1332876224469864448
1332876316807348226
1332876336894013440
1332876412655689730
1332876545401171968
1332876583019929600
1332876584353738752
1332876624975568897
1332876627806744576
1332876808170004480
1332876853032390658
1332876870304542720
1332876870321274885
1332876901589856256
1332876936025149449
1332876983227846656
1332877008112656385
1332877082553040897
1332877086806032385
1332877180729221120
1332877385885229057
1332877457188413443
1332877549395976197
1332877590789566464
1332877908629708802
1332877915265118208
1332877954683076608
1332877980494950401
1332878048291647495
1332878074577362950
1332878143712063493
1332878227212181505
1332878241896534016
1332878367071358986
1332878380832788480
1332878537062109186
1332878588119433216
1332878643014619138
1332878822832807936
1332878907947819015
1332879010376929281
1332879059185856513
1332879267756011520
1332879307509817345
1332879490184220673
1332879545825890306
1332879666957471745
1332879684380499968
1332879781197705222
1332879893210812416
1332879906418667520
1332879938307952641
1332879955722690562
1332880061519646720
1332880181644685312
1332880203274547200
1332880267963293696
1332880280433078280
1332880366529462275
1332880384338526213
1332880442463162375
1332880498666991616
1332880555969482753
1332880597128241153
1332880597568671744
1332880698777145344
1332880803018248194
1332880836371288069
1332880953954488323
1332880992747597824
1332881049785954304
1332881249506107392
1332881329357254657
1332881336646782979
1332881373347110913
1332881570957578240
1332881579509772290
1332881621087891456
1332881637135224837
1332881641845493760
1332881758967263233
1332881808938164229
1332881865167032320
1332881868866240513
1333108524868624386
1333108565704323075
1333108688501039104
1333108810987302916
1333108999500292096
1333109074049679366
1333109129074925570
1333109141695565825
1333109171047329793
1333109317482938369
1333109351221964800
1333109468654153728
1333109509426802688
1333110008821723136
1333110064513572864
1333110173209079809
1333110269984206848
1333110312069976064
1333110341316689920
1333110457515732994
1333110567113023489
1333110583902650368
1333110608443699204
1333110717533347844
1333110793244696578
1333110890619662336
1333110919874928643
1333110932428320768
1333110941685321728
1333111063030718470
1333111197323943942
1333111209168678914
1333111217464995841
1333111255561859073
1333111275241390080
1333111359442194432
1333111669434748937
1333111670143639553
1333111682386653184
1333111694927794177
1333111724464082954
1333111795939209217
1333111851220025345
1333111888591396866
1333111963405090817
1333112039259197442
1333112120066650114
1333112148193579008
1333112157064605698
1333112249569820673
1333112281572528128
1333112395112341506
1333112539262160898
1333112578260803585
1333112585659420672
1333112753532280833
1333112791113330689
1333112873648750592
1333112957937479681
1333113016871579650
1333113045237846016
1333113109599326208
1333113134085668865
1333113301643902978
1333113411480080386
1333113608146989057
1333113619744239619
1333113759754117121
1333113783607287825
1333113808966004736
1333113936607121412
1333113948560707584
1333114031650066432
1333114144057401351
1333114207198441475
1333114253977522176
1333114280464551938
1333114363352268802
1333114433988567040
1333114493585543171
1333114590218088456
1333114659902283783
1333114766701654016
1333114770279469057
1333114789984415750
1333114816299474954
1333114892136673280
1333115009463848960
1333115021430304768
1333115121263124481
1333115285260410880
1333115369599459339
1333115566282993666
1333115589359910912
1333115604962783234
1333115675963953156
1333115688228061186
1333115772953124865
1333115897427484673
1333116024548438025
1333116049282248709
1333116066160017409
1333116092814802944
1333116123840131074
1333116137119354885
1333116278647742464
1333116286600097793
1333116576854323203
1333116674338394114
1333116771813953536
1333116828915216389
1333116879666360326
1333116884733087745
1333116913694760967
1333116941716877315
1333116983903199235
1333117223628644354
1333117294654988292
1333117377005883402
1333117572150136835
1333117600214159365
1333117659794329602
1333117869043851264
1333117890745298944
1333117981916803074
1333118196757393409
1333118269402832898
1333118393344356352
1333118398339932160
1333118956132061197
1333118960418643971
1333118967729283075
1333118982145110018
1333119085924605955
1333119149808168962
1333119198751494145
1333119207135973380
1333119295077765120
1333119962928406528
1333119963041771522
1333119970327351303
1333120011909656577
1333120188825255936
1333120297998954500
1333120343318409216
1333120395671638016
1333120602018705409
1333120627516071943
1333120680758370305
1333120973231579139
1333121047844024323
1333121102910992385
1333121107554144256
1333121108434935810
1333121128471138307
1333121133139386369
1333121179985514499
1333121304896147458
1333121442561527808
1333121480545103872
1333121492578684930
1333121518272917505
1333121733541326849
1333121884125204481
1333121967382212610
1333122189487435780
1333122288011653126
1333122323331903488
1333122458707136512
1333122583609307136
1333122639900991488
1333122806717050883
1333122871841988610
1333122876946300929
1333123024912957441
1333123057016246275
1333123100666281984
1333123258565189636
1333123510873575430
1333123527071862786
1333123540539858951
1333123648551407617
1333123724933992448
1333123728868335618
1333123762661765121
1333123783591391233
1333123830215274496
1333123918006276097
1333123968883167235
1333124227592056832
1333124277944668160
1333124379866243073
1333124458396098560
1333124471041900545
1333124471956385792
1333124555846545409
1333124609869295617
1333124651757649920
1333124668002340866
1333124780787179520
1333124873657470979
1333124933174632451
1333124941894586369
1333125016251207681
1333125163844505601
1333125372712402944
1333125439540383745
1333125607895527429
1333125701248167938
1333125758647226368
1333125813852467200
1333125847172071424
1333125943712489473
1333126018752786434
1333126078697713673
1333126123845275648
1333126149761863684
1333126249858830337
1333126413742960643
1333126472043782147
1333126510237134850
1333126535071621122
1333126776957100032
1333126842245636096
1333126974445916163
1333126974621958147
1333127008126197761
1333127079387226112
1333127252993847297
1333127381649928193
1333127440890257408
1333127480438366210
1333127504454955010
1333127592027824136
1333127683291582464
1333127776791048194
1333127885738143747
1333127888728711172
1333127925839794176
1333127927064571905
1333127973025718272
1333128046686187521
1333128115279831042
1333128222729388035
1333128229620740098
1333128312512679943
1333128359832920067
1333128522890547200
1333128544214343680
1333128544927485955
1333128582952935425
1333128673495449600
1333128721054769153
1333128812347990016
1333128820451373057
1333128832979783681
1333129031559114753
1333129042317328384
1333129081911717890
1333129122520961029
1333129126220165120
1333129269522931713
1333129294940401664
1333129314854858752
1333129382811021312
1333129412448055302
1333129459625443328
1333129505439952901
1333129516156411905
1333129559890399237
1333129844738101248
1333129934143938561
1333130061466247175
1333130062326099974
1333130216902942720
1333130339452137474
1333130352773226496
1333130396666535938
1333130675394932738
1333130700736917505
1333130759469748228
1333130797101027335
1333130813400080384
1333130830437343238
1333130896849965057
1333130915451600897
1333130934657425408
1333130980178071553
1333131019021672457
1333131039561162756
1333131047765225473
1333131140522237953
1333131152190791680
1333131235862802433
1333131426359865346
1333131434882633730
1333131533725548545
1333131538721103872
1333131550427287553
1333131655377084417
1333131752978657280
1333131916590006272
1333131962916155392
1333132154830610433
1333132389879599112
1333132446129328128
1333132590585245696
1333132680993583105
1333132734592671744
1333132864343453700
1333132893091053568
1333132897855959047
1333132923114024960
1333132997680373760
1333133012209258496
1333133133223497729
1333133229633757184
1333133308641894400
1333133348026216450
1333133418108907521
1333133493472292865
1333133526569521158
1333133619158786055
1333133627085844481
1333133653459742721
1333133853897080832
1333133901561204736
1333133958385688583
1333134042565275648
1333134063960354817
1333134085783425030
1333134114434605056
1333134147188109315
1333134177047355398
1333134261386240003
1333134294269779969
1333134322828718081
1333134416231735297
1333134499543126016
1333134574524764163
1333134646113026048
1333134738987560967
1333134784416026624
1333134843023126528
1333134890821365769
1333134894252261377
1333135024191782913
1333135184942813185
1333135275111878658
1333135466145705987
1333135477478592513
1333135527034273793
1333135801278894080
1333135821235511304
1333135902470705154
1333135996666470411
1333136302485737482
1333136421947895811
1333136458241150979
1333136504626044929
1333136535072419840
1333136580031041539
1333136596699205632
1333136727666462722
1333136911951532033
1333137008265457666
1333137125512974338
1333137293880807426
1333137538005942272
1333137639516614657
1333137709045526528
1333137898087059457
1333137918479785990
1333137935630290945
1333137955872010242
1333138111459586048
1333138148570886145
1333138278678032385
1333138287767154688
1333138374434107392
1333138404792537095
1333048054837108738
1333048067713609734
1333048094498443268
1333048143932493825
1333048164648054785
1333048358127153156
1333048370932408321
1333048404214247425
1333048424602669057
1333048454793277440
1333048524519469056
1333048589778448385
1333048633856552961
1333048776358064131
1333048776974536705
1333048849854763018
1333049313904254977
1333049328269746176
1333049394250313730
1333049628242145284
1333049834694189056
1333049901492658176
1333049940088659968
1333049994329411584
1333050013241446401
1333050049518047235
1333050069327765504
1333050210751303684
1333050371434975232
1333050563060228100
1333050571767508997
1333050674762944516
1333050841654292481
1333050865696059397
1333050891423809536
1333051328348745728
1333051339849555969
1333051361051750403
1333051457919180800
1333051594443792387
1333051712261615618
1333051805119508481
1333051881573249024
1333051932076814339
1333051959310430208
1333052028327759872
1333052097948954625
1333052187187027968
1333052196129181697
1333052200709402625
1333052301767008257
1333052641946066944
1333052651546800131
1333052820996677632
1333052857600204801
1333052923027152896
1333052949405298688
1333052962139217921
1333052993483268096
1333053047920967682
1333053051666513920
1333053167320387589
1333053283179655170
1333053310643933184
1333053431884476416
1333053473089351684
1333053515686678529
1333053608925990912
1333053614428803073
1333053704577183745
1333053743475077122
1333053810378493957
1333053873603420162
1333053885431377927
1333053931652587528
1333054036627611649
1333054218576519168
1333054451771293696
1333054585657815041
1333054590837792770
1333054612073541632
1333054713084915712
1333054903749644302
1333055041998106626
1333055111753469952
1333055132251136002
1333055161103749120
1333055232813613056
1333055256318648321
1333055274291240969
1333055279471218690
1333055323586711552
1333055395460493312
1333055582803169281
1333055684204589062
1333055694204002304
1333055906330923009
1333055923753951232
1333055987935285248
1333056067048128513
1333056105426128898
1333056272342474752
1333056377544065033
1333056531852619777
1333056567139131393
1333056636710252547
1333056758416371712
1333056930869354500
1333056981112938499
1333057275351732233
1333057336684982278
1333057357602041856
1333057388233023489
1333057703917314052
1333057741468917761
1333057760120934405
1333058007081627648
1333058008201322497
1333058130851155971
1333058270366339074
1333058544925552640
1333058580073697281
1333058583198568452
1333058650236022784
1333059065807859714
1333059117603295234
1333059244799660032
1333059253326778369
1333059349749452801
1333059443383263232
1333059593526779907
1333059738309959687
1333059879175675919
1333059984062631936
1333060092351160321
1333060130770980864
1333060235204976645
1333060252263182336
1333060542672629763
1333060596657516552
1333060688374272007
1333060763838197760
1333061086472499200
1333061099655196675
1333061183000211460
1333061196677861376
1333061238025285636
1333061241397501952
1333061337723899905
1333061447882919937
1333061460260425731
1333061460423888899
1333061463947153410
1333061581782065152
1333061602518605826
1333061604078804993
1333061641232134152
1333061744856600579
1333061792411611145
1333061938755084299
1333061989250174976
1333062015024197632
1333062064315785224
1333062228132544513
1333062362744676352
1333062417228697600
1333062631037554689
1333062651950362625
1333062710985187329
1333062747894976514
1333062773715120130
1333062777427161089
1333062787480875008
1333062854514069504
1333062948395356161
1333062965197561857
1333063130444947457
1332882184571559936
1332882222295166976
1332882275982340097
1332882312313196544
1332882377551515648
1332882502990565382
1332882587732176897
1332882716023541760
1332882786382974976
1332882908323966977
1332883082471493637
1332883085944184833
1332883095368962051
1332883155993300994
1332883181951995906
1332883206467674112
1332883272825774081
1332883442673938434
1332883493227937794
1332883734983544835
1332883782622269441
1332883793250697217
1332883940613320706
1332884235749769216
1332884264023707649
1332884317404602369
1332884422065065985
1332884443057577984
1332884482861527041
1332884579447869440
1332884612171915266
1332884674713149440
1332884709680922624
1332884750457946113
1332884785086259200
1332884917215117313
1332884960039100416
1332884969559977984
1332885031308718080
1332885118881570817
1332885269775872000
1332885354035212288
1332885356266606595
1332885384938733568
1332885392476033024
1332885397014122497
1332885502404435969
1332885622512635904
1332885705563914240
1332885765634879494
1332885820211159043
1332885904545890305
1332886068165824512
1332886235577266176
1332886243479343106
1332886303336181760
1332886503219933184
1332886713941823488
1332886791876120577
1332886793474215936
1332886810754752515
1332886903306268675
1332886935480774656
1332887043865784320
1332887079068585984
1332887082256089089
1332887190716575744
1332887207707877376
1332887323428745218
1332887360179236864
1332887385630142464
1332887473190559748
1332887523958243329
1332887531730464768
1332887766426849282
1332887771862634499
1332887859116736513
1332887874447028226
1332887988620156928
1332888021398646791
1332888359249866752
1332888384256163842
1332888484076523521
1332888599541510145
1332888643392991234
1332888735025807361
1332888903636963330
1332888927318003713
1332888974172450816
1332888982695202817
1332889044540219394
1332889057320456193
1332889145732198401
1332889185187819520
1332889189357133826
1332889214204190721
1332889296613777408
1332889323629318144
1332889476071387137
1332889511374835712
1332889710281306112
1332889757685325825
1332889826396229632
1332889893312229376
1332890018675908609
1332890035969028096
1332890056990855176
1332890062103699465
1332890097059045376
1332890153283588097
1332890200494792708
1332890214684119043
1332890275170103297
1332890277703426049
1332890542599004164
1332890576333762560
1332890624555675648
1332890735838945286
1332890957667295234
1332891003230035969
1332891042291601409
1332891098247782400
1332891100433047552
1332891174135345154
1332891174789652481
1332891340460449798
1332891425097314307
1332891432353476610
1332891688293998592
1332891700138827776
1332891760809402369
1332891901129863168
1332891989688332288
1332892171578404864
1332892217506086913
1332892220928778244
1332892255523311619
1332892391901159424
1332892419700867072
1332892425057087491
1332892497962545154
1332892644960313345
1332892664270782465
1332892806906482690
1332892809641271297
1332892833905332224
1332892876326330369
1332893152664031232
1332893154568265730
1332893456805498883
1332893486782296066
1332893521615990784
1332893705200611328
1332893709030010880
1332893881193684993
1332894083707113474
1332894297402830848
1332894570422673409
1332894599010947072
1332894600202121216
1332894632699715590
1332894641369214977
1332894707786113024
1332894740409241603
1332894842918203393
1332894861926817792
1332894866154672128
1332894887235055617
1332894892662591488
1332894950829092865
1332895013039079424
1332895145109417984
1332895298784411648
1332895483870658564
1332895490778800132
1332895496503955456
1332895593979670530
1332895659486179331
1332895772057108481
1332895793565622279
1332895877468352512
1332895943952388097
1332895956782768129
1332895995412287490
1332896018308980737
1332896171317071872
1332896226539413505
1332896235582337029
1332896263730130945
1332896287918723072
1332896437030404096
1332896456177401857
1332896523089219584
1332896723732029440
1332896841428451329
1332896867349196801
1332896877235212290
1332896880091512833
1332896891860701184
1332897039038914560
1333138728013860865
1333138772687548417
1333138803435868160
1333138826810765315
1333139025322979336
1333139075671478277
1333139142520287237
1333139310883840002
1333139416387178496
1333139432443023360
1333139553587171328
1333139558133682177
1333139658088263688
1333139721166352384
1333139956508680192
1333140015233298432
1333140036955430912
1333140133839826944
1333140159357861889
1333140348101681153
1333140366850220032
1333140614465122315
1333140749236514816
1333140779922051073
1333140846645022721
1333140947262173184
1333140954807603202
1333141114308747264
1333141211209555968
1333141282995265542
1333141566505046017
1333141576093057025
1333141790384394240
1333141810978418690
1333141970944974849
1333141996245028866
1333142038225711104
1333142082995646464
1333142318690443264
1333142350730813442
1333142384389963776
1333142673981644802
1333142677588762628
1333142796920733696
1333142871973588992
1333142906094415874
1333142963904409601
1333142985328918529
1333143036700876800
1333143064735608836
1333143165822332928
1333143182473834496
1333143282768113665
1333143315944935424
1333143321825452034
1333143438112534528
1333143451546763269
1333143712528965632
1333143806846201856
1333143904464474112
1333144164024918019
1333144247927758848
1333144465670803459
1333144570213896192
1333144676908617729
1333144703731195915
1333144713185157120
1333144937513226241
1333144944089968650
1333145011861372928
1333145065401638912
1333145078748090368
1333145297023770626
1333145367626604546
1333145531795857413
1333145576901386241
1333145693825998848
1333145703816724481
1333145748230246400
1333145908872146946
1333145996633780226
1333146089214648320
1333146097783607305
1333146211533135876
1333146257011961859
1333146344618397697
1333146361873588228
1333146550269333505
1333146721849892866
1333146747124781063
1333146818394394630
1333146840150249475
1333147204505178114
1333147258582421515
1333147276345282565
1333147405320118281
1333147409124192256
1333147477306994688
1333147683754807298
1333147803426631683
1333147889229565957
1333147900499681289
1333147925518553089
1333148315202899968
1333148340406657026
1333148541603225601
1333148547894505472
1333148762546565121
1333148776039669761
1333148805986967552
1333148851742470144
1333148857186791424
1333149053803237379
1333149150016225280
1333149318161678336
1333149363577634816
1333149474034577408
1333149485665574917
1333149675575193601
1333149712212512771
1333149785084334081
1333149877111492610
1333149946657320967
1333150038923481088
1333150044275552259
1333150148181061638
1333150165742522370
1333150232968740866
1333150409179860993
1333150439525801985
1333150484941574144
1333150575840661511
1333150593532170241
1333150602516439041
1333150613757112322
1333150680194965507
1333150857878249472
1333150888228237314
1333151138724638722
1333151239249551362
1333151347651166209
1333151361437999113
1333151369549783041
1333151570993754113
1333151678955212804
1333151726770196496
1333151810660470788
1333152012037287936
1333152023932325891
1333152024217616385
1333152111857704964
1333152132594241536
1333152459078979587
1333152535100624896
1333152552410550286
1333152569242263552
1333152594286489608
1333152757184868353
1333152770099187715
1333152922742427648
1333153046990229504
1333153127705554953
1333153140485582851
1333153155383767042
1333153269581922304
1333153331536158720
1333153478517137421
1333153483025915904
1333153522276311040
1333153614202765313
1333153713960181766
1333153735338496006
1333153862211911680
1333153914544214018
1333153927810969600
1333153949155815426
1333153974422159361
1333154012636573696
1333154111831896068
1333154237023358977
1333154239237984259
1333154364354125824
1333154410680225796
1333154431295234051
1333154472806080512
1333154725601050624
1333154843100254209
1333154871890096128
1333154872582156289
1333154909269659652
1333154955012808705
1333155291202875392
1333155510313476105
1333155558728282114
1333155588780519425
1333155748583452680
1333155777306128384
1333155966339194880
1333155971691057152
1333156000715698178
1333156059830128641
1333156092382162951
1333156118269452292
1333156210741276678
1333156322431225856
1333156466778226688
1333156649389989889
1333156657497583626
1333156838158831621
1333156872627527680
1333156884451299328
1333156977745211394
1333156981113286659
1333157141578919936
1333157143852306434
1333157148273106950
1333157313293680640
1333157368197230595
1333157431308939266
1333157578180845569
1333158064480866305
1333158070881497091
1333158227962437632
1333158231544274944
1333158251525976076
1333158322632077314
1333158419323379712
1333158441859182592
1333158562521108480
1333158658801364995
1333158777940537351
1333158961973850112
1333159048225677313
1333159091523358720
1333159125627363329
1333159425985576960
1333159464237731840
1333159511759138816
1333159557087031297
1333159657456754690
1333159695708774404
1333159956099575811
1333160018116571137
1333160139818299392
1333160147678502913
1333160169648349186
1333160198798798856
1333160328524390402
1333160328834772993
1333160445214121984
1333160499639320576
1333160680577507328
1333160688190164993
1333160776811622402
1333160894113714182
1333160924174139394
1333161000225427456
1333161124590723080
1333161138603913224
1333161179510939656
1333161273140391936
1333161335601979398
1333161440996253697
1333161490552135682
1333161523460628480
1333161742613032961
1333161767409774599
1333161998373281792
1333162068216852480
1333162093093253123
1333162115197247500
1333162323847090183
1333162431129022466
1333162447234945027
1333162543406338048
1333162635852910605
1333162714852634624
1333162836923543552
1333162854355263491
1333162875129618436
1333163068449316864
1333163189643710464
1333163659640627202
1333163676279341056
1333163708638498820
1333163743375732736
1333163750417969153
1333163939635531780
1333163940348649473
1333163977644384256
1333164010959761410
1333164083168817156
1333164162323677185
1333164217806049285
1333164270234832896
1333164275523792904
1333164291306913793
1333164292804382723
1333164333627564038
1333164535113412610
1333164564741963778
1333164573902458882
1333164695063310337
1333164825837441025
1333165043488333829
1333165055303626761
1333165059262926849
1333165155199422464
1333165366026117122
1333165381557624832
1333165567549861890
1333165675930677253
1333165734390886400
1333166129657892865
1333166338395627520
1333166422952865794
1333166452715773954
1333166453474922497
1333166539617558528
1333166564791685120
1333166598660771840
1333166648765915137
1333166681569550338
1333166683784146952
1333166754743410688
1333167065167966208
1333167151943921664
1333167249566347268
1333167567641456644
1333167789599645696
1333167793827684352
1333167827025616898
1333167997515653122
1333168053563998208
1333168070785966083
1333168138427445249
1333168352861302784
1333168435325399040
1333168600379625472
1333168620021706756
1333168644784873474
1333168678347616259
1333168696206962688
1333184123406577665
1333184169652973569
1333184220194279424
1333184294123163648
1333184329313366021
1333184450570706944
1333184533710077952
1333184599963348992
1333184882198138882
1333184906235695107
1333185002893307904
1333185083923075073
1333185163178762240
1333185926089093122
1333186014098165771
1333186043105972224
1333186098181386242
1333186102903984129
1333186195774468100
1333186206868385797
1333186282953039872
1333186366172180481
1333186463618437122
1333186538323185665
1333186580538814465
1333186684977078282
1333186954045788160
1333187179921608705
1333187267976982529
1333187277523181570
1333187440887042050
1333187507463262209
1333187670726627332
1333187737512538119
1333187892928159746
1333188035505164288
1333188119194046465
1333188305177993224
1333188396269924359
1333188425231556610
1333188463366205445
1333188510195585025
1333188513584599043
1333188527367086083
1333188543099908097
1333188548619538436
1333188610875527169
1333188659885948930
1333188853218283522
1333188904317489152
1333189012664664064
1333189063185231878
1333189079593345024
1333189306568077320
1333189311454351360
1333189369046429696
1333189386091970560
1333189470326317058
1333189582871904257
1333189608755113985
1333189615922999297
1333189689185013767
1333189872518115330
1333189915861950464
1333190145705717762
1333190203901698052
1333190234083897344
1333190355433426946
1333190382126047233
1333190399058452481
1333190460265861120
1333190486262239232
1333190518709379080
1333190618986795010
1333190641321467906
1333190762415190016
1333190765590228996
1333190783806136320
1333190868048764929
1333190992825114625
1333191005181448193
1333191055982858242
1333191164816715780
1333191268374093832
1333191567956467714
1333191613615640577
1333191602701910019
1333191689318526977
1333191739964841991
1333191805899304961
1333191882319532033
1333191898543104004
1333191907669807104
1333191953111019523
1333192182975639552
1333192184179417088
1333192339653681154
1333192361120321539
1333192385317269505
1333192830445973506
1333192968770121728
1333193064152784898
1333193135732760580
1333193178774695939
1333193215084802049
1333193273784082434
1333193283506475013
1333193341614260227
1333193354037915648
1333193404763631616
1333193437638774785
1333193455913209856
1333193484807794688
1333193531511500800
1333193623383445504
1333193648234668033
1333193744292646917
1333193786214768640
1333193886814986240
1333193896331980800
1333194021150322691
1333194033343160320
1333194034752286720
1333194065379201025
1333194083783888896
1333194100565180416
1333194105711710212
1333194113328398337
1333194152666931201
1333194255611949058
1333194332497539073
1333194550832074752
1333194649838772224
1333194717694189568
1333194813143826433
1333194909881303041
1333194986649743360
1333195056446992384
1333195372374732801
1333195380708810752
1333195467736268800
1333195543535886338
1333195547373604866
1333195660854763525
1333195674200932352
1333195707088592897
1333195761652215809
1333195819739123714
1333195845223800838
1333196009086836739
1333196017575968768
1333196168545792002
1333196218168700928
1333196220185989121
1333196331704332292
1333196390240051200
1333196478580449284
1333196507915411457
1333196537221033996
1333196572088295427
1333196583282806788
1333196630187667457
1333196660143341568
1333196831103152128
1333196883246903297
1333196886401036288
1333196902498754562
1333196944819281920
1333197003866693636
1333197019997933571
1333197091846275073
1333197163057328129
1333197169894060032
1333197175455563776
1333197179033423872
1333197192627171328
1333197230338084865
1333197250076561410
1333197254732214272
1333197394771550208
1333197431312445445
1333197499289374721
1333197527538130944
1333197549210132486
1333197564934561793
1333197615832453123
1333197721121931268
1333197746082361344
1333197925896368132
1333197938412064768
1333198068871614464
1333198135670214667
1333198349873377281
1333198466957201408
1333198474834292736
1333198576919343107
1333198600537583618
1333198627641073664
1333198673489039362
1333198768502689798
1333198864891916288
1333198878594670592
1333198970676539394
1333199004340006913
1333063204088537089
1333063206458298379
1333063242005041152
1333063250439786497
1333063357201403904
1333063541696425990
1333063846299365377
1333063944672587777
1333063954822615042
1333063999026507779
1333064304950616065
1333064316187254790
1333064354577616896
1333064403248435200
1333064434835746817
1333064554809495553
1333064585037811719
1333064651865812993
1333064728617299977
1333064735760076801
1333064753862897665
1333064845604909061
1333064983236792320
1333065014308200448
1333065046759530502
1333065197876023296
1333065218663047171
1333065272610021376
1333065704912814080
1333065726429704194
1333065902338633730
1333066036644515840
1333066040532750338
1333066040813645825
1333066048082497537
1333066154844176384
1333066266685427714
1333066447959040001
1333066485917495296
1333066494645825543
1333066612363157504
1333066639760371717
1333066712141402114
1333066778935775233
1333066799534006276
1333066800079245312
1333066849949536262
1333066871801847808
1333066992778153992
1333067013338619904
1333067051561324544
1333067508929196037
1333067630924664837
1333067731575386113
1333067797795106820
1333067856750243840
1333067890229014528
1333067931949834240
1333067949360484357
1333067998324686850
1333068028620255235
1333068284317618181
1333068297722499075
1333068371726897153
1333068556137861127
1333068611255197700
1333068649528221699
1333068653244329986
1333068699981520897
1333068707883585541
1333068738023858178
1333068742318809090
1333068754352185344
1333068771695747077
1333068821205172224
1333068845792321541
1333068892533522433
1333069023358181379
1333069273405775877
1333069296214401027
1333069316019859459
1333069341705658368
1333069350547431431
1333069420516798467
1333069493443174400
1333069643758641155
1333069698724978691
1333069786125885447
1333069894481481736
1333069904124243971
1333069928983916544
1333069991994863623
1333070267736870912
1333070515339206657
1333070515846656002
1333070573124034560
1333070650563497996
1333070809838055426
1333070813617123334
1333070880184934401
1333070913605087236
1333070951152455680
1333071075492716556
1333071133399199745
1333071304237281280
1333071340929093633
1333071476115857409
1333071795516289024
1333071829590626305
1333071859034718209
1333071962411851785
1333071966807281665
1333071980698820608
1333072214468521989
1333072339865538560
1333072344508755970
1333072360803508229
1333072411504283652
1333072424309579779
1333072663195963395
1333072691750985740
1333072695953666049
1333072839113543687
1333072886291161095
1333072911138234373
1333073036061315073
1333073175144435712
1333073192399859718
1333073333089423362
1333073347995979776
1333073397891346433
1333073467764314114
1333073492833517568
1333073577646678024
1333073717199589381
1333073741182623745
1333073744680472580
1333073775080976385
1333073808975036417
1333073946028097537
1333073959416455168
1333073993335771143
1333074027221544961
1333074315332476939
1333074353789960192
1333074404100673538
1333074546815995905
1333074734364258304
1333074843638632457
1333074869710430208
1333075029165223938
1333075146823839746
1333075267535814656
1333075280198393857
1333075594129645574
1333075595761250305
1333075657526566914
1333075678124793860
1333075741588791300
1333075762602156032
1333075952222543872
1333075984959102977
1333076118635687945
1333076240673239048
1333076316816601089
1333076370805706756
1333076530872913920
1333076572996317187
1333076588783562753
1333076685265068036
1333076765405745156
1333076790697451522
1333076853091954689
1333076979113996290
1333077046365327361
1333077051256020993
1333077080075083777
1333077176107888640
1333077364037791745
1333077528462856192
1333077569009283074
1333077682947563529
1333077696817942529
1333077792355995648
1333077808600461313
1333077810315931648
1333077879949844490
1333077897624629252
1333077982769012738
1333168913769644032
1333169015490027522
1333169095274061827
1333169098495123458
1333169106904887299
1333169153616785408
1333169199691296770
1333169526423384070
1333169572388634624
1333169631582953473
1333169779570483202
1333169862353547267
1333169878304481283
1333169945509834753
1333169970914750465
1333170198250217472
1333170248439263235
1333170259818373126
1333170419319394308
1333170440517382146
1333170481931956224
1333170482347204610
1333170492103151618
1333170525527564288
1333170537015734278
1333170679936655361
1333170693425520640
1333170702829096960
1333170722148126721
1333170729609691137
1333170801793789953
1333171007230783489
1333171023810850819
1333171048389500932
1333171271228661780
1333171291763978240
1333171354485460992
1333171401768001540
1333171456654651392
1333171459892551680
1333171498983407616
1333171590490681346
1333171682899476480
1333171695155232768
1333171749463191557
1333171754496299010
1333171813124345863
1333171979935838208
1333171984855945216
1333172206713630720
1333172286875119620
1333172459848261635
1333172529788280834
1333172629415501824
1333172667139190787
1333172760282083329
1333172832163962880
1333172885402349571
1333172899654606849
1333172982513020932
1333173083709067268
1333173112578379776
1333173435720200197
1333173774972235778
1333173801241067522
1333173868350017536
1333173906023346177
1333174484304601089
1333174501207465984
1333174535156330500
1333174589313040389
1333174619600269314
1333174622490140672
1333174681961164805
1333174709807091715
1333174709832331266
1333174761078353920
1333174782695796736
1333174799523213313
1333175151823708160
1333175223085043720
1333175494141853696
1333175578321686535
1333175604448022531
1333175616796045312
1333175664577572871
1333175695774605312
1333175761449095169
1333175787999158273
1333175814402215937
1333176031801454593
1333176053557301249
1333176107516964866
1333176199246385153
1333176238232510467
1333176249250942976
1333176324849070083
1333176429710721025
1333176475969871875
1333176484106801152
1333176535042437122
1333176601358577666
1333176701975670785
1333176920721252359
1333176997393133568
1333177009023950849
1333177046214737920
1333177260661043200
1333177272686305284
1333177345054793733
1333177373626429440
1333177412264153088
1333177483596763136
1333177495412207619
1333177578660786186
1333177608238899200
1333177634205945856
1333177685074464777
1333177767723200517
1333177879878725634
1333178247119593473
1333178284599898113
1333178384713740290
1333178472148111363
1333178662187831297
1333178665853710341
1333178669653700612
1333178732421521409
1333178733918703617
1333178762951798787
1333178832661131270
1333179076417261568
1333179219774500866
1333179290301640704
1333179345217740804
1333179499605704704
1333179609484046337
1333179652366618625
1333179789130272771
1333179845451386881
1333179865139273728
1333179869145001988
1333180049286160385
1333180298243223553
1333180383362494464
1333180386596200449
1333180423321501702
1333180452614627328
1333180481412730888
1333180490925416451
1333180511561211906
1333180854584152066
1333180880655880192
1333180985014444035
1333181031256526848
1333181195861983233
1333181236358078464
1333181244864073734
1333181375407656967
1333181401588518920
1333181434157264896
1333181477664808966
1333181823854252034
1333181827939491840
1333181902933565443
1333181921157898240
1333181940854362115
1333181946374082569
1333182101588328448
1333182101663870978
1333182134798983174
1333182151802707968
1333182158958018561
1333182345013235721
1333182374125907969
1333182550743846915
1333182608390451201
1333182729484120065
1333182914981466112
1333183073240944640
1333183120401518593
1333183149820440576
1333183224454000643
1333183279550369798
1333183338341830657
1333183425990127616
1333183498375598085
1333183703472775168
1333183737111207938
1333183824155602956
1333183891285422081
1332897213966639106
1332897236540416001
1332897312444723207
1332897328991068161
1332897449753669633
1332897519051763714
1332897605014212614
1332897672961912835
1332897701105692675
1332897707749306375
1332897730612617218
1332897821444476929
1332897861265092609
1332897945700724736
1332898003628158981
1332898095470927872
1332898112906682370
1332898185610747904
1332898317743890437
1332898408001011713
1332898410094006273
1332898470387085312
1332898515773771777
1332898545326813185
1332898620518096898
1332898651199447040
1332898699714977794
1332898982473986048
1332899029454360576
1332899132202250247
1332899147226046465
1332899183678767104
1332899197775908866
1332899218722332675
1332899242344517632
1332899308979376128
1332899360825364480
1332899363702628353
1332899376684015616
1332899689952374789
1332899728992899072
1332899765022044161
1332899779370741761
1332899834014040065
1332899862724055041
1332899872719179776
1332899955091058690
1332900190144040960
1332900214114545672
1332900248251817985
1332900486521950208
1332900838730199042
1332901018976350208
1332901026442006528
1332901027654189058
1332901243627446273
1332901262271148032
1332901270701617153
1332901291601895424
1332901392168738816
1332901607860822022
1332901636998455296
1332901797011316739
1332901847099695105
1332901911494877187
1332901946005610497
1332901947205160964
1332902076234555395
1332902200704520192
1332902433295626240
1332902470712889347
1332902526442557441
1332902558248087552
1332902626237636608
1332902818877894657
1332902828788965377
1332902836481495040
1332903009815171074
1332903088047460354
1332903188622696448
1332903200333021185
1332903228074201091
1332903298265997314
1332903347788058625
1332903348295458818
1332903365647486976
1332903456819044354
1332903503526768642
1332903513127411718
1332903781722427392
1332903975142756353
1332903989768118273
1332904006184808448
1332904234296066049
1332904303808409602
1332904325316632576
1332904516975349761
1332904533400444929
1332904644490747904
1332905009864818689
1332905104454914056
1332905125413875712
1332905261342748673
1332905316309057536
1332905758879584257
1332905761979179008
1332905912076443648
1332906052229148672
1332906074840719360
1332906280902668289
1332906292797722630
1332906354411913216
1332906570145878017
1332906610885238786
1332906663045599232
1332906687775301638
1332906768125501440
1332906866263937028
1332906895825395714
1332906992264998912
1332907018705887232
1332907106832424962
1332907190668066817
1332907234322472962
1332907273417601026
1332907344804528129
1332907399468953603
1332907550296051712
1332907550342340608
1332907596601290752
1332907634022821888
1332907681951125504
1332907782203273221
1332907835919794185
1332907853707927554
1332907994661613570
1332907999631962112
1332908022490861568
1332908090493194240
1332908096822398977
1332908123644899334
1332908159732682753
1332908208734625793
1332908297385480192
1332908310371164161
1332908414998097920
1332908523076820992
1332908548834127877
1332908625350692865
1332908824676560896
1332908897380823043
1332908948781817858
1332909028649938944
1332909124565172224
1332909187832172545
1332909301661388802
1332909346439778305
1332909430493605892
1332909449971982336
1332909480934133760
1332909510717915138
1332909531865645058
1332909569983463426
1332909689424674817
1332909692830572550
1332909887802601472
1332909900318564352
1332910122826391562
1332910137585979393
1332910320117968905
1332910320487161857
1332910343228624896
1332910738596388865
1332910873799651329
1332910919144382468
1332910921652572161
1332910969173929989
1332911157842153472
1332911209889345537
1332911316173021186
1332911476110225408
1332911518971817985
1332911536613023746
1332911646122139650
1332911833083240452
1332912000121397248
1332912042580324353
1333033053468434434
1333033072082776065
1333033158707728384
1333033249329778691
1333033274202071042
1333033289133608960
1333033414023401478
1333033491924017152
1333033565735579648
1333033627291176966
1333033653052583942
1333033815900557326
1333033849241079809
1333033990249385984
1333034031806603265
1333034063888846849
1333034069979000832
1333034227747721223
1333034289705967617
1333034407641313281
1333034568761319432
1333034595860692992
1333034656002945024
1333034935104528387
1333035164641923075
1333035265053528064
1333035303213346819
1333035368971702273
1333035603680784384
1333035780105777153
1333035839325138945
1333035870165766145
1333036125762498563
1333036293220077568
1333036315894558720
1333036647341027328
1333036816518135809
1333037109205200897
1333037263912128512
1333037301665030149
1333037310540095488
1333037375748857856
1333037429381619714
1333037486621286401
1333037512567255040
1333037703336759296
1333037731988070401
1333037844932276224
1333037855447396352
1333037878985838594
1333037951908016129
1333037991107977218
1333038313758990336
1333038395661062145
1333038452443648003
1333038795432738817
1333038906904883201
1333038932318105600
1333039093152825347
1333039123309977602
1333039343632584704
1333039477669945344
1333039615935180800
1333039646352269312
1333039707064848385
1333039788614586369
1333040107406848006
1333040138478374913
1333040210008035331
1333040255428136960
1333040258414481409
1333040447825072130
1333040521464279040
1333040535003545601
1333040582374137856
1333040590951419906
1333040619388870664
1333040820749000705
1333040865246408705
1333041029772095489
1333041177793351680
1333041195522592768
1333041239151796225
1333041520828579841
1333041599895511045
1333041634796335110
1333041675845984259
1333041810927718400
1333042176779907074
1333042192080904193
1333042199949422595
1333042286838620160
1333042387090870274
1333042592091664388
1333042602271252484
1333042629756510208
1333042683254804483
1333042777618329601
1333042857742118912
1333043055016996872
1333043173241679873
1333043233329467397
1333043302371880969
1333043338338045953
1333043470496358403
1333043495154700290
1333043563765129218
1333043618156830720
1333043624049827841
1333043643691659264
1333043984336347138
1333043998945136642
1333044038082158593
1333044045162143747
1333044107887792131
1333044112879128584
1333044212535873538
1333044511522471938
1333044567654895617
1333044590392332288
1333044612022341633
1333044675616321537
1333044716179492864
1333044769442828288
1333044901957824512
1333044951823867904
1333045000976920583
1333045111526141953
1333045154689773570
1333045456021184512
1333045828500541440
1333046002064916480
1333046075868012548
1333046151218651136
1333046177504309249
1333046206017236992
1333046251227635719
1333046368496087050
1333046449593069571
1333046494585360386
1333046705034563584
1333046713242722304
1333046734272880641
1333046785426788352
1333046999491387392
1333047024820883458
1333047413049847810
1333047444486180866
1333047503449710593
1333047586190745601
1333047654285258762
1333047838926901249
1333047967864008705
1332912207215038464
1332912229893726209
1332912847039262722
1332912872020709377
1332912966107279360
1332913347268788228
1332913369645543426
1332913541867851776
1332913560322777090
1332913862958592000
1332913870193758212
1332913899935584258
1332913965203136517
1332914147122622466
1332914467814866944
1332914487695904773
1332914583246237702
1332914737714262022
1332915215663554561
1332915328548945921
1332915365572128768
1332915366645936128
1332915478398988290
1332915777083682822
1332915863402340353
1332915943782064130
1332916000279441408
1332916020332388354
1332916088863141888
1332916429109268480
1332916462680469506
1332916532016521218
1332916597766361089
1332916711494967296
1332916929896583169
1332916974167478274
1332917276740362240
1332917447763038213
1332917514599354369
1332917700964728842
1332917764105900034
1332917768744792064
1332917786994221056
1332917931668344835
1332918152439738368
1332918159054168065
1332918329992994816
1332918627155185670
1332918687796367365
1332918755932987394
1332918781442621442
1332918810437951488
1332918860018806785
1332918914624282627
1332919176550178816
1332919264366501889
1332919702830530560
1332919729686769672
1332919842010136576
1332919916995940354
1332920013880131586
1332920138576879622
1332920338431307777
1332920373214646272
1332920511618232323
1332920734671384577
1332920827197628416
1332921072522563585
1332921133994303494
1332921144387768320
1332921231998398464
1332921308934443009
1332921363041050625
1332921434750869504
1332921456964096000
1332921572982542336
1332921587717304321
1332921616020381696
1332921634118799362
1332921739018444800
1332921745532186625
1332921829305036800
1332921947324362754
1332922008439582721
1332922028064710657
1332922235099643905
1332922421947506694
1332922478428119041
1332922714114420737
1332922755163963392
1332922768682323968
1332922797505474560
1332922899917803523
1332922907253764096
1332923028406034432
1332923172409257989
1332923194802663424
1332923388847853571
1332923491763576832
1332923495932575744
1332923603071938560
1332923645132464129
1332923879845736448
1332923885747101700
1332923895804936192
1332923984090841089
1332924078471213057
1332924192052957186
1332924315298377729
1332924609214119936
1332924626775601152
1332924730886680578
1332924763677749254
1332924784657584130
1332924809076826113
1332924888416325635
1332924894493990915
1332925071795613696
1332925164447789056
1332925254725988355
1332925508976304134
1332925535673065472
1332925582653403136
1332925641876901889
1332925642120237057
1332925884345421824
1332926294338666496
1332926341591814146
1332926496781045761
1332926518453014528
1332926560463151104
1332926650477015041
1332926668197990400
1332926692894019584
1332926718298836992
1332926906551787521
1332927016568492034
1332927025380614146
1332927072101158913
1332927158063407104
1333017997590614024
1333018072433762304
1333018222816333826
1333018380920610816
1333018731379879941
1333018735053922307
1333018892470403074
1333019123685728256
1333019196305846273
1333019209736056833
1333019491488423936
1333019558354018307
1333019637936771072
1333019675349827586
1333019789032263681
1333019878966562820
1333020082587521024
1333020201588314112
1333020284404817920
1333020330407890945
1333020472829648896
1333020489078374401
1333020508095442944
1333020576147881986
1333020698512658432
1333020961285828608
1333021405252870145
1333021449276231680
1333021510328590338
1333021729174687744
1333022001418493953
1333022390108958720
1333022468764733446
1333022676621803520
1333022694225321985
1333023063152205825
1333023166768275456
1333023177786593282
1333023202185015299
1333023349543415808
1333023498013437954
1333023506569814017
1333023846912364544
1333024095718559746
1333024167831154693
1333024318553518080
1333024358999199746
1333024395447599104
1333024452007890948
1333024597201960960
1333024693322997763
1333024732288049153
1333024851305566211
1333024907530293252
1333024943207014401
1333025076216803329
1333025458695376900
1333025789663703043
1333025853245157377
1333026042844475402
1333026044383612929
1333026137166012417
1333026274760151040
1333026533850669058
1333026610740682753
1333026745923080194
1333026783445311490
1333026941893554176
1333027083816230914
1333027093995683843
1333027137536864256
1333027351416881154
1333027412653862913
1333027414893465600
1333027539493789697
1333027593520640001
1333027744083554308
1333027752870629377
1333027807472005120
1333027844373569536
1333027862543265792
1333027888921194497
1333027964880121859
1333027985268613120
1333028005795532802
1333028284053954561
1333028309991452672
1333028530167427076
1333028582017339395
1333028703115350018
1333028885500485641
1333028939208409088
1333029079793197057
1333029207933394946
1333029270097190919
1333029555733487619
1333029651808210944
1333029692501348353
1333029769022222338
1333029952732672000
1333030246472429568
1333030284393127941
1333030486013259777
1333030506481524739
1333030545543073792
1333030562798440448
1333030749633593345
1333030756092948480
1333031067964624896
1333031251301847042
1333031339331883008
1333031479694209024
1333031485369176065
1333031681989730306
1333031741116788738
1333031836801503233
1333031899921592321
1333032099524325377
1333032163260968961
1333032172538630144
1333032269280325633
1333032292827213825
1333032386989330436
1333032610407337984
1333032688262012928
1333032748089487362
1333032877441900547
1332927277244379136
1332927574461149186
1332927641750540289
1332927650202050560
1332927664705957888
1332927667780399104
1332927737187741696
1332927854200446976
1332927883493347328
1332927970634199040
1332928220476432385
1332928230349697024
1332928232593776641
1332928324998483971
1332928394481131523
1332928453256093696
1332928457492336640
1332928482360369152
1332928534663335938
1332928556318470144
1332928597133303809
1332928599091937282
1332928766478143489
1332928774610903040
1332928834866393094
1332928974180265984
1332929894670544896
1332930101525286914
1332930285982236675
1332930356970917891
1332930458728992769
1332930475724320768
1332930610596200448
1332930636512784386
1332930932941099009
1332931209802997764
1332931325368565761
1332931381102428162
1332931450807566337
1332931468759281664
1332931568961269761
1332931727413612544
1332931785462779905
1332931857747308544
1332932061938724865
1332932102522871809
1332932235595558913
1332932328784445440
1332932422858665987
1332932457902067714
1332932462268219395
1332932493134147584
1332932530459164674
1332932864262881282
1332933080416391174
1332933194887409665
1332933246267645956
1332933272213438470
1332933301145841664
1332933350131081216
1332933409119801344
1332933477109428233
1332933824406319111
1332934201633615872
1332934469146251265
1332934640215199746
1332934853009018885
1332934855362027521
1332934935351586816
1332935076083064834
1332935096383451136
1332935106403581952
1332935179619340291
1332935224938946562
1332935287098535943
1332935362956718080
1332935449103437824
1332935449673916416
1332935523237834753
1332935543357730817
1332935669384056833
1332935708206641153
1332936115053989888
1332936185807704064
1332936281190494209
1332936314883338241
1332936319434174465
1332936656752525320
1332936711932874752
1332936913674756097
1332936991818670083
1332937147490263043
1332937534284959745
1332937566946025472
1332937635455660034
1332937769333760000
1332937851709894656
1332938170816671746
1332938513453604865
1332938630147551232
1332938641597980673
1332938641916780546
1332938670576439298
1332939227349172225
1332939237449211904
1332939283548622849
1332939475362717697
1332939520908660736
1332939539917070338
1332939618900086784
1332939775301468161
1332939830263771136
1332940036321521665
1332940229003669504
1332940256899969024
1332940313741070337
1332940391935598592
1332940398596001793
1332940585699844098
1332940621502324736
1332940697989627904
1332940773554270211
1332940959286394892
1332940993440620544
1332941123547906050
1332941124240093185
1332941413940678658
1332941545859809281
1332941588410994689
1332941618387820544
1332941855982436353
1332941882800939008
1332942050652729346
1332942120689291266
1332942529508102145
1332942686215614464
1332942713742823424
1332942723138150401
1332942845167116291
1332942921285459969
1332943035685101570
1332943187514712064
1332943315000565766
1332943407098957824
1332943530881290242
1332943642214821888
1332943699865710592
1332943739673722881
1332944006880358400
1332944201454153730
1332944306156564480
1332944472456515589
1332944476227198977
1332944547920318467
1332945101190877195
1332945128802168832
1332945221038997505
1332945246326464512
1332945270607327232
1332945949828673540
1332946077687959552
1332946250719584258
1332946465744855042
1332946544966832130
1332946673950199812
1332946729197477889
1332946880079097857
1332947310737813505
1332947394850263040
1332947466430402561
1332947566216974339
1332947580825776128
1332947589843578881
1332947901451014149
1332947948481638401
1332948160273006593
1332948314346676230
1332948329550938112
1332948437902487553
1332948724637642752
1332948729872195584
1332949201291014144
1332949372544438275
1332949441905635330
1332949692624334848
1332949700752908291
1332949711049908224
1332949761339625473
1332949769526726657
1332949790724919303
1332949838250401799
1332950429701988353
1332950551290470400
1332950589777448962
1332950708056940545
1332950728009277440
1332950955596402690
1332951196777152512
1332951373407772674
1332951488923054081
1332951785636556801
1332951826455465984
1332951894122065920
1332952018755985409
1332952318405472256
1332952338676367365
1332952694978355200
1332952755363737602
1332952784027717634
1332952896434933760
1332952937962692609
1332952939783131137
1332953122877083648
1332953503434764288
1332953630006251520
1332953732905115650
1332953742468067332
1332954243846856706
1332954392174190592
1332954506817048576
1332954656134336512
1332954744952819712
1332954965124415491
1332955235510226946
1332955361020571651
1332955589052411904
1332955710255149059
1332955860717301760
1332955923216818180
1332955976966823938
1332956008843337729
1332956190318489602
1332956354059886593
1332956559400374273
1332956580715900929
1332956764023754752
1332957167960383488
1332957215033094144
1332957300466872321
1332957311787298816
1332957353352720385
1332957390531031043
1333002750024691712
1333002759155699712
1333002780164939776
1333002790059249671
1333003178128809986
1333003267673042944
1333003341270544384
1333003526482649088
1333003786583830528
1333003946173067268
1333004218999975937
1333004317402357760
1333004606541017089
1333004759243124739
1333004888784179205
1333005118250205184
1333005276665016323
1333005315474825218
1333005359955415040
1333005452653842432
1333005660213170177
1333005805914828800
1333006033510285313
1333006039315329025
1333006301077626880
1333006369331568640
1333006402135207936
1333006502320369666
1333006621841240067
1333006692540444672
1333006876049506304
1333006876842323970
1333007186084163585
1333007389788921858
1333007401847500803
1333007471275773954
1333007924797599746
1333008082369122311
1333008149402558465
1333008351655989248
1333008402163720192
1333008506933415943
1333008559265681408
1333008621073018882
1333008936492961793
1333009193117364225
1333009215481389056
1333009509338542080
1333009515768401920
1333009731032592384
1333010222315573249
1333010442067734531
1333010524099932160
1333010607260446721
1333010666098200576
1333010696850857986
1333011021842223105
1333011060194992128
1333011111650607105
1333011162150146050
1333011198879682564
1333011226482380801
1333011709297102849
1333011822094528514
1333012101011546112
1333012162021904385
1333012303151833090
1333012420567162884
1333012441685516288
1333012449742741505
1333012462870925312
1333012732728238080
1333013020788842496
1333013072848424960
1333013208991477761
1333013234182459392
1333013326272495617
1333013393427591168
1333013807870914561
1333014233718661123
1333014253905846273
1333014599931744258
1333014903720988672
1333015022822428672
1333015054439092224
1333015101260050435
1333015245443395584
1333015269581619200
1333015402960531456
1333015451937411074
1333015482815877120
1333015662281846786
1333015963663429632
1333015978129625090
1333016158396624899
1333016169645821954
1333016389611708416
1333016488937213953
1333016877644222464
1333016987279237120
1333017124529463298
1333017149452001281
1333017187704066048
1333017211435446276
1333017264287674369
1333017305677246466
1333017374178635779
1333017446798696454
1333017560808378374
1333017605062463489
1333017633109794817
1333017706250067968
1333017717415292928
1333017760708894720
1333017827629031426
1332957517568036866
1332957526938112000
1332957845386522632
1332957954979446786
1332958008117084163
1332958040031686658
1332958107559997440
1332958157937778694
1332958425530167298
1332958502881464320
1332958788651950081
1332958954909888514
1332959086485245953
1332959225245384704
1332959373115740160
1332959445438005248
1332959692310470657
1332960133903736832
1332960215730294784
1332960269195243526
1332960296571461632
1332960390205075457
1332960515551883269
1332960654064574466
1332961041463062531
1332961145955577857
1332961327082479623
1332961436495122432
1332961535883350018
1332962025601961984
1332962145215111169
1332962160440434688
1332962494214676482
1332962790060007425
1332962918309224448
1332963054896566272
1332963196798337026
1332963641541332993
1332963705278132224
1332963861528449025
1332963884831936513
1332963909951741954
1332963982567743489
1332964108392607745
1332964159437369344
1332964368149954561
1332964619518767104
1332964759814234112
1332964789673332738
1332964811043467267
1332964836301561856
1332964889862623232
1332965803667329024
1332965823678275588
1332965951805992961
1332966166034341889
1332966749818372096
1332966987773906944
1332967016311844865
1332967333091028992
1332967534405021697
1332967651669405697
1332967803305996289
1332967910403260419
1332968000048291841
1332968052506259456
1332968123276914690
1332968504417402880
1332968535161589761
1332968724442324993
1332968760873938944
1332969246528245760
1332969544223080449
1332969577538596866
1332969694610006019
1332969771017625602
1332969823144345600
1332969988647493632
1332970484850298880
1332970498540638208
1332970887470084099
1332971282212786177
1332971781955653637
1332971794689560577
1332971894363086849
1332972258042802176
1332972421108916226
1332988350719029248
1332988390774611969
1332988613374652420
1332988683188887552
1332989061867339778
1332989376964538387
1332989845900308480
1332990108446978049
1332990255725649920
1332990326890504193
1332990348814147584
1332990364098052096
1332990699755642880
1332990801702494211
1332991275893665799
1332991721836142593
1332991985045680129
1332992073977442306
1332992219444359168
1332992249857269760
1332992290609123331
1332992310741585920
1332992483152760832
1332992525934718976
1332992855682510849
1332993051183222784
1332993129138425857
1332993444856344578
1332993578709217285
1332993988610035712
1332994539729022978
1332994819807961089
1332994824815796224
1332994836673286145
1332994840859205637
1332994918541877248
1332994968122699778
1332995012183822336
1332995112381636610
1332995121252536321
1332995163376005120
1332995188776689665
1332995504578334720
1332995788759126024
1332996058952024064
1332996104632246272
1332996334392061952
1332997061596340225
1332997851434151937
1332997859138998279
1332998078870253568
1332998087569072129
1332998389605208064
1332998645403189248
1332998714907009024
1332998743625490433
1332998950358560769
1332999053265743874
1332999226108862464
1332999378630561797
1332999455122083840
1332999902318784514
1333000110616309760
1333000163581861888
1333000351654535169
1333000586531225601
1333000674318184450
1333000749022908416
1333000855721811969
1333001107296059394
1333001376721494017
1333001434116345864
1333001518329552903
1333001545403678726
1333002014314299394
1333002368003289088
1333002379583754240
1333002382691676160
1333002555492880385
1333002691862290433
1332972732502446083
1332973119246569472
1332973171230838784
1332973832056041479
1332974061505245184
1332974081508044800
1332974122721153029
1332974291118399495
1332974387792900096
1332974560245899264
1332974895442108418
1332975012496744448
1332975199105421312
1332975295406727169
1332975602744270848
1332975642758049793
1332975685267120131
1332975815429156866
1332975929262477312
1332976203896999936
1332976231210508288
1332976534316052481
1332976567719489536
1332976672010874882
1332976696010674184
1332977172781424640
1332977273855758336
1332977510930378755
1332977791076274178
1332977912866369536
1332978177505775616
1332979494420959233
1332979528310923265
1332979737535377408
1332979791310577666
1332979827876487170
1332980080419725312
1332980313656598532
1332980343142551554
1332980544418746369
1332981068476022784
1332981588758564866
1332981669200990210
1332981842379739136
1332981888617615362
1332982110248833031
1332982196156526593
1332982525925478402
1332982529842962432
1332982633249316867
1332982786475630592
1332982980818583552
1332982983377252352
1332983133084401665
1332983168773857281
1332983266866044930
1332983398692950016
1332983432696229888
1332983827879301120
1332984061565022208
1332984443238293504
1332984564902293507
1332984567183986692
1332984662138908672
1332985240084688896
1332985448646516736
1332986123241590787
1332986184251879425
1332986438447751168
1332986621692686337
1332986842988339207
1332987022500388864
1332987103433646080
1332987411656298496