1333244373472063488
1333244374168133632
1333244528527077377
1333244600656424960
1333244655069229056
1333244677433200642
1333244799076487173
1333244809524424704
1333244853312913410
1333244872531324928
1333244922556723201
1333244961320419329
1333245001837408259
1333245067050401793
1333245246692413441
1333245255374807042
1333245326040453121
1333245434513551361
1333245570677239808
1333245699249627138
1333245711685566465
1333245782560968704
1333245799015342081
1333245813829484544
1333245834159218688
1333246053605396480
1333246105333751808
1333246258857828354
1333246286422806528
1333246290218659840
1333246307276906498
1333246357805514754
1333246461010644992
1333246558284890114
1333246654359564289
1333246672718225410
1333246684734885891
1333246743270490113
1333246796672487425
1333246809507065856
1333246940826529793
1333247066643046401
1333247137216409603
1333247185450795009
1333247247396515840
1333247314194886656
1333247318758465537
1333247326291374081
1333247477441507329
1333247528687562752
1333247654135029760
1333247742131494914
1333247749618343937
1333247798263902208
1333247809064038402
1333247820925644801
1333247821919694849
1333247825942077440
1333247897257865219
1333247960126279680
1333248164980285442
1333248228804857859
1333248262225219586
1333248332974665729
1333248353853865985
1333248410225438720
1333248462129934336
1333248651326615553
1333248668632158209
1333248714408857608
1333248760365899777
1333248953517740033
1333249206312722437
1333249268564553728
1333249326785544192
1333249339125342208
1333249516175314945
1333249537209724928
1333249559355658242
1333249565571514369
1333249595481022464
1333249649768009729
1333249797793468416
1333249890143543296
1333250077352189953
1333250174995591169
1333250221472690176
1333250347175874563
1333250431821221888
1333250446778097665
1333250461487476736
1333250485172662272
1333250699623272448
1333250732779245569
1333250805579780099
1333250806288617472
1333251142604759040
1333251147969290240
1333251211307352066
1333251244765417473
1333251282254094336
1333251284443435012
1333251558314811393
1333251622319910919
1333251638975459328
1333251751009345539
1333251776527609856
1333251872401010689
1333252006870274050
1333252024402636803
1333252246549696515
1333252305496379394
1333252390301077504
1333252537474969601
1333252619033321473
1333252669893328897
1333252783655489537
1333253027302690816
1333253055547138054
1333253143392620544
1333253194672197637
1333253284711247872
1333253379276083206
1333253479868018694
1333253535602008065
1333253643311538176
1333253707044044800
1333253840708247553
1333253899281526791
1333254054106042372
1333254158850404353
1333254159076896776
1333254212944334848
1333254254572736512
1333254364404862978
1333254373573476353
1333254453819011072
1333254586707095553
1333254720840888323
1333254775941582849
1333254835156643840
1333254909714518021
1333254934523949060
1333255107979464704
1333255149159149570
1333255169237192704
1333255224660807687
1333255245347119104
1333255280935755776
1333255308240621568
1333255419599392769
1333255442403794944
1333255546707845121
1333255577489735680
1333255724550524930
1333255753759559680
1333255845916921858
1333256051198742529
1333256087714185216
1333256126352281600
1333256138771623936
1333256183076036609
1333256188507676673
1333256256748974085
1333256297416941570
1333256306124210176
1333256411950813184
1333256419664072704
1333256453881139201
1333256491885682688
1333256520621039617
1333256561725235201
1333256662346387457
1333256701953314817
1333256725315596290
1333256872565100551
1333256932325421056
1333256981356965889
1333256995617480706
1333257091306442755
1333257154409754624
1333257255253385217
1333257308994867203
1333257325956632576
1333257342306041856
1333257460170313729
1333257472719552515
1333257530705813504
1333257551937499136
1333257569842974723
1333257639640387584
1333257652143525888
1333258055170088966
1333258085410897920
1333258122123730945
1333258135608438787
1333258164033253376
1333258360695775233
1333258559744827393
1333258568385007618
1333258612966244358
1333258638648029186
1333259040697298945
1333259164399890432
1333259180745043968
1333259296717615104
1333259373364310016
1333410502362468355
1333410627457519616
1333410702455959552
1333410783515045891
1333410803387609093
1333410997982343169
1333411029389283330
1333411194724626432
1333411235199672321
1333411244745875456
1333411309220728834
1333411370147192832
1333411529505566721
1333411542352736256
1333411571775778816
1333411634082177031
1333411686880047105
1333411714273058818
1333411805750759425
1333411843201773570
1333411995396214784
1333411995278774275
1333412019463221248
1333412057648160776
1333412100295704576
1333412196198608898
1333412213009203201
1333412355406000130
1333412590857252870
1333412629071732736
1333412827412000770
1333412888766279680
1333412938254753793
1333412959528378368
1333412984937459715
1333413038926548992
1333413105620152321
1333413190210707459
1333413210892890112
1333413261602131971
1333413473993240577
1333413512379584514
1333413576678117378
1333413630776209411
1333413938751361026
1333414180083347456
1333414191970086913
1333414294164221954
1333414364678905858
1333414416117710849
1333414496195506177
1333414498829557767
1333414539958898688
1333414635513364482
1333414783530446850
1333414822378041351
1333414842984763393
1333415023784452096
1333415315720589312
1333415334200700930
1333415338369814529
1333415375325843459
1333415416866217984
1333415461770260481
1333415639441047552
1333415648731467778
1333415828621029382
1333415891204190208
1333416026172772354
1333416104434262020
1333416118380339202
1333416152228311043
1333416186118352903
1333416209988030464
1333416243269865475
1333416319828385792
1333416331442589698
1333416411511840768
1333416462569119744
1333416558081814529
1333416642102091777
1333416659277721602
1333416763158093825
1333416839607627777
1333417150007169027
1333417175449825283
1333417372523188225
1333417597677735939
1333417674852823043
1333417694469771264
1333417842058940416
1333417867753132032
1333417883234426881
1333417887969775616
1333417916788842497
1333417917581582336
1333417933737963520
1333417984866480129
1333417985571221505
1333418206686552064
1333418223371513856
1333418232179462145
1333418558907363330
1333418706697916416
1333418760535945226
1333418814319443968
1333418995152728064
1333419011271344128
1333419086970236928
1333419106414985216
1333419125171920896
1333419125515935745
1333419322971217924
1333419350993350656
1333419394760896515
1333419469511684099
1333419620720578560
1333419642166018050
1333419741227020290
1333419858671841283
1333419890972176387
1333419908999360512
1333420342610599941
1333420482549346305
1333420648991952901
1333420907256107014
1333420923026763779
1333421025263046658
1333421071693983747
1333421121815789569
1333421227415908352
1333421248337092608
1333421364653551621
1333421388582023170
1333421500888702978
1333421516877410304
1333421553460056064
1333421697203048452
1333421885820833792
1333421893223792642
1333422094529548288
1333422451448041477
1333422456107888642
1333422489355993091
1333422521182515203
1333422610810548224
1333422798677676032
1333422912749981703
1333422932081614849
1333423082137010179
1333423106090807297
1333423126751846406
1333423169038905344
1333423243638824960
1333423265277243395
1333423382390575107
1333423483498459140
1333423500267302914
1333423534366834688
1333423541824466944
1333423546131857414
1333423642131247105
1333423873547710465
1333423954254508033
1333424121607311360
1333424157799968768
1333424196706328578
1333424229904166917
1333424322711588867
1333424392882286595
1333424480882921475
1333424515217567744
1333424544892268545
1333424648478994456
1333424774308106240
1333424800153415681
1333424904709017600
1333425023164575746
1333425140353347594
1333425198549200896
1333425275242213376
1333425529429647364
1333546334985588736
1333546396629274625
1333546398625787906
1333546478107693056
1333546515147739137
1333546619418124288
1333546633972346880
1333546783285317638
1333546854508879872
1333547001405956100
1333547164128202758
1333547207061069826
1333547277911273492
1333547332722278400
1333547387156127744
1333547441665179649
1333547487827734529
1333547534023675905
1333547571256635398
1333547668795080704
1333547689242357761
1333547991110717446
1333548039886278656
1333548210099527683
1333548273316098048
1333548309198368768
1333548369042579459
1333548448830935040
1333548683594436608
1333548762703286273
1333548809197031425
1333548871474176002
1333548930399932422
1333549014957101059
1333549026847801346
1333549106002739202
1333549134998085635
1333549136734543873
1333549451479224320
1333549467044352000
1333549526439890944
1333549556080861184
1333549606324596737
1333550586705440769
1333550587498074112
1333550613242597377
1333550879354609672
1333551027895689219
1333551061953433601
1333551075027165184
1333551119642079234
1333551366690639874
1333551389277118464
1333551423087263745
1333551438031679491
1333551799899451397
1333552076337664004
1333552114547605504
1333552155723137025
1333552198786056194
1333552425160953856
1333552495734312960
1333552612403261441
1333552689263808523
1333552809887682561
1333552995603197954
1333553105162612737
1333553170384121857
1333553193297604609
1333553189627461632
1333553217855221761
1333553280358649856
1333553376337010696
1333553448042676226
1333553474173247488
1333553581316857858
1333553628800573441
1333553662438858755
1333553678574379011
1333553904647344128
1333553921277759489
1333553926285586432
1333554072776044545
1333554151821815809
1333554203348889603
1333554266829692930
1333554338464231424
1333554361956503558
1333554760952082432
1333554827276775424
1333554979504877568
1333554987427897344
1333555033019920384
1333555377334575104
1333555494468915200
1333555505239830531
1333555524781158401
1333555573703528450
1333555583056744449
1333555944379310082
1333555968832118786
1333555976658677761
1333555985311469568
1333556107227369477
1333556119420211201
1333556144665714690
1333556278350794754
1333556354590658561
1333556396344958979
1333556431023468544
1333556458751889409
1333556462413508610
1333556476938506241
1333556479580901376
1333556581334614016
1333556659365568514
1333556681054281733
1333556777493868547
1333556824394653702
1333556859647778816
1333556912961544192
1333557114334294019
1333557407520350208
1333557426323415042
1333557431687802881
1333557554421637120
1333557813411540992
1333557826304823296
1333558034770112515
1333558208888250371
1333558209169084417
1333558271446290435
1333558493505335296
1333558544545681408
1333558564540047363
1333558614707949570
1333558634291339266
1333558644550451200
1333558737190182914
1333558846669860864
1333558984750624770
1333559201990406144
1333559232466128900
1333559254989594629
1333559269367615488
1333559273943547904
1333559348635766790
1333559372023279619
1333559428235354115
1333559438205210626
1333559475278516225
1333559537551306752
1333559664328499201
1333559684872200198
1333559695085350916
1333559701162831873
1333559789524185088
1333559789947916290
1333559847435055107
1333559910953603077
1333559914820669441
1333559953919979520
1333560045762711555
1333560078859980801
1333560217909399552
1333560243083685890
1333560338411819016
1333560370586415107
1333560381160124416
1333560385664847874
1333560393848008706
1333560455130869760
1333560485690617856
1333560513796530176
1333560577806004224
1333560716398247936
1333560765018742786
1333560879980404742
1333560909218902016
1333561072964472833
1333561325528629249
1333455804578619393
1333455834613952515
1333456051258019841
1333456065116123136
1333456202777366528
1333456211509997575
1333456258662359040
1333456262252486657
1333456261732397058
1333456283324837890
1333456286164324354
1333456374815047690
1333456429395558400
1333456522047860745
1333456533875798022
1333456655355437062
1333456752864587776
1333456840533954562
1333457021056782343
1333457035019489286
1333457108319277056
1333457109216706560
1333457134286221314
1333457176182964231
1333457192985346053
1333457251194056704
1333457288644988929
1333457371130195973
1333457375483756544
1333457469138321415
1333457536893083648
1333457599145127941
1333457737808658444
1333457972039704582
1333457981220868096
1333458016264450050
1333458024233635840
1333458132182372354
1333458224842993665
1333458280559984642
1333458366610468865
1333458376802504704
1333458393508491267
1333458657095393282
1333458736514551808
1333458824431165446
1333458874985308162
1333458878865018883
1333458958745559041
1333459008561295362
1333459079566553088
1333459168955609088
1333459310261596162
1333459642802814978
1333459767117934596
1333459864455159815
1333459918507094019
1333459919589285895
1333460010781782017
1333460019447279623
1333460057888092160
1333460125063983105
1333460216063680512
1333460271323623424
1333460283151556614
1333460435249618947
1333460656935276544
1333460737155506176
1333460930840190976
1333461047630585860
1333461051120250880
1333461091930808320
1333461186457825280
1333461304380710914
1333461307564187651
1333461307530600455
1333461672753770499
1333461844732891136
1333462050824216579
1333462150854139911
1333462171699777536
1333462364956598272
1333462596087808000
1333462608528084992
1333462658712961026
1333462683274809345
1333462686877749252
1333462739570737152
1333462792867868672
1333462938712150017
1333463001282744320
1333463048472956935
1333463429911355398
1333463441818914816
1333463467735486465
1333463768400097286
1333463781452738566
1333463824012353538
1333463852818726914
1333463888160043008
1333463924616749056
1333463983630716929
1333464143496695809
1333464188996308992
1333464344563212291
1333464352184217603
1333464357225848841
1333464360140804097
1333464558707630081
1333464651967959040
1333464692803727362
1333464877361410049
1333464886089805827
1333464922508980226
1333464999629647877
1333465006537641984
1333465009846841347
1333465060656680962
1333465137232089088
1333465145834688513
1333465258124587009
1333465324121845761
1333465334871961604
1333465502140805123
1333465597359890433
1333465624576622592
1333465641123082245
1333465727207051264
1333465742910623744
1333465833641676801
1333465948259577858
1333465980299833344
1333466005297909766
1333466047391776769
1333466090584875009
1333466097962651662
1333466320550162441
1333466321523154944
1333466377697550337
1333466463513038856
1333466474460164098
1333466580022407173
1333466685043404801
1333466718220546062
1333466838999715840
1333466878384115712
1333467069552189441
1333467083477291009
1333467124744876033
1333467141153107976
1333467183251415040
1333467220677189634
1333467238834298883
1333467242382512128
1333467330412765190
1333467370032046081
1333467373635063809
1333467489477521412
1333467531177234435
1333467733917364224
1333467804826263552
1333467938234372097
1333468152118849541
1333468182418509828
1333468252878630912
1333468259321065474
1333468365722148864
1333468383615082497
1333468395933675521
1333468420977790977
1333468459456487425
1333468534354141193
1333468571368902659
1333468647663144960
1333468743624577024
1333468846020300801
1333468928492908548
1333468965604036608
1333469021182828546
1333469085812862976
1333469118700396545
1333469305934147584
1333469348749586444
1333469382018789377
1333469619923734528
1333469633865797632
1333469859288670208
1333469993367908358
1333470038125318146
1333470095423598592
1333470141300948993
1333470153602809856
1333470514468282370
1333470521858600960
1333470543513718786
1333470740700598275
1333470774146064387
1333470778344550407
1333425564137385985
1333425584500838403
1333425592126083072
1333425647696437250
1333425782065164288
1333425815258869762
1333425877623992323
1333426058977300482
1333426150660599810
1333426302003671040
1333426318327812097
1333426444878360576
1333426491175165957
1333426649111687169
1333426696775725058
1333426705667551232
1333426720788123650
1333426930780090371
1333426931795193856
1333427001500241928
1333427067099164677
1333427099378585600
1333427263816265728
1333427380241788928
1333427442183065600
1333427443802271746
1333427475637006341
1333427693690507264
1333427706734792704
1333427718789206017
1333427723595812864
1333427740498948098
1333427743200079873
1333427782412427265
1333427846124068871
1333427858270793729
1333427920489115656
1333427971235962880
1333428024977600517
1333428109547347970
1333428116912549888
1333428130183319552
1333428147371601927
1333428268251435008
1333428294427963394
1333428323024842755
1333428349402746888
1333428416553607168
1333428591397195778
1333428624528187394
1333428709005660162
1333428738726514688
1333428838727114752
1333428902455283712
1333429103316361216
1333429124371714048
1333429216063328258
1333429216990404609
1333429342823735299
1333429591059390464
1333429830847770628
1333429878989991936
1333429886988537857
1333429909658636289
1333429943137656833
1333429964293763078
1333430022774919169
1333430386182025216
1333430440791846912
1333430461675184129
1333430490624262145
1333430600909328384
1333430660216721409
1333430730773442561
1333430852114554880
1333430920486019077
1333430973619458050
1333430998160216064
1333431070793068544
1333431267719667713
1333431336070246400
1333431663129407492
1333431683282989056
1333431707622633475
1333431711686926336
1333431925697110016
1333431968504053760
1333432089711140867
1333432135919824896
1333432145268928516
1333432172569653249
1333432173534212098
1333432270502375431
1333432382884548614
1333432476832657408
1333432715295797251
1333432886490505217
1333432899748712450
1333432917381369858
1333433011895820290
1333433020569714688
1333433092799860737
1333433151746617344
1333433196264960000
1333433305765715969
1333433360740454403
1333433423776477184
1333433536280371203
1333433549794500611
1333434085541351428
1333434195067031553
1333434425225453571
1333434498156032001
1333434530946973699
1333434531496398849
1333434623397867522
1333434643450908672
1333434719267000320
1333434850766831619
1333434887982858247
1333434891392876545
1333434930517467136
1333434933642137601
1333435113280053249
1333435156917485568
1333435173279576065
1333435173438939137
1333435202950082560
1333435236697448461
1333435285732986880
1333435309753700353
1333435386048163840
1333435390104137730
1333435486917046273
1333435689036378115
1333435759144148999
1333435852001861634
1333435890295824390
1333436203861946376
1333436209335595008
1333436247243681795
1333436273189679105
1333436342685011973
1333436368551174144
1333436439032328194
1333436539389366272
1333436661926146054
1333436675360436228
1333436883624292353
1333436935809986560
1333437114718048261
1333437202303422467
1333437302954225664
1333437350513238019
1333437559079362561
1333437597406752768
1333437781427810304
1333437836805222407
1333437956737048581
1333437973673734146
1333438070687887361
1333438180780093441
1333438193681657856
1333438225151561730
1333438242679558145
1333438344949342209
1333438463648075776
1333438549237133315
1333438561769512960
1333438645295067138
1333438662105772032
1333438717973950465
1333438775339282432
1333438834374299648
1333438873037402113
1333438875411202048
1333438973755047936
1333439077329211392
1333439110846042128
1333439228374634497
1333439266177904642
1333439324377985026
1333439600149155843
1333439606478389248
1333439644038475778
1333439840357150721
1333439848925937665
1333439890655117314
1333439911547047937
1333440025434832896
1333440076492263424
1333440131009826818
1333440135199940612
1333440227768033282
1333440474649124865
1333440546363355137
1333440578386792448
1333440595524775937
1333470845650419716
1333470928886398976
1333470930379571201
1333471071492825095
1333471089834528772
1333471101494636548
1333471231300014094
1333471274622914562
1333471309641211912
1333471314858881024
1333471380948606976
1333471403748810757
1333471466101248000
1333471517032783874
1333471570560393218
1333471612021186561
1333471629192605696
1333471782230167552
1333471869496909824
1333471910072619010
1333472028964294657
1333472108039397376
1333472124548296704
1333472351942426625
1333472381373911041
1333472388495732736
1333472388885979137
1333472401141555201
1333472498189561858
1333472518548516864
1333472576945926150
1333472618389905422
1333472665764564999
1333472732953055234
1333472780331970562
1333472881213378572
1333472993545228294
1333473014474686465
1333473031080042498
1333473136197525504
1333473147639779328
1333473295543373825
1333473306738118656
1333473310894649345
1333473318977105920
1333473345703190528
1333473391773302785
1333473432546254848
1333473487030251522
1333473685420687360
1333473788944650247
1333473810998169601
1333473991969816576
1333474027948691459
1333474101080408069
1333474125931716608
1333474142469939200
1333474145473081350
1333474147238895619
1333474158508904453
1333474248086568960
1333474258861903872
1333474412851552256
1333474470242230276
1333474499417812996
1333474527096037378
1333474587242328067
1333474658595840001
1333474666367897601
1333474820734988295
1333474821833973762
1333474875789307904
1333474914213347329
1333474926469275650
1333475014662828033
1333475179171897346
1333475254593671168
1333475266686050310
1333475341025898500
1333475396462006279
1333475409468547075
1333475433908727814
1333475504670732289
1333475504603672579
1333475521842212864
1333475571783720960
1333475651228229633
1333475668550619145
1333475802474819586
1333475829070835712
1333476114581188608
1333476179043635201
1333476179915976707
1333476603846942725
1333476742846148608
1333476806322651136
1333476839734595584
1333477048896135173
1333477145268658182
1333477183256313857
1333477229414682626
1333477267343806464
1333477375489675264
1333477451205251072
1333477468066500609
1333477585272139776
1333477672979214337
1333477786640654342
1333477907277115393
1333477934405914624
1333477974398603264
1333477997546975233
1333478117869056000
1333478428121702408
1333478433184129024
1333478457490083840
1333478475529924609
1333478525085622276
1333478570635747328
1333478575232622592
1333478592806793222
1333478714676371456
1333479016439951362
1333479170081316865
1333479367608053770
1333479460725669888
1333479498042531840
1333479713218519040
1333479955779493892
1333480007822401537
1333480068618850306
1333480085983277056
1333480111228772352
1333480252874493952
1333480258234961923
1333480295564238854
1333480462455427078
1333480466352140288
1333480504977403913
1333480572379942916
1333480694971031552
1333480781440696320
1333480865033113600
1333481003688611840
1333481137843396609
1333481175369674752
1333481225441341440
1333481230474555396
1333481489850396679
1333481616707104770
1333481663108616193
1333481679931916288
1333481683195191297
1333481766426959873
1333481805115256832
1333481813986004992
1333481917669371907
1333481922022916097
1333481986535591938
1333482002348032001
1333482086460755977
1333482120656916480
1333482203599294468
1333482493828325378
1333482623386087424
1333482649336369152
1333482653094350848
1333482774033014785
1333482941415002112
1333483122319613952
1333483155148435458
1333483218037772294
1333483528185647109
1333483655755403265
1333483793605390338
1333483801574563840
1333483885775228928
1333483885896863745
1333483892926459904
1333484192064270342
1333484208371675137
1333484237530476546
1333484389561495554
1333484523015684096
1333484765572255744
1333484767350829056
1333484821813858304
1333485405543555072
1333486017161007107
1333486058667962369
1333486184169869312
1333486311244664832
1333486510960766978
1333486588005937152
1333486645786648578
1333486658025631745
1333486688639864833
1333486839571812352
1333486871641395202
1333486993196642305
1333487035642994689
1333487559608061963
1333487617833377792
1333487731670966277
1333487832510435328
1333487877699772416
1333487908121141257
1333488029768552450
1333488147104231433
1333488163164205059
1333488189164691456
1333488309763530763
1333488388293283840
1333488489900466182
1333488520107855873
1333488532833308684
1333488542341795842
1333488670410764293
1333488809783259137
1333488821716066306
1333488830742212608
1333488868348334081
1333488888694902788
1333488973172207616
1333489292962893826
1333489296343445505
1333489308368580610
1333489321349951488
1333489354111545344
1333489434856198152
1333489493006032896
1333489535263535104
1333489614372290560
1333489693762101249
1333489774846504960
1333489803837513728
1333489812742017024
1333489907831074817
1333489938894118913
1333490059920642050
1333490214698889216
1333490256176418817
1333490264439189504
1333490441317199880
1333490480567369728
1333490564029849600
1333490651573477379
1333490714110533642
1333490742375878657
1333490810432569344
1333490835812446208
1333491010740101124
1333491123700989958
1333491327149871104
1333491338621415428
1333491482880221184
1333491507270074368
1333491531928522755
1333491662207774722
1333491674488713216
1333491757569499141
1333491934460076032
1333491983080321024
1333492010083344386
1333492164849004547
1333492224546512897
1333492320801411075
1333492391236440064
1333492501089460224
1333492504310804483
1333492522048360449
1333492548602646529
1333492623177375744
1333492740420755458
1333492751791480833
1333492849195814918
1333493012505223174
1333493096080945154
1333493292936400897
1333493315216449537
1333493331406577665
1333493401321234434
1333493412054642688
1333493495642853378
1333493616988327945
1333493745438736384
1333493768239124494
1333493787822350341
1333493813311008771
1333493842713079808
1333493855782572033
1333493994295353351
1333494002486800385
1333494288219467776
1333494387825909764
1333494484554878982
1333494593346629632
1333494597750644736
1333494656508850177
1333494698015526912
1333494938105835520
1333495008725438464
1333495093370695688
1333495293464227845
1333495320374898689
1333495381347479552
1333495592622977027
1333495616597594116
1333495708951973888
1333495927743582209
1333496002318315524
1333496132362674176
1333496695716507648
1333496702947516416
1333496719850565635
1333496823969951751
1333496887521980416
1333496942312235008
1333497031101476868
1333497702596956166
1333497703234371584
1333497710343839746
1333497752228155396
1333497928086859777
1333498036383862784
1333498078784008194
1333498133796577285
1333498340349079552
1333498367960346629
1333498422138060800
1333498715831754754
1333498789450059777
1333498848069775365
1333498850703765505
1333498870890975237
1333498875387273217
1333498921583341569
1333499044065251328
1333499181500141576
1333499219164925955
1333499231622090759
1333499256812965888
1333499472383520770
1333499706983452672
1333499928937521153
1333500026534981645
1333500061351694337
1333500196114882567
1333500322065608704
1333500378210594817
1333500546360066049
1333500609203478528
1333500616199401473
1333500764715626500
1333500796877615110
1333500997415657479
1333259658371469314
1333259674410487808
1333259687756763142
1333259795655135232
1333259875363774464
1333259909241008128
1333259929654845441
1333259976073236481
1333260065046839303
1333260115923890179
1333260375303839751
1333260426608599041
1333260531344371713
1333260609446682626
1333260621786144770
1333260622696308736
1333260706209275906
1333260760110288896
1333260802351095809
1333260816485810178
1333260924959002625
1333261017627942913
1333261078801813505
1333261087752540162
1333261159936430086
1333261306464493568
1333261519623233536
1333261583766540290
1333261755271753730
1333261848444067841
1333261906069442565
1333261960394117120
1333261994007293952
1333262090681794563
1333262165407653890
1333262228171186176
1333262271582232576
1333262299998556160
1333262401039380480
1333262565535739906
1333262623580807169
1333262661002420224
1333262686826717184
1333262928817004547
1333262992734121985
1333263123348918273
1333263123592036352
1333263156588597248
1333263227178795008
1333263529806278659
1333263588534968321
1333263629093900288
1333263654742073345
1333263738544267264
1333263827660541952
1333263923785592837
1333264034116890624
1333264037073842176
1333264074646319107
1333264075229425664
1333264121073197057
1333264195798921216
1333264263960412161
1333264373117296640
1333264464599244801
1333264511890034688
1333264678974353413
1333264700302381058
1333264702986727424
1333264741217820672
1333264829092655104
1333264878279266304
1333264967441649672
1333264975503257601
1333264988467826689
1333265189320368130
1333265198610853889
1333265240436269058
1333265279330226178
1333265283386105856
1333265428857106434
1333265453959897089
1333265474491179016
1333265542627557376
1333265575561183232
1333265622231375878
1333265667718406145
1333265676283351040
1333265722173165570
1333266008220512258
1333266097034858496
1333266223606484992
1333266226030784512
1333266382394417152
1333266506612838402
1333266519837601793
1333266562678202368
1333266843201630208
1333266869160177664
1333266929956450304
1333266967667630083
1333266981449998338
1333267001352052737
1333267066330226689
1333267086496440321
1333267106771570688
1333267152640630784
1333267191509168128
1333267211654475776
1333267219787243520
1333267324929933312
1333267408824397830
1333267601850572800
1333267610125918208
1333267707349921793
1333267712806510592
1333267723732840448
1333267828464644100
1333267928830136321
1333268092428881924
1333268139220623360
1333268332213116931
1333268567354032129
1333268625902497793
1333268771293769729
1333268863887163393
1333268918597689345
1333269048168046592
1333269076504940545
1333269108410880002
1333269180049715200
1333269196000653314
1333269318709239814
1333269415660580866
1333269493733154816
1333269532224393216
1333269605926703110
1333269678165147649
1333269711358992391
1333269804640202752
1333269813037293569
1333269841415815168
1333270042172039175
1333270092650483713
1333270148611010560
1333270236200624128
1333270258191388672
1333270279393570816
1333270307205906442
1333270341297139712
1333270371743756294
1333270457596792832
1333270491600097281
1333270518858977283
1333270613084024832
1333270694029737984
1333270771955863553
1333270932996153344
1333270978751721474
1333271036377395200
1333271087455612929
1333271088797798400
1333271217428701186
1333271377407860736
1333271465991483394
1333271658543673346
1333271669800988675
1333271717255520257
1333271995107176449
1333272014535217152
1333272097590829058
1333272191081836544
1333272500306755584
1333272619613876225
1333272656578277376
1333272702610673664
1333272734462341123
1333272777902657539
1333272794671558656
1333272928251748356
1333273110628352000
1333273208502542336
1333273326870011904
1333273494587535361
1333273741682503680
1333273843876712448
1333273915091726340
1333274108587610112
1333274129739366400
1333274147183529984
1333274167777497089
1333274325919674368
1333274363215437825
1333274493104611328
1333274502340501504
1333531280416247809
1333531310971891712
1333531565780066305
1333531578618802177
1333531605420261377
1333531654204260352
1333531674718638080
1333531871779581952
1333531884589101059
1333531923478614016
1333531951295320073
1333531989249568768
1333532073055797248
1333532150193336324
1333532203314262016
1333532366585860099
1333532367193927680
1333532450627129346
1333532955222962177
1333532971270279171
1333533042711941130
1333533294743465984
1333533517515530240
1333533585568100361
1333533626089103360
1333533684239101953
1333533702698090500
1333533739868172292
1333533760600596480
1333533910618173441
1333534077924753408
1333534283764535296
1333534389184040962
1333534556868194314
1333534582596112385
1333534610563751936
1333534938717630464
1333534949991800832
1333534971370364940
1333535206842789889
1333535324878811138
1333535416474099715
1333535491434528768
1333535539316879363
1333535564625219587
1333535635341185027
1333535705205764102
1333535794049417216
1333535803004366849
1333535806779080704
1333535906515578887
1333536241309147141
1333536418069622785
1333536519131459585
1333536544930426880
1333536557840687105
1333536590933716992
1333536645526786049
1333536649901432832
1333536766528204802
1333536883754885122
1333536910195773440
1333537035164979206
1333537077250695174
1333537120607215621
1333537215083900929
1333537219873738754
1333537308407164932
1333537349914025986
1333537417693900800
1333537479987761153
1333537492650307585
1333537539056148481
1333537643922014208
1333537823794868229
1333538055886491648
1333538190930505728
1333538197243105288
1333538218667433987
1333538322854113280
1333538511170002951
1333538650102108161
1333538722369982466
1333538743702183936
1333538771246182402
1333538843732152326
1333538867782193152
1333538885679411202
1333538890498646016
1333538934790508544
1333539006634717188
1333539194824699904
1333539296834424832
1333539308951703552
1333539522299252739
1333539539244212224
1333539603320512512
1333539682169270275
1333539720702406657
1333539888638156805
1333539993386704900
1333540147795615747
1333540184684593153
1333540252351250432
1333540374728458240
1333540546384715786
1333540596225630208
1333540894033801218
1333540953903296513
1333540975612932099
1333541006906585090
1333541317805297676
1333541354908094465
1333541372452773889
1333541612551487490
1333541614527148038
1333541734568124420
1333541875073114113
1333542144322150401
1333542178841391108
1333542181932503040
1333542247963484160
1333542659298717696
1333542710611906560
1333542835782627329
1333542843999252482
1333542940350636032
1333543179459514368
1333543322972024833
1333543461056884744
1333543670981726209
1333543708986322944
1333543813646852097
1333543830327595009
1333544116718800898
1333544169797775366
1333544261963354113
1333544658543194114
1333544673139433477
1333544757805584392
1333544770195640320
1333544813409554435
1333544913359671297
1333545025813278720
1333545037834186754
1333545037955805186
1333545041881690112
1333545160492294147
1333545180683792385
1333545184320163843
1333545218336059401
1333545320190533644
1333545370706591750
1333545512780378112
1333545563552354307
1333545588332367885
1333545637900640256
1333545932944773122
1333545987084869633
1333546197299105796
1333546218094518272
1333546312638328833
1333440642328956932
1333440645839659009
1333440721051901955
1333440809589501952
1333440826358329347
1333440986115170305
1333441275874463748
1333441329695776778
1333441366962028544
1333441430493175808
1333441556049752066
1333441640237846530
1333441765676896257
1333441834131943426
1333441955297169411
1333442130715439105
1333442134699962384
1333442143562526721
1333442202270314496
1333442228509786113
1333442252023111680
1333442319236952065
1333442487327862786
1333442534606053378
1333442827120832521
1333442835832582148
1333442987620139008
1333443284908142601
1333443314109001728
1333443367926177795
1333443469369630730
1333443490169155590
1333443628832854017
1333443661992890368
1333443723716399107
1333443758390730757
1333443799586988033
1333443833342943239
1333443964179869708
1333444006873862146
1333444018181705728
1333444077761810436
1333444166240628739
1333444316711280644
1333444400425406471
1333444403776598019
1333444430691438598
1333444438761172993
1333444442733367303
1333444546953408518
1333444668235853825
1333444752386060295
1333444812180131840
1333444868639580163
1333444952265617426
1333445117487640585
1333445285356449793
1333445293396926465
1333445355669581832
1333445557398933504
1333445768858857485
1333445847925796866
1333445851168067585
1333445868305805314
1333445963470528513
1333445994890088448
1333446104134938634
1333446141229166610
1333446145029206018
1333446253632491522
1333446270288015362
1333446383865647106
1333446418124611584
1333446443382812674
1333446530771070976
1333446582646284288
1333446590254751745
1333446825093844993
1333446832735674373
1333446920744759298
1333446934145560586
1333447080275283969
1333447417170169856
1333447441782226945
1333447651476516872
1333447698020708353
1333447788747583493
1333447956876423169
1333447977822613505
1333448025016991745
1333448033485418496
1333448096097792003
1333448108605206536
1333448196912152576
1333448237810847746
1333448242370129920
1333448266315403270
1333448347751829504
1333448376281673728
1333448528073543680
1333448564295479297
1333448761528487940
1333448808236199947
1333448875466584064
1333448942176989184
1333449068518006787
1333449084678639621
1333449105771622401
1333449110733643779
1333449144850059264
1333449203004141571
1333449249670000645
1333449265041928198
1333449324148060163
1333449676188749827
1333449709445373958
1333449758418022401
1333449869827174400
1333450092536324097
1333450137734037512
1333450176216920064
1333450231053160451
1333450233808887810
1333450306848485377
1333450306814926855
1333450473051852801
1333450557076496388
1333450562419953664
1333450817894977536
1333450829794340870
1333450892280877056
1333451031880085504
1333451119889055744
1333451303381590021
1333451346935156737
1333451350928080903
1333451384428113931
1333451521401499651
1333451550245711873
1333451554662342661
1333451628272373769
1333451778394767366
1333451795931291648
1333451938424242190
1333451941406527489
1333451966538715140
1333452008054018054
1333452289655226369
1333452596699406339
1333452629033295879
1333452664177369089
1333452850979086338
1333452855244697604
1333453028750450691
1333453234048995333
1333453448336044036
1333453723943788544
1333453750254485521
1333453753031254017
1333453783083446280
1333453794525458433
1333453859042242561
1333453891938045952
1333453993490735106
1333454012994252803
1333454038034210817
1333454042895429633
1333454101502418946
1333454161573277696
1333454295157510144
1333454449390575619
1333454634061615107
1333454639929430017
1333454646397067265
1333454743910363136
1333454810234884103
1333454923040690179
1333454944351956992
1333455028091113472
1333455092637425665
1333455104889024513
1333455143350587392
1333455167023362054
1333455314872655874
1333455368761073666
1333455377602637825
1333455405322805254
1333455573665402893
1333455591377780759
1333501150029635585
1333501265804980224
1333501291339804673
1333501300483502085
1333501304145027072
1333501314823823371
1333501460944883712
1333501556981964808
1333501629778243588
1333501652620500997
1333501850625175560
1333501899950133248
1333501963691057156
1333502131660353537
1333502236559892480
1333502251722280966
1333502369540284417
1333502373923344385
1333502471063412737
1333502533931831297
1333502767688798211
1333502824009797633
1333502847518871553
1333502966339407878
1333503150242762754
1333503165971501064
1333503541160390667
1333503572932243457
1333503637419651074
1333503736316981248
1333503741908180999
1333503899735445504
1333503996984700928
1333504069042905090
1333504348655996928
1333504358105952256
1333504571256295431
1333504592248713218
1333504748406902785
1333504773853749249
1333504814576230408
1333504857924399110
1333505092931252228
1333505124904423433
1333505158894866432
1333505444342534144
1333505448595525633
1333505569290813440
1333505644746268673
1333505734697312256
1333505757829009411
1333505808349401088
1333505834324807685
1333505935482957824
1333505951572357123
1333506050897620993
1333506082489176075
1333506089963323392
1333506205164204034
1333506216740278272
1333506476632133633
1333506571859529738
1333506668664025089
1333506926198419457
1333507012303339522
1333507225965441025
1333507328470118406
1333507435529703425
1333507460959784962
1333507471084711941
1333507693873487879
1333507701150769153
1333507769044000770
1333507821925588992
1333507835678789634
1333508049282207747
1333508116558848003
1333508276969992192
1333508321316401152
1333508435984445449
1333508448093396992
1333508491215048707
1333508649877123076
1333508736820842507
1333508829754118148
1333508837408710660
1333508950612959232
1333508996049870848
1333509080070156289
1333509097052917760
1333509282256609282
1333509448858562567
1333509473978228739
1333509545566593024
1333509564289921026
1333509924513587204
1333509978750136322
1333509999503544323
1333510124950970370
1333510128918675456
1333510193561227264
1333510398750777344
1333510516111794177
1333510604456386562
1333510639399145477
1333511026520846336
1333511051028008960
1333511248931999744
1333511257039675394
1333511471809110016
1333511484039520256
1333511514007932931
1333511558895427585
1333511564897488900
1333511756769939456
1333512017613873152
1333512063398809601
1333512172673101826
1333512184333279233
1333512370937876480
1333512406241320963
1333512479062822918
1333512570054045699
1333512637200609280
1333512726501498880
1333512734848245760
1333512835108749315
1333512852183846913
1333512918877532162
1333513098267926532
1333513127288332289
1333513262105829376
1333513279747059713
1333513291080069123
1333513299573563395
1333513366653054982
1333513543371591683
1333513573679640581
1333513821185568769
1333513919248408577
1333514024408010754
1333514038664433664
1333514047501819907
1333514245045161985
1333514359482544131
1333514411047223296
1333514495763812354
1333514701414817795
1333514714396176385
1333514714786172928
1333514805538275328
1333514826883231747
1333515157629140997
1333515234573770761
1333515251791376389
1333515271076659200
1333515295982460930
1333515459870658560
1333515627898789894
1333515754147352578
1333515838046035973
1333515849492279296
1333515863631097857
1333515977380687872
1333516038944616448
1333199096383823872
1333199100133609472
1333199139094503425
1333199230425559041
1333199326810664963
1333199347694006275
1333199472252350466
1333199521199902720
1333199536022560772
1333199557342212097
1333199579584589825
1333199619799576578
1333199712997036038
1333199838255706112
1333199842068357125
1333199965330440193
1333200011149053952
1333200073312890880
1333200324912410626
1333200442155806724
1333200468361707521
1333200471402622976
1333200505619709953
1333200551320883203
1333200883757289473
1333201104465776641
1333201148837244928
1333201180894195713
1333201339988336641
1333201366945239040
1333201556875993089
1333201562378924034
1333201590996656129
1333201650119565315
1333201683808137218
1333201708885872642
1333201797469646862
1333201906781577218
1333202050419724290
1333202232192487425
1333202238483914754
1333202422337040385
1333202456528957446
1333202469099278340
1333202562170970112
1333202565467566080
1333202724188549122
1333202724658294786
1333202729301405696
1333202896331157505
1333202951058309120
1333203013654048769
1333203156373630976
1333203634155368448
1333203639314354178
1333203793396330500
1333203796147773445
1333203815336734721
1333203889521356804
1333203986816462849
1333204008320847874
1333204128986787847
1333204225329950720
1333204532566736897
1333204619498041346
1333204662800027648
1333204699487629312
1333205002463145987
1333205041038159878
1333205090434486272
1333205135909138433
1333205236761051136
1333205275487084546
1333205539258503170
1333205601640443905
1333205722495135745
1333205728383930368
1333205752341803009
1333205779181088768
1333205911662456835
1333205912081854464
1333206025059635203
1333206079677882368
1333206259496050691
1333206265221312512
1333206356145401856
1333206474701594624
1333206504606818304
1333206583661170688
1333206708458500099
1333206722609958912
1333206764183961600
1333206860325904386
1333206923013992450
1333207031822561280
1333207082196037632
1333207112298745857
1333207329890766849
1333207354230386689
1333207589291749376
1333207656996118528
1333207683122524162
1333207706702897153
1333207918045442059
1333208026321362944
1333208139114549250
1333208231863226368
1333208307230777344
1333208431579312128
1333208448830476288
1333208659095064576
1333208777252884481
1333209241449074693
1333209258318508033
1333209288068767747
1333209325414871041
1333209329730686976
1333209518273142789
1333209518478684160
1333209556546105344
1333209586661257216
1333209660971773952
1333209738071465984
1333209795814363137
1333209846141870087
1333209854115147776
1333209867075661824
1333209870250565632
1333209909463277571
1333210110097756162
1333210140326105088
1333210148274274306
1333210269934301184
1333210397780819969
1333210614257377280
1333210626299031552
1333210630795513859
1333210726496923650
1333210936514129922
1333210950258855943
1333211138104942598
1333211247068602368
1333211305428316163
1333211695070777351
1333211897794015233
1333212010515816449
1333212010922688514
1333212094238437376
1333212118779301891
1333212149372628993
1333212199435767809
1333212232570851329
1333212236769320961
1333212304146620416
1333212606694383617
1333212791663185921
1333213105380323328
1333213320032231426
1333213323882618880
1333213357332160512
1333213528447127553
1333213583484837893
1333213601235165189
1333213668222373890
1333213885231362050
1333213964872921088
1333516312568590342
1333516361906212869
1333516411898040326
1333516483863965696
1333516518336786432
1333516643654373378
1333516726118572032
1333516790551425024
1333517070756147202
1333517092495224833
1333517188288946178
1333517271289843712
1333517348335185920
1333518198856175617
1333518283102883846
1333518288018616326
1333518380712792069
1333518391756386307
1333518468256329730
1333518551139889152
1333518649517338628
1333518722942849026
1333518764802007041
1333518869940621313
1333519139781156870
1333519365250183172
1333519452474847241
1333519461152927748
1333519622096650242
1333519688563888129
1333519847918088194
1333519914037075970
1333520066323775488
1333520209144123403
1333520293101506561
1333520481727762433
1333520573138313216
1333520602121048078
1333520639903272966
1333520687294685184
1333520690293727232
1333520720450744320
1333520725370695685
1333520787450585090
1333520834737082370
1333521025380696064
1333521182440697861
1333521249528635395
1333521478541864960
1333521483860217857
1333521537824133126
1333521554911547392
1333521638667681795
1333521751800766464
1333521778019246080
1333521785078247424
1333521857220407301
1333522041505542150
1333522086376001538
1333522313724178432
1333522373388230656
1333522405503823872
1333522527755255808
1333522556033388546
1333522572986568704
1333522634223591426
1333522661234896897
1333522692612317185
1333522816361254912
1333522935311699975
1333522956027310085
1333523043017232384
1333523166023491584
1333523178451132416
1333523229240152064
1333523341198716929
1333523445481607171
1333523743231139840
1333523789607555072
1333523798474231809
1333523895341748226
1333523915528757249
1333523982763569158
1333524058227560448
1333524075495362561
1333524084349603840
1333524357025554436
1333524360775282692
1333524514987192323
1333524537208578049
1333524561007144963
1333525006186291200
1333525141628669952
1333525238315950097
1333525312072769536
1333525355907440640
1333525389021487107
1333525450413502467
1333525460278534152
1333525518008807425
1333525531099344906
1333525581380587520
1333525614213599235
1333525632395980801
1333525661282136067
1333525708425945089
1333525802428796929
1333525824864186370
1333525922675388416
1333525963615989760
1333526063717228546
1333526073007542272
1333526197939146752
1333526210178150400
1333526211453194241
1333526243212480512
1333526259897339914
1333526277869998084
1333526283343466496
1333526290801045509
1333526331129278464
1333526433021513730
1333526511383560192
1333526731630800899
1333526830893199360
1333526897980936193
1333526990721146882
1333527164055154690
1333527233789534208
1333527549469618179
1333527557791223822
1333527641505325060
1333527719812984833
1333527721457147905
1333527833625452545
1333527849207296000
1333527879771172870
1333527935358283779
1333527991918358528
1333528017277243392
1333528178124525568
1333528186496430087
1333528340272205826
1333528383867727874
1333528388464742405
1333528497671684096
1333528556085907458
1333528643402752002
1333528672209416193
1333528701070422019
1333528735807582209
1333528747400577024
1333528793605148672
1333528822889721858
1333528990733230083
1333529042104897536
1333529046194372612
1333529061541470210
1333529104440721408
1333529164566196226
1333529180374495233
1333529251732213763
1333529329817546760
1333529335177879554
1333529338755510273
1333529355012632577
1333529414374748160
1333529556796514304
1333529591470727168
1333529658785214465
1333529686513741825
1333529707623624705
1333529722479915009
1333529774447321088
1333529905028587520
1333530083181670402
1333530094564900864
1333530226618413056
1333530296004849676
1333530522568585223
1333530647990857729
1333530656295448576
1333530764961591302
1333530789426901001
1333530819005181964
1333530867084439553
1333530965696782338
1333531066460753922
1333531080541016067
1333531176708034562
1333531213089415175
1333274618807914502
1333274622872129537
1333274656158183425
1333274664450199554
1333274771488870401
1333274955899924482
1333275262302097410
1333275362214752256
1333275416690262016
1333275721872117760
1333275731141533697
1333275769821417472
1333275818945093632
1333275851522273280
1333275973010206722
1333276004429803521
1333276070523658242
1333276149787422723
1333276154560720897
1333276174752026625
1333276266942902272
1333276403014397953
1333276435923001344
1333276468529434626
1333276637606113280
1333276691360264194
1333277144831635462
1333277320975687684
1333277458242686978
1333277460574695425
1333277462004961283
1333277468116049920
1333277577985863686
1333277689273331714
1333277870886580224
1333277907217747968
1333277916441010177
1333278032933449729
1333278197450895360
1333278221241081858
1333278221807144961
1333278270113112068
1333278292779044865
1333278413998604291
1333278432646479872
1333278470307135488
1333279052312899590
1333279153584443394
1333279219581763589
1333279279841378305
1333279313584484353
1333279354554617858
1333279372426489858
1333279421537656833
1333279451447128064
1333279707928793089
1333279723447836673
1333279794130268160
1333279979082170368
1333280034468089856
1333280072946634758
1333280077103165442
1333280124611952640
1333280130639278081
1333280161479811074
1333280165351333889
1333280178122854400
1333280194694529024
1333280243025633280
1333280266601820160
1333280315322806273
1333280446105399296
1333280720454709260
1333280765463855105
1333280774200635392
1333280844224421890
1333280919764029441
1333281070352113670
1333281126413197312
1333281212757000192
1333281318533206017
1333281330558332929
1333281419288866818
1333281695865450498
1333281941416775680
1333281942222016512
1333281998845186048
1333282235630415877
1333282239484817408
1333282307063508994
1333282338516701186
1333282374520500225
1333282501779972096
1333282560323977218
1333282728842825728
1333282766830530561
1333282901824139264
1333283255265619968
1333283284852346881
1333283389902819328
1333283405325242369
1333283637429637120
1333283763233632256
1333283767801286658
1333283781302599680
1333283834234810368
1333283847186780163
1333284086161563649
1333284115429289991
1333284119489425408
1333284263970607104
1333284312695808003
1333284336452288513
1333284460637298690
1333284599355617281
1333284617860784130
1333284756839141376
1333284773347930112
1333284820680491009
1333284892608753664
1333284914154835969
1333285001174061057
1333285143231012864
1333285167474085888
1333285168673660937
1333285235555856384
1333285371556216832
1333285385108025344
1333285419065085952
1333285453059878912
1333285738515996672
1333285829687578624
1333285972847456258
1333286158856572935
1333286267786833920
1333286295414722560
1333286454836023296
1333286573304115202
1333286690375544833
1333286703700856833
1333287018760179712
1333287023000621056
1333287081179639808
1333287102436552704
1333287167699922944
1333287188641955841
1333287383459012609
1333287415658721280
1333287548949499905
1333287673885196291
1333287751773523968
1333287970778935297
1333288012537446402
1333288028140351489
1333288125154484224
1333288207799160832
1333288233669701633
1333288296823336966
1333288423822647296
1333288493838176256
1333288499332714499
1333288527631552512
1333288624050348032
1333288814547230720
1333288982755459072
1333289022530093056
1333289139391909888
1333289157410504704
1333289254328430594
1333289271017361408
1333289273475428352
1333289342236721155
1333289359865417728
1333289447249629184
1333214287268093954
1333214388963188736
1333214469237977088
1333214472769515520
1333214480415813632
1333214527412899841
1333214572963004417
1333214896037752832
1333214940908445698
1333215000572399616
1333215148752973825
1333215232072634368
1333215247960719365
1333215315220639744
1333215340650766336
1333215567822663681
1333215618040991745
1333215629386674179
1333215785838403585
1333215809993281539
1333215848597688321
1333215848840957952
1333215860698144768
1333215894575562753
1333215906659524611
1333216049710460933
1333216065799720960
1333216074628800513
1333216095243669504
1333216100335509505
1333216175153668099
1333216377017163778
1333216393270079495
1333216417580191744
1333216640914190336
1333216661403365379
1333216721356926977
1333216767720747009
1333216825220460549
1333216827313369088
1333216867213721600
1333216959077494788
1333217051410837505
1333217063897362432
1333217118142119936
1333217123133399041
1333217182071861248
1333217346186477570
1333217353711058945
1333217575703105538
1333217655327637505
1333217832000126976
1333217903387283457
1333218003647950848
1333218041786757126
1333218138079551491
1333218209521131524
1333218263661228035
1333218277309509632
1333218360918728705
1333218465059049473
1333218492921810950
1333218817724518400
1333219157337387008
1333219183744741376
1333219249918275586
1333219287943630851
1333219869962117121
1333219886995283968
1333219920604119040
1333219974664626176
1333220005693984771
1333220092604272642
1333220092713242628
1333220143070121984
1333220167669739520
1333220184690204673
1333220537804464129
1333220612559540225
1333220881443786755
1333220965615079424
1333220994232758273
1333221006660358145
1333221053338939393
1333221083080749056
1333221149946294273
1333221178542985216
1333221204316983297
1333221417605885952
1333221439625973763
1333221585612926981
1333221624317874181
1333221636103925763
1333221711282659333
1333221816605822979
1333221861900111872
1333221870594822144
1333221985015517184
1333222085238411266
1333222302998138880
1333222382597779456
1333222391334494208
1333222429456478208
1333222642627833863
1333222652081745925
1333222726937567233
1333222752547954688
1333222794067210240
1333222864850284545
1333222874119856134
1333222957481553921
1333222987089272832
1333223015685898242
1333223066155970563
1333223145638129666
1333223255520530439
1333223628641472512
1333223665710731265
1333223763442331652
1333223854563594242
1333224044196409346
1333224048046686209
1333224052044034048
1333224115172503553
1333224118804754433
1333224219212132352
1333224462641209346
1333224605918633986
1333224673287548929
1333224727566049280
1333224882709131265
1333224991219847168
1333225034379309057
1333225171839311877
1333225228919422976
1333225247101898752
1333225251405135875
1333225432611688448
1333225683934318594
1333225767568859140
1333225771830185987
1333225808824037388
1333225835071934464
1333225873273741313
1333225894047936512
1333226238039662593
1333226266414231553
1333226371464781824
1333226417597804544
1333226584963215360
1333226623055761409
1333226631603900417
1333226761962852352
1333226788282118150
1333226820964007947
1333226866233237506
1333227218579955713
1333227222845583360
1333227298435239943
1333227318949650434
1333227336964206592
1333227344220270593
1333227499258597376
1333227533454766083
1333227550374588422
1333227554786963456
1333227743908155393
1333227773301727232
1333227952767725570
1333228008111476737
1333228129293393921
1333228317810552832
1333228476871151616
1333228525738815490
1333228552884514817
1333228628319096835
1333228686418485248
1333228745281261568
1333228833743532033
1333228909131808769
1333229115655249921
1333229153030725633
1333229240322584578
1333229308245118982
1333229530903949316
1333229554882596864
1333229634230554625
1333229651326509056
1333229849343897602
1333229937642274818
1333230008085716994
1333230037043011584
1333230042327912448
1333230066629808130
1333230162985496577
1333230204920102912
1333230293432422401
1333230349095227393
1333230441164271621
1333230536102342657
1333230670747987968
1333230759994331137
1333230762745679872
1333230825513619458
1333230868945625090
1333230898637021184
1333230977183789056
1333231005755469825
1333231053058797569
1333231341584879617
1333231387902574593
1333231489417236482
1333231506177798144
1333231543821733888
1333231557285466115
1333231578525405184
1333231603720470529
1333231670002999296
1333231724063551489
1333231727519666181
1333232058651484161
1333232097939615744
1333232134258036737
1333232150854983682
1333232205397696512
1333232234829131776
1333232243767173121
1333232327544201217
1333232567387099142
1333232592242536449
1333232626119942147
1333232872451436545
1333233233232846851
1333233422043672581
1333233428334923777
1333233670979792897
1333233678961487873
1333233804702478336
1333234029974466561
1333234056495058945
1333234219519193088
1333234270014476289
1333234337605705730
1333234374339391489
1333234375123677185
1333234508590673923
1333234635116048386
1333234874107441155
1333234915626917889
1333234971008438279
1333235004118220800
1333235071860543488
1333235271408652289
1333235280061591554
1333235288106209285
1333235464959119360
1333235545380708352
1333235648853995521
1333235658752733185
1333235687844442112
1333235761446080512
1333235809739272192
1333235812662726664
1333235830257823744
1333235921249062914
1333235967671545860
1333235976492249092
1333236253467226122
1333236449978720256
1333236463517921286
1333236480202862594
1333236709681745922
1333236781299494913
1333236803466371072
1333236996731506688
1333237013609394177
1333237129858650120
1333237499074899969
1333237596093296645
1333237755564888065
1333237809717469191
1333238258445201408
1333238262136074241
1333238413982482433
1333238555586547712
1333238578130919425
1333238786583572481
1333238796440260613
1333238859291770881
1333239077295054848
1333239121964392451
1333239172883156994
1333239197940019201
1333239278667784193
1333239378848616451
1333239411216175104
1333239508435951623
1333239535086407680
1333239625478004736
1333239710718849026
1333239755539156993
1333239793623261184
1333239864414769153
1333239919632912385
1333240070841769985
1333240071139565568
1333240116794503172
1333240155348611072
1333240205822685185
1333240306242826240
1333240360479416321
1333240377399144449
1333240522123698180
1333240527408558080
1333240549160198147
1333240620534558721
1333240627950211072
1333240654504333314
1333240692206931968
1333240741775097856
1333240830748991494
1333240843323535360
1333240949569441792
1333241059741212673
1333241086152740867
1333241164443467776
1333241362272149504
1333241437308248067
1333241489321816064
1333241568871002112
1333241664236732417
1333241727210180609
1333241840431198209
1333241883355705345
1333241969879830528
1333241987647074305
1333242020035432449
1333242070828462082
1333242108224815105
1333242230442782720
1333242230962855936
1333242427826696193
1333242440376061953
1333242661759639552
1333242675412291584
1333242859777036288
1333242860070531077
1333242881570709504
1333243278284603393
1333243409356742661
1333243455708024832
1333243458979508230
1333243505154650115
1333243690228256771
1333243740643872776
1333243844683509760
1333244000594055169
1333244038280056832
1333244054591606784
1333244155762511872
1333244328391524352
1333395487064518659
1333395528021929984
1333395731294679043
1333395750378680320
1333395830229917701
1333395917815357440
1333395940984680448
1333395956692361216
1333396074795593728
1333396146325254146
1333396217913602050
1333396274830184450
1333396301732605952
1333396456569524224
1333396488123080706
1333396618222186497
1333396660161044482
1333396689118515200
1333396695468662786
1333396845704470536
1333396908136669185
1333397022964113410
1333397176953819137
1333397203910496256
1333397259933933569
1333397528516190208
1333397748603899907
1333397847199375360
1333397884029452290
1333398175084924929
1333398404865683459
1333398435446153219
1333398682935373824
1333398847909978121
1333398870634733575
1333399193969373184
1333399359099179009
1333399646950068230
1333399800037961730
1333399839091154949
1333399844954787841
1333399911509987329
1333399962999255040
1333400019425239041
1333400043676721152
1333400230528630787
1333400259733622792
1333400371679670280
1333400381372698625
1333400403833131015
1333400473873883137
1333400511563722758
1333400827629887491
1333400909464956928
1333400965999943683
1333401298826387457
1333401405516881922
1333401429764169730
1333401586954067970
1333401828697006081
1333401961333465088
1333402097010806784
1333402127008460805
1333402188022902789
1333402268050178049
1333402579200581632
1333402609949007874
1333402680111271941
1333402724851875846
1333402726567354369
1333402914216419328
1333402987205599232
1333403001638236160
1333403048421584900
1333403057455919105
1333403082911264769
1333403280681160713
1333403322817138688
1333403485241487362
1333403631853342722
1333403649691832325
1333403691496431619
1333403971852103682
1333404051707334664
1333404085664550912
1333404127666208771
1333404264874512384
1333404624494202881
1333404638264045568
1333404646262464518
1333404734129020940
1333404828710658052
1333405031723307011
1333405040116195328
1333405066682904578
1333405120202235906
1333405213437341702
1333405292588052482
1333405487627440130
1333405606636609539
1333405665663053825
1333405732599894016
1333405767446171653
1333405897188630528
1333405921922473985
1333405989333327872
1333406044140298241
1333406051056709641
1333406069293522949
1333406404409954304
1333406417051643904
1333406457702871041
1333406462744293377
1333406525361184768
1333406629874847746
1333406921039237121
1333406977888759808
1333406999854379009
1333407020343554049
1333407082729631744
1333407121728278535
1333407175549575169
1333407305728221184
1333407355967467520
1333407402767515652
1333407512188628993
1333407556853780481
1333407854951342080
1333408220547788801
1333408391260233730
1333408462907314178
1333408538845122562
1333408563952300033
1333408593035538441
1333408635439951872
1333408749566914560
1333408831720857601
1333408878256599043
1333409084075282432
1333409091625099266
1333409112864870400
1333409160419966982
1333409369820520448
1333409394944602116
1333409776454098944
1333409809157251072
1333409867659358209
1333409947967778817
1333410015420575745
1333410198954921991
1333410325383811079
1333380263397765127
1333380285849800704
1333380904891322368
1333380928014602247
1333381023774744577
1333381399013961728
1333381421906481157
1333381582728671233
1333381599522476037
1333381897469235200
1333381927559192578
1333381988451975172
1333382163509764097
1333382479198109702
1333382587100897282
1333382738817138688
1333383196109656064
1333383303592898560
1333383341660385281
1333383342994034690
1333383451291000836
1333383734737833989
1333383813792206848
1333383888492777475
1333383944910278664
1333383963851821058
1333384029073154055
1333384352584110082
1333384386071425024
1333384454354644994
1333384621011185665
1333384826024566786
1333384867174899713
1333385158804742144
1333385322692952064
1333385381874601986
1333385557330767880
1333385618299170816
1333385621973286913
1333385639023226880
1333385776487346177
1333385970717257728
1333385977734320137
1333386134676791299
1333386408053051395
1333386526928089089
1333386546364387329
1333386574210404353
1333386617667641345
1333386667684732929
1333386904671141888
1333386985592020993
1333387375708430336
1333387400899403776
1333387504570036226
1333387571406270464
1333387659998269440
1333387772992876549
1333387954916450308
1333387988273950722
1333388107941629957
1333388304021073920
1333388385382244355
1333388600361279493
1333388655348523010
1333388665956036610
1333388742778826757
1333388810462384130
1333388860890419201
1333388924018946048
1333388943035797506
1333389043560800259
1333389056701501443
1333389079795396608
1333389191212888066
1333389195780509699
1333389273366753281
1333389376466931714
1333389428925075463
1333389627521179649
1333389789920436225
1333389838289080321
1333390041188429828
1333390080019402753
1333390115033526273
1333390206565806080
1333390211665936386
1333390318977343492
1333390444559015938
1333390633906688000
1333390726491738112
1333390815339704320
1333390851582652416
1333391057221005312
1333391062631669762
1333391070793658368
1333391146584657921
1333391231867629569
1333391331461378054
1333391438080520192
1333391695480840193
1333391709217189888
1333391798597775360
1333391826670284803
1333391844990988296
1333391868688740355
1333391934816202754
1333391938553339904
1333392091079192582
1333392168677990402
1333392250223685632
1333392466804936706
1333392487646420997
1333392527920144384
1333392579203919872
1333392579459772422
1333392790701666307
1333393145544007682
1333393186517966848
1333393325588688900
1333393343749918720
1333393380169146384
1333393456350126080
1333393472032792578
1333393495806017536
1333393516110680066
1333393682905657346
1333393774131650561
1333393781140430851
1333393820352974852
1333393889143689217
1333393964087521290
1333394040914636804
1333394055888314385
1333394082010439680
1333394221303214084
1333394252794130432
1333394483862523904
1333394744672718848
1333394862012559361
1333394959584530432
1333394995504562179
1333395185712078848
1333395290431365126
1333395301760057348
1333289800078479363
1333289904521031681
1333290004127248384
1333290242787450881
1333290245580759041
1333290352296423424
1333290510069366786
1333290562292748288
1333290570664570882
1333290769973604352
1333290817255981057
1333290874399121409
1333290982721384454
1333291045644365824
1333291281775288320
1333291343385300993
1333291377984233474
1333291483752001538
1333291494543937537
1333291507843940354
1333291556598591488
1333291843333754885
1333292176587931648
1333292214093369344
1333292260407046144
1333292417504698375
1333292625768701953
1333292925783060480
1333292986017275905
1333293167064604673
1333293458430287872
1333293544207953924
1333293553330565122
1333293571311497217
1333293690660532225
1333293809317281792
1333293815315226626
1333294103321341952
1333294328215695362
1333294391893614593
1333294521510084608
1333294555299344384
1333294586924511233
1333294635217690626
1333294760191115265
1333294879590367233
1333294978685087744
1333295025669607424
1333295059882573825
1333295179780919296
1333295519926415368
1333295823388504065
1333295878484869120
1333296047259480064
1333296048685637635
1333296135457427456
1333296498759639041
1333296567848034306
1333296692108529664
1333296727856594950
1333296861399060480
1333296989975441408
1333296999660204033
1333297039699021824
1333297238492241920
1333297293332803585
1333297294955991042
1333297413033918464
1333297463613001730
1333297610103402496
1333297663018725376
1333297700448522241
1333297717888499713
1333297740671905792
1333297813942202368
1333297835027144704
1333297853389795335
1333298379703545856
1333298430421078016
1333298549560401920
1333298734424223744
1333298788941893632
1333298932571488256
1333299065988149248
1333299126386053120
1333299417496096770
1333299514132742145
1333299554641473537
1333299631502077953
1333299817926307841
1333300127457374208
1333300165608804352
1333300374728568832
1333300397709033478
1333300439278764032
1333300456156786688
1333300653381324801
1333300660079620096
1333300983259021312
1333301173164650497
1333301263308447745
1333301408037277696
1333301412235792386
1333301619400839169
1333301686480211968
1333301791631478784
1333301863714758657
1333302078282682369
1333302144250703872
1333302156602998784
1333302263561945089
1333302288228737024
1333302390808748034
1333302627526905856
1333302708627853317
1333302767994155009
1333302913368776704
1333303009758097409
1333303288893239296
1333303351958671360
1333303361093963776
1333303375123853312
1333303378261069824
1333303448708767747
1333303566140837889
1333303594699853825
1333303682398642177
1333303933805195265
1333303942042836998
1333303944337043456
1333304033440796676
1333304158720495617
1333304163074183169
1333304186352504832
1333304236440838144
1333304255352999942
1333304294146269185
1333304295081598976
1333304462774063105
1333304472760705025
1333304533376757760
1333304671113396224
1333366113284091905
1333366340032356352
1333366551282675713
1333366631003607040
1333366752194027520
1333366902664683521
1333366925473288194
1333367253501403137
1333367546993635329
1333367656204873729
1333367793006292992
1333367809309491202
1333367919812677632
1333368072242130944
1333368128353538048
1333368194929659905
1333368390552064000
1333368431878434818
1333368562199785472
1333368650410156032
1333368742726823940
1333368778508394499
1333368782891458560
1333368809994866688
1333368848788189185
1333369172416466945
1333369389958262785
1333369553385119749
1333369578857123840
1333369612575137792
1333369661598162944
1333369723447349248
1333369785741152259
1333370131414614018
1333370483832721411
1333370729287483393
1333370901010800643
1333371103633240064
1333371105009164288
1333371182113038337
1333371313545572352
1333371332373843969
1333371339659505664
1333371413571403777
1333371451131346949
1333371509675618304
1333371576327266304
1333371656681762817
1333371657864540165
1333371720078680064
1333371737090744322
1333371852937441281
1333371886491799555
1333372254038745089
1333372319222407169
1333372406161940480
1333372435463241732
1333372439414259716
1333372758911307776
1333372812002660352
1333372994031382529
1333373063774294017
1333373194124685315
1333373514192195588
1333373542520467468
1333373598812303361
1333373716399534080
1333373782736719872
1333374037335093248
1333374312229834760
1333374401916657664
1333374409671909377
1333374410917433345
1333374432425996288
1333374867886968832
1333374877005443073
1333374912959049733
1333375063790407684
1333375099156611072
1333375112784080896
1333375172930375680
1333375324546064385
1333375476107145217
1333375631866925056
1333375673503772672
1333375731414405120
1333375735571116034
1333375876843646977
1333375905855643648
1333375964554944512
1333376022545387523
1333376161758507008
1333376187914211329
1333376282835488769
1333376283338739714
1333376501132251138
1333376604295344129
1333376634813116418
1333376658355601409
1333376830603145217
1333376850928816132
1333376976371978240
1333377024241655809
1333377314470514689
1333377424063680512
1333377449950842884
1333377536814931968
1333377672429318146
1333377783897206785
1333377869121249280
1333377934338510854
1333378023282909214
1333378100411863041
1333378140324900869
1333378172340072449
1333378354448363520
1333378487319752706
1333378563433697281
1333378696896458753
1333378700017070081
1333378754245242880
1333379192898146305
1333379213018198018
1333379284287754240
1333379303136964608
1333379323798044673
1333379842994221058
1333379939056414722
1333380069155336193
1333304794904190977
1333304903352143873
1333304953838956545
1333305077155590144
1333305437651918848
1333305507474452481
1333305563489288193
1333305648747081728
1333305669441581056
1333305930981707777
1333305972534591488
1333306147210715136
1333306278538473472
1333306291075375105
1333306386143449088
1333306609179693056
1333306614409990144
1333307001124872192
1333307141814247425
1333307192007651330
1333307394617589761
1333307399688527872
1333307409394233346
1333307451324690433
1333307458270367745
1333307476297478145
1333307510619561984
1333307986517790722
1333308079581106178
1333308110149185542
1333308202616811522
1333308218831986688
1333308405939720193
1333308601197326336
1333308741765238784
1333308833024897027
1333309066282631169
1333309098289487873
1333309144309313536
1333309249619861510
1333309497620611074
1333309515245232128
1333309809509212160
1333309857856966656
1333309881659445248
1333309982595575808
1333310014602272768
1333310014845571072
1333310173750775808
1333310486251589634
1333310589599436800
1333310672927592448
1333310681626632197
1333311111416995842
1333311226483527681
1333311312387076103
1333311435691094016
1333311514799984641
1333311703132508161
1333311918971432960
1333312024571486208
1333312218717413377
1333312322584993797
1333312519625207809
1333312560301445124
1333312584229945345
1333312736671961088
1333312875407020032
1333313046991650818
1333313230324727808
1333313578502381569
1333313618398617600
1333313710077730816
1333313746635157508
1333313779665428480
1333313833805365249
1333313839887212545
1333313860455989254
1333313869490515968
1333314146868269059
1333314212823789568
1333314266531770369
1333314403752665088
1333314607386128384
1333314732351135746
1333314920033648640
1333314993064980480
1333315215786696705
1333315328265261057
1333315425413734400
1333315601775816705
1333315721724452866
1333315749771821057
1333315783045369857
1333315853178179585
1333316002898083840
1333316113065775104
1333316283820109824
1333316288454692867
1333316495544291329
1333316550808375297
1333316573982040065
1333316657473839104
1333316755738009600
1333316961367953408
1333317213948940290
1333317382920675328
1333317392412262400
1333317441322102785
1333317802439049218
1333317933234343936
1333317996127858690
1333318156413259776
1333318196804292608
1333318291222265858
1333318334117539842
1333318383257800704
1333318672325242881
1333318879096008709
1333318899694145536
1333319161548664837
1333319166695235586
1333319358366445569
1333319802526502913
1333350215118536704
1333350300304871426
1333350379019411457
1333350444454834184
1333350478223077376
1333350834470588416
1333350875356606464
1333350934064336897
1333350989122908160
1333351029534982144
1333351056751865856
1333351555505008640
1333351668075773953
1333351980916486146
1333352046251053057
1333352196864241664
1333352355186831362
1333352364510687235
1333352376628092929
1333352673316368385
1333352978774974466
1333353025360916481
1333353160900030465
1333353186820808704
1333353283860262912
1333353354576138240
1333353762338066434
1333354183421005834
1333354204610449409
1333354547817877509
1333354853389783040
1333354974307373057
1333355011447926784
1333355058189135872
1333355221989388289
1333355248354734080
1333355401065205761
1333355457260507136
1333355495332175872
1333355692984475648
1333356026431561731
1333356048342683648
1333356254610132994
1333356265884577793
1333356517454729225
1333356635868291076
1333357085199912961
1333357216053817345
1333357393908961281
1333357438100262913
1333357467179237381
1333357526725738498
1333357569881018368
1333357640265723904
1333357715838603264
1333357841097306114
1333357889797435395
1333357922911457280
1333358004062875649
1333358017136402432
1333358066222256128
1333358145112920064
1333358236708298754
1333358245042221056
1333358572961402882
1333358680612495360
1333358736992206848
1333358838465122305
1333358888536698880
1333359147308306432
1333359216766095361
1333359499407749123
1333359651509833728
1333359772314316801
1333359897161781249
1333360048991596546
1333360119418073088
1333360355821555712
1333360755501113344
1333360832252678144
1333360881313394689
1333360916428099584
1333361004781195267
1333361113937948676
1333361226257223680
1333361562275475459
1333361651593207808
1333361816324378629
1333361915070795780
1333362406416900097
1333362503775084548
1333362519059038210
1333362809636315140
1333363057704243200
1333363166000996355
1333363270997082113
1333363389951864833
1333363741585416192
1333363787043401728
1333363904924315649
1333363926344503296
1333363942576562187
1333364002534141953
1333364145622835201
1333364303345303552
1333364492651126784
1333364598507003910
1333364621961465856
1333364642178080769
1333364664353370117
1333364704832610304
1333320110207975426
1333320126637158401
1333320224289021952
1333320382787543049
1333320861756035074
1333321052412370945
1333321076470730765
1333321329693634562
1333321486891794432
1333321590700978176
1333321714948706304
1333321799631826945
1333321871845158915
1333321911464382465
1333321961364205570
1333322254260736000
1333322437107171328
1333322459165184005
1333322839135424514
1333323065720074245
1333323096049082368
1333323301750407169
1333323440674181122
1333323825027584000
1333323836431863813
1333324146437140484
1333324469029507072
1333324869962919938
1333324878997565441
1333325246116499462
1333325372386127873
1333325985358499840
1333326013925908480
1333326171757395968
1333326223137714178
1333326500590972928
1333326742535217153
1333327109553610755
1333327302411730944
1333327423207845888
1333327486931914752
1333327504996614145
1333327517394948096
1333327772803063808
1333327859256070147
1333328584933396480
1333328790626459648
1333328872960643073
1333328996503719936
1333329060534116352
1333329076342415360
1333329221456850945
1333329256949026816
1333329525825007616
1333329688626868224
1333329751990263808
1333330006618083328
1333330415898267648
1333330874184716288
1333331108721610753
1333331115038281729
1333331128766271490
1333331130292924417
1333331193480179714
1333331231031832577
1333331274258280448
1333331362321817602
1333331371675312128
1333331408559992839
1333331432387690496
1333331697140699136
1333331957225283585
1333332195579023361
1333332233508175875
1333332438391664641
1333333786650693632
1333333795156725760
1333333989281603586
1333334271398916103
1333334505290149888
1333334561372008452
1333334590560342016
1333334780608466945
1333334871184433156
1333335018165448704
1333335230405619712
1333335864739471361
1333335921282846720
1333336092116922369
1333336318739320832
1333336396589789184
1333336467456724992
1333336564731154432
1333336811465306112
1333337092970180609
1333337151115812865
1333337237807882241
1333337268480733189
1333337727702503424
1333338090933510145
1333338104430792707
1333338108243419137
1333338268230955009
1333338402113064960
1333338630295678976
1333338993098854402
1333339035633238016
1333339625713266689
1333339835885518849
1333339853862424576
1333339895637676033
1333340047559462913
1333340129633521664
1333340280033062918
1333340580571734016
1333340679167115264
1333340854497533956
1333340943626489858
1333341220957929472
1333341257196777475
1333341295172087809
1333341422129438722
1333341527238651916
1333341790271918081
1333342066273783808
1333342099215970305
1333342186868535297
1333342211400937473
1333342619905167362
1333342712939106305
1333342900873261058
1333343156562251779
1333343263827185666
1333343501921218561
1333344620592336902
1333344827631611905
1333344907034030080
1333345315726921728
1333345343652712449
1333345495624855552
1333345942368555008
1333346447140528135
1333346597632049152
1333346640393101312
1333346824711598080
1333347162147741697
1333347166576906240
1333347385418846210
1333347545788067844
1333347548426248196
1333347681549377538
1333347706920636417
1333347794724270080
1333347910264770561
1333347942644789249
1333348293284425728
1333348493499518976
1333348802305150981
1333348903727616000
1333348906005049344
1333348978725953538
1333349452795482112
1333349626557173762