1311455798820773888
1311455798707408897
1311455937148801024
1311456004060655617
1311456058347581441
1311456079478427652
1311456239017029632
1311456249641422848
1311456301986193408
1311456377496166400
1311456420253052935
1311456461470527491
1311456533205614592
1311456729629110275
1311456738030301186
1311456813750136832
1311456926660780033
1311457065269952512
1311457194890670081
1311457207922225152
1311457284065841153
1311457304420724738
1311457321353129986
1311457342723104768
1311457674102550530
1311457742540828672
1311457909444763648
1311457937576144896
1311457941287993344
1311458009374232578
1311458116861558784
1311458219055812608
1311458320805396481
1311458340980117505
1311458353156063233
1311458416037167106
1311458470814605312
1311458621277044736
1311458751765864450
1311458822993649666
1311458873052745729
1311458931609223169
1311458992837672960
1311458997531217920
1311459003659026435
1311459145221107713
1311459192709017600
1311459313681158150
1311459397311356930
1311459401853739008
1311459460208967681
1311459469033975813
1311459472573833221
1311459473505091584
1311459543956758530
1311459603037724672
1311459800589447168
1311459866976808961
1311459900556484608
1311459967619096576
1311459988502712322
1311460043410337798
1311460090889809921
1311460274038337537
1311460290458980352
1311460336554344448
1311460378765930496
1311460568050495488
1311460802533224448
1311460857201799169
1311460911656439809
1311460923857666048
1311461087653629952
1311461105063976961
1311461125549174784
1311461130133549056
1311461159145537536
1311461208625741824
1311461343862628360
1311461431569768449
1311461603469135872
1311461691734061056
1311461737514795009
1311461855467048962
1311461935045636102
1311461947766960129
1311461963948593152
1311461985414914048
1311462182824022016
1311462215782981632
1311462283340648449
1311462283424432128
1311462597628223488
1311462602229379072
1311462664577654784
1311462694587904002
1311462728192659456
1311462731959201803
1311462988088569862
1311463046670319620
1311463063535710209
1311463167231438848
1311463191763853312
1311463281710764032
1311463420877832193
1311463626683842562
1311463680077426688
1311463759731470336
1311463899976421376
1311463974915969028
1311464023460851713
1311464128838602753
1311464351421825025
1311464376293941248
1311464456405348355
1311464506330144774
1311464590408990720
1311464678535639042
1311464825029943296
1311464983730020354
1311465113912856576
1311465168539455488
1311465307496644608
1311465407530905606
1311465407702802434
1311465457849831425
1311465496261414912
1311465600854618112
1311465609536782336
1311465685122535424
1311465810636881923
1311465940064694272
1311466045815750656
1311466116514897920
1311466138300157952
1311466305103556609
1311466342969741312
1311466360464191488
1311466414574895106
1311466435005296641
1311466465283969025
1311466493956124673
1311466594690883585
1311466615582588928
1311466710965211136
1311466737729261568
1311466875725983750
1311466902594650113
1311466990721142785
1311467177686511616
1311467211194806273
1311467245403602944
1311467257546117122
1311467299652677635
1311467303851061249
1311467366925119489
1311467404229324802
1311467413058314240
1311467509497778176
1311467517345329154
1311467551193530369
1311467585024790529
1311467609846476800
1311467744236204032
1311467781833981952
1311467941137874946
1311467995613593603
1311468041448812544
1311468054438580224
1311468142347120643
1311468201121775616
1311468297427189760
1311468360819855360
1311468377454645250
1311468486183596037
1311468498523099136
1311468551723720704
1311468570753355777
1311468590340608000
1311468654274531331
1311468666634997761
1311469040221777920
1311469069271531522
1311469103547379713
1311469115865927680
1311469140838883330
1311469321420406791
1311469505403641856
1311469513741938688
1311469552174161925
1311469576845230080
1311470058711859200
1311470071928287232
1311470176584466433
1311470250051993602
1311470370025869314
1311470491136413697
1311470566524825606
1311470655028822016
1311470675748552704
1311803116665307136
1311803159145218048
1311803380998778880
1311803434904027150
1311803527497420801
1311803603074523137
1311803791902113793
1311803808322850819
1311803842074472448
1311803914065506305
1311803976912826369
1311804118671872000
1311804160698769408
1311804341104381953
1311804341364326400
1311804412206096385
1311804459266256897
1311804567940726784
1311804584860545026
1311804748497063937
1311804987358543878
1311805024637345793
1311805220750581763
1311805280901005316
1311805331312463873
1311805352212660225
1311805381056757761
1311805432713879552
1311805499193667585
1311805586716188679
1311805604743335936
1311805658245656576
1311805868103565313
1311805905483128833
1311805972994813953
1311806341694980096
1311806585295994881
1311806597618782208
1311806702908391426
1311806773985046528
1311806828234366976
1311806907712110592
1311806950280228865
1311807042936549388
1311807167582928897
1311807201632288771
1311807218891845639
1311807378304761860
1311807646325002240
1311807665027395586
1311807667862634496
1311807700762800129
1311807780362350597
1311807944598708224
1311807956472803328
1311808124446281728
1311808183065874433
1311808309616209920
1311808384417619975
1311808397184962561
1311808430433284097
1311808461785763840
1311808484959232000
1311808514860429313
1311808590102048768
1311808598692040704
1311808676609613824
1311808724768612363
1311808812815441920
1311808892385587200
1311808910819504131
1311809009100488704
1311809081884110849
1311809381080731655
1311809406103818240
1311809596982521858
1311809813295267841
1311809885978406918
1311809906589265921
1311810051821142018
1311810075305148418
1311810091193171968
1311810095420907520
1311810120930689024
1311810121509601280
1311810137967845377
1311810187876069378
1311810188060622848
1311810403257679873
1311810418919247872
1311810427848802305
1311810748780285959
1311810892447744001
1311810943287005185
1311810995585716224
1311811170261626880
1311811187064135683
1311811262075019264
1311811282077614080
1311811300075483136
1311811302554296320
1311811492564668416
1311811515549351937
1311811559820328961
1311811631022845952
1311811774551793665
1311811794801917958
1311811890989858816
1311812000310325256
1311812050583076864
1311812474031673344
1311812609113456640
1311812775505690624
1311813141840515081
1311813233595088896
1311813337773232130
1311813357721341954
1311813471831502848
1311813493402865665
1311813606439174145
1311813622356602880
1311813657022664706
1311813799507308548
1311813983700168705
1311813988494331909
1311814181457457154
1311814554758701056
1311814562258116608
1311814600673894401
1311814637961138177
1311814735176904705
1311814944590049286
1311815087800356865
1311815251072086021
1311815301156106240
1311815346987446272
1311815423512449024
1311815447860264960
1311815573609865216
1311815678828204038
1311815695584305154
1311815732787916800
1311815737162506241
1311815742094942209
1311815845849432064
1311816089299542016
1311816177182666753
1311816353284714496
1311816387908771840
1311816429482569728
1311816462961700864
1311816563402649601
1311816634739290112
1311816727215460359
1311816764947300354
1311816797918765056
1311816906744176642
1311817037354864653
1311817066354225157
1311817171677265920
1311817293438111744
1311817418767966209
1311817561386803200
1311817817897930752
1311817885510062081
1311817889268277254
1311817965046816770
1311817998450282496
1311818097771376640
1311788046262640646
1311788105708470277
1311788231499878401
1311788369299431424
1311788406817525760
1311788466636759040
1311788515768889348
1311788562334076928
1311788608605638659
1311788650376568832
1311788810255073286
1311788826893967363
1311789095157465089
1311789140984442880
1311789292226842626
1311789350787723264
1311789382140080128
1311789436875804673
1311789510347243520
1311789724034621441
1311789837503078400
1311789895489331203
1311789946391326720
1311790029933441024
1311790039228198912
1311790113949532160
1311790139509739522
1311790143175622657
1311790429793185792
1311790444724903936
1311790498139394048
1311790525104754688
1311790571606831104
1311791468764450819
1311791469024378880
1311791493540175872
1311791729129869312
1311791863419019264
1311791892783398912
1311791905013985280
1311791944876486657
1311792165245386753
1311792186686496768
1311792216021577733
1311792228096860160
1311792781342306304
1311792815052070918
1311792849189564417
1311792887659552769
1311793092224262147
1311793158255194112
1311793335212945408
1311793444780736519
1311793616889708544
1311793721734762499
1311793783487565824
1311793805188902912
1311793809525821440
1311793829905825794
1311793887665696770
1311793977809657862
1311794048076783626
1311794072877764608
1311794216750596096
1311794249973878786
1311794266100953090
1311794468350316546
1311794484376551429
1311794489045004295
1311794619324264449
1311794689792790536
1311794736555003906
1311794795409551360
1311794861792587776
1311794879668858880
1311795243700965377
1311795302073077760
1311795432545300491
1311795440480907264
1311795479106277377
1311795792278155266
1311795898536652800
1311795910469316608
1311795927179550726
1311795973237215235
1311796338187591681
1311796343053090817
1311796350695088128
1311796463320662020
1311796472980148226
1311796496644399109
1311796618975305728
1311796687082598400
1311796758096293894
1311796782783967232
1311796787095769089
1311796799959707653
1311796803742900224
1311796900568469505
1311796992742502403
1311797022639362048
1311797143376556032
1311797198934306816
1311797236599148544
1311797295441092608
1311797520998174721
1311797840654417920
1311797862691463168
1311797869163286529
1311798016765030401
1311798301419765761
1311798314392842240
1311798540616818689
1311798725405179925
1311798725493297152
1311798792509968387
1311799081686237187
1311799144483258378
1311799169330434048
1311799228684029952
1311799253707218945
1311799267556642816
1311799375971016704
1311799505042407426
1311800012892975104
1311800054169047040
1311800087903834113
1311800115359817729
1311800213787545609
1311800243990589440
1311800331186188292
1311800377805856768
1311800457312886784
1311800616688087040
1311800645163384838
1311800654789255168
1311800662724804608
1311800771927826434
1311800772556808192
1311800847152689163
1311800922935160832
1311800927242854408
1311800977494867971
1311801085879779328
1311801128036839426
1311801294693306368
1311801325177327616
1311801438398545921
1311801472296902659
1311801485437464576
1311801492999942145
1311801501996781568
1311801572624658432
1311801607571480576
1311801644078845952
1311801719920025601
1311801883942502400
1311801941916221440
1311802076951969793
1311802110074408965
1311802295118516224
1311802788863774720
1311802818932727809
1311803036444975105
1311803049447391233
1311470990438928385
1311470998558916608
1311471041110257665
1311471045182926851
1311471045354823685
1311471065605046272
1311471066020220930
1311471146035032064
1311471195494252545
1311471284052807680
1311471296333709312
1311471405444333568
1311471497605677057
1311471573950496768
1311471741282082820
1311471754020257793
1311471821229879298
1311471824547516418
1311471849541263361
1311471888019808257
1311471904453140481
1311471955586035712
1311471992537743360
1311472068613992449
1311472072758038529
1311472156199604224
1311472273866530818
1311472400454868992
1311472626280271872
1311472659402838016
1311472665639694343
1311472764461539328
1311472849178316800
1311472902693363712
1311472978874560517
1311472990903656448
1311473007660015616
1311473255899967488
1311473330197798913
1311473456664502272
1311473460581822465
1311473532958846976
1311473645152210944
1311473729784832002
1311473859477069832
1311474165132783616
1311474279083462656
1311474370871726080
1311474418846248961
1311474421404762112
1311474505592705024
1311474514149011456
1311474551591755777
1311474613973479426
1311474695653519362
1311474748375863296
1311474756907077635
1311474899442044929
1311475105009152006
1311475180380790791
1311475358806536193
1311475465924890624
1311475470026899456
1311475507607810048
1311475596074070016
1311475708863053827
1311475709454553088
1311475709689376768
1311476046873624581
1311476203371536384
1311476396951134212
1311476489393713154
1311476509945794560
1311476898455846912
1311476908773777408
1311476954013536257
1311476979552718850
1311476980265545728
1311477030488170496
1311477080270483456
1311477214848966657
1311477272172531712
1311477667137376258
1311477705230213120
1311477982276603906
1311477994620289024
1311478033019265024
1311478058583552000
1311478091651452935
1311478125436391424
1311478179706679297
1311478329996869639
1311478369008132096
1311478515011903494
1311478519726309376
1311478527741624320
1311478712785752065
1311478816750137344
1311478876032425988
1311479110410043393
1311479122888196096
1311479161610022914
1311479253008093185
1311479258964000768
1311479261937664000
1311479320527896576
1311479412668284930
1311479420583120897
1311479547058159616
1311479622039736321
1311479634920308741
1311479827493339137
1311479930421743618
1311479962206179335
1311479982988750848
1311480075519320064
1311480096318992386
1311480360073482241
1311480385776373762
1311480431657848834
1311480482022948864
1311480487605678082
1311480725372317696
1311480725343014915
1311480788110635008
1311480880070905857
1311480889118019591
1311480998408880130
1311481107494440961
1311481144882290688
1311481269776130048
1311481312491040768
1311481510223065088
1311481526819856384
1311481568876257280
1311481585368207361
1311481631157477377
1311481668931252225
1311481689785409536
1311481778582945793
1311481820630798336
1311481824690933760
1311481942022422528
1311482198005080065
1311482273221562374
1311482411486765061
1311482633763934208
1311482666009587712
1311482735177789440
1311482743230955521
1311482872696573953
1311482885682143232
1311482910852046849
1311482952438747136
1311483027982184448
1311483064971821058
1311483145808752643
1311483242457989123
1311483347210829826
1311483435349729280
1311483472771461120
1311483531454033923
1311483598516686848
1311483632188416000
1311483824933666816
1311483867509923845
1311483904499556357
1311484143973277697
1311484156778631168
1311484383296204800
1311484522588848128
1311484569367920640
1311484676263952384
1311484689006448647
1311485054413987841
1311485062538506245
1311485083765932033
1311485285675433988
1311485319233986561
1311485324153954304
1311485406681141248
1311485427380113411
1311485435282161664
1311485492957855744
1311485629105139717
1311485662273646592
1311485725041397760
1311485910001778689
1311501093088632833
1311501226618445824
1311501238526238722
1311501352900550656
1311501395124719619
1311501537865326593
1311501583511945216
1311501591967485953
1311501604588265472
1311501797475979269
1311501798172221442
1311501861011230725
1311501923485327360
1311501952816046081
1311502109754429440
1311502218638622721
1311502276058513409
1311502279929987073
1311502535807520771
1311502540136120320
1311502556842123264
1311502560755408896
1311502598701113344
1311502657861771265
1311502670482432000
1311502728506478593
1311502777026138113
1311502829060677632
1311502909108936705
1311502917514530816
1311502929862504449
1311502946891231233
1311503064403259392
1311503090500153344
1311503147676958721
1311503215104532481
1311503383644246016
1311503496135540736
1311503525415981057
1311503621834584065
1311503680894500864
1311503870124724225
1311503890894876672
1311503979331821568
1311503982536224769
1311504096080338944
1311504335449321472
1311504565695635456
1311504616278781952
1311504637586026496
1311504671480086532
1311504691939999750
1311504747107553281
1311505095725666305
1311505148771004421
1311505169620836352
1311505196179230720
1311505304580960257
1311505363078799363
1311505430263332867
1311505548072845312
1311505614946791425
1311505668919095296
1311505693707366403
1311505763337080835
1311505954169663488
1311506021861523456
1311506343979896832
1311506361436434433
1311506386421858304
1311506390750461952
1311506646347153408
1311506763812929536
1311506809492967426
1311506818129039360
1311506843718516736
1311506843965956096
1311506939856158720
1311507048132038656
1311507141396553728
1311507380019101696
1311507544272240640
1311507560252334081
1311507577486835712
1311507668306190336
1311507675448893441
1311507749738631169
1311507804314890243
1311507846194851842
1311507951706943488
1311508005456879616
1311508067578785792
1311508176949465088
1311508189901451264
1311508823295905792
1311509046038425600
1311509120873369600
1311509150724231168
1311509154201133056
1311509243082670081
1311509263626366981
1311509339698470913
1311509473635135495
1311509510897299456
1311509511669198853
1311509552651698176
1311509555608793089
1311509733862334464
1311509779794325505
1311509796718292992
1311509796672032768
1311509825927417862
1311509863470514177
1311509909976969216
1311510008912199681
1311510010787237888
1311510110506606595
1311510313095790593
1311510383752962048
1311510476283613184
1311510517622730752
1311510832107331586
1311510840445722624
1311510878555189248
1311510902961651713
1311510996402438148
1311511063607771138
1311511163906207745
1311511289290686464
1311511562054754304
1311511742657298432
1311511830779621376
1311511934693449729
1311511985314562048
1311512194996109313
1311512233231282176
1311512475666395142
1311512594038087680
1311512610794160130
1311512703316430849
1311512803195355136
1311512845096493056
1311512859524833280
1311512958615216130
1311513071995834375
1311513156041297921
1311513168573804545
1311513248756199424
1311513264904380416
1311513323364651008
1311513377802457088
1311513432860942336
1311513470635040769
1311513471016730626
1311513567120830466
1311513667524005888
1311513700977836033
1311513811061370881
1311513847958773761
1311513902597898242
1311514170328854528
1311514175496216576
1311514212586397698
1311514401300598784
1311514409467076608
1311514448297943040
1311514469038649344
1311514581659979781
1311514628585816064
1311514682856026112
1311514686911725569
1311514779027230720
1311515018484166656
1311515088965206017
1311515118669160448
1311515135526277121
1311515185782423553
1311515267441266689
1311515270628868104
1311515412073336832
1311515429706162176
1311515442129727488
1311515570206994433
1311515614234783744
1311515651094327296
1311515655477186560
1311515719075598336
1311515743859679232
1311515807143272448
1311515858242543616
1311515911715610624
1311515950189961217
1311515970071080960
1311516120642318337
1311486006567329792
1311486043909226497
1311486165778927616
1311486245638299648
1311486262407311361
1311486484638306305
1311486513889280004
1311486521820807169
1311486521850109955
1311486531295739904
1311486626787463169
1311486647494676483
1311486706584035328
1311486744257208321
1311486786145640451
1311486853791600641
1311486903443750914
1311487004207710208
1311487117420232704
1311487137901170688
1311487151607963649
1311487259653226497
1311487269061251072
1311487423503839238
1311487432739577856
1311487436686594048
1311487445230387201
1311487474322071552
1311487520803352579
1311487562972893192
1311487620711497728
1311487826920431616
1311487931710943232
1311488137219186688
1311488174796025858
1311488249957937152
1311488270887510016
1311488291871559680
1311488304223842304
1311488396431446016
1311488552014839814
1311488602036150273
1311488631547326465
1311488657140850688
1311488719518539776
1311488791505403905
1311488799218659328
1311488958342275072
1311488958761594880
1311489010192318476
1311489051027963907
1311489063409639424
1311489151414534144
1311489315608944640
1311489390871445510
1311489403546750978
1311489478779908096
1311489533695885312
1311489546740264960
1311489570916139010
1311489638503194624
1311489638578753536
1311489654705786880
1311489693503180800
1311489756178587650
1311489772515454977
1311489892371894272
1311489915536904192
1311490179195002880
1311490237856731139
1311490238032891906
1311490639490506754
1311490767039336448
1311490825960910853
1311490858592677888
1311491055905312769
1311491144526643201
1311491226068230146
1311491264504758272
1311491362504794113
1311491433644220417
1311491450606104576
1311491564116553729
1311491647163691009
1311491754948993027
1311491870241951744
1311491898775867392
1311491932514906117
1311491954325229574
1311492071149260802
1311492364654063617
1311492370089881600
1311492410615238657
1311492456609992704
1311492498800418816
1311492502948581382
1311492519960641537
1311492633303420928
1311492926955040769
1311493073830998016
1311493266089492480
1311493354476105728
1311493392015060992
1311493839970955265
1311493891229724672
1311493946485374978
1311493989435011072
1311494122138550273
1311494130200182784
1311494164010414081
1311494328079069186
1311494332030091265
1311494373457170432
1311494437172895745
1311494558044295170
1311494641951420416
1311494721236275202
1311494855739273218
1311494986060500992
1311495023301734401
1311495069958983681
1311495074581225474
1311495447916224513
1311495493575467008
1311495510486855681
1311495514333081603
1311495593940852736
1311495632549416960
1311495644167704577
1311495744898170886
1311495745074274304
1311495808534093825
1311495824938020865
1311495905141493760
1311495942072221696
1311496018668781573
1311496299406069760
1311496424954064896
1311496450015023106
1311496453869711360
1311496572107026433
1311496919701549057
1311496949216894976
1311497011779317760
1311497318076612608
1311497443964403713
1311497582116392960
1311497670939164672
1311497670998077440
1311497678816186368
1311497972820049921
1311497989475753984
1311498019104153600
1311498169323335681
1311498303469744128
1311498546969935873
1311498549281124354
1311498601697284096
1311499176337838080
1311500027865559041
1311500052880404480
1311500090998022144
1311500102951931904
1311500128264622080
1311500154214776834
1311500212020686850
1311500349945991168
1311500518821449731
1311500590900543490
1311500711260110849
1311500749080326145
1311500816985935872
1311500904818827265
1311501013090697216
1311772947275751425
1311772989545836544
1311773122929070081
1311773252675657730
1311773454262296577
1311773532519624704
1311773589398528003
1311773604883959810
1311773634575437824
1311773788913229824
1311773823293968385
1311773944924471300
1311774520634740741
1311774579464048641
1311774696162177025
1311774800562487306
1311774843533225984
1311774876487888904
1311775002040184832
1311775118243377166
1311775136538746880
1311775161901694976
1311775279170220032
1311775359168323584
1311775459731005446
1311775501472722952
1311775510222037002
1311775631768801284
1311775769253863425
1311775790309269506
1311775824899534848
1311775844759752708
1311775925177065473
1311776243646373893
1311776244032131072
1311776257282113536
1311776269546160133
1311776302450577413
1311776377599713281
1311776433786753026
1311776474437955585
1311776633494347777
1311776713118973952
1311776742374346754
1311776847340990464
1311777132281049088
1311777170210123776
1311777178640625664
1311777346471460867
1311777384086077440
1311777540218982401
1311777594358984704
1311777619503874054
1311777682435248128
1311777707034845185
1311777871170621440
1311777979706617857
1311778164587352065
1311778173193920514
1311778311698350081
1311778336226643968
1311778361451057152
1311778487305408512
1311778499187945476
1311778579471118337
1311778751500308480
1311778800733224962
1311778827065077777
1311778974478073856
1311779032564936707
1311779124084703233
1311779187980677120
1311779293521825792
1311779297049210882
1311779317752492040
1311779342800818176
1311779414779334656
1311779531724779521
1311779542391042049
1311779640894279681
1311779804442701824
1311779888664281088
1311780085733744643
1311780123981438976
1311780193267191808
1311780206882041857
1311780290667446272
1311780412763631623
1311780538777300992
1311780563850719232
1311780582007873536
1311780609459593216
1311780636584271872
1311780651457101826
1311780798492794882
1311781084057788416
1311781182384869389
1311781280820928513
1311781390304894977
1311781448421179403
1311781721424232449
1311781788780580872
1311781868099063809
1311782051188621312
1311782077633830920
1311782329363259392
1311782350985011203
1311782439128162305
1311782655252262912
1311782724085178369
1311782849570385920
1311783397438750721
1311783406766706688
1311783420704501767
1311783524660400133
1311783587797110784
1311783642562260995
1311783730139279363
1311784393413808128
1311784393581768706
1311784401290715136
1311784611849146370
1311784719537836033
1311784762151895040
1311784812982788097
1311785014338748417
1311785042872610816
1311785094185660423
1311785382867070982
1311785455109632001
1311785516849868800
1311785517403516930
1311785537963950083
1311785588803108864
1311785714758103043
1311785850108178432
1311785885927604224
1311785894005833728
1311785919855439874
1311786104580902912
1311786510799327232
1311786599944990721
1311786631792340995
1311786754320543744
1311786868204351492
1311786922361184256
1311787079257518082
1311787137063424000
1311787143648423940
1311787283507539973
1311787313001791488
1311787496985038854
1311787694247337987
1311787706939322368
1311787719287361538
1311787807141109760
1311787874338197504
1311787903622606850
1311787920240640000
1311727560569630720
1311727652248514560
1311727703666688000
1311727968008441856
1311728022135828480
1311728127111057410
1311728206718873600
1311728219192791040
1311728222720143363
1311728307214442499
1311728403456970755
1311728533207744514
1311728628129050628
1311728688950644736
1311728701009137664
1311728927438786562
1311729145597091840
1311729209723609088
1311729388967342080
1311729544601251840
1311729602906259456
1311729636930400257
1311729737480507392
1311729879386263552
1311729925574062082
1311730055253504003
1311730220353744896
1311730316646678531
1311730344857686021
1311730592682315777
1311730656314109952
1311730789705551878
1311730789823000582
1311730823486476288
1311730895133372416
1311731208737431561
1311731268191617024
1311731310210224130
1311731335409659906
1311731423368409089
1311731515504693250
1311731607934443520
1311731698393059328
1311731725400190976
1311731725488267264
1311731762733539329
1311731823727312896
1311731880333635587
1311731973669429251
1311732052308512768
1311732094255669253
1311732240775340032
1311732259469238272
1311732261834940416
1311732295481647104
1311732375815159808
1311732421415452672
1311732500901883904
1311732506111012864
1311732518270332928
1311732706364010497
1311732744309755904
1311732778225094656
1311732782213730304
1311732916364414979
1311732938967519238
1311732958659739649
1311733022006411268
1311733050816954368
1311733096497262592
1311733138742108160
1311733146774274049
1311733188620890112
1311733537515728896
1311733655182606336
1311733658735251457
1311733919277088774
1311733931910209536
1311733973572227072
1311734237670920197
1311734262530486273
1311734317614333960
1311734352422883328
1311734367899836417
1311734384832188416
1311734446916349958
1311734464440135681
1311734483037622272
1311734527010770944
1311734564717436928
1311734581016571904
1311734590156025857
1311734690714353665
1311734770192318466
1311734954645168130
1311734961733599232
1311735052972298242
1311735059502829574
1311735068348608512
1311735168479133697
1311735261257232384
1311735416307904512
1311735461979791362
1311735641160519681
1311735860790919168
1311735914788511753
1311736135513706497
1311736187892248581
1311736309975715840
1311736368079478793
1311736435834261504
1311736452292718601
1311736566138757121
1311736838311366657
1311736906019815424
1311736938370490368
1311737022713917442
1311737030716596226
1311737056717045760
1311737245192265728
1311737291422019591
1311737345755017222
1311737425794863104
1311737446640562180
1311737467024809984
1311737492253618176
1311737551628140546
1311737634637713415
1311737664765296640
1311737690992373762
1311737778217119746
1311737857695002626
1311737932324245507
1311738088910012417
1311738134208671745
1311738188721864704
1311738238592311299
1311738239263346688
1311738361338626048
1311738515697401858
1311738599512117248
1311738780143894528
1311738790688575489
1311738834632220673
1311739091248197633
1311739111250649088
1311739187465519105
1311739278918135808
1311739568471699456
1311739682041008128
1311739715561959424
1311739761070084102
1311739790824402944
1311739833094529029
1311739849330880513
1311739975277240320
1311740147344474112
1311740239665336322
1311740354731954176
1311740516187414530
1311740751634665475
1311740851970871296
1311740919155167233
1311741104308580354
1311741141403000834
1311741159547514883
1311741309565243392
1311741346739179520
1311741469296865285
1311741479661039616
1311741561483468802
1311741594417029120
1311741833207185408
1311741845781667840
1311741871115337730
1311741934545915904
1311742135742476289
1311742176733343747
1311742240075677697
1311742319662563328
1311742391444033538
1311742441490386944
1311742593135509505
1311742593290563585
1311682274958675968
1311682782222069767
1311682799141748738
1311682870428270592
1311683125903122435
1311683348344037377
1311683415901704192
1311683536458584064
1311683571862519808
1311683592196554752
1311683742654623745
1311683910926041089
1311684124940226562
1311684233610563584
1311684409641234433
1311684438590451713
1311684803226480641
1311684812210671618
1311684833568002053
1311685080964886528
1311685294702256128
1311685374020923393
1311685424646172672
1311685453460971520
1311685525120614400
1311685597002698753
1311685692628451328
1311685701059125250
1311685705773527043
1311685810727596035
1311686146011914242
1311686292229554176
1311686376845447168
1311686399943471104
1311686410361995264
1311686439411888131
1311686485830242305
1311686489928015874
1311686593904738304
1311686696111546369
1311686721059336193
1311686833336725504
1311686871789924353
1311686909333131264
1311686993290629122
1311687000693436416
1311687119157460992
1311687240117039104
1311687249160011776
1311687290771640324
1311687387433496576
1311687555142897667
1311687768989466631
1311687889630064640
1311687895191748608
1311687916091928576
1311688012317761536
1311688192433680384
1311688319718260739
1311688387045318656
1311688407517523974
1311688432603656193
1311688503361777665
1311688524463312901
1311688543031394304
1311688549121622017
1311688591182041088
1311688662183223296
1311688843003715585
1311688939997143048
1311688951770611715
1311689153269174274
1311689169991729159
1311689233086771204
1311689308638777344
1311689346207150081
1311689509432635393
1311689610280366080
1311689757466951681
1311689791545769989
1311689858126147589
1311689974971072512
1311690138586550273
1311690185600622596
1311690470515408896
1311690529122521089
1311690550282723329
1311690580024492032
1311690885755736064
1311690923605139457
1311690940147470336
1311691183631011848
1311691184981512193
1311691304863137792
1311691442717417475
1311691707369562113
1311691741838409730
1311691744958767104
1311691808406147072
1311692215651979264
1311692269033054208
1311692391062142976
1311692495915548672
1311692734516932608
1311692877651759104
1311693016139169794
1311693221643407360
1311693259337596934
1311693360688762884
1311693658631143429
1311693712368504832
1311693800562098176
1311694191492313088
1311694207111790595
1311694287315390464
1311694302465196034
1311694345309949952
1311694442198253568
1311694551468441602
1311694563833253888
1311694685124075521
1311694704862474242
1311694706884009985
1311694741566783489
1311694844730003458
1311694891249012741
1311695035751165954
1311695087617929217
1311695113236643842
1311695163224399873
1311695452962684929
1311695507262181376
1311695716855803904
1311695734576615425
1311695828722081793
1311695855758475264
1311695935098019841
1311696024247963656
1311696040790171653
1311696204011655168
1311696493414244352
1311696584116178949
1311696648242974725
1311696773908439040
1311696858486632448
1311696986052210688
1311697177052315652
1311697349136187398
1311697353687150592
1311742663649968128
1311742722328461315
1311742747536248832
1311742769208020993
1311742835977314305
1311743003669803008
1311743053678415885
1311743338949808129
1311743347749392384
1311743494147502082
1311743792144363524
1311743821361758208
1311743872414908421
1311743976089759744
1311743997531041792
1311744132524765185
1311744166125285376
1311744228708548611
1311744265433878528
1311744303648190471
1311744337647202306
1311744470803722243
1311744513660968960
1311744522464960520
1311744585270538240
1311744673527009287
1311744819987976193
1311744899868491778
1311744903441977345
1311744930822402073
1311744941626986497
1311745042713845760
1311745159747514369
1311745239607128066
1311745298730016769
1311745352500948995
1311745432612110337
1311745591567933441
1311745755468771333
1311745763794464769
1311745824519532559
1311746019709853696
1311746304826052614
1311746308638740482
1311746325344514048
1311746418051371009
1311746447835099136
1311746593746489344
1311746595487182851
1311746703037362177
1311746718183038977
1311746833341792256
1311746869161193473
1311746892263456769
1311746976334180352
1311747026376429573
1311747034253193216
1311747273538367489
1311747358204592130
1311747374226628608
1311747517311315970
1311747851257622533
1311747874938593280
1311748091318542342
1311748136298319872
1311748225397911555
1311748391341187074
1311748414850428928
1311748460845191168
1311748469221191680
1311748529627561986
1311748543342956544
1311748628965478400
1311748667443904520
1311748673986936832
1311748695826862081
1311748779658235904
1311748808657821714
1311748955986747392
1311749186505801728
1311749232211169281
1311749300100239360
1311749366986702848
1311749491976962048
1311749508833906689
1311749530111672321
1311749534498852869
1311749568288219136
1311749626542739456
1311749673024020480
1311749685783138304
1311749747410001921
1311750012255248387
1311750045872599043
1311750092530081793
1311750205381976071
1311750423536074755
1311750507359162368
1311750562048888833
1311750562363379714
1311750637130977280
1311750637076480000
1311750800889257986
1311750884842405888
1311751148685062144
1311751157648220160
1311751216960081921
1311751358400229376
1311751446275264515
1311751623933386758
1311751669710032902
1311751673350696960
1311751707127246849
1311751841265455107
1311751870361239554
1311751874635345925
1311751946424942594
1311752092462313472
1311752109679808512
1311752248343629825
1311752252487426049
1311752277863157760
1311752319244136449
1311752600174448640
1311752904899014657
1311752935789879296
1311752969990230016
1311753154669670401
1311753158578724864
1311753334324432897
1311753537441808384
1311753749476659200
1311754017790464004
1311754046982692864
1311754047632871424
1311754077248860160
1311754088745496577
1311754152398262278
1311754185243799557
1311754286817140736
1311754307482644481
1311754332614914051
1311754337627049984
1311754395261054982
1311754454350270465
1311754584424091659
1311754736060694528
1311754928218664961
1311754933222342656
1311755029427216387
1311755096095629319
1311755204765921285
1311755226139901953
1311755309866577920
1311755373095739392
1311755385766805505
1311755423352061954
1311755448274620423
1311755599047262209
1311755653795381248
1311755662402019329
1311755691145789447
1311755863913361408
1311755880950452225
1311756265966583810
1311756291354898439
1311756302851301376
1311756304168431617
1311756316717838337
1311756459802324994
1311756559723171841
1311756631919730690
1311756656091361280
1311756853743955968
1311756904389988352
1311757138520412162
1311757243742851073
1311757260117475330
1311757377843195905
1311757381978775558
1311757482465931265
1311757545153978373
1311757780332630016
1311757839015137280
1311757985413095425
1311758174136020994
1311758187981230080
1311758569121832960
1311758601896288258
1311758669357486080
1311758766862262272
1311758774122745859
1311758933586046977
1311759030726135809
1311759105246343174
1311759386482823169
1311759396599406606
1311759609154031617
1311759629827874821
1311759788959653888
1311759813131591682
1311759852788740097
1311759898255003649
1311760133370916867
1311760163309838336
1311760196662820864
1311760486086606848
1311760489991544843
1311760611450195968
1311760686716870656
1311760775510478849
1311760799682232321
1311760849992912902
1311760876077232128
1311760976719405056
1311760993123471360
1311761093539196928
1311761126930161675
1311761131975909393
1311761248862826499
1311761261630287874
1311761521664425984
1311761614119542796
1311761714170470420
1311761974380957696
1311762056438140928
1311762272604258304
1311762377394851843
1311762482612981760
1311762520085012480
1311762742647365656
1311762750251573248
1311762817637326848
1311762867805286402
1311762880468000771
1311763081555513347
1311763144679849986
1311763295867531264
1311763337965965312
1311763446996766720
1311763459013394433
1311763647727894529
1311763728468115463
1311763816267550721
1311763824265981953
1311763933011771394
1311763975361753090
1311764072065503232
1311764251959341057
1311764411640614923
1311764436261261312
1311764504154382336
1311764524760993794
1311764869344100355
1311764940227780618
1311765061426458624
1311765065444384768
1311765129332248576
1311765329299812352
1311765443309457411
1311765526872555520
1311765560355688448
1311765933887815687
1311765955656118272
1311766148237668352
1311766365246693376
1311766378265939968
1311766404169949184
1311766449833336833
1311766458167431177
1311766642783924225
1311766894748168192
1311766940176789505
1311767046208712704
1311767058137460736
1311767239083864065
1311767275817463810
1311767347066286092
1311767435092033539
1311767498610692098
1311767586963509248
1311767595004166144
1311767695151583237
1311767712209809409
1311767775518633986
1311767951381594114
1311767977923096583
1311768110576414720
1311768139827277825
1311768148660621313
1311768211675783168
1311768384023875585
1311768415149809665
1311768652543389696
1311768748190121985
1311768865370763271
1311768873893531652
1311769066923855883
1311769176114044928
1311769223895691266
1311769306372485121
1311769507980075008
1311769520210575362
1311769520525193216
1311769608639016960
1311769628956397568
1311769952832024576
1311770032200974336
1311770048470622213
1311770065507946497
1311770090837221377
1311770421482545152
1311770543406886912
1311770623597858816
1311770636352589824
1311770652056190976
1311770765684101124
1311770972064804864
1311770975776563201
1311771017472245767
1311771105485496320
1311771202294288396
1311771223651758082
1311771349631860742
1311771399787368448
1311771412076531712
1311771436630118412
1311771458067193856
1311771495958487047
1311771591718690819
1311771714007838720
1311771843758440448
1311771889648439298
1311771949249429504
1311772199749992448
1311772317958074368
1311772347037290496
1311772347687489536
1311772384647671808
1311772430671777793
1311772767000367104
1311516288993423362
1311516331313897473
1311516361076559872
1311516510968455169
1311516536797122560
1311516717751898112
1311516724815110144
1311516750375084032
1311516805408739329
1311516838119919616
1311516863310954496
1311516948421902336
1311517053157814272
1311517191616032769
1311517366828720128
1311517371866193920
1311517546827272192
1311517577341030403
1311517589126942721
1311517682014052352
1311517836557406208
1311517837106786310
1311517841020026885
1311518000332242945
1311518054698938368
1311518113410711558
1311518253202644992
1311518717923282944
1311518725435273217
1311518873590480896
1311518876958482432
1311518894524370944
1311518965387210753
1311519057397444611
1311519081992921093
1311519196077912065
1311519288344416258
1311519586081153025
1311519670080540673
1311519712694726656
1311519749084516352
1311520043059027969
1311520081399013378
1311520131063967745
1311520173396881408
1311520270130135041
1311520310664065029
1311520568555040768
1311520743545614336
1311520751573372929
1311520773367103488
1311520802102181888
1311520928753479680
1311520930586218496
1311521041320210433
1311521092167585792
1311521269167210496
1311521276486246401
1311521364642271232
1311521481893933057
1311521511572791296
1311521586625736704
1311521708327788544
1311521721715953664
1311521762857955328
1311521858722856961
1311521918625837056
1311522023252738054
1311522070052909058
1311522103397621760
1311522339788472321
1311522635428364288
1311522660879302656
1311522682240987137
1311522887002664960
1311522991239565317
1311523100652077057
1311523193325322240
1311523269011537921
1311523390763618304
1311523616325070848
1311523733530697728
1311524191292796928
1311524237354692610
1311524270984421377
1311524275187314688
1311524460185423873
1311524460663640064
1311524498143883264
1311524531006132225
1311524602087079936
1311524735939796992
1311524786347012096
1311524791761989632
1311524807528402945
1311524807620595712
1311524849731338240
1311525080774569984
1311525111128682496
1311525121866129408
1311525236131721221
1311525365106397185
1311525579145928704
1311525589082226690
1311525593079373824
1311525688919298048
1311525894863949825
1311525911087341568
1311526094999347202
1311526200670552065
1311526259654979584
1311526649628897280
1311526855162224640
1311526968203116545
1311526968664428544
1311527077196292096
1311527110272450560
1311527160339927041
1311527191046426624
1311527195303583745
1311527265147252736
1311527570794598401
1311527752911089669
1311528066800287744
1311528284769804288
1311528288926531584
1311528320530608128
1311528489921777665
1311528541377363968
1311528561594040327
1311528628690313221
1311528839978377216
1311528918713761794
1311529099530207232
1311529123915980800
1311529157226950658
1311529371786637312
1311529530528534528
1311529534647406592
1311529682408534016
1311529724724862977
1311530492081045504
1311530546367877121
1311530562616688640
1311530603867770880
1311530634003718144
1311530684562001926
1311530857476153345
1311530957061586944
1311531016322867200
1311531037315407872
1311531100058066944
1311531135734812672
1311697537632538625
1311697583371358215
1311697629961650176
1311697701264936961
1311697735167352832
1311697856202510337
1311697999572078592
1311698272201867265
1311698295861972992
1311698389000744960
1311698468512161800
1311698544638582786
1311699454899224577
1311699462369226754
1311699550986530816
1311699562789318657
1311699638492246017
1311699718511251456
1311699811339436032
1311699882525233153
1311699923985866754
1311700025005740032
1311700502808125443
1311700586572787712
1311700754193960968
1311700817360105472
1311700972712984576
1311701035573014528
1311701186450522115
1311701324736720897
1311701404499746817
1311701589120430080
1311701672872345600
1311701702412820481
1311701740094447616
1311701785858498561
1311701786294714373
1311701816053243909
1311701823812710401
1311701882503536642
1311701929161109504
1311702113832112135
1311702268471894016
1311702331789135873
1311702553508417536
1311702557954387970
1311702611477831682
1311702625759293440
1311702708685090816
1311702818064138241
1311702843531952128
1311702849978609665
1311702919431872512
1311703097899732993
1311703140710973440
1311703363088777216
1311703417820196873
1311703447536832517
1311703568714469378
1311703594333360130
1311703610825334784
1311703669772083201
1311703728282628097
1311703963239092225
1311703984176992257
1311704067932971011
1311704185432428544
1311704197730119680
1311704247554072576
1311704353699487746
1311704454127857664
1311704747389444108
1311704789542109184
1311704798689923075
1311704911244144646
1311704977929195520
1311705050549571586
1311705066894749697
1311705078508802049
1311705346554163201
1311705347267100673
1311705498870312965
1311705520114266112
1311705544332210176
1311705980485464064
1311706114816380928
1311706207225167872
1311706278234857472
1311706320723234816
1311706354294251520
1311706412435861509
1311706421914992640
1311706479683162113
1311706492324769794
1311706542278836226
1311706592488849409
1311706622008360960
1311706668238020609
1311706756586840064
1311706781459140613
1311706877777121288
1311706916683427840
1311707013072781312
1311707024686682112
1311707146510245889
1311707156014608385
1311707159340748804
1311707188726038529
1311707206090452993
1311707225015103488
1311707230371278848
1311707238403387392
1311707273065115651
1311707372994408449
1311707448613404672
1311707663072456706
1311707759327543298
1311707825857613827
1311707918035714050
1311708086428725248
1311708153646465025
1311708463286939649
1311708471901908993
1311708556228403200
1311708631709048833
1311708635375042562
1311708744309305345
1311708757760651266
1311708787447754754
1311708845018959873
1311708899611942915
1311708924706541569
1311709084136038401
1311709092436602880
1311709239820390401
1311709283860525056
1311709286070878208
1311709394854387713
1311709453146873857
1311709537578225668
1311709562941198339
1311709592070496256
1311709626304323584
1311709637826285568
1311709680285163521
1311709709871833089
1311709876976971777
1311709927803584512
1311709931519836161
1311709986813173761
1311710045575364608
1311710061803130880
1311710132590395394
1311710208041709575
1311710215272890370
1311710217000939522
1311710233849454593
1311710292376776704
1311710427047432192
1311710464045350912
1311710531234000898
1311710556596953088
1311710577836744709
1311710593905315845
1311710644144611329
1311710771139743744
1311710946629480449
1311710958558089216
1311711085800587264
1311711379330605056
1311711501586239491
1311711509257519104
1311711617051049984
1311711639138430977
1311711668804743168
1311711718297473024
1311711811222339584
1311711912128774151
1311711928125976577
1311712024414564353
1311712058971480065
1311712155050401795
1311712159110443008
1311712192912412678
1311712200852230144
1311712309648060416
1311712792731250689
1311712892597739523
1311712945886449667
1311713245087096835
1311713254020972544
1311713291534839808
1311713341899907072
1311713375076986880
1311713496363565059
1311713526378098694
1311713589858766848
1311713669101699075
1311713673920954368
1311713694640939015
1311713786277969921
1311713923037626376
1311713954545229825
1311713987126415365
1311714159281811458
1311714213946028032
1311714666826133511
1311714835319738368
1311714972712353793
1311714973685604353
1311714973857574915
1311714981986009093
1311715087271579649
1311715195463462912
1311715375604695041
1311715411117907968
1311715421700198400
1311715535273562112
1311715698624942083
1311715719697047554
1311715719948783621
1311715769898631168
1311715909371940864
1311715929445879808
1311715966846468096
1311716546415190016
1311716646466260993
1311716713503875074
1311716772169617409
1311716805807800320
1311716843992821764
1311716864456904704
1311716911143628803
1311716940574990337
1311717196108689409
1311717209090162689
1311717280389226498
1311717464330448898
1311717519225282560
1311717557343260672
1311717561264988168
1311717607909683200
1311717615635705858
1311717645646000128
1311717649706082305
1311717662330847232
1311717679162634240
1311717728231862272
1311717753146015744
1311717800478728195
1311717930648903682
1311718248761692160
1311718257074855943
1311718399563771904
1311718547245027328
1311718601636814848
1311718689109090310
1311718794486861827
1311718805081591809
1311718891500912640
1311719167540813826
1311719407140339714
1311719407362736128
1311719465319424000
1311719700196360194
1311719704344444928
1311719800897368064
1311719837887012865
1311719960025067521
1311720182864379905
1311720219870625795
1311720354491125762
1311720706925682688
1311720736088829954
1311720840577327112
1311720854158413824
1311721088645124096
1311721210947031041
1311721218001768452
1311721231511683077
1311721281918767104
1311721294585528320
1311721533165854721
1311721562324832257
1311721566431055873
1311721709830131712
1311721759335485446
1311721907264409601
1311722048545263627
1311722065800687623
1311722204346933248
1311722221082091521
1311722268066603008
1311722342058545152
1311722362941984769
1311722448337997827
1311722590109663239
1311722611248947211
1311722611689156609
1311722674192748545
1311722799413841920
1311722812059521024
1311722845748199427
1311722875724931074
1311723147444486144
1311723232416985088
1311723370715774978
1311723554476568577
1311723655898906624
1311723681337360384
1311723836484866048
1311723952159494144
1311724066353668098
1311724078705803264
1311724381341536256
1311724385284182021
1311724443442573319
1311724460970520584
1311724524015149056
1311724544462331906
1311724733738766337
1311724893512359937
1311725014635479040
1311725090330103809
1311725299671982083
1311725337982775297
1311725354390818816
1311725450285264897
1311725551825158144
1311725614748106754
1311725736391311361
1311725803579691008
1311725811318222849
1311725836530315274
1311725928960217090
1311726109428314113
1311726272624513024
1311726310696329216
1311726423468584960
1311726437079175171
1311726532231139329
1311726549234855942
1311726550065184768
1311726616473608192
1311726633724702721
1311726716516265986
1311727040391909376
1311727141139050496
1311727220084310023
1311727220893929477
1311727229605474305
1311727322047807490
1311531346523836416
1311531389649661952
1311531448583647234
1311531598131625987
1311531678574112768
1311531694567153665
1311531758656028672
1311531784249782273
1311532063561060358
1311532072503107589
1311532231735869440
1311532252463988736
1311532294146981889
1311532294662955008
1311532304020377600
1311532340150259712
1311532350006648832
1311532492118204416
1311532516902232064
1311532534409248768
1311532542022037504
1311532614088445952
1311532818552549377
1311532832716660737
1311533079438090240
1311533100069838849
1311533162145619969
1311533209444851713
1311533263740051456
1311533267821236225
1311533306404646913
1311533397819318272
1311533490685517824
1311533503033434112
1311533557509226498
1311533561510461440
1311533620251820032
1311533792226672641
1311534011223769088
1311534265893629952
1311534334382227456
1311534433137315840
1311534471351595009
1311534567736647681
1311534639811616768
1311534693704101888
1311534708048703489
1311534790995255296
1311534891918651393
1311534920259571713
1311535246777749504
1311535583437688832
1311535612474789888
1311535676521881601
1311535716728532992
1311536291964768258
1311536342292144128
1311536396226588672
1311536429932187649
1311536514485170181
1311536514543816704
1311536565072678912
1311536586392100864
1311536603500883968
1311537030745055232
1311537302708117506
1311537387193937921
1311537415354548225
1311537426238586882
1311537474959822850
1311537504869249025
1311537571063689216
1311537597408309248
1311537839725780992
1311537861599076352
1311538007988674560
1311538047515848706
1311538058077102080
1311538133452951552
1311538238536839168
1311538283948642305
1311538292165312512
1311538407076769792
1311538507521777664
1311538729207697408
1311538808542900229
1311538817250324480
1311538856026673154
1311539069399248896
1311539081713655808
1311539157366267906
1311539182871801857
1311539294834692096
1311539304695431168
1311539388644503552
1311539417983582208
1311539446236364800
1311539496354160640
1311539576771620865
1311539689690603520
1311540059812708352
1311540097150595073
1311540197625036801
1311540286191886336
1311540478639300608
1311540485689954304
1311540548575035392
1311540550575820801
1311540651033387008
1311540893061709830
1311541035932225537
1311541103833747456
1311541158196244480
1311541313561661440
1311541425612431360
1311541468801257477
1311541606152056834
1311541664494747648
1311541682287058945
1311541686359580673
1311541867037614082
1311542117366259712
1311542201906728965
1311542206419947521
1311542243438649345
1311542272350138368
1311542331464511488
1311542677096271872
1311542705005252608
1311542809384701952
1311542855370977281
1311543058916204545
1311543069292949504
1311543201283690496
1311543226843754496
1311543260423258112
1311543305289826305
1311543653173583873
1311543657393278976
1311543732815097858
1311543753107271681
1311543771226546176
1311543931742625793
1311543966844755969
1311543984368414723
1311543989493923840
1311544177109413889
1311544205332959232
1311544383569829888
1311544441019260929
1311544560615591937
1311544749661315072
1311544906939355136
1311544954670333952
1311544983216820226
1311545057665855488
1311545116415479808
1311545175337033729
1311545263685865472
1311545335844614144
1311545542175084544
1311545578514456576
1311545663147171840
1311545734324383744
1311545955355951104
1311545978231631873
1311546056547528705
1311546073949896704
1311546270947913728
1311546357958807552
1311637022793256962
1311637052082057216
1311637082142580741
1311637177835626501
1311637219501801473
1311637307334692864
1311637362368282626
1311637454756237314
1311637547349499904
1311637681919660034
1311637773233856515
1311637773850378240
1311637836853055489
1311637883036540928
1311637915672498178
1311637991895556097
1311638071637667841
1311638361254305792
1311638408679354368
1311638511938875393
1311638528334475266
1311638565822976000
1311638578636771329
1311638599822127104
1311638625411620867
1311638692029779968
1311638745943285760
1311639080959127557
1311639123225128966
1311639157421244419
1311639174127247360
1311639229060050945
1311639258906660864
1311639270285869057
1311639353807056896
1311639594341937152
1311639618761166856
1311639652684701696
1311639896155713537
1311640260007387139
1311640444539895814
1311640452681142279
1311640692310126593
1311640700509802498
1311640823293935627
1311641048712540160
1311641238421073929
1311641291776819200
1311641358613053440
1311641393144770563
1311641393777971201
1311641527265918978
1311641653854253058
1311641888223498240
1311641926232408064
1311641984495476736
1311642014497173504
1311642084844154887
1311642282425286657
1311642290876801025
1311642299210891264
1311642475778338819
1311642668133486594
1311642697506095105
1311642768708640768
1311642819199606784
1311642819640078336
1311642837071482880
1311642928364748801
1311642974309289984
1311642983708717056
1311643259060486144
1311643452560609281
1311643468435873793
1311643485292748800
1311643712443875328
1311643783092678657
1311643804873764864
1311643997106995201
1311644013699698690
1311644127587717120
1311644492727029760
1311644589447614467
1311644748260823042
1311644802606395392
1311645247370194944
1311645251329757185
1311645402396004352
1311645541206384644
1311645565843902466
1311645772006461441
1311645784111288320
1311645846916730883
1311646103402668033
1311646179013296128
1311646258445119488
1311646358357651459
1311646387545739264
1311646481787445252
1311646509520150528
1311646597969666048
1311646682417958914
1311646724478259200
1311646765272064001
1311646887834005505
1311647038593957890
1311647038635945985
1311647084462964736
1311647122102525952
1311647169192112128
1311647269586898945
1311647323047432193
1311647340000800768
1311647479746777088
1311647486738526208
1311647507986952192
1311647578484809728
1311647583996125185
1311647609912664066
1311647646889766914
1311647695988285444
1311647784546824200
1311647797104513024
1311647899235778561
1311648007868297216
1311648035936509953
1311648111832584192
1311648308759322625
1311648380402139137
1311648431912427521
1311648510618619906
1311648606387134464
1311648666080473096
1311648779309809665
1311648905449418752
1311648925598838785
1311648955357442050
1311649008981626881
1311649043462922240
1311649164397293568
1311649164732882944
1311649358660562944
1311649371092525056
1311649592111439874
1311649605537484800
1311649786077024257
1311649810123030533
1311650197676711936
1311650376718802944
1311650377784270848
1311650423858749441
1311650611633385472
1311650661700907008
1311650763119132672
1311650919105343488
1311650959974563841
1311650976508579841
1311651081303339008
1311651261499006976
1311651421411061761
1311651462469103617
1311651664273772544
1311651681134874637
1311651757852749825
1311651844637089793
1311651866581794816
1311651882608201728
1311652001151934469
1311652075089035264
1311652143766687744
1311652201366843392
1311652226931146752
1311652381269032960
1311652411178704896
1311652579374497792
1311652608910790659
1311652616405872641
1311652763584155649
1311652825542336513
1311652935705800705
1311653090085548032
1311653115246985216
1311653170842607619
1311653435687673857
1311653652248043522
1311653745604861962
1311653782657302531
1311654070025949186
1311654296509976578
1311654327543570433
1311654571375288321
1311654734470803462
1311654756155379714
1311655074968604672
1311655238298996737
1311655519124422657
1311655669595082753
1311655707687620608
1311655779011825665
1311655829158854658
1311655884263694336
1311655908536209411
1311656093639155714
1311656120612720640
1311656231883374593
1311656240792195079
1311656261973409792
1311656332836118528
1311656370517598208
1311656680468484097
1311656760474849281
1311656815097253888
1311657145956532232
1311657251623534592
1311657276718157824
1311657432796594177
1311657671985188864
1311657804600610817
1311657939887968257
1311657968329461760
1311658027649556480
1311658107869655040
1311658418051186688
1311658450632486913
1311658518571671559
1311658564352704513
1311658567972409345
1311658749346615296
1311658824210808832
1311658837137645568
1311658883228798978
1311658891936108544
1311658917387276289
1311659114003652609
1311659156131069954
1311659317012172803
1311659461568876544
1311659478979313664
1311659520809201665
1311659796744097792
1311659873806024704
1311659910225104896
1311659948514844672
1311660083349204992
1311660439642746880
1311660455870500864
1311660464049475585
1311660548128415745
1311660648225406986
1311660846553079809
1311660854975234050
1311660884087930880
1311660937628332032
1311661030205001728
1311661109976477696
1311661306475245571
1311661424477962241
1311661483609202688
1311661550915198977
1311661587871207426
1311661714723745794
1311661740027912195
1311661806709092352
1311661861234864137
1311661868952551424
1311661887206100993
1311662222121136143
1311662234951716864
1311662275430813696
1311662280837230594
1311662344150364160
1311662448148017153
1311662742000943107
1311662796707307521
1311662821256634368
1311662842072965120
1311662901766303744
1311662943520673792
1311662997312430083
1311663127168253952
1311663176904331272
1311663224131993600
1311663336828874752
1311663378910248960
1311663677037133824
1311664041929007111
1311664214273150976
1311664285911785472
1311664361325301760
1311664389460652033
1311664415419191298
1311664461153890310
1311664574714671107
1311664655073337350
1311664700308897794
1311664905750274048
1311664913903841281
1311664934292348931
1311664985672683521
1311665195211616262
1311665220209655808
1311665599483764737
1311665632065191945
1311665689787166722
1311665770938548232
1311665840861769729
1311666021439139840
1311666282287099904
1311666303262887942
1311666897801281538
1311666919506755585
1311667011366207489
1311622078962053120
1311622100348801024
1311622258645848065
1311622274940899328
1311622563039240194
1311622593477312513
1311622652818272257
1311622822062587904
1311623126678208512
1311623232563408896
1311623379242319872
1311623823712817152
1311623927886745600
1311623962778976256
1311623963152470016
1311624067582230533
1311624346830540800
1311624423435198466
1311624498131673089
1311624553337171970
1311624570374414337
1311624636849958913
1311624951720480768
1311624984067010560
1311625051872153602
1311625215059865601
1311625413655842817
1311625454852485121
1311625740740366338
1311625899670933505
1311625958013591552
1311626189006540800
1311626193012240388
1311626210091335680
1311626340114862080
1311626529152081922
1311626536496361474
1311626691815628801
1311626956744675329
1311627073228660737
1311627093868937218
1311627119949160448
1311627161921609729
1311627211582177280
1311627440079372288
1311627896142934017
1311627920285274112
1311628017991659520
1311628084639129607
1311628169926135809
1311628281251328000
1311628457244205056
1311628490761015296
1311628608272773120
1311628799080116226
1311628878641721345
1311629090017939457
1311629144963403777
1311629154383728640
1311629295866052612
1311629343379132417
1311629423532298246
1311629523499331587
1311629536329641986
1311629560501460992
1311629670127988737
1311629674578169858
1311629750650241024
1311629854367010816
1311629905206091776
1311630098764832771
1311630258886651906
1311630307825778689
1311630505360666626
1311630542811672577
1311630577175388163
1311630667889942534
1311630672583426054
1311630777164148738
1311630900401184768
1311631175778291712
1311631264080891908
1311631301871456256
1311631506247426048
1311631510840238081
1311631519195299840
1311631594751287299
1311631678637473792
1311631775492444160
1311632136752041984
1311632149133623296
1311632237385850885
1311632265731092481
1311632283791765505
1311632304494784513
1311632371205185537
1311632375470841857
1311632525748469762
1311632602462289921
1311632685119483904
1311632921325973505
1311632958839611396
1311633009335037954
1311633217636708352
1311633566703419392
1311633605391716352
1311633741404614656
1311633759540858880
1311633793279766530
1311633868328296449
1311633884384129024
1311633906832150532
1311633927488987136
1311634087862571008
1311634178103013378
1311634183937314818
1311634224315760641
1311634292217446401
1311634366670364675
1311634442591571970
1311634456202153984
1311634619008200704
1311634649089740800
1311634874894254080
1311635130214047745
1311635247533043712
1311635378080804865
1311635566178512898
1311635668716736513
1311635679965851655
1311636187522756608
1311636238915563520
1311636372348825600
1311636578062790656
1311636700532109314
1311636791334711297
1311546528146755585
1311546628399136769
1311546727707672576
1311546961858719746
1311546963930673152
1311547071439273984
1311547228700504065
1311547281263394816
1311547289756864512
1311547486725644290
1311547532674322432
1311547587435155456
1311547696029851653
1311547758592090113
1311547987047460864
1311548049429151744
1311548082346225664
1311548185697902594
1311548196246753286
1311548210326900738
1311548258871902209
1311548536929103872
1311548864764149760
1311548900579307521
1311548945886134272
1311549101587099649
1311549306311249921
1311549601955164165
1311549661833039873
1311549835359723520
1311550116373975041
1311550197621645313
1311550207260332033
1311550225492959232
1311550340974571525
1311550456343207936
1311550461091016706
1311550735126007810
1311550946518855681
1311551009139769344
1311551135056969729
1311551166602514432
1311551196348526592
1311551244058726400
1311551361557966850
1311551472123904000
1311551568764907521
1311551613392154624
1311551758808739845
1311552085079465986
1311552367402389505
1311552421085159424
1311552578069512192
1311552579449491457
1311552659313381383
1311553007687995392
1311553074087952384
1311553227285037056
1311553358801428481
1311553477378801666
1311553487558373376
1311553527119052800
1311553720228880387
1311553773874094080
1311553775467991045
1311553887707508736
1311553934553681920
1311554075171999745
1311554123070922752
1311554159192141824
1311554174048403456
1311554194583760897
1311554264775438336
1311554281628078080
1311554299181244416
1311554782700634112
1311554833594281984
1311554945813012480
1311555118530256896
1311555167972548608
1311555300269461504
1311555419907784705
1311555477399130117
1311555745545097216
1311555873215410178
1311555942476120064
1311556112177664000
1311556385390419968
1311556419724902400
1311556609454362626
1311556628337037315
1311556665360216065
1311556680661053440
1311556852992229377
1311556856884625408
1311557143317942273
1311557308938362880
1311557390987386880
1311557522638028800
1311557528711565312
1311557712472207360
1311557769435049985
1311557863135825920
1311557923135348736
1311558174923776000
1311558184189022209
1311558278606880770
1311558299393949696
1311558392037732352
1311558605011738625
1311558678173151232
1311558729989529600
1311558858167529472
1311559199264894978
1311559254571089921
1311559262548766721
1311559276092108801
1311559279426465792
1311559338184507393
1311559441083293696
1311559466639405056
1311559540383666178
1311559757828747264
1311559764862742530
1311559767358427136
1311559848518017025
1311559961093320707
1311559964775919617
1311559985764081669
1311560029300953088
1311560044941639680
1311560079733211139
1311560081788542977
1311560225749696516
1311560233433653248
1311560284847435776
1311560406230601728
1311561164619419649
1311561329031872512
1311606783161458688
1311606843995836418
1311607048132534274
1311607067858415617
1311607320141590530
1311607552342450176
1311607643040034817
1311607749126565890
1311607762921705472
1311607849861218305
1311607970304847874
1311608018451214339
1311608076039053312
1311608270495203328
1311608370789601283
1311608442625417216
1311608515782479884
1311608545855655936
1311608548909084674
1311608570350374913
1311608600171667456
1311608859874799616
1311609030083850244
1311609152133890048
1311609171419320320
1311609195238617093
1311609230630289408
1311609276679573504
1311609327246094336
1311609599351554049
1311609893057683456
1311610091896999937
1311610231806480384
1311610395464007683
1311610397619892224
1311610458030379009
1311610579350687745
1311610586342580224
1311610642210541570
1311610673806413828
1311610720803487744
1311610775879012357
1311610841972772864
1311610842740219905
1311610896117096448
1311610910344003585
1311611007840800773
1311611038136229888
1311611337328521216
1311611463803469824
1311611490944782336
1311611493629276160
1311611757983657984
1311611801877065728
1311611954822344706
1311612014041739265
1311612131071193089
1311612407358410753
1311612432700313602
1311612482725638144
1311612582793445376
1311612642386116610
1311612877472759810
1311613125670645760
1311613210823360513
1311613217106427904
1311613218016686081
1311613236995907584
1311613623807209473
1311613632694890496
1311613665511182336
1311613798084759552
1311613828405157888
1311613841671892992
1311613895891615744
1311614035805319170
1311614174095699968
1311614321861029888
1311614361488764930
1311614414697754624
1311614418762051584
1311614546516340736
1311614572357283840
1311614624740134912
1311614679836504065
1311614810799341568
1311614836191703040
1311614926411182086
1311614927271071750
1311615133110677506
1311615228086571009
1311615254565183489
1311615275679137793
1311615435918528513
1311615454973231104
1311615569129545729
1311615611450122240
1311615887380799493
1311615992871686144
1311616017538322432
1311616098773630977
1311616226830016512
1311616333034000384
1311616412239171585
1311616473727721472
1311616556787523590
1311616629642424320
1311616668049776649
1311616696956801025
1311616870215086080
1311616998804262912
1311617070782722054
1311617196351684608
1311617198289555456
1311617662905090048
1311617683935449090
1311617753665736704
1311617771101466625
1311617791460507648
1311618282185728006
1311618372023586821
1311618496007086081
1311618702178234370
1311618790782832641
1311618829299183618
1311618932319694848
1311619226583683073
1311619284649545735
1311619330845495296
1311619402341572608
1311619418515034113
1311619628217634816
1311619661646229504
1311619805041045504
1311619909705662466
1311619919671422976
1311619995173089280
1311620178132819970
1311620182817857538
1311620487861145606
1311620598288642048
1311620639913058308
1311620803264421888
1311620807911706626
1311620816610750465
1311620849942827008
1311620853952663552
1311620867672158208
1311620895350419457
1311621264134594560
1311621336981217280
1311621361819885569
1311621435891253248
1311621448180604929
1311621588203208709
1311621740007763968
1311621847092539392
1311561520547950594
1311561700668305408
1311561764153114624
1311561842905366528
1311562040536956928
1311562051462987779
1311562278051995648
1311562314655715329
1311562334129852426
1311562411787264001
1311562436647030784
1311562437192290304
1311562557325537280
1311562798116339714
1311562879498412033
1311562946498097152
1311562952110206976
1311563434534662144
1311563527832973314
1311563584493686784
1311563722863894529
1311563882981400576
1311563958999023617
1311564101643100160
1311564176960102400
1311564316118642692
1311564349522280448
1311564369252286465
1311564586701602816
1311564716242808833
1311564854269014021
1311565114928058370
1311565145664090112
1311565209438498816
1311565237888319490
1311565262337052672
1311565301209878528
1311565306482098176
1311565328451661824
1311565529254109184
1311565573789081600
1311565610766102528
1311565709596479489
1311565849149538304
1311565929659142144
1311566071871148032
1311566123511537665
1311566276192542726
1311566357457244166
1311566429037101056
1311566557919801344
1311566643819151362
1311566688677105664
1311566848475893760
1311566928910200832
1311567049827790848
1311567053187284992
1311567194673893377
1311567230040190976
1311567247350001664
1311567303331516417
1311567372227096576
1311567513566744576
1311567687995195392
1311567804831797248
1311567812222021632
1311567849161469952
1311568109749317632
1311568203101896704
1311568248379330560
1311568362242220032
1311568390897664000
1311568452822290434
1311568483004674048
1311568517683122177
1311568866380845056
1311568879995564032
1311569059452985346
1311569062904967171
1311569193163055104
1311569496721719301
1311569625759571969
1311569674090541056
1311569724237647872
1311569761885536256
1311569780508426241
1311569980891320320
1311570002819112961
1311570033500254208
1311570066748579841
1311570092426133505
1311570109564178432
1311570408630636546
1311570478834696192
1311570653221449728
1311570692366688257
1311570781202255873
1311570869903257602
1311570874919575555
1311570883203362816
1311571060374999040
1311571243053862912
1311571273940701184
1311571359311499265
1311571373412810752
1311571433521250306
1311571475527237632
1311571738401009665
1311572033382342658
1311572255349051393
1311572454150725632
1311572537072115712
1311572559704535041
1311572589861466113
1311572696170463232
1311572714885320704
1311572812264542208
1311572846469099520
1311572870544453632
1311573222798888961
1311573233783631874
1311573361647116288
1311573369272365056
1311573534234177537
1311573611598295041
1311573900573265925
1311573982454386688
1311574089304281094
1311574117141929984
1311574135215095808
1311574173504868352
1311574202206638080
1311574252735336449
1311574305336102912
1311574416594268161
1311574437217542146
1311574494566387712
1311574504334929920
1311574536542846976
1311574590066487299
1311574652079280131
1311574657078833152
1311574888671522816
1311574964458475523
1311575000714010625
1311575069722701824
1311575104619515904
1311575292775817216
1311575347360481280
1311575541452099584
1311575740224212992
1311575939373961217
1311575987860238338
1311576163244933120
1311576463326490628
1311576520687747072
1311576559246020608
1311591683100819456
1311591744295890944
1311591924206170113
1311592198438227969
1311592271125655558
1311592400549281793
1311592471432921093
1311592852519096321
1311592927722840064
1311592938439241728
1311593159567130626
1311593342250221568
1311593423875584000
1311593512652034049
1311593598949847040
1311593887832641536
1311593930375532544
1311594044120879105
1311594057320132608
1311594105068290051
1311594215604924417
1311594488347807745
1311594576373780485
1311594594191245312
1311594608330145792
1311594625145221121
1311594655633600512
1311595202491166728
1311595216156192769
1311595288654761985
1311595417033936896
1311595742402883584
1311595888331104256
1311595906098032640
1311596095617851392
1311596209392349184
1311596273032728576
1311596362287415296
1311596424740577280
1311596474241867777
1311596504126291968
1311596541287845889
1311596744610906112
1311596869613576192
1311596888295002114
1311597164179664896
1311597325475885057
1311597345851793409
1311597492178481153
1311597582724988928
1311597847804956673
1311597855812063232
1311598063581048832
1311598546400018432
1311598553261903872
1311598793620557825
1311598879683551232
1311599281871167490
1311599301278212099
1311599403820441601
1311599435500068864
1311599764027453440
1311600002813231109
1311600130647158785
1311600203514904578
1311600239183159297
1311600250939994112
1311600257885786112
1311600415180574720
1311600464358707200
1311600906727759872
1311601030761713665
1311601074114121728
1311601146029633536
1311601183228923904
1311601193995526144
1311601278980698112
1311601299738169345
1311601468705824769
1311601566059819008
1311601604995493888
1311602027500376065
1311602295570866177
1311602434322558977
1311602438093320192
1311602444715974656
1311602446007824384
1311602481646968832
1311602505151807488
1311602526878220290
1311602577675493376
1311602582595330049
1311602604309241856
1311602619278909441
1311602776250765312
1311602916499750912
1311603051166412800
1311603072284659712
1311603191629324289
1311603952547516417
1311604059548405761
1311604214301421569
1311604344215789568
1311604377006813184
1311604393234530305
1311604501237780481
1311604550856519681
1311604749029040130
1311605096120283136
1311605126369607680
1311605219713863682
1311605340266528768
1311605382771548161
1311605419773550592
1311605475285389315
1311605603492454400
1311605747776548864
1311605777367470080
1311605821558718470
1311605835949367296
1311606084965150721
1311606281111777280
1311606282613395456
1311606367896113152
1311606441778839552
1311606563468120066
1311606752073469954
1311667175002828800
1311668814862528512
1311668948660756491
1311668968537632768
1311668996945711104
1311669113933225984
1311669147571425282
1311669315830251520
1311669562878889984
1311669649134751744
1311669844455108608
1311670008754442240
1311670027880476672
1311670049560825857
1311670111728742400
1311670168746184704
1311670310165524482
1311670458799005696
1311670473638531079
1311670518714716163
1311670532715286528
1311670121824280576
1311670807949725696
1311670912501067777
1311671042436485122
1311671098031865856
1311671222107803648
1311671295516401664
1311671304462843904
1311671973735407616
1311672195345678336
1311672208452980737
1311672292699635713
1311672527035531264
1311672788047060993
1311672863028469760
1311672884239179777
1311672979642822660
1311673160324931584
1311673161063202818
1311673273579700226
1311673361173557254
1311673361450315777
1311673428563439616
1311673440886296577
1311673483521339392
1311673542115721218
1311673558402248709
1311673739772342280
1311673843837149184
1311674016487354372
1311674074985361409
1311674075459268609
1311674116093734915
1311674435506769922
1311674725186314240
1311674753908912128
1311674858682683395
1311674933970309120
1311675030628175872
1311675107153268737
1311675270601072646
1311675446338224128
1311675522347405314
1311675638881845248
1311675681290543107
1311675718997356544
1311675723590111239
1311675798026424320
1311675933313699840
1311676007678709762
1311676031837696000
1311676209227497472
1311676249320890374
1311676364899201024
1311676465977622532
1311676540896391169
1311676625063497729
1311676633615675392
1311676754109640706
1311676839321047043
1311676966966181894
1311677099120484354
1311677342880759812
1311677485071904769
1311677501568020480
1311677616244563968
1311677623211380738
1311677790534750209
1311677945660882944
1311678081111859201
1311678172535107590
1311678223252688896
1311678231217680392
1311678466102898690
1311678520452677632
1311678751999172608
1311678856009601031
1311678890201550851
1311678962247110657
1311679023697854464
1311679052768395264
1311679095403495426
1311679116131827713
1311679195886518275
1311679241780563969
1311679270914347009
1311679271526633472
1311679410269978624
1311679585642147840
1311679586103488514
1311679665241649159
1311679774486601728
1311679976031350788
1311680051725897731
1311680181145350145
1311680298996953089
1311680555109560322
1311680587921534977
1311680655433048069
1311681041246179328
1311681087429464066
1311681163224850432
1311681230220517378
1311681258913755137
1311681306485575681
1311681347694534656
1311681364912209922
1311681373040709639
1311681565882114048
1311681639798407169
1311681754479042560
1311681775148687360
1311681809424568321
1311681859701682178
1311681876025843719
1311576598156517376
1311576817879396352
1311576880093552640
1311577133437915137
1311577211053334528
1311577220406751233
1311577370483216384
1311577469074452485
1311577589513777152
1311577744514445313
1311577759370473473
1311577776294686720
1311577804748795904
1311577856011653121
1311578003718238208
1311578030851133440
1311578201764790274
1311578215132000257
1311578458842071040
1311578498075627520
1311578528954159104
1311578671384272897
1311578772647411717
1311578869951008773
1311578871683112960
1311579120074141697
1311579244263333888
1311579301695950848
1311579468796850176
1311579602620309505
1311579637374480384
1311579655590289416
1311579824960479235
1311579872578490370
1311580007983198208
1311580326460882944
1311580559848730624
1311580774966099970
1311580901919293440
1311581330745044992
1311581337577574401
1311581390631124993
1311581468208979968
1311581502879268864
1311581508478676992
1311581600765804544
1311582102870134784
1311582129202114560
1311582182226432000
1311582360412983297
1311582374405312513
1311582422895476742
1311582447541219333
1311582602835439616
1311582651338428416
1311582694170669058
1311582752127496192
1311582857169567744
1311582884348788736
1311583856298913792
1311583880302952448
1311583946942017536
1311583978986467328
1311584129792634881
1311584130350690305
1311584162634031105
1311584216291831809
1311584248328052736
1311584414254747648
1311584417765228544
1311584425247821824
1311584532139659266
1311584845311557632
1311585067026673665
1311585191937355776
1311585266063212544
1311585266788790272
1311585482162106368
1311585541784305664
1311585703122202624
1311585764270981121
1311585924065697792
1311585934480203777
1311586076943933440
1311586245416345600
1311586272918540289
1311586282837962755
1311586294707949569
1311586333857640448
1311586347157606401
1311586550166085633
1311586765015330816
1311586943176773633
1311587073942417408
1311587103218839555
1311587140325662722
1311587286547480577
1311587514071707648
1311587638269358081
1311587664722763777
1311587685539041280
1311587875163705344
1311587985717043200
1311588051643248640
1311588276235431936
1311588468439445505
1311588535632359425
1311588605517795328
1311588788347469824
1311589174303059968
1311589182280667139
1311589225519742977
1311589325130346496
1311589499743338496
1311589533717331968
1311589599827746818
1311589607507718144
1311589675673452544
1311589678655602689
1311589727091519488
1311589858973036546
1311590045267054593
1311590090288910336
1311590404022730753
1311590560365449216
1311590631140069377
1311590697607323648
1311590775713456128
1311591086813515776
1311591122842517504
1311591149530877953
1311591331052036096
1311591484190339077
1311591598501892101
1311591604235501569