1311893668974989312
1311893670153650176
1311893742521966593
1311893776282001410
1311893801552633856
1311893812248100865
1311893890807463936
1311893897682055178
1311893923204194305
1311893960856670208
1311893981928869888
1311894036203012099
1311894125499740160
1311894130037907456
1311894166264139776
1311894219745824769
1311894283947929600
1311894342110380034
1311894347428716544
1311894381331320833
1311894388637917189
1311894396808253441
1311894406706864129
1311894667634577408
1311894682285170691
1311894723754225664
1311894779970678784
1311894833162719232
1311894896400195584
1311894902406610946
1311894933377224706
1311894960195674114
1311895036921929728
1311895101430550528
1311895136436183040
1311895160586858497
1311895193965142018
1311895228295442434
1311895231424589824
1311895235715268609
1311895313649631232
1311895340526825472
1311895407837040643
1311895451767984130
1311895453978505218
1311895485003649027
1311895491484037122
1311895491819569154
1311895531250085889
1311895562493603841
1311895666046709762
1311895698485334016
1311895716063850496
1311895751707033601
1311895762721153025
1311895792995774464
1311895818757173251
1311895915100282880
1311895923606183938
1311895946557444099
1311895969752125440
1311896070251778048
1311896196449935360
1311896228490338304
1311896258794094592
1311896263571304448
1311896355586015232
1311896366537469952
1311896376402419712
1311896380701577224
1311896395763253248
1311896422611066881
1311896495168258048
1311896540596760576
1311896632322142209
1311896678740439040
1311896703641948160
1311896766795657216
1311896812194852870
1311896817286762496
1311896825482412033
1311896838061133824
1311896945636507648
1311896960715063296
1311896997528580096
1311897168270127109
1311897170254032898
1311897202747416576
1311897217544843264
1311897236431753216
1311897236381589504
1311897371312181249
1311897404116004864
1311897466988449792
1311897479382806528
1311897529093558273
1311897604402352129
1311897714569875462
1311897744110481414
1311897786028363780
1311897859642408960
1311897900440604672
1311897926617255936
1311897987145056256
1311898111292342272
1311898125267734528
1311898170595569664
1311898246546026496
1311898293568303104
1311898373369352194
1311898465081925633
1311898534442987522
1311898565875249153
1311898645675958272
1311898700088836098
1311898700332044289
1311898729679671298
1311898809207644163
1311898814014353409
1311898856435707904
1311898928380473347
1311898998198939658
1311899060631199746
1311899098602188801
1311899111365337090
1311899207599632384
1311899229674254336
1311899272330256384
1311899303892447233
1311899316940931072
1311899375514218501
1311899388151824385
1311899443818455041
1311899461451280384
1311899541562564612
1311899556012077057
1311899606196850688
1311899718235152386
1311899738694995968
1311899761306267649
1311899767795060736
1311899793476722689
1311899795015913472
1311899836782768130
1311899858026913793
1311899863047577601
1311899921318961153
1311899926176038912
1311899945805516801
1311899966441320449
1311899979645157377
1311900059789750272
1311900084116828161
1311900181001109504
1311900214500880384
1311900243202576385
1311900250626502659
1311900302581231616
1311900337960255489
1311900440448118784
1311900449247653888
1311900515861749761
1311900521536524288
1311900554340098049
1311900566885335040
1311900579074015232
1311900625500876801
1311900856716066819
1311900874587942912
1311900898294022144
1311900906640867328
1311900923271081985
1311901036286742530
1311901158651224067
1311901165412593669
1311901191597514752
1311901205019451397
1311901522859614209
1311901531596304385
1311901602723385350
1311901652937568256
1311901732897726464
1311901812539166721
1311901865743773697
1311901925546364928
1311902110112387073
1311902136989634561
1311902279826579456
1311902314622529536
1311902378321305605
1311902550220709888
1311902560815464448
1311902584064667649
1311902631770484736
1311902672526610434
1311902769872166912
1311902798418771968
1311902919541755905
1311902919642411009
1311902968514453504
1311903002567999488
1311903074823348224
1311903087360192512
1311903201499648000
1311903381359939584
1311903411034415108
1311903565418565632
1311903610981154821
1311903647740067840
1311903664005677056
1311903682980532224
1311903724974080000
1311903775368462336
1311903838987857920
1311903855001690118
1311904052121423877
1311904128830828546
1311904404711387136
1311904584843976704
1311904593173835776
1311904673083711488
1311904727668592640
1311904769468899328
1311904832496828416
1311904865602269184
1311904940592308226
1311905054937370624
1311905087619563521
1311905101812961280
1311905239486746625
1311905466075672583
1311905482425106432
1311905486099243009
1311905515790831616
1311905579150069767
1311905717503303683
1311905725577224192
1311905864291237894
1311905914363023361
1311906023314132992
1311906082130808833
1311906090854969344
1311906119992971264
1311906145251008512
1311906162238001152
1311906190708801536
1311906254080499714
1311906262422937603
1311906325333377024
1311906363375722496
1311906434595065856
1311906501548597248
1311906512697282569
1311906593894588416
1311906656813543425
1311906904411721728
1311906925349670913
1311907088713551872
1311907265851453441
1311907328191606784
1311907344578535426
1311907464317734914
1311907484345401347
1311907495791652871
1311907500036325376
1311907520173109249
1311907523230756866
1311907535373307904
1311907575420645378
1311907575705735170
1311907754513100800
1311907766085120006
1311907772900966401
1311908038727655424
1311908158546178049
1311908200124428289
1311908242264645638
1311908389358764037
1311908403925659651
1311908481683906560
1311908498297417729
1311908498750558209
1311908661791526912
1311908682557386752
1311908720323055616
1312150375202349056
1312150505812967424
1312150526067310593
1312150613036167168
1312150714970378240
1312150760923168768
1312151159805636608
1312151293687808000
1312151449363603456
1312151805648728066
1312151893850820608
1312151993540960257
1312152011165425664
1312152124382343168
1312152149132861440
1312152254762283008
1312152271094833152
1312152443480752130
1312152627556225024
1312152632849395712
1312152824927547392
1312153197985759232
1312153236128759808
1312153273420279809
1312153369906036742
1312153575355674624
1312153718293364736
1312153881711788032
1312153928113377280
1312153973785202688
1312154049639182336
1312154074549116929
1312154196330737665
1312154300940861440
1312154317848154112
1312154352002318337
1312154364388106240
1312154464850071552
1312154708274900992
1312154796367835138
1312155014048051202
1312155055978475520
1312155089608470529
1312155190405918720
1312155262577377281
1312155358123548672
1312155395239018497
1312155425148608512
1312155534988988416
1312155668279828481
1312155694003490821
1312155807052517378
1312155933221347328
1312156058404618241
1312156201346506752
1312156465461780481
1312156532767772672
1312156536903331840
1312156612291784704
1312156646139863041
1312156746702483457
1312156909944799241
1312156977502412803
1312157120012328961
1312157279123206144
1312157319686307846
1312157388154134528
1312157438901022721
1312157493015932928
1312157545679601666
1312157589673705473
1312157766065115137
1312157786671783936
1312158080323342336
1312158126599139328
1312158356950282240
1312158390894817285
1312158451095597056
1312158526366576641
1312158680347885570
1312158743950286849
1312158776187785217
1312158805870796800
1312158851832012800
1312158856483500032
1312158902088163329
1312158917984616448
1312158919188307969
1312159091221917696
1312159099463716864
1312159132980449281
1312159149073920001
1312159175246376962
1312159722015866880
1312159724188520449
1312159738054889472
1312159889444151299
1312159980175278080
1312160001348136961
1312160009749368833
1312160034965475328
1312160189961785344
1312160202771243008
1312160231833571328
1312160634373455873
1312160657144377345
1312160684772270080
1312160711687118848
1312160863244046338
1312160911617007618
1312161045918568451
1312161129288744960
1312161259505115137
1312161335052963840
1312161381399945216
1312161398269440000
1312161402174332931
1312161415025684482
1312161532344631296
1312161586526646272
1312161603714908160
1312161716088631297
1312161741816487939
1312161750557442049
1312161913711652864
1312161925015379970
1312161930581221376
1312162035602317313
1312162085808168962
1312162123217162242
1312162165743263744
1312162232457863168
1312162514038218755
1312162564030119936
1312162676957618176
1312162681629990916
1312162714668527616
1312162970739195904
1312163059079606273
1312163067493400576
1312163083926740992
1312163117825048576
1312163419777241088
1312163427410866176
1312163432410406912
1312163526568361985
1312163536882135040
1312163554171121666
1312163660874227713
1312163721804828672
1312163784413257728
1312163820853362690
1312163822287769600
1312163906756833281
1312163985874014208
1312164011517960192
1312164116207788035
1312164164257734659
1312164195882786816
1312164246373888000
1312164715519336448
1312164732627902465
1312164737858191360
1312165114477379585
1312165126892519424
1312165323806654465
1312059803393388544
1312059803376721927
1312059874986074112
1312060256244117505
1312060281615335425
1312060373869228034
1312060386749935617
1312060504177889289
1312060642539397120
1312061188033970183
1312061233647022080
1312061267406991363
1312061297127817222
1312061401947680768
1312061438710644737
1312061581744889856
1312061665916203009
1312061837836419072
1312061866990956545
1312061884183523328
1312062001259061255
1312062001611407360
1312062080829337600
1312062160730693632
1312062165076115457
1312062219761278976
1312062332734930946
1312062378784313346
1312062555288940544
1312062588587593731
1312062706149658624
1312062747744579586
1312062760465960964
1312062777209565185
1312062852560158725
1312063008374390787
1312063183994183684
1312063239111413761
1312063381080354818
1312063411543371777
1312063607476301836
1312064111337824261
1312064144523366401
1312064367027007492
1312064383493771264
1312064522446749696
1312064534492803073
1312064584833007618
1312064585340514305
1312064585046917131
1312064606546939905
1312064610103689216
1312064756916740096
1312064853352345601
1312064862072299520
1312064987695927296
1312065088229048321
1312065365099282432
1312065381746520064
1312065453443944448
1312065457218879488
1312065482581700608
1312065524092862465
1312065535820079104
1312065574491623426
1312065596079702019
1312065646629330944
1312065650148417536
1312065698575921154
1312065764229353499
1312065838904741891
1312065963357990913
1312065984329547776
1312065988112728066
1312066044626755587
1312066095042490369
1312066127850332163
1312066173178179584
1312066178760667136
1312066341638152195
1312066386915663872
1312066467890974726
1312066470982103041
1312066589911666688
1312066730596868097
1312067021769764865
1312067083673321473
1312067116875624448
1312067117488001024
1312067177017683968
1312067181551681536
1312067206117818368
1312067249931464704
1312067307619995648
1312067345171521539
1312067353140580353
1312067453904711681
1312067604853387266
1312067659593383936
1312067797401456641
1312067874161397760
1312067877541998593
1312067906960670720
1312067973947875328
1312068060514119680
1312068060828835841
1312068317893529600
1312068439716950017
1312068590544117760
1312068662145290245
1312068678666649608
1312068988873179136
1312068997316325384
1312069035043946497
1312069052051918849
1312069097258180614
1312069136223096833
1312069249150717957
1312069293656293376
1312069614218735618
1312069643360759811
1312069870079614988
1312069882398244866
1312069915722031112
1312069936932552705
1312069963725893634
1312069991894790145
1312070039802183685
1312070167275483137
1312070201362522112
1312070327040724992
1312070331771879428
1312070503151083524
1312070591487315970
1312070645371592706
1312070847260102656
1312070858156978178
1312070893636472832
1312070973089169409
1312070979993174016
1312070981805060098
1312071031591440385
1312071110993772544
1312071229164183552
1312071295702630401
1312071306494398464
1312071476430934018
1312071568898641920
1312071597696716808
1312071614914154498
1312071715527090176
1312071950496403457
1312071975536193536
1312072017726836741
1312072060055715842
1312072068020699141
1312072282261479425
1312072285554180098
1312072336724684800
1312072423949336576
1312072432581312512
1312072533110210561
1312072633928876032
1312072665906249729
1312072780591050753
1312072818574585856
1312073003237343232
1312073057297747971
1312073072959270912
1312073111706251264
1312073145776443393
1312073162658590722
1312073245168812032
1312073280086396928
1312073284477874177
1312073393265618949
1312073623713255427
1312073690918445056
1312074021584936960
1312074049799942144
1312074114564227073
1312074121279348738
1312074236480155649
1312074273742188545
1312074310027079681
1312074379036164102
1312074487802720256
1312074575937564672
1312074672545116165
1312074751368556546
1312074784445009920
1312074839981662208
1311908800270663680
1311908829114769409
1311908988825473024
1311909026578526220
1311909051979104263
1311909250906628097
1311909264739438593
1311909446424035328
1311909561327001601
1311909599444791296
1311909688875773956
1311909698090741760
1311910003973017601
1311910011581468673
1311910029159612416
1311910200882851842
1311910226472439808
1311910230683418626
1311910302070562816
1311910318747119617
1311910326288502785
1311910373814140928
1311910490759524354
1311910519633145857
1311910570493464577
1311910729675673600
1311910805378600960
1311910942939254785
1311910953622081536
1311911065626660865
1311911107020423169
1311911244543094784
1311911287249678336
1311911294878973954
1311911306056937472
1311911492749586432
1311911492896292869
1311911551646011392
1311911611234357249
1311911786837401602
1311911887152398336
1311911941896454146
1311911945788743680
1311912184817958912
1311912189155069954
1311912203885465600
1311912206108303361
1311912239595696132
1311912295677607936
1311912306641575937
1311912359514968065
1311912407116046341
1311912450921361408
1311912528943951879
1311912537001205760
1311912546597695489
1311912671575445504
1311912696548192256
1311913057552084992
1311913086048112640
1311913174048727041
1311913229774393345
1311913405545156608
1311913423719063554
1311913503976878080
1311913505788895232
1311913615507648513
1311913837420064768
1311914045608546304
1311914093461168133
1311914114520887296
1311914143918759936
1311914164680441856
1311914215322587137
1311914529975136256
1311914576053637120
1311914596345683970
1311914621737988098
1311914718546681861
1311914770878984192
1311914831436550144
1311914936289820672
1311914995387695104
1311915066523082752
1311915129827733509
1311915657110286338
1311915674546114561
1311915696213893120
1311915700223725569
1311916077748805632
1311916089157324800
1311916111143800835
1311916111265501184
1311916198393774080
1311916295579992066
1311916383324770304
1311916749512757249
1311916764905852928
1311916778499436544
1311916861987057664
1311916991687647232
1311917029796978688
1311917125900984320
1311917175620468736
1311917231215968256
1311917331682074625
1311917344382431237
1311917931123548161
1311918140712988674
1311918205972213761
1311918233385984000
1311918320958894080
1311918338105315328
1311918409530183680
1311918531458592768
1311918565013032965
1311918568640978945
1311918605324496896
1311918770584260608
1311918816142610434
1311918829317091329
1311918829312802816
1311918858190585858
1311918887827537920
1311918933444751360
1311919022758264832
1311919026386337792
1311919116345765888
1311919303201968129
1311919366091530240
1311919454159351809
1311919491778052097
1311919785102528512
1311919790454439938
1311919827028791296
1311919851523518466
1311919940111343617
1311920002153492480
1311920091999633408
1311920208559431683
1311920464529416193
1311920632838328325
1311920716128890880
1311920808382459904
1311920854381613059
1311921085336739841
1311921307848597509
1311921421036253184
1311921437477806082
1311921631082803201
1311921672488923138
1311921689396236289
1311921786200625152
1311921895164375040
1311921978547335168
1311921990962483200
1311922066950549504
1311922083828436992
1311922189063647233
1311922246932406272
1311922284765032448
1311922284958015489
1311922377073332224
1311922469721329664
1311922502793416704
1311922611824271361
1311922645663977472
1311922700055609344
1311922960077185024
1311922964602863616
1311923182803267584
1311923191091269635
1311923228374425601
1311923249429839872
1311923354895515648
1311923404853911552
1311923455298727936
1311923459799371778
1311923547179233280
1311923782009802753
1311923849189945345
1312165466417242112
1312165600815271936
1312165604661444609
1312165726208188419
1312165743136448512
1312165751952830464
1312165865987600385
1312165902951931905
1312165936166653952
1312165940277043203
1312165996766007299
1312166018827972608
1312166073920225280
1312166162390687745
1312166196779737089
1312166212906835969
1312166343085486081
1312166418918514688
1312166452682584064
1312166565236760578
1312166639471792128
1312166654051184646
1312166858934509568
1312166888860860417
1312166889007636480
1312166901137596417
1312166989037596672
1312167060072402944
1312167094172041217
1312167132017299457
1312167194768232448
1312167238019899394
1312167328780488706
1312167434036473856
1312167454462758914
1312167467364483072
1312167718766800896
1312167727453270016
1312167731601440768
1312167739822235650
1312167765046751233
1312167807014985728
1312167846433091584
1312167899050643456
1312168089165783040
1312168186943434752
1312168377545228289
1312168411259052035
1312168480125251584
1312168498840313856
1312168519824359424
1312168528556957696
1312168759239405568
1312168805473239040
1312168834447544320
1312168859642675200
1312168918312607745
1312168985358553090
1312168990723067905
1312169136626135047
1312169137339162624
1312169224459018240
1312169234810630144
1312169320701546496
1312169476268257280
1312169543620411393
1312169555775516674
1312169614856445952
1312169664609349632
1312169673367056384
1312169694200123393
1312169753021014017
1312169765683642369
1312169805680525312
1312169870574776320
1312169884608913408
1312170000359198721
1312170021431328769
1312170264927498242
1312170319340208128
1312170319453454336
1312170692377362432
1312170870152912897
1312170898334523392
1312171084859416577
1312171171043971072
1312171249074757633
1312171283942010880
1312171376493490176
1312171443497574400
1312171460241231872
1312171568152211457
1312171645008707584
1312171749258084352
1312171858523947008
1312171883643584513
1312171940971388928
1312172047716368384
1312172328344711169
1312172332853547008
1312172370291900417
1312172416336969728
1312172455704715264
1312172459974553600
1312172475506196480
1312172588131442688
1312172861247778816
1312173003740913664
1312173188176986112
1312173272151154688
1312173305835651072
1312173733465919488
1312173783642304513
1312173836960296960
1312173876273504258
1312174001943265280
1312174009971208193
1312174043882156032
1312174199134285824
1312174203039227906
1312174237134721025
1312174299747282946
1312174413152837634
1312174493050101761
1312174572100231168
1312174698424274944
1312174820302282752
1312174857409314816
1312174944315375617
1312174884802367488
1312175268199448576
1312175433689911296
1312175430774915077
1312175453000540160
1312175524563673088
1312175561955926016
1312175570294247424
1312175663118315520
1312175667136458752
1312175729975599106
1312175742348783616
1312175822334173185
1312175855502671873
1312175930756882432
1312176194851278848
1312176315756281856
1312176338392899584
1312176342419468293
1312176455510421504
1312176779004526594
1312176808121438208
1312176870549409792
1312177147423805441
1312177243972460545
1312177419751550977
1312177419990691842
1312177424176574464
1312177655245017088
1312177667836309506
1312177693044080640
1312177814716604416
1312177923294523392
1312178122524037121
1312178124902133762
1312178170779496451
1312178657457139713
1312179396246040578
1312179418471698432
1312179454458822657
1312179463140986881
1312179487929364480
1312179513028046848
1312179559614218241
1312179680858927105
1312179830067142657
1312179894785204224
1312180003791020035
1312180037446070273
1312180100167725056
1312180180224417792
1312180287032360962
1312180385376133120
1312074923725131777
1312074961633206272
1312075075055693830
1312075188067012608
1312075364596813824
1312075431873449985
1312075481865490434
1312075494452613121
1312075521157726211
1312075658244378625
1312075687663226882
1312075796832378880
1312076300153229312
1312076354247110656
1312076455250194433
1312076547298406402
1312076585294614528
1312076610682736641
1312076723635200000
1312076828245397504
1312076844259254274
1312076866426146817
1312076970511855617
1312077042008162312
1312077172048232459
1312077184459108352
1312077297764036608
1312077444552314888
1312077478383415296
1312077495378870277
1312077868785172488
1312077872325169152
1312077882987106306
1312077893942472704
1312077923009134599
1312077990239637504
1312078044199354368
1312078221169561602
1312078298244153344
1312078325414858755
1312078421288255489
1312078699492188161
1312078740617388032
1312078745692372992
1312078904543371264
1312078942510120961
1312079097649078272
1312079181149335552
1312079244365893638
1312079269217132545
1312079432744677376
1312079537769979910
1312079738979188739
1312079876472537088
1312079898446491648
1312079922840690688
1312080045310054400
1312080057511313409
1312080133872857089
1312080305084420107
1312080351259504643
1312080376530120705
1312080526984065029
1312080582277386240
1312080674606714885
1312080741170401281
1312080846560661504
1312080850247389191
1312080867481669632
1312080892937068544
1312080967729917952
1312081081462644737
1312081190321557511
1312081350422343682
1312081433817735168
1312081627053346816
1312081666047971329
1312081735295926278
1312081744380588034
1312081828170342407
1312081949742125056
1312082075378421761
1312082097553760256
1312082117204029442
1312082142294351872
1312082168265560066
1312082184115834883
1312082603927691264
1312082700199624704
1312082796731457536
1312082904701374465
1312082960254930945
1312083236839923712
1312083388145205249
1312083577253789696
1312083605854842883
1312083866660864003
1312083889914077185
1312083979781120000
1312084191421648897
1312084260887695360
1312084386280546305
1312084931930185729
1312084940046176264
1312084954038239233
1312085053657284608
1312085116127191049
1312085170430914561
1312085254362992642
1312085900768145408
1312085908905226241
1312086223855521794
1312086316264427527
1312086516836036609
1312086542068912128
1312086592933236737
1312086869266628608
1312086936228564993
1312086987244032008
1312086990838394880
1312087006948855811
1312087054126379008
1312087167653621764
1312087293436391424
1312087326747693056
1312087339037003777
1312087361535131648
1312087561402224640
1312087976973946880
1312088072775925762
1312088102404489222
1312088228170784773
1312088345804242944
1312088400535543809
1312088559554375682
1312088618391887874
1312088622775046144
1312088765071077379
1312088794523471872
1312088983434932225
1312089238909988864
1312089352227426304
1312089427628494849
1312089457722449920
1312089524172980225
1312089608126189571
1312089654947176449
1312089901890854912
1311878556012740609
1311878660664721408
1311878739844890624
1311878752373272577
1311878754998857728
1311878836959707136
1311878936801013766
1311879063045320711
1311879155265536001
1311879217928433665
1311879226749063168
1311879662428139521
1311879729780330496
1311879905420820480
1311880056986374145
1311880111801630725
1311880145616203776
1311880245964750849
1311880384183926784
1311880430455586817
1311880824531292161
1311880849923612672
1311881093528907776
1311881160042053633
1311881292557021184
1311881292980645888
1311881327281664006
1311881398853271552
1311881709349199872
1311881768253890560
1311881809735684097
1311882011901132800
1311882108281987072
1311882221968658433
1311882262246547456
1311882262825271297
1311882309369573376
1311882385085083648
1311882453041188867
1311882703579623431
1311882867408953345
1311882892016902146
1311882892386217984
1311882930982211585
1311883022497722370
1311883072380510208
1311883161626800128
1311883169730236416
1311883182543958017
1311883395442466816
1311883437398138881
1311883475713224704
1311883480125435912
1311883626800316417
1311883651701977088
1311883672497332224
1311883743263551489
1311883773814943746
1311883824054235136
1311883869767991298
1311883878412451840
1311883925061603328
1311884306437099522
1311884435701329920
1311884436443525120
1311884721555681280
1311884734360936448
1311884779533590528
1311885064507027457
1311885090373472256
1311885151043874821
1311885190025756674
1311885204366057472
1311885224272248832
1311885291045576704
1311885312038252550
1311885329335414784
1311885375388950528
1311885413410201603
1311885433727594496
1311885442309001218
1311885548106244097
1311885635402313728
1311885840746983424
1311885939824685057
1311885945625608193
1311885955113127936
1311886063409922048
1311886163892994048
1311886378167271424
1311886571373645830
1311886809819906048
1311886868531748864
1311887161646407680
1311887293104427008
1311887354861244416
1311887430006575104
1311887568682663936
1311887858475495424
1311887930445750272
1311888059257020417
1311888064491458565
1311888093583216640
1311888294335176704
1311888345258229761
1311888403126988801
1311888487948451842
1311888508630556672
1311888530705178625
1311888625492267008
1311888710364004353
1311888743738023936
1311888868820480001
1311888952618614784
1311889028430651392
1311889193161850882
1311889242381971457
1311889351303933957
1311889352386064384
1311889485882421248
1311889649271369728
1311889738526150657
1311889947121651712
1311889995762987013
1311890274944253952
1311890379373858816
1311890475390054402
1311890785869021184
1311890907654885377
1311890942593568769
1311890991729774593
1311891024524894208
1311891067931774976
1311891084155461632
1311891218004148224
1311891403631292417
1311891503409758209
1311891625396908032
1311891796729815041
1311892047981277184
1311892149554692102
1311892221088739328
1311892387971526656
1311892412214640640
1311892424659263489
1311892521505746944
1311892543089541129
1311892625738395648
1311892631157444610
1311892683741429760
1311892846459453440
1311892853816205312
1311892869737836545
1311892907834580997
1311893025287811077
1311893049098690562
1311893084444200960
1311893168388927488
1311893197103210497
1311893280477437952
1311893281081565185
1311893323116883968
1311893580693344256
1311893587987136515
1311893623181651970
1311924025363443713
1311924223242375170
1311924285808799744
1311924424791257088
1311924445087518721
1311924733865332737
1311924923468853248
1311925020076187648
1311925177995931648
1311925201848815616
1311925535317000194
1311925544028700677
1311925564782108672
1311925787361124352
1311925984715702272
1311926055779917826
1311926102458327040
1311926127342972928
1311926194145767424
1311926257475416064
1311926344234737666
1311926353189625856
1311926453810855936
1311926772733300739
1311926940656455680
1311927036819255297
1311927061968232448
1311927074563653632
1311927104477560834
1311927158797938688
1311927162879053830
1311927271926697986
1311927381888847872
1311927410296848384
1311927527665958912
1311927565792112640
1311927607747702784
1311927695878414336
1311927700622397440
1311927825440542720
1311927947717115905
1311927960115523584
1311928002414931969
1311928102470254592
1311928276072316928
1311928497015853056
1311928626510729216
1311928630906322944
1311928651831816193
1311928748258799616
1311928925107429379
1311929058888839169
1311929122466267136
1311929143051902977
1311929168364404736
1311929238866612224
1311929281371668480
1311929323293675520
1311929390444556289
1311929571026051072
1311929671349612544
1311929680241590272
1311929881299566592
1311929960249122816
1311930033418756096
1311930071192657921
1311930229535899648
1311930330832678914
1311930476567752704
1311930510239817728
1311930573972144128
1311930689743466497
1311930853602201601
1311930900398170112
1311931180170715136
1311931236433235968
1311931257215950848
1311931286261440513
1311931587278376962
1311931621927383040
1311931639010856961
1311931873774448641
1311931877327024128
1311931994566283265
1311932113315344384
1311932411807100928
1311932443260198912
1311932451954982914
1311932299089522688
1311932928704868352
1311932979128590339
1311933102294523905
1311933203498717186
1311933437276762114
1311933572635336709
1311933709810098176
1311933911933612032
1311933949271252992
1311934047010971648
1311934339530272768
1311934390226870272
1311934478709792769
1311934865034678272
1311934880671031296
1311934960786382848
1311934973415358465
1311935015215923200
1311935111407890432
1311935220594151425
1311935232745103360
1311935351028699136
1311935371190497280
1311935372046327808
1311935406238179328
1311935506029182977
1311935740511686656
1311935765585293312
1311935812208975873
1311936100722647041
1311936152211918848
1311936357007331328
1311936374690512896
1311936465916493825
1311936491392823296
1311936567133442048
1311936655700488193
1311936672238628865
1311937112267206656
1311937200267829248
1311937262968545281
1311937384917995520
1311937594020765696
1311937779429974019
1311937950960164865
1311937954818842625
1311937963773890560
1311938021797789697
1311938047559135234
1311938070443294720
1311938135765512192
1311938303055343616
1311938349934862337
1311938638394073088
1311938647235715072
1311938793847496704
1311984386980577286
1311984415740882946
1311984466462564353
1311984566463328261
1311984587078348802
1311984718087360515
1311984750752653313
1311984810315976705
1311984843962691584
1311984885293355012
1311984918398894082
1311985044144050177
1311985094815559684
1311985153674280961
1311985240508952577
1311985384088317952
1311985467554885633
1311985468305747969
1311985497561014273
1311985509519024135
1311985610895228929
1311985728461697024
1311985809990586373
1311985870476632064
1311985921768775681
1311986004748906496
1311986164245630976
1311986323759259648
1311986332059734017
1311986583281819648
1311986860344909824
1311986860990902272
1311986877763850240
1311986970114117632
1311987141686288385
1311987145565892608
1311987250381705217
1311987263853789185
1311987431332225024
1311987514945736704
1311987565038370816
1311987570121867264
1311987799965523968
1311987887773298688
1311987900603658240
1311988039112175616
1311988366372753409
1311988391379173380
1311988600859492354
1311988643469447169
1311988730857750528
1311988890505486337
1311988912173264897
1311988958113529857
1311988966514663425
1311989027394842625
1311989040674230272
1311989125239787520
1311989162980052999
1311989167161737217
1311989188884135943
1311989271998455808
1311989297910874113
1311989443939774464
1311989666149732352
1311989708814155776
1311989775537246209
1311989838405603328
1311989959881089025
1311989973265113089
1311989994026917888
1311989998137282567
1311990031645507585
1311990086456795136
1311990132082380800
1311990144694734848
1311990203209396224
1311990459603058690
1311990492528144384
1311990539366137862
1311990647746965510
1311990941717331973
1311990996008349697
1311991067185737730
1311991067076710402
1311991223289249794
1311991306281943040
1311991554492583937
1311991624856084480
1311991755676450821
1311992014582448128
1311992057041432576
1311992057821446144
1311992090902003714
1311992220740976642
1311992246422577154
1311992250801496070
1311992321282641920
1311992459052953600
1311992476681547776
1311992611125833728
1311992614942502912
1311992636551696385
1311992678150799360
1311992941314007040
1311993227474591744
1311993256897662976
1311993290254934018
1311993463097958408
1311993629657964544
1311993822952534016
1311994028376813568
1311994288633503745
1311994314268966912
1311994317142216704
1311994347357863937
1311994355176144898
1311994418283585537
1311994448260345856
1311994544976691202
1311994586693349383
1311994594477797377
1311994649352056832
1311994707979972611
1311994834404737025
1311994980211322880
1311995165301706753
1311995169898717185
1311995265881169920
1311995328527097856
1311995433686691843
1311995454515707904
1311995534589210625
1311995596903981056
1311995608891297792
1311995643586543616
1311995664323293186
1311995807105724416
1311995861409333248
1311995868027990017
1311995895584632832
1311996062643752960
1311996079769092096
1311996440588288000
1311996465288482817
1311996490349506561
1311996628610539520
1311996721094782977
1311996788623192064
1311996809766727680
1311996998535401472
1311997048250667013
1311997367151976448
1311997379965595651
1311997497380876289
1311997589642866689
1311997648568803332
1311997870497771520
1311997925577367553
1311998059476213760
1311998235851063296
1311998252062052354
1311998616861634561
1311998646330839042
1311998708578349059
1311998799510941696
1311998805882146818
1311999051987062784
1311999120694013952
1311999389402116098
1311999401414602754
1311999603005370368
1311999621158248449
1311999770576158720
1311999795549147140
1311999833729835008
1311999875832336389
1312000126869700608
1312000157257535488
1312000433112539137
1312000434316472321
1312000618748432385
1312000705725566976
1312000726634201093
1312000798365233153
1312000894976827392
1312001003701534721
1312001033246187520
1312001041387454464
1312001154079809536
1312001165291216899
1312001410267930624
1312001498457559042
1312001588140167168
1312001834672893952
1312001914289229825
1312002115049525249
1312002215759032320
1312002316388708352
1312002350622543872
1312002562451820544
1312002568034422789
1312002631112388609
1312002681280425985
1312002898050650114
1312002962412253184
1312003117333049344
1312003159225704448
1312003268516679680
1312003278972968961
1312003469751058438
1312003550118113282
1312003645865684993
1312003754762342400
1312003797120581635
1312003897532313601
1312004073810526209
1312004233357660160
1312004258393456640
1312004326051713030
1312004346561941504
1312004690238939138
1312004757226057728
1312004878814916608
1312004883122458626
1312004946255130624
1312005139620925440
1312005252355371011
1312005332437266434
1312005365756821508
1312005731210670080
1312005755827040259
1312005944650412033
1312006195918508034
1312006237932916737
1312006243138101251
1312006426890362885
1312006674241269762
1312006716247216130
1312006821314531331
1312006833624756224
1312007010112753664
1312007043713306625
1312007114404044800
1312007199204478976
1312007265625538561
1312007350136561664
1312007357057183744
1312007454146940930
1312007471041576961
1312007530399309824
1312007726877286406
1312007857005625344
1312007882616049665
1312007891155644417
1312007957513633792
1312008125222916096
1312008154675281920
1312008389980033025
1312008482220961795
1312008595601584129
1312008604564717570
1312008796718366720
1312008905527119873
1312008952197058562
1312009031960018958
1312009224789073922
1312009237288161282
1312009237304872961
1312009321052594179
1312009342284001280
1312009656378757120
1312009731876122624
1312009748695441408
1312009765493637120
1312009786918084608
1312010105064390657
1312010222446280704
1312010301240467456
1312010311151554560
1312010327270199296
1312010436376768513
1312010634045935616
1312010637799809024
1312010676446154753
1312010767798018050
1312010860223705090
1312010881128001536
1312011002624520192
1312011049198137345
1312011063206920192
1312011086389022727
1312011107796738048
1312011144979243008
1312011236436070402
1312011355407310848
1312011481244811265
1312011524521766913
1312011583246213124
1312011828873097216
1312011942027038725
1312011967826063362
1312011971571707905
1312012005377675264
1312012047543144451
1312012370626121728
1312012584149807105
1312012630018711556
1312012659533869057
1312012810646368258
1312012835917045760
1312013020172869634
1312013024392368129
1312013050002780168
1312013108492349440
1312013138942922752
1312013162984747012
1312013251291512835
1312013359777284096
1312013494737399809
1312013670340349954
1312013678607204352
1312013850640674818
1312013883662577666
1312013892953010176
1312013985085091840
1312014140362326018
1312014144565137409
1312014303533428736
1312014354871734273
1312014413449302017
1311863556254707712
1311863998330007552
1311864005133099009
1311864147890466816
1311864149471834114
1311864168572612608
1311864231999016960
1311864323615023104
1311864341034143751
1311864450316677120
1311864538187227137
1311864815074390016
1311864894271164416
1311864932485476352
1311864965536509952
1311865246345293825
1311865280763777024
1311865326418694144
1311865463283081217
1311865498997465089
1311865745861533697
1311865917526114304
1311865922592874496
1311865947162959872
1311865972588834816
1311866097818234881
1311866098074218496
1311866203506462720
1311866254072799232
1311866423149555719
1311866429608808448
1311866513452929029
1311866626438963201
1311866652250734592
1311866727521816576
1311866844651937795
1311866857775927297
1311866895721783297
1311867046364409856
1311867147082174464
1311867193173442560
1311867222424342535
1311867734280466434
1311867758959714306
1311867779771854849
1311867977067720705
1311868074832920576
1311868179384131584
1311868270207664130
1311868342689386496
1311868460151037953
1311868681476026369
1311868794848120839
1311869240044068865
1311869286131081217
1311869323254943747
1311869327717654528
1311869504314433536
1311869504675217408
1311869541593608193
1311869571289296896
1311869641908719616
1311869768450945024
1311869818308628481
1311869823987716097
1311869839045283840
1311869840299380737
1311869877771214849
1311870069840912384
1311870099071082496
1311870107694649344
1311870221007822850
1311870564806602753
1311870567138709504
1311870657576173568
1311870855203434497
1311870870890176513
1311871043355766785
1311871147919712256
1311871203032924170
1311871580419522561
1311871781779787777
1311871890550652930
1311871995332620289
1311872025313505280
1311872074722361349
1311872104283815936
1311872108499263489
1311872175389900801
1311872465040273408
1311872638873227267
1311872943543123968
1311873155414269953
1311873157599391750
1311873190994485248
1311873354228527105
1311873408481873921
1311873425439326208
1311873489201106944
1311873696240263168
1311873774388568064
1311873950734077954
1311873975077666816
1311874008338497536
1311874214207451142
1311874365588414469
1311874370101342209
1311874516306595841
1311874557708578818
1311875300184055809
1311875371621650433
1311875409659785220
1311875439254626311
1311875489469005826
1311875657580916737
1311875756969070594
1311875812275224576
1311875833150267392
1311875892612796419
1311875929254162433
1311876097450016768
1311876228266307586
1311876520743403520
1311876542432268288
1311876646086021120
1311876659193278464
1311876689236983810
1311876764705058817
1311876902869700608
1311877070453174272
1311877226585964546
1311877510628618240
1311877552374517761
1311877578379141120
1311877715914620928
1311878091564879877
1311878526375809024
1311848536477229059
1311848582765441024
1311848632971259904
1311848704756912128
1311848741838753792
1311848863653916672
1311849006847471616
1311849287488282624
1311849308644405250
1311849405151170560
1311849484737896448
1311849564383653896
1311850491610050561
1311850592306855938
1311850667699396613
1311850748410580993
1311850918929985537
1311850960797536262
1311851064967262210
1311851816624295936
1311851882394992642
1311852039371194370
1311852105758539776
1311852259458920448
1311852399427031040
1311852483090628608
1311852668210614272
1311852756718813184
1311852785332301824
1311852823525564417
1311852872666095618
1311852873546977280
1311852903296978944
1311852910880329733
1311852969986588674
1311853016279060482
1311853205383532544
1311853364129550340
1311853431494189057
1311853658129137664
1311853665775353856
1311853720385323010
1311853733991469057
1311853930092072966
1311853955530452992
1311853960249081858
1311854207947935744
1311854253275832322
1311854476169486336
1311854534659014656
1311854564187033606
1311854685343698950
1311854710836658182
1311854727651569664
1311854786396864512
1311855083936776192
1311855105138987011
1311855188635004928
1311855306499031041
1311855318956113923
1311855369438687233
1311855477932748800
1311855576343875584
1311855864320385024
1311855910239821826
1311855918703955974
1311856032013058048
1311856099037982720
1311856171771453440
1311856187890036743
1311856468044451845
1311856468451364864
1311856619735703554
1311856665294254081
1311857101707378689
1311857235597746176
1311857328182886407
1311857399507156992
1311857441601093632
1311857474929070081
1311857533573890049
1311857545670266880
1311857613135638528
1311857663211458561
1311857713824104448
1311857742819192832
1311857789069930496
1311857902563532800
1311857999309348864
1311858040828817409
1311858137473966080
1311858149712891905
1311858271523934213
1311858283825762304
1311858284492513280
1311858330604843012
1311858347696631811
1311858355124740096
1311858363316293633
1311858401262084098
1311858500168019969
1311858577615851527
1311858892289134593
1311858958672506881
1311859051408490496
1311859219868549120
1311859287002677248
1311859597032865792
1311859605400506369
1311859684987592705
1311859744148258816
1311859747642056704
1311859831834324999
1311859869557952514
1311859914114052096
1311859960087810048
1311859979104575490
1311860116900241409
1311860121853734912
1311860250920787969
1311860287209967619
1311860289369972736
1311860381174898688
1311860431502405632
1311860502889402370
1311860528357289987
1311860552994562049
1311860582535049216
1311860591040978944
1311860628710187008
1311860653599133701
1311860793030311937
1311860838823854081
1311860889369276417
1311860952007016448
1311861013923463168
1311861081103630348
1311861085935415299
1311861100892368897
1311861152570208257
1311861272334397440
1311861303976366081
1311861362449158144
1311861384309870593
1311861404509646857
1311861417369366528
1311861463166971906
1311861574718513153
1311861731656777728
1311861740372660225
1311861853950222338
1311862113548238848
1311862221090119680
1311862227012591618
1311862322848243719
1311862341101731842
1311862368977248257
1311862411159384066
1311862583591276544
1311862596044292098
1311862683168198656
1311862797781946369
1311862801527377921
1311862839318056963
1311862936126787591
1311863376620920833
1312089958870548482
1312090014856208384
1312090304569319424
1312090338656387072
1312090384261054464
1312090413642256384
1312090527119138823
1312090556412178437
1312090618890514436
1312090690600534016
1312090694958428161
1312090715380420608
1312090800050917376
1312090929503797248
1312090959245533184
1312090988337270784
1312091147452342272
1312091195951046657
1312091623040315392
1312091789247959041
1312091919665651714
1312091919351197697
1312091927916019713
1312092028835069952
1312092133051039747
1312092301209022464
1312092334658469889
1312092343315640320
1312092455991472128
1312092628704354304
1312092674711666688
1312092808950493184
1312092828542087171
1312092863640018944
1312093409025290241
1312093504663764992
1312093567750471682
1312093622687260672
1312093656032014336
1312093694112096256
1312093712244191232
1312093756859056129
1312093786135293954
1312094029434122240
1312094042193158146
1312094109025280001
1312094281130217475
1312094335362650112
1312094369214799872
1312094373308399617
1312094419315617792
1312094423463989248
1312094452958330881
1312094457236389888
1312094469483683840
1312094486315622402
1312094532087894019
1312094553239891968
1312094599674957824
1312094725218930689
1312095022343282688
1312095031679873024
1312095166174498816
1312095308583665665
1312095362891481088
1312095443002818561
1312095543510749184
1312095639564513280
1312095904057368576
1312096135092342787
1312096135201394688
1312096189505056771
1312096415389106176
1312096419633864704
1312096512306896896
1312096546020753410
1312096664946044928
1312096910631727104
1312097040294391812
1312097376396427264
1312097405345697792
1312097506268938245
1312097519439151104
1312097741380743171
1312097859051810816
1312097866769342465
1312097879582896128
1312097929528737799
1312097940412923906
1312098168646127617
1312098194168246272
1312098198580674560
1312098337152135169
1312098383276826624
1312098529746120705
1312098663842287616
1312098680309125120
1312098814753300480
1312098831425650688
1312098877579747329
1312098945095495681
1312098965781848065
1312099049521074176
1312099206731972608
1312099268358930438
1312099401813299200
1312099414643597313
1312099448063840257
1312099750590595073
1312099835290427392
1312099972217622528
1312100145006145537
1312100249452728324
1312100274589163521
1312100429585502209
1312100541133066240
1312100652361805825
1312100664906928129
1312100966867496960
1312100971011473408
1312101029261975553
1312101046789959681
1312101109276663808
1312101129413517313
1312101314822725632
1312101470213349376
1312101587939069953
1312101663109337088
1312101868978409472
1312101910040571904
1312101923177353219
1312102017213452289
1312102120372404225
1312102304540106752
1312102368012464128
1312102375755145217
1312102401441103872
1312102493535432704
1312102673961762816
1312102833341173761
1312102874613080064
1312102983690190848
1312102997015445509
1312103092867928064
1312103109519241216
1312103110072963077
1312103176598765568
1312103193476644864
1312103273793347585
1312103596062732289
1312103693316096003
1312103772148002816
1312103772294844417
1312103781023191040
1312103869346836480
1312104183307198465
1312104225493581825
1312104280564748288
1312104426597806080
1312104503517147138
1312104519052877824
1312104582105841666
1312104607229726720
1312104875740733441
1312104884578054145
1312105039008129024
1311818166318891010
1311818207360028672
1311818216692473857
1311818249462398976
1311818258316775429
1311818395570987008
1311818417700327426
1311818435387691009
1311818442580918273
1311818510843162625
1311818703491805185
1311818719698485253
1311818953900032000
1311818971344179200
1311819030756569096
1311819075920764928
1311819129800871941
1311819130660622336
1311819168472334338
1311819255911010304
1311819340363321344
1311819352988057601
1311819403999277056
1311819466259533825
1311819632890830848
1311819847290978306
1311820087041683458
1311820153848557569
1311820246114684928
1311820283410550784
1311820372141015042
1311820439698669570
1311820489837416454
1311820506304184320
1311820585744424960
1311820682452439040
1311820707681181701
1311821014175748097
1311821336688447489
1311821362156236800
1311821424777101312
1311821462240727040
1311822007391019008
1311822054354825223
1311822107974815745
1311822138056175616
1311822221585776640
1311822221493645312
1311822271615397888
1311822292540850177
1311822307137146885
1311822711006658560
1311822963516346369
1311823044302852097
1311823070827552768
1311823081808310274
1311823127916228614
1311823156945051649
1311823245994147840
1311823475204644866
1311823496675299328
1311823635250896898
1311823673179996163
1311823757091115008
1311823857309962240
1311823899928166404
1311823908006498304
1311824017305690114
1311824113741176832
1311824398039490560
1311824440561479680
1311824643465060354
1311824654454026240
1311824725618814976
1311824855646568451
1311824864475598849
1311824944460898304
1311824973095407618
1311824998651359234
1311825048332795904
1311825124237160452
1311825572994015233
1311825606825455617
1311825702573015041
1311825782910726144
1311825967233593346
1311825971574644740
1311826033423851522
1311826034388393985
1311826356976615424
1311826487855767557
1311826554239016960
1311826604759216128
1311826751148953601
1311826852533633024
1311826894766182402
1311827024009482240
1311827078887677954
1311827095757225986
1311827099884425216
1311827275327762433
1311827510414450689
1311827590194233344
1311827594334154752
1311827628094033921
1311827653708730369
1311827711938244609
1311828038783438849
1311828064096210949
1311828164860092417
1311828207604314113
1311828408767262720
1311828534420271104
1311828559548174337
1311828589155885060
1311828630960513024
1311828962218303495
1311828966198710272
1311829038097289216
1311829057965903874
1311829075204304896
1311829228799680513
1311829278456193029
1311829284626071552
1311829464817467392
1311829490637602816
1311829662327242753
1311829716886679552
1311829830128693248
1311830006557884416
1311830156810412033
1311830202973069313
1311830229263028227
1311830300100456449
1311830354752425984
1311830412906332161
1311830496624603138
1311830564178030594
1311830761130123264
1311830794411806720
1311830874925785089
1311830941409505280
1311831171102375937
1311831244036960256
1311831260847800320
1311831448920391680
1311831532525494276
1311831596501209088
1311831625219608576
1311831654521020416
1311831746732863488
1311831784577998849
1311831868560617473
1311831922742562817
1311832010957168640
1311832099192664064
1311832225068077062
1311832312938590208
1311832313462837248
1311832372116172800
1311832417536299009
1311832518732152833
1311832594246443008
1311832866423267328
1311832909158985728
1311833008916357121
1311833022338080770
1311833059570987008
1311833072413925377
1311833093142196225
1311833114902175746
1311833181365174279
1311969446618189824
1311969487575379970
1311969521406816256
1311969536724226049
1311969588884594688
1311969617586221056
1311969626440466433
1311969936131137536
1311969957735849984
1311969991256834050
1311970219762446339
1311970741525639168
1311970746940362754
1311970976364736512
1311970982043754497
1311971099345854466
1311971309350539264
1311971489143574528
1311971539114491905
1311971602171478016
1311971635927420929
1311971639295438848
1311971765329911808
1311972109925658625
1311972147573653504
1311972202070241280
1311972231497478144
1311972298673586176
1311972487341670406
1311972496132825090
1311972503913484288
1311972860085313536
1311972885892923392
1311972953672675329
1311973002783858688
1311973002947563522
1311973019968057349
1311973108140707840
1311973153460060160
1311973161991364609
1311973422596083712
1311973607325696000
1311973623171743748
1311973853955084288
1311973921131032579
1311974125381062660
1311974139448549377
1311974248601341952
1311974597521178625
1311974689032540162
1311974839616495617
1311975313564487681
1311975315145666562
1311975460583157760
1311975594838634499
1311975615982112774
1311975812447580160
1311975822186643456
1311975880583983104
1311976128098205696
1311976199472640003
1311976275288952833
1311976370608709635
1311976399708860417
1311976490901352448
1311976517505740803
1311976601006075904
1311976681494720512
1311976722976444416
1311976760364408832
1311976874759712768
1311977017030717440
1311977017072590848
1311977096437272577
1311977143086219264
1311977234996121601
1311977288968228869
1311977302775918592
1311977436473626624
1311977441439563778
1311977463321366529
1311977532678316032
1311977558536327169
1311977592111673345
1311977638202945537
1311977722164305920
1311977734495703044
1311977834181664770
1311977936409579520
1311977961566990341
1311978035369840640
1311978287749632008
1311978337758314496
1311978409438916610
1311978496705536002
1311978555736162304
1311978660426022915
1311978778114109440
1311978795084247040
1311978824146595847
1311978870875324416
1311978904643608577
1311979018028277761
1311979020444143617
1311979203668180993
1311979215013597185
1311979420874354689
1311979436447862790
1311979605214068737
1311979629532639232
1311979994864848899
1311980158849617923
1311980162347659266
1311980204726906881
1311980380338171904
1311980426622373889
1311980523363930113
1311980673591390210
1311980711193190400
1311980724640198657
1311980821394468864
1311980988826824704
1311981139792461824
1311981370189770752
1311981386585182208
1311981458630864897
1311981538217652225
1311981562364407808
1311981576050356224
1311981685614014464
1311981752378814464
1311981818841722880
1311981869970395136
1311981894834118657
1311982038401064960
1311982068054790146
1311982227169832960
1311982255389237249
1311982456598388736
1311982562001252352
1311982707908452353
1311982729672699905
1311982783582044162
1311983031134023682
1311983232284590080
1311983354330390528
1311983623197908995
1311983836763484164
1311983865980948482
1311984247859744768
1312014467660566528
1312014764797841408
1312014916359000064
1312015180344307713
1312015318718582787
1312015352629465094
1312015419704774658
1312015469566742529
1312015520254898177
1312015545332449280
1312015721082355714
1312015746587742208
1312015851214831617
1312015859834122246
1312015880910446592
1312015947448889344
1312015981460549639
1312016270636834816
1312016346293600261
1312016396516286464
1312016701874110464
1312016799765073922
1312016824318464005
1312016971257573377
1312017197645135872
1312017321863643136
1312017449680691203
1312017478881431553
1312017533441118209
1312017609085386753
1312017902992683010
1312017932080369664
1312017998790758403
1312018040750592007
1312018041182527488
1312018217158750208
1312018284280188928
1312018296909242369
1312018342614532096
1312018376408129540
1312018560722624514
1312018750091284480
1312018888234762240
1312018904873664514
1312019282176487425
1312019315944693761
1312019349918691328
1312019479367421952
1312019811304706049
1312019827385610242
1312019832255270912
1312019912999735297
1312020007388356610
1312020196526354434
1312020204814249985
1312020280563429377
1312020364499746816
1312020440173477889
1312020624458514432
1312020733820833793
1312020788334166016
1312020855032025088
1312020888586465280
1312021010733051904
1312021035462533121
1312021095940153344
1312021148775874560
1312021153192439809
1312021492771807240
1312021505358868480
1312021543107670018
1312021547553492993
1312021610099077120
1312021703740911618
1312021983660445704
1312022037909569539
1312022059019571200
1312022079827587080
1312022138736406528
1312022176825053187
1312022227269890050
1312022352667041792
1312022399068626944
1312022445038149634
1312022549836886016
1312022591507496965
1312022872932651009
1312023216693673984
1312023380070146049
1312023447602634752
1312023518884831234
1312023569354895360
1312023611209904129
1312023720043700224
1312023841544318976
1312024034922639363
1312024042820399104
1312024064131694592
1312024110181093377
1312024311184515072
1312024332793769992
1312024693323509760
1312024726366228484
1312024781022265344
1312024856653959168
1312024919748808705
1312025091664945152
1312025339300704258
1312025360012374017
1312025938977198086
1312026024016637952
1312026371099627521
1312026392008126471
1312026542634135552
1312026832384917507
1312026861510234112
1312026917919285248
1312027079643365376
1312027369046192128
1312027469613076480
1312027608050147328
1312028031926652928
1312028128445976577
1312028161874501637
1312028162126237696
1312028262223077378
1312028521951383553
1312028593761910787
1312028665106980867
1312028715673481217
1312028732446642176
1312028795092832258
1312029096633872385
1312029126061109249
1312029189579640839
1312029344664039426
1312029537308413952
1311938979030274048
1311939247247634432
1311939394253791232
1311939448926547968
1311939666837467137
1311939670645846016
1311939687305617409
1311939808076402689
1311939985872887809
1311939992545943552
1311940136339349504
1311940384180719617
1311940493463351296
1311940513298288643
1311940538501824512
1311940577533939712
1311940625722486784
1311940841556963328
1311941298753024001
1311941393632419840
1311941454240067589
1311941536515608576
1311941638726447109
1311941806247088129
1311941839331753985
1311941948555493376
1311942129237680129
1311942205917945856
1311942402186252289
1311942455625908224
1311942464152973312
1311942597460602880
1311942716377493504
1311942812556951552
1311942825303371776
1311942846681841671
1311942949882785793
1311942954878107649
1311943026634301440
1311943123027849216
1311943172608733184
1311943356851924994
1311943508631183361
1311943554449567745
1311943739728973824
1311943775871209472
1311943809719324673
1311943894607835136
1311943899707969536
1311944116456943617
1311944377644847104
1311944460826075136
1311944495190032385
1311944687712788481
1311944700811567105
1311944775206154242
1311944855422083072
1311944947541704705
1311945291478847491
1311945387377295368
1311945413281357824
1311945432193409024
1311945513890189312
1311945517669195776
1311945661026201600
1311945735617818624
1311945811220066306
1311946033144840200
1311946117894950912
1311946314884747266
1311946646092218370
1311946684277104642
1311946814095060993
1311946831396470785
1311946865164812288
1311946939068366848
1311946952238489601
1311946973365370880
1311946994605326337
1311947149681348609
1311947242434035712
1311947279230738432
1311947346259906563
1311947414228459520
1311947489721819136
1311947501663121410
1311947657259044865
1311947685709176832
1311947900570787841
1311948256679792646
1311948383158968321
1311948559554617346
1311948658552705024
1311948667671244800
1311949145817702400
1311949196065476608
1311949325359091713
1311949519018491906
1311949635800440832
1311949720995028992
1311949963476246528
1311949976193429504
1311950211489595397
1311950232188526592
1311950241122320384
1311950320956706816
1311950399860072448
1311950471851061248
1311950472194924544
1311950501324361728
1311950556148109312
1311950626901889025
1311950726382317570
1311950752093331456
1311950781868896256
1311950841025376256
1311950857609641985
1311950906632568832
1311950927968964609
1311950962802798593
1311951187634278405
1311951263530135553
1311951288700203008
1311951410188021760
1311951420246065152
1311951493885550592
1311951611082743808
1311951625162874883
1311951637121040386
1311951691827220480
1311951729819299841
1311951934346100737
1311951959482658817
1311951981607563264
1311952052965314561
1311952124603961346
1311952156195459072
1311952308016762880
1311952366241935360
1311952440896356352
1311952581153951746
1311952919953117184
1311952966379810819
1311953110458228736
1311953231359008770
1311953284773675009
1311953502923640832
1311953743093682177
1311953755529637889
1311953789025476610
1311953889302728704
1311953940485873664
1311954205305954305
1311954300835422208
1311954395123261441
1311954618696585216
1311954620252483589
1311954723570888705
1311954871482867714
1311954921097441281
1311954929574125570
1311955117621547009
1311955160210583552
1311955214690263046
1311955319040417792
1311955377932644355
1311955593008095232
1311955650667307009
1311955681273090050
1311955780837535744
1311955790803034112
1311955802786209792
1311955848105734144
1311956112107765761
1311956419193733120
1311956452504989701
1311956495039332352
1311956642548776961
1311956837789585408
1311957119697129472
1311957174374076416
1311957341017968640
1311957606085259265
1311957685508677633
1311957693536645121
1311957711114780673
1311957820829503489
1311957928543498241
1311957934193045505
1311958193476718592
1311958390973833217
1311958449618669568
1311958566727831553
1311958597169938432
1311958624424660992
1311958667118379011
1311958780603756546
1311958885469650944
1311958978205753344
1311959019154739200
1311959157151588352
1311959463541305351
1311959728696758272
1311959779271675904
1311959928664326144
1311960004644212737
1311960328054464514
1311960391010975744
1311960532782641154
1311960655738687488
1311960771660853248
1311960817747648512
1311960998195019778
1311961049147428865
1311961049525092352
1311961155787722753
1311961199622467585
1311961330438434816
1311961376307453952
1311961409132081152
1311961422541144064
1311961443668054021
1311961510042771457
1311961526581030914
1311961543752343552
1311961997118906369
1311962147505741824
1311962306885099520
1311962353286643712
1311962475311575051
1311962588792545281
1311962643192860672
1311963011893137408
1311963075893837824
1311963235441168384
1311963523396915200
1311963700455063552
1311963720256557056
1311963754364637185
1311963768050470912
1311963931162800129
1311963939383783425
1311964216040009729
1311964375515791360
1311964454737850368
1311964578004303872
1311964584459165697
1311964757369462784
1311964896024760320
1311964953398648832
1311965192520073216
1311965201089146883
1311965285382066176
1311965390919081986
1311965587975868417
1311965658054193154
1311965705227575296
1311965823825833986
1311966140999049218
1311966192207310849
1311966200025489408
1311966212419543040
1311966216198684672
1311966271139971072
1311966367025967107
1311966389704568832
1311966459489398784
1311966657120743424
1311966664423026690
1311966665454780416
1311966741455609857
1311966845201608704
1311966849219821568
1311966866966020096
1311966908116348930
1311966921689096192
1311966954408873984
1311966954945740805
1311967089708666880
1311967096872603650
1311967145174151170
1311967256272941057
1311968112971980802
1311968255175614464
1311968503419740161
1311968522990428160
1311968750279651331
1311968964730392577
1311969051455913985
1311969144552775680
1311833261220528129
1311833340622770176
1311833449574158336
1311833491995123713
1311833546357702657
1311833726439972866
1311833819113295878
1311833885878054913
1311833952852860929
1311833977943191553
1311833978861768709
1311833999682285569
1311834028534894593
1311834264028147713
1311834418831593473
1311834532467871744
1311834552634142721
1311834574075228161
1311834649845395458
1311834695638884352
1311834943266476034
1311835219603980291
1311835408863559682
1311835543248924672
1311835702192156676
1311835702695464965
1311835761222844416
1311835878013186055
1311835882836635654
1311835936804745217
1311835966668185600
1311836012675555329
1311836067041927171
1311836129667280896
1311836129960906754
1311836179994566658
1311836192858607616
1311836281362690048
1311836310735212544
1311836591606820865
1311836712893546496
1311836738810249216
1311836986160943104
1311837027097337856
1311837170487812097
1311837228277084161
1311837337777770504
1311837598537703428
1311837622675877888
1311837668960075776
1311837765353574400
1311837820542222336
1311838039057018886
1311838272893657093
1311838353004822528
1311838359908618240
1311838361083170816
1311838378111926273
1311838752030031873
1311838784707854336
1311838906762092544
1311838936549949440
1311838949166346240
1311839002656272384
1311839132759412736
1311839262665572352
1311839397751541763
1311839434849935360
1311839485261279232
1311839489250275335
1311839608095731712
1311839632359854081
1311839682410491904
1311839733132283905
1311839880482377728
1311839967233138689
1311840160775102464
1311840252462542851
1311840277586350085
1311840297773662209
1311840449821396992
1311840466678149122
1311840575629545475
1311840617518030848
1311840878181351425
1311840980329398273
1311841004224356354
1311841083098230784
1311841200996057088
1311841301990580224
1311841377370738696
1311841435751051265
1311841515682123781
1311841586922369035
1311841624469786624
1311841650671378432
1311841817017548800
1311841938631544834
1311842006281322498
1311842127878320128
1311842568511119360
1311842589201571841
1311842656406781952
1311842673427460096
1311842694117851136
1311843164131594240
1311843251805212673
1311843372869582851
1311843570396155905
1311843654563172358
1311843691934429184
1311843788579512321
1311844073439932418
1311844128376991750
1311844171574120448
1311844242202001415
1311844258199076865
1311844459877937153
1311844492841021440
1311844628061057024
1311844728468639744
1311844740476727296
1311844812358856704
1311844992336359425
1311845286218797057
1311845394838704129
1311845432734121985
1311845588028346368
1311845592415588352
1311845600518762496
1311845630298525696
1311845637974040578
1311845650787708930
1311845676284817414
1311846030837796869
1311846103667572743
1311846196470837249
1311846209389244417
1311846347520323587
1311846599312769024
1311846669797842945
1311846838014808065
1311846896634335232
1311846970391252992
1311847156362469376
1311847165388414976
1311847375091232768
1311847410885300225
1311847429478772737
1311847500748328960
1311847521979957248
1311847524416712706
1311847634966122496
1311847861726871553
1311847936897290242
1311847999291621379
1311848003980980230
1312105227160494080
1312105275835338754
1312105404139106304
1312105756125093888
1312105824139898882
1312105987151556609
1312106203757993985
1312106321613783040
1312106687696785408
1312106713252720641
1312106773147316225
1312106799881834496
1312106821847445504
1312106855708024832
1312106863480037377
1312106880706072576
1312107065276465153
1312107106854596608
1312107140769738752
1312107229042995200
1312107356805763073
1312107433842540544
1312107560334319616
1312107610225532935
1312107745017880576
1312107820196589576
1312108004561494017
1312108083452080129
1312108122454941703
1312108268592852993
1312108340189646849
1312108448901820416
1312108449551937538
1312108616766300163
1312108629831475203
1312108680305811456
1312108743090290688
1312108873088552960
1312109031998156800
1312109137006747648
1312109141435973632
1312109175250407424
1312109409682649088
1312109493455482880
1312109531229384706
1312109636338610176
1312109661605171200
1312109716344983552
1312109745122103297
1312110089277304833
1312110101738577920
1312110382744399872
1312110651645390848
1312110768624553984
1312110814388654080
1312110857245999104
1312110890867597312
1312110910920560641
1312111087534305280
1312111107692060672
1312111137538760704
1312111166873694208
1312111188147277824
1312111204567969792
1312111528154337281
1312111691115556864
1312111724774924289
1312111804743471104
1312111883994816512
1312111886205247489
1312111892664475648
1312112052014473216
1312112245053112320
1312112320533811202
1312112333590675457
1312112387688865792
1312112426624581632
1312112660419284992
1312112916213100545
1312113109398560768
1312113285387284480
1312113356883410945
1312113406720188416
1312113499535892483
1312113516153769984
1312113604246687745
1312113637532737538
1312113658625892352
1312114094812483584
1312114249112580096
1312114316691206144
1312114564771667968
1312114636729114625
1312114737132363776
1312114761706815488
1312114778496614400
1312114815804993536
1312114883173871616
1312115034181390336
1312115051222888449
1312115099474116608
1312115106235342848
1312115134999851008
1312115180772368384
1312115235482816512
1312115240000131073
1312115437392457728
1312115503926657025
1312115537367891969
1312115596415258624
1312115625796411393
1312115789000916992
1312115835209539585
1312116002759479296
1312116342992986112
1312116383912665088
1312116531526987776
1312116792320434179
1312116838453530625
1312116872045760514
1312116892874625025
1312116947849367552
1312117098265497600
1312117374200340481
1312117475371225088
1312117533126782976
1312117856356630529
1312117919891943424
1312117928326619136
1312118104785264640
1312118263682228225
1312118331588005889
1312118406313734144
1312118481739948032
1312118708572053506
1312118741115625472
1312118834204033024
1312118880328847360
1312118972318318592
1312119196604493824
1312119270197743617
1312119283565031424
1312119295632056320
1312119308684685312
1312119333758201856
1312119795056177152
1312119807228092418
1312119870310424576
1312119971082727424
1312029659098492929
1312029776916353031
1312029793223929856
1312029944529268736
1312030036913000450
1312030091480887298
1312030165665566720
1312030213031817221
1312030254840442880
1312030280102731786
1312030313174966273
1312030481291128832
1312030586295521280
1312030602787459072
1312030833298018305
1312030972142129153
1312030988915138562
1312031114484019200
1312031194154967041
1312031424774574082
1312031429266726913
1312031609433083906
1312032027294695424
1312032034412523521
1312032242441445376
1312032667890671616
1312032683715948544
1312032775252447236
1312032802217525248
1312033089967869953
1312033299594964992
1312033408969736192
1312033475965444097
1312033509129752576
1312033517929332736
1312033526141857792
1312033664566353920
1312033706903777282
1312034105303986176
1312034214389391361
1312034255766261760
1312034319096053761
1312034352289595395
1312034360896507906
1312034436389756928
1312034457147318273
1312034604212121601
1312034692284252167
1312034726098731008
1312035099219812352
1312035342103515136
1312035472227565570
1312035476862308353
1312035479139889154
1312035510211153920
1312035531379953666
1312035552129167361
1312035598232846336
1312035602473381888
1312035623390203904
1312035635818106880
1312035774716674050
1312035904467464192
1312036026001612800
1312036043198205953
1312036151717515265
1312036843823734789
1312036940724789254
1312037083347849217
1312037205011963906
1312037234237988864
1312037250952241153
1312037347459031048
1312037393432797188
1312037577956880386
1312037896476647424
1312037922137427969
1312038009949356032
1312038123044368384
1312038160914935808
1312038194666496003
1312038245014949889
1312038361905979395
1312038496484253698
1312038525634637824
1312038563953942528
1312038580399738880
1312038995325485058
1312038995719794688
1312039075352723456
1312039255846391815
1312039432225255424
1312039456644374528
1312039750631591936
1312039851294777344
1312039859666771973
1312039880470466561
1312039956009881600
1312039994832424963
1312040070199873538
1312040220209164289
1312040270746185728
1312040404531974144
1312040543535464450
1312040560467865601
1312040581170946055
1312040639845068808
1312040690415734786
1312040820103475200
1312040975355781121
1312041017550528512
1312041030217338881
1312041243539636224
1312041289865662467
1312041386611539968
1312041512226689031
1312041566035472385
1312041681915531265
1312042258242437122
1312042397539409920
1312042611126009857
1312042623813718016
1312042707834019847
1312042938021507073
1312043193949720576
1312043266527944704
1312043382806544390
1312043559294435328
1312043562972803074
1312043671584464898
1312043756271677440
1312043756246401024
1312043823120424962
1312043835762053128
1312043878011285504
1312043953085128710
1312044129598218242
1312044234074132480
1312044401925988353
1312044456795803648
1312044456971890688
1312044498235658241
1312135712548900864
1312135741560942592
1312135850449227777
1312135925950869504
1312136022583439361
1312136102258438144
1312136265760862208
1312136438301908993
1312136514709512192
1312136630568853506
1312136672537006081
1312136710705180672
1312136714937278466
1312136790074040320
1312136924383989760
1312136999910793216
1312137025013776385
1312137205263990785
1312137246879830016
1312137364416860161
1312137465063337984
1312137536186195969
1312137624455323649
1312137633477193729
1312137750745817089
1312137838696132608
1312137964562968576
1312138097786679297
1312138341853261825
1312138484669243394
1312138501224165376
1312138614759854082
1312138622741561344
1312138786596216833
1312139080059158528
1312139172149293058
1312139222199857152
1312139227350536192
1312139465779945472
1312139516631642115
1312139751172890625
1312139851806900224
1312139885738749953
1312139960682639362
1312140049023025152
1312140094963281921
1312140115884400643
1312140195920138240
1312140241860395008
1312140271308562433
1312140271606394880
1312140414070091778
1312140585927540737
1312140590113456128
1312140665686376448
1312140778592854016
1312140980422729728
1312141059602800641
1312141185813635075
1312141307435864066
1312141592526946306
1312141659572846593
1312142045503348736
1312142091690995713
1312142167054278657
1312142234054094848
1312142263661686790
1312142368628383745
1312142376949829632
1312142565932630016
1312142640784130050
1312142754206552069
1312142774167195648
1312142808921202688
1312142859047297025
1312142875698761728
1312143290985148417
1312143485697286145
1312143538440683521
1312143752731926529
1312143819870097408
1312143828090982400
1312143958147915776
1312144050145751040
1312144151375355904
1312144281428135937
1312144310226227202
1312144331722031106
1312144503206100994
1312144524504780800
1312144667002114048
1312144679517843456
1312144891439280128
1312144926730145792
1312145073878884352
1312145157781766144
1312145241567191040
1312145241818816513
1312145459549360128
1312145560137211904
1312145606924627968
1312145748926976000
1312145862240333824
1312145891499761664
1312145908222496768
1312146050669441030
1312146089227681793
1312146201941221376
1312146470636724224
1312146671581585408
1312146944324583425
1312147280405782528
1312147288173670400
1312147326341799937
1312147422403936258
1312147498157318144
1312147908913848321
1312147930397114368
1312147975892688897
1312148119300104192
1312148131270676482
1312148169489145856
1312148190221627392
1312148316122017793
1312148357645697024
1312148391992803328
1312148441531727872
1312148525992480769
1312148550961119232
1312149364387659776
1312149381525635072
1312149431437848576
1312149448785424384
1312149536593203200
1312149536643575809
1312149557317230592
1312149591270191104
1312149612170366976
1312149712909135872
1312149716709195776
1312149721138438144
1312149792311504897
1312149998088282113
1312150136374452224
1312150220298309632
1312150268264415232
1312150270277677061
1312120230794027008
1312120276507787265
1312120411363049473
1312120461526933507
1312120591613190145
1312120599884386304
1312120717408833536
1312120859813838848
1312120881179619328
1312120889668902913
1312120897843523585
1312120931653873664
1312120940155740160
1312121107432972290
1312121283912429568
1312121438841651201
1312121547721633792
1312121573239779328
1312121606521544704
1312121728336711681
1312121925980704768
1312122030402150400
1312122051218423809
1312122068012425216
1312122231615492096
1312122324305362945
1312122382731993088
1312122567608598528
1312122730788003841
1312122785657843713
1312122848098435072
1312122998921412608
1312123318187683842
1312123326194544640
1312123359753236482
1312123443739947009
1312123586975395840
1312123615425359872
1312123665916456964
1312123674338631680
1312123729627897857
1312123733260210177
1312123774926376960
1312123884661956608
1312124072621305857
1312124320395665410
1312124446556082176
1312124504630423553
1312124555624738816
1312124622528151554
1312124865407664129
1312124895317258242
1312124919887523843
1312125063072686080
1312125276751503361
1312125281260335104
1312125481450233856
1312125486340874240
1312125616360091648
1312125658072379392
1312125713101721600
1312125721163124737
1312125855867363330
1312125872766246913
1312125960913707008
1312126082007461888
1312126102987390976
1312126417824489474
1312126421783863296
1312126549299138563
1312126564063084544
1312126698868011009
1312126929256935424
1312127013377863681
1312127025222623233
1312127193888161792
1312127315011231744
1312127558985510912
1312127583543148544
1312127646608707585
1312127688195231744
1312127696948740096
1312128095663448064
1312128195903156224
1312128237984653312
1312128368305790977
1312128426594062336
1312128527358062593
1312128615794929664
1312128644823748608
1312128653631787009
1312128749819715584
1312128766521483264
1312128808502190082
1312128808808448001
1312128824864251905
1312128838202089472
1312128933865811969
1312129102539681793
1312129394983411714
1312129701691834369
1312129915911774208
1312129920328298496
1312130035021561859
1312130099936817153
1312130137786253313
1312130150532706304
1312130237912678400
1312130289141866501
1312130318594273281
1312130485645008896
1312130671565889536
1312130791103553536
1312130864025800704
1312130903603257344
1312130951414120449
1312131090132287488
1312131106393579520
1312131136324132864
1312131253374574592
1312131274828443648
1312131312132608001
1312131425777328128
1312131434522439681
1312131493116829696
1312131916531859456
1312131928674332672
1312131941659893760
1312131966414721024
1312132029329276929
1312132109281050624
1312132134086213634
1312132163366608896
1312132230932697088
1312132234883690502
1312132398474121217
1312132436537438208
1312132491101102081
1312132579198341120
1312132600446611456
1312133199754002432
1312133233572638720
1312133270943879168
1312133275205300224
1312133397007925249
1312133464464842753
1312133539723268102
1312133673706168321
1312133728349507586
1312134134123253760
1312134244198608896
1312134395457748993
1312134431449075712
1312134538097688577
1312134583790432258
1312134588303458305
1312134697300815872
1312134915048173573
1312044838540451840
1312044959776862215
1312044967402057728
1312045236919635969
1312045295748829185
1312045391823609856
1312045396294688771
1312045455426179076
1312045534438469633
1312045572350595072
1312045672825323522
1312045740030455813
1312045740282183680
1312045823643906050
1312045978925576192
1312045979420459008
1312046033401192451
1312046389917032452
1312046490769121293
1312046599867174912
1312046713570435072
1312046868462010373
1312046889177677824
1312047123907584005
1312047178832064512
1312047204165537792
1312047295840444418
1312047405018370048
1312047418997960706
1312047463763763205
1312047640222339075
1312047963229827073
1312047988735447040
1312048067995201543
1312048072122392576
1312048168478085122
1312048172496191490
1312048793446232071
1312048801977380864
1312049038880051200
1312049066633818112
1312049104378265600
1312049187626930176
1312049280224579584
1312049355810103297
1312049389318238208
1312049569727942657
1312049674547687425
1312049678662406144
1312049964051124227
1312050070225907713
1312050357963550723
1312050819538223105
1312051156948926465
1312051163408347143
1312051206546755585
1312051284837572608
1312051301556129792
1312051314743013376
1312051373337387009
1312051461279412224
1312051490702454786
1312051717257793540
1312051838053748736
1312051851336970244
1312052102688960512
1312052136100929536
1312052144539795456
1312052224298639361
1312052241533218816
1312052405115277312
1312052577190764544
1312052581460451335
1312052635437076486
1312052698238287872
1312052757126356992
1312052920683298820
1312052945438093313
1312053017471078400
1312053189055741956
1312053189315887106
1312053268529459200
1312053314868121601
1312053324036833280
1312053336003076096
1312053516656050177
1312053608381251584
1312053633538695169
1312053712907636736
1312053743127539712
1312053776237330436
1312053847536394243
1312054187744583682
1312054238051217408
1312054383002234881
1312054547876020226
1312054569149530113
1312054925707358208
1312054984339591171
1312055047015014407
1312055290259337217
1312055685010595840
1312055701615845377
1312055743881842690
1312055813196771330
1312056008072548353
1312056087428947970
1312056221973852161
1312056272250904579
1312056338810273792
1312056401880141824
1312056405898256388
1312056452606033920
1312056598982873089
1312056657782996992
1312056745829650433
1312056783545008128
1312056951392686080
1312057119139459073
1312057161497837568
1312057228313145344
1312057236987023360
1312057358663782401
1312057420924030976
1312057580718444544
1312057589224607745
1312057681176408064
1312057786583470081
1312057878124154880
1312057903562579971
1312057912022401025
1312058079849127937
1312058129862062082
1312058151215280134
1312058364701093888
1312058432166522883
1312058511438868482
1312058549900636162
1312058616980156416
1312058621082001408
1312058624735313923
1312058676866236416
1312058700530692098
1312058842851803136
1312059082287673345
1312059123639308289
1312059229147197441
1312059262214893568
1312059644467187714
1312059661022121984
1312059677631483904