1312860051607097349
1312860054262099970
1312860194095857664
1312860261922091009
1312860316519325703
1312860337486458880
1312860492084453381
1312860501106397184
1312860554940297221
1312860628860702720
1312860673081212928
1312860714470645761
1312860785614319621
1312860974366560257
1312860983208022016
1312861058994974721
1312861171695972354
1312861314218328064
1312861444904546304
1312861460725485569
1312861537472782345
1312861556544360451
1312861574730637318
1312861597161926657
1312861931003412480
1312862000536453121
1312862195382923267
1312862232565280768
1312862236881293312
1312862321706819584
1312862450891583488
1312862568315322373
1312862685587935232
1312862707188719616
1312862719721308160
1312862790592294912
1312862853850894341
1312863021480448005
1312863167228370945
1312863244340658176
1312863306147864576
1312863378021462016
1312863453774839808
1312863458061320193
1312863469650227200
1312863641989902337
1312863701033246724
1312863844075675649
1312863944000765952
1312863949021347840
1312864019313815553
1312864029585682432
1312864032249053189
1312864036460011520
1312864120031637504
1312864187194933249
1312864405432930304
1312864467454230528
1312864493127393282
1312864547561263104
1312864564980178946
1312864612040216578
1312864653765234691
1312864803078246400
1312864815216427008
1312864846145150976
1312864880173735937
1312865029616787456
1312865222953242628
1312865269912608775
1312865315471216641
1312865323859800066
1312865463882280960
1312865480630251522
1312865500150534145
1312865504520962053
1312865529355472897
1312865571130822657
1312865684771295234
1312865755856343044
1312865903655165958
1312865982885629953
1312866020508327937
1312866120722980865
1312866188301668352
1312866200691462144
1312866213148667907
1312866230802542592
1312866406233448450
1312866434566033409
1312866492153688066
1312866492568879104
1312866771217657858
1312866775894171648
1312866829799489540
1312866856336715776
1312866888230350848
1312866888674873345
1312867119428784129
1312867173308788738
1312867186470420481
1312867282557829125
1312867304078823424
1312867391555198976
1312867519351476225
1312867710397747200
1312867760674762752
1312867835979476992
1312867962009915392
1312868028825112583
1312868071447560193
1312868171632848898
1312868377388515328
1312868402365693954
1312868477825294336
1312868524147130368
1312868600198225921
1312868683346214921
1312868818302238722
1312868969091657729
1312869090273320960
1312869140647030784
1312869272033677313
1312869362756395010
1312869363213508609
1312869409069948931
1312869443014479879
1312869538866835463
1312869547523944449
1312869614532145158
1312869732064866304
1312869845361459201
1312869945424764934
1312870008838479872
1312870029797527552
1312870181186818049
1312870218750976001
1312870235469492226
1312870286002475008
1312870306470604802
1312870336258605057
1312870361009135617
1312870453535477760
1312870474221748232
1312870565783326721
1312870592043917312
1312870717965307904
1312870743043125251
1312870826849513474
1312871002792230913
1312871033917956096
1312871066444808192
1312871078289715200
1312871116545949702
1312871120488497158
1312871183382085632
1312871216907259907
1312871225086140421
1312871317612437511
1312871325694914560
1312871355222839303
1312871388622065671
1312871410113695745
1312871535561113600
1312871573125312512
1312871722421555202
1312871774594400258
1312871816659050497
1312871829162217477
1312871912981360644
1312871967675027457
1312872055726108679
1312872118728765440
1312872131139690496
1312872235422699527
1312872244780191744
1312872298471477250
1312872315814903808
1312872332361437184
1312872394965553154
1312872404117487622
1312872760343887872
1312872785979551749
1312872820469305345
1312872833870114817
1312872856942981125
1312873028842385408
1312873209218453504
1312873217636278272
1312873255535951873
1312873276713172992
1312873741504991234
1312873754633084929
1312873854927351808
1312873922526949377
1312874039703207936
1312874152953479168
1312874224336470018
1312874308033708033
1312874328896069634
1312874567132688385
1312874605711945728
1312874806732361729
1312874852907450371
1312874941273051136
1312875008788779008
1312542992008245248
1312543008101789696
1312543037554294785
1312543105007058945
1312543160074027008
1312543289741119488
1312543327238139913
1312543490820067329
1312543490962792448
1312543554330214402
1312543600362893312
1312543700292005888
1312543715739697152
1312543867867222017
1312544106921570305
1312544145572007937
1312544346902855682
1312544409263632387
1312544459402469376
1312544480374009863
1312544505808084992
1312544560648785921
1312544623911346176
1312544707730444294
1312544728165081088
1312544781747265536
1312544992280408070
1312545029974495232
1312545093216342016
1312545450029912064
1312545688610373638
1312545700803219458
1312545802456240128
1312545869346996225
1312545923545722881
1312545999043227650
1312546041120555008
1312546137249918976
1312546284427976708
1312546325993525249
1312546343693545479
1312546523113295872
1312546808808255488
1312546825979781121
1312546829788155904
1312546863057231872
1312546938571698176
1312547100274565120
1312547107753123841
1312547270475149312
1312547328356618240
1312547454366044160
1312547526176837633
1312547538768199684
1312547571571679233
1312547600747229184
1312547622234849280
1312547651930460164
1312547722713616384
1312547731681009671
1312547802954821633
1312547852686589953
1312547936870395904
1312548013034926080
1312548030063628289
1312548126067130371
1312548197164879872
1312548486173388800
1312548508508008448
1312548692000346112
1312548905981227010
1312548977406078976
1312548996867600386
1312549136470691841
1312549158012755970
1312549173015838720
1312549176128032773
1312549203336327169
1312549203852382208
1312549220126126080
1312549266724974593
1312549269447102469
1312549472379920384
1312549486246408192
1312549495775797249
1312549799065870336
1312549937771667456
1312549988229152769
1312550037969403904
1312550204843806720
1312550219364536321
1312550294052503553
1312550311790288898
1312550331675545601
1312550331906166785
1312550520373075968
1312550541596164099
1312550583648227329
1312550655068983296
1312550801261424640
1312550818474717186
1312550910976045056
1312551018937319431
1312551066207162369
1312551474887454722
1312551607066939397
1312551765754015744
1312552118650171392
1312552207099797510
1312552307482071046
1312552327983890432
1312552439166496770
1312552462503608320
1312552569588322305
1312552584083890176
1312552617629765633
1312552756524261382
1312552932458541063
1312552940566204419
1312553125803429889
1312553490271662080
1312553494709178369
1312553533850488832
1312553569745281024
1312553662686748672
1312553863808012288
1312554006196170752
1312554161687289858
1312554209280241666
1312554253521580033
1312554329296048131
1312554354365267968
1312554471709343744
1312554576332161025
1312554593302114304
1312554627200475136
1312554639095521282
1312554735791112194
1312554975344553984
1312555058878349312
1312555226839289856
1312555260842569729
1312555302294876161
1312555332216864768
1312555428455251968
1312555498886115329
1312555587029397504
1312555620797755394
1312555650510135296
1312555754256322560
1312555877031915521
1312555905754439681
1312556006669520901
1312556128098803712
1312556245853839361
1312556383745835008
1312556631453040640
1312556698444259328
1312556699211849728
1312556773975494656
1312556803901841410
1312556900194701312
1312557051445354498
1312557119028293634
1312557256702070786
1312557406040190976
1312557445366022145
1312557509098442752
1312557558897537025
1312557609266880513
1312557660055769090
1312557701591896064
1312557869179559936
1312557884484595713
1312845044429197313
1312845085697085441
1312845229897052160
1312845283252862977
1312845313363849216
1312845363561279488
1312845432872153088
1312845631791210508
1312845736199905282
1312845786292649989
1312845833319178241
1312845904353861634
1312845912134348802
1312845980132409345
1312846005327589377
1312846008854994946
1312846269430337538
1312846281916768260
1312846332625911814
1312846357380698112
1312846403182440448
1312847258828898305
1312847259353124866
1312847280890941441
1312847509434241024
1312847636869906432
1312847665915453440
1312847676845764608
1312847713629691904
1312847927921070088
1312847949844688896
1312847976776302593
1312847988952268801
1312848546593411073
1312848580047036416
1312848614344003586
1312848652105330688
1312848852857360384
1312848915516063744
1312849086287155203
1312849192453238785
1312849356320501760
1312849456904114176
1312849515251142656
1312849537053028352
1312849540836397058
1312849561417736192
1312849616405229572
1312849705013977089
1312849771216994306
1312849793291558919
1312849926913765376
1312849955862839297
1312849968797872128
1312850165603078145
1312850178672488448
1312850185165434880
1312850312152199174
1312850376001904640
1312850422193958924
1312850476568772608
1312850538971705346
1312850556470272001
1312850899618820097
1312850954627297285
1312851088500944896
1312851096600223744
1312851134743220224
1312851436657692673
1312851539535437824
1312851549916364800
1312851567008243713
1312851608846376961
1312851957162287104
1312851964712169473
1312851969816629251
1312852078574874625
1312852090612457472
1312852111659499521
1312852230001786881
1312852297203023875
1312852364588707848
1312852388642840576
1312852392589905923
1312852405470466048
1312852406225367040
1312852502430322688
1312852590116261888
1312852619354935301
1312852733041369088
1312852787462512640
1312852824779354112
1312852883310870528
1312853097409064960
1312853408034955264
1312853428960464902
1312853433771147264
1312853576142577664
1312853857056235521
1312853870184460289
1312854087575040000
1312854271373840385
1312854271826825217
1312854338239332354
1312854615780732928
1312854675293638658
1312854699930861568
1312854758403780609
1312854781489278977
1312854795926081537
1312854898669690881
1312855022653394944
1312855517589635074
1312855559176060928
1312855588909572096
1312855617342599168
1312855710426828800
1312855740290347009
1312855824046358528
1312855869923758080
1312855945945509890
1312856101008945152
1312856126136950784
1312856138212278272
1312856144864514054
1312856251664130050
1312856252133777408
1312856323134910465
1312856398842208256
1312856403451629568
1312856453212856321
1312856558091468801
1312856599850037248
1312856762983342080
1312856792372776960
1312856898396475398
1312856935427760128
1312856948086378501
1312856952746192899
1312856963127160832
1312857027866230791
1312857065619161088
1312857098871599104
1312857172439707650
1312857334734090240
1312857388958048258
1312857523083452416
1312857556239474688
1312857736267399173
1312858206314659840
1312858235536396289
1312858441048784899
1312858454101499906
1312858588193325056
1312858596502274050
1312858642979323904
1312858646632595460
1312858646951481344
1312858667373527043
1312858667977506819
1312858751637114881
1312858805630308352
1312858894427975680
1312858903978414080
1312859020647038976
1312859116126310400
1312859196887502848
1312859368153649153
1312859384503037952
1312859451703980032
1312859452945698818
1312859477419401221
1312859518708064256
1312859533342117890
1312859586655850501
1312859623909732352
1312859703232401410
1312859704385703936
1312859792571011076
1312859913673113603
1312875142603845634
1312875361034739712
1312875394454958082
1312875402323472389
1312875499409072131
1312875583404113922
1312875633794412544
1312875712853020673
1312875721602129920
1312875738320699392
1312875977198964747
1312876048577695744
1312876174289195011
1312876174872375297
1312876246024556546
1312876355013533697
1312876439084072960
1312876564825206785
1312876858749444096
1312876969894182914
1312877055219044354
1312877105013755907
1312877105789665282
1312877185695469568
1312877193849118721
1312877229660139523
1312877289860857856
1312877369775063040
1312877420140285959
1312877431896920068
1312877567091695616
1312877768284073985
1312877839470002176
1312878016112939008
1312878116461842432
1312878120576319489
1312878154864824322
1312878242517442561
1312878347651887105
1312878351309246465
1312878351426572288
1312878682046947329
1312878830630187009
1312879018014838784
1312879110138462208
1312879127561564160
1312879505057280000
1312879517426495488
1312879561802223621
1312879584547758080
1312879588557705216
1312879635022204929
1312879684183564289
1312879815637204993
1312879873732481024
1312880260141154311
1312880297336283144
1312880566518284288
1312880578664955904
1312880620218056706
1312880644469518336
1312880675209519104
1312880708835332110
1312880763365470209
1312880910006661121
1312880951568093189
1312881092672790529
1312881098628751365
1312881106765656065
1312881287582097409
1312881392091623424
1312881450849533952
1312881681506934791
1312881693963894785
1312881732589285376
1312881823731638272
1312881828831821824
1312881833130913792
1312881891364630528
1312881979336130562
1312881987468787720
1312882109439070213
1312882180981366784
1312882193623134208
1312882380382773248
1312882483940265984
1312882516047663110
1312882533235818509
1312882624986308608
1312882641817853953
1312882906730127360
1312882935465349120
1312882981778804736
1312883027987623937
1312883036078264326
1312883269961015296
1312883271047565313
1312883329948151811
1312883422042480640
1312883430707720193
1312883539692716035
1312883649205870592
1312883686568792064
1312883812360126464
1312883854718521345
1312884051406192642
1312884068221161472
1312884109929263105
1312884126735757312
1312884169161216002
1312884207174123521
1312884227696783362
1312884319766016000
1312884361587560454
1312884365886709760
1312884481909575681
1312884734779969536
1312884806477373442
1312884944499347458
1312885162678640640
1312885192344961026
1312885263937531904
1312885272204529665
1312885398104924161
1312885410842972160
1312885436159864832
1312885477725229057
1312885553105428480
1312885590862360576
1312885670956990467
1312885766964510723
1312885871826395136
1312885955934801925
1312885993121427456
1312886051883622400
1312886119382634498
1312886152848789504
1312886345535283200
1312886388023595008
1312886421443706885
1312886660925849600
1312886676897890304
1312886899296665600
1312887038002171904
1312887084126961667
1312887189064183808
1312887201739476992
1312887566392332290
1312887574554345473
1312887595572097026
1312887793136201728
1312887826904756225
1312887831136665601
1312887914267901952
1312887935151140870
1312887941430157314
1312887998581600256
1312888136574341121
1312888169986048000
1312888232472981504
1312888413863854080
1312888505920630784
1312888660979781632
1312888674183331840
1312888807633682433
1312888854232391680
1312889013070635009
1312889059665219584
1312889070067085312
1312889084629712902
1312889298539229184
1312889299013005313
1312889369649315841
1312889436837875713
1312889466680479744
1312889634196721669
1312889747799506947
1312889810433052675
1312889814577033222
1312890083121520640
1312890091002494976
1312890107884523520
1312890110334164994
1312890149676691456
1312890213048479747
1312829828119310341
1312829894670180358
1312829949703843842
1312830008004616198
1312830104267976706
1312830112920993793
1312830125461962752
1312830146198601728
1312830280508481536
1312830310439022594
1312830372594548736
1312830445705474048
1312830633777995776
1312830762962636806
1312830796084981760
1312830905262764034
1312830972988198915
1312831182984409093
1312831203884576768
1312831290387894272
1312831291172294656
1312831408507764737
1312831648015306754
1312831873878560774
1312831924940013569
1312831946196578305
1312831980279537665
1312832000924045312
1312832058973184001
1312832412120838144
1312832466260914176
1312832487144542209
1312832517074948096
1312832629138358272
1312832688047435779
1312832755667927041
1312832876883312641
1312832947817455618
1312832999206117377
1312833024141164545
1312833098791505925
1312833363372318731
1312833690913984514
1312833711532957696
1312833736749264897
1312833741404868608
1312834004912144385
1312834126916005888
1312834172981964800
1312834181651746818
1312834208155402240
1312834210357481478
1312834307547856897
1312834420542443521
1312834516667559937
1312834760331460609
1312834933027557376
1312834948898979840
1312834966041096202
1312835058613485568
1312835069002895362
1312835145687166976
1312835201328795648
1312835246602293250
1312835356442714116
1312835411006414850
1312835477037289481
1312835591147597825
1312835604372246532
1312836258096443392
1312836492151205888
1312836567556386823
1312836597876891648
1312836600322236416
1312836693746122754
1312836714444984321
1312836787321085952
1312836920775446528
1312836961749606400
1312836962697408513
1312837004007223296
1312837192427896832
1312837238837846016
1312837255694696448
1312837255631908865
1312837285164048385
1312837322677923842
1312837372741115905
1312837473567940609
1312837477598715904
1312837574847848448
1312837786773446656
1312837859246702592
1312837952599281665
1312837993770688512
1312838320951562242
1312838329055023108
1312838367256535040
1312838392904851456
1312838488950222849
1312838560026824705
1312838664985157634
1312838791296618496
1312839072923213824
1312839256860172289
1312839348589662209
1312839450162941952
1312839503665602560
1312839713888391168
1312839756137607169
1312839999184949249
1312840124246364160
1312840139337539592
1312840238432235520
1312840355289722884
1312840401380954112
1312840418434977792
1312840527436484608
1312840650904072192
1312840741459197956
1312840754415493120
1312840842093056000
1312840859017068545
1312840917859131392
1312840976222875651
1312841034880163843
1312841076437389312
1312841076814745600
1312841181781323777
1312841287163277312
1312841324215894016
1312841445536010240
1312841483784015873
1312841542621704192
1312841827591114754
1312841835610542080
1312841873409675264
1312842074757099520
1312842083124883461
1312842125680218113
1312842146848833538
1312842264125808642
1312842317926105088
1312842373047648256
1312842377141186560
1312842473086111745
1312842726019391489
1312842798974955520
1312842826632310786
1312842842964922370
1312842950347497473
1312842951530180613
1312843023194050560
1312843035399647234
1312843042731307009
1312843131600228356
1312843161644007427
1312843186998521861
1312843190928506880
1312843240861847552
1312843257706094596
1312843307509317637
1312843346109296640
1312843385288286208
1312843417664122881
1312843430364577793
1312843549289873410
1312843618231746561
1312843647503798278
1312843748502646790
1312843815787606016
1312843830731829249
1312844021241389057
1312844046339989506
1312844050677067778
1312844050828058630
1312844062072934401
1312844143446630407
1312844162098761728
1312844210358321154
1312844244114198528
1312844281493811201
1312844340063023114
1312844381859319814
1312844469746708481
1312844568044339201
1312844587208065024
1312844600269303814
1312844695979130880
1312844704279531521
1312844839550099457
1312844849348050945
1312844852590252033
1312844860177682433
1312844885171429377
1312558036846813188
1312558078450171904
1312558133458489345
1312558334382346242
1312558437545336832
1312558636267380741
1312558670312480768
1312558745222742016
1312558762398494726
1312558783483310080
1312558795499991041
1312559039683887104
1312559089491222528
1312559116838219776
1312559143908184066
1312559203614101510
1312559275311427584
1312559282836168704
1312559438159663104
1312559441468887041
1312559491825766400
1312559529964507136
1312559542300037125
1312559630145540096
1312559793903603712
1312559869552136192
1312559881904422912
1312559953870311424
1312560008719196160
1312560024510554112
1312560045515735041
1312560116940460033
1312560116923760641
1312560133440929793
1312560180735938560
1312560260083781632
1312560276903002113
1312560409677910016
1312560435980316672
1312560721331331072
1312560784057282560
1312560784426364928
1312561202002685953
1312561337843822592
1312561400762585088
1312561433972928513
1312561639950938112
1312561736294203395
1312561820591325194
1312561861758537728
1312561966381182976
1312562038598561792
1312562058752389120
1312562173252640768
1312562260355829763
1312562373782237185
1312562495815639040
1312562524861067264
1312562562677043203
1312562587138174977
1312562703911718913
1312563007021633537
1312563015292772352
1312563053544775682
1312563102853070849
1312563145819353089
1312563150349307909
1312563170389696512
1312563288501346304
1312563590369628160
1312563740810907650
1312563938035466241
1312564030255624192
1312564067911884801
1312564527796416513
1312564580187615232
1312564638488330243
1312564680783728642
1312564814934233088
1312564823394332672
1312564860945756160
1312565024901267457
1312565029036797955
1312565070258462721
1312565134678806528
1312565255260844034
1312565340006682624
1312565423246843904
1312565560874500096
1312565691904593922
1312565729657487360
1312565776130469889
1312565783822626817
1312566161012293632
1312566206742790147
1312566220252643329
1312566224384126977
1312566304113647616
1312566345326788609
1312566353686155265
1312566454768857088
1312566458514313222
1312566521688854528
1312566533567262726
1312566618258513925
1312566651896754177
1312566731077017602
1312567012363821057
1312567138234912769
1312567163400728576
1312567164545773575
1312567284787970050
1312567629077331973
1312567658592731141
1312567721964400640
1312568028152967168
1312568153940131843
1312568291874009089
1312568383838334977
1312568383909445634
1312568388766498818
1312568690773307392
1312568707269312512
1312568736713453573
1312568891076378624
1312569022295273472
1312569264444977152
1312569265401335808
1312569319205875714
1312569897315192832
1312570745587937280
1312570770497794049
1312570804937392128
1312570816630910976
1312570841666711553
1312570867436728321
1312570925636890627
1312571056583045125
1312571223897972736
1312571298686607360
1312571416760463361
1312571453838065666
1312571521508896768
1312571613485899777
1312571726966874112
1312571836337545217
1312572057910214656
1312572100037808130
1312572167888859137
1312572431110991879
1312572453282029568
1312572620144095233
1312572645314093056
1312572704722161664
1312572800553676802
1312572838306443264
1312572847085191168
1312572997962788864
1312890304798896131
1312890343034163205
1312890468888444934
1312890590825250823
1312890782936899592
1312890854982520838
1312890913060921344
1312890922171015171
1312890951560564737
1312891093843931137
1312891127041789958
1312891240585846784
1312891773568512001
1312891827998134273
1312891936534007810
1312892028892532736
1312892071183876096
1312892099998543875
1312892213706272768
1312892320870805504
1312892335420735494
1312892360871870464
1312892468896112640
1312892540723568641
1312892633283469313
1312892674928590848
1312892683560591360
1312892802574028800
1312892952226734085
1312892989543518208
1312893006547099648
1312893390787313669
1312893392309956609
1312893404624441345
1312893416821252097
1312893442956066818
1312893517207924738
1312893572207775745
1312893609902043136
1312893756945776641
1312893836503416835
1312893861669134337
1312893962382786561
1312894248140890114
1312894287357435904
1312894294395695104
1312894461454757891
1312894499488763904
1312894662756257793
1312894717533790208
1312894743882334208
1312894809766494208
1312894834710020104
1312894998355095552
1312895103288004608
1312895305013227521
1312895447342755841
1312895468662329344
1312895494092394499
1312895619518943232
1312895631392997376
1312895711919431682
1312895887660716033
1312895933831577601
1312895959127543811
1312896110227148801
1312896168909844485
1312896265001340931
1312896328502927361
1312896436669952000
1312896437450047495
1312896458056765443
1312896483532955651
1312896558627786754
1312896676072484865
1312896685199196165
1312896785489166337
1312896948676947971
1312897032659632133
1312897229833809921
1312897267678969858
1312897334590738433
1312897347366653953
1312897431026184193
1312897552686092288
1312897678439788556
1312897700099170305
1312897720516919296
1312897745527676931
1312897771096031237
1312897783905607680
1312897930290958337
1312898215394578433
1312898308810182656
1312898408257064961
1312898517669761025
1312898572141068288
1312898848847781892
1312898920498909184
1312899003806351361
1312899196912046089
1312899226146406401
1312899491159314433
1312899513410031616
1312899603738570754
1312899813818552320
1312899886925447169
1312900011240423425
1312900564112625665
1312900568931659777
1312900585662738432
1312900689975099393
1312900753028263936
1312900807600283649
1312900892182687747
1312901554194841600
1312901554400362496
1312901561127972864
1312901772659306496
1312901877718298626
1312901919598407680
1312901973721706496
1312902174926606336
1312902200063078405
1312902254568116227
1312902544000155649
1312902619422130177
1312902678188564480
1312902678696079360
1312902699059482624
1312902749865025536
1312902875471851521
1312903013531484161
1312903051288735744
1312903060423880704
1312903088156663808
1312903303504687111
1312903751779450885
1312903848881774593
1312903884147359744
1312904016234450949
1312904141962973184
1312904196937715713
1312904364265177088
1312904427116941320
1312904431453835264
1312904582566088704
1312904611775340545
1312904809159299072
1312905057059438596
1312905073597403136
1312905086473994241
1312905190849294336
1312905270696255490
1312905303973924864
1312573135770865664
1312573181190762496
1312573266494537733
1312573316889112576
1312573572196511745
1312573622335270912
1312573723921309698
1312573799036985346
1312573811510964224
1312573812135784448
1312573895262834688
1312573991450677248
1312574113463054336
1312574202222907393
1312574264491626498
1312574272943140869
1312574491910975494
1312574700153974784
1312574763831889920
1312574932166103043
1312575082401759233
1312575137053650947
1312575170134126592
1312575263713222656
1312575397159108609
1312575442902106112
1312575567930286080
1312575732158214144
1312575824864788480
1312575850181783555
1312576089269698570
1312576152981172224
1312576281524031493
1312576281570095104
1312576310997327872
1312576382258483201
1312576676723908608
1312576734953234432
1312576772999794689
1312576798354558982
1312576882316111872
1312576973751742465
1312577067112755200
1312577179075702784
1312577213389127681
1312577216962846722
1312577263012061185
1312577334323671040
1312577399444234241
1312577510555619328
1312577599336402945
1312577645901611008
1312577809051799552
1312577830329503744
1312577833504591872
1312577871022485506
1312577956120649729
1312578006087499776
1312578094209925120
1312578102183243776
1312578114770399233
1312578320085725185
1312578358585241600
1312578399727124480
1312578401182474241
1312578546599112706
1312578569344868353
1312578589334876160
1312578656280215553
1312578689557823489
1312578735971811330
1312578780909768709
1312578790099386368
1312578833065762816
1312579201740931073
1312579327200960512
1312579327792345088
1312579603551195143
1312579616385703937
1312579658194587648
1312579934783770624
1312579960427618304
1312580015918403585
1312580053188972544
1312580069819211777
1312580088064606208
1312580153072144384
1312580170667225088
1312580190724214784
1312580233611018242
1312580274790703104
1312580291723231233
1312580300447326209
1312580401366331392
1312580484657025026
1312580673203470336
1312580681411616768
1312580778111500291
1312580782637166595
1312580794871771137
1312580896248270848
1312580992448761858
1312581152398471178
1312581201593475073
1312581390542741507
1312581617693659136
1312581674786455552
1312581898376536064
1312581950314602497
1312582078609973248
1312582137619513345
1312582208847216640
1312582224970158082
1312582342762930176
1312582623294824448
1312582691536228353
1312582724859899904
1312582816639709185
1312582824684290049
1312582850382757888
1312583043757027328
1312583094143197184
1312583148253966337
1312583232102125568
1312583253208035332
1312583273957281792
1312583302843453440
1312583362805149696
1312583446183718917
1312583479784165378
1312583508401876994
1312583597258399744
1312583677306499072
1312583751738761218
1312583910975438848
1312583953887289344
1312584012444114944
1312584062649937920
1312584065581682689
1312584189024382976
1312584344222011394
1312584431987818496
1312584620802744322
1312584632550875136
1312584678960967681
1312584948763832320
1312584968695156742
1312585048391065600
1312585140162514944
1312585438943682562
1312585559236399106
1312585593109524482
1312585639498600453
1312585669269749761
1312585711858733056
1312585727960518656
1312585857178767361
1312586038108274688
1312586130735468544
1312586247412514816
1312586407198760960
1312586646710366215
1312586747025526785
1312586818102099969
1312587006833172483
1312587044376522752
1312587065058623488
1312587216443510784
1312587253982658562
1312587379782430720
1312587388611371008
1312587472400986114
1312587502788714503
1312587748835053571
1312587761606680576
1312587787288354816
1312587853973475328
1312588059213393920
1312588097813504000
1312588160480808960
1312784537391333377
1312784612666429444
1312784659474866177
1312784814429237249
1312784814588784641
1312784893617741824
1312785380417179650
1312785397139857408
1312785464324100096
1312785703508430848
1312785921247531010
1312785984992415745
1312786098251354114
1312786135610019841
1312786156107501573
1312786299305197571
1312786462362996741
1312786664423665664
1312786772892549125
1312786940681506821
1312786966535114752
1312787322681929728
1312787334765711360
1312787353593958400
1312787590647480321
1312787800610095105
1312787876644564996
1312787930226847754
1312787955837100038
1312788027383508992
1312788098355429377
1312788190609076224
1312788199543115776
1312788203812933632
1312788308146098176
1312788643963174919
1312788820346253318
1312788924520112133
1312788950155628545
1312788962746929152
1312788996154679296
1312789054501478400
1312789058603626497
1312789175364734976
1312789293711187969
1312789320709922818
1312789444693504000
1312789486716280832
1312789529024135174
1312789625170165763
1312789630077595649
1312789763414425603
1312789893601468416
1312789906050162688
1312789952879636481
1312790057154220032
1312790237597270017
1312790472876863490
1312790606272368641
1312790610831642625
1312790631580725250
1312790732802064385
1312790921059201027
1312791055843176448
1312791126114471936
1312791148012937216
1312791175989022720
1312791248378294283
1312791269870010368
1312791290057314306
1312791294729748481
1312791336907665410
1312791407959199744
1312791596610449408
1312791697881849857
1312791709789626376
1312791919903334401
1312791936617545734
1312792003931971584
1312792083095121920
1312792121615822850
1312792289350160387
1312792397495951360
1312792548839129089
1312792586038501377
1312792653206036487
1312792771418189825
1312792942596194306
1312792992487559168
1312793286659145736
1312793346075774977
1312793366657200128
1312793397413974018
1312793714738245636
1312793752243666945
1312793769251532802
1312794020960038914
1312794021392248832
1312794146818740225
1312794288951046144
1312794562059001857
1312794599358902272
1312794599723798528
1312794666690117634
1312795082312110083
1312795136540246016
1312795258598699010
1312795361736421376
1312795594235281413
1312795736552157187
1312795870996332547
1312796076127158273
1312796113443926016
1312796214547681281
1312796516357148677
1312796566982479873
1312796658774675456
1312797049499377664
1312797064393236480
1312797145465004038
1312797158618402816
1312797200129425408
1312797300524281860
1312797410251345920
1312797422402392064
1312797543785533444
1312797564765437954
1312797565499437056
1312797602396737538
1312797702141415427
1312797750069653504
1312797892508184576
1312797942944759810
1312797968160845829
1312798018203193344
1312798311829647362
1312798365848154113
1312798572031569920
1312798592759984135
1312798689019084801
1312798714453352448
1312798794170466304
1312798885962801152
1312798902630977537
1312799065923608578
1312799355934519296
1312799448012120065
1312799511232892928
1312769442221363201
1312769530884771847
1312769664351637509
1312769865455865856
1312770046364733443
1312770050542104578
1312770059417387010
1312770122013192200
1312770150920265728
1312770172634226690
1312770242968465413
1312770415677366276
1312770469880303621
1312770767692746754
1312770776634802178
1312770930775597056
1312771241602887682
1312771270904360962
1312771325618991104
1312771430749212673
1312771451691311110
1312771594293575680
1312771627873116160
1312771690733039617
1312771728205062144
1312771770110414848
1312771804159565825
1312771942475354113
1312771987895443467
1312771996829265921
1312772060112801792
1312772151553011712
1312772306360565760
1312772391248986114
1312772394940018688
1312772424824426497
1312772436904083460
1312772545767112704
1312772667808845824
1312772755331448834
1312772818421964802
1312772873564696581
1312772961892360194
1312773133640892421
1312773305947086848
1312773314180313089
1312773380161110016
1312773586466344963
1312773884278603777
1312773888011427840
1312773905413738501
1312774002159628290
1312774035189764098
1312774185417084928
1312774186381701122
1312774299464462338
1312774315989925888
1312774437389897730
1312774475021201413
1312774500270977028
1312774588842094592
1312774639194722305
1312774647662940161
1312774899069378560
1312774990983553037
1312775004308766722
1312775157010792448
1312775507663036417
1312775536159199232
1312775755143634944
1312775804749713409
1312775897242652672
1312776073101312002
1312776094886621189
1312776144710782977
1312776153489461255
1312776216508858374
1312776232426184705
1312776321001574400
1312776362458058752
1312776366899621890
1312776389372923904
1312776476341673984
1312776505462751232
1312776660442284039
1312776900352253955
1312776949920604160
1312777021257216002
1312777080296427520
1312777193295163392
1312777209787154434
1312777227587801088
1312777231601606656
1312777261423226882
1312777315089346560
1312777357103685632
1312777369225064448
1312777423629451265
1312777666920017926
1312777697391792130
1312777742685888512
1312777847178555393
1312778052712239110
1312778128952090629
1312778183045939201
1312778183490465793
1312778254177107968
1312778254185574401
1312778413393014785
1312778493046841345
1312778741542801409
1312778753471393798
1312778812137013250
1312778946258190341
1312779030421176320
1312779206179184642
1312779248709578755
1312779252501303299
1312779286034755584
1312779416280485893
1312779445300654080
1312779449516077056
1312779520890593281
1312779659730251777
1312779676973174784
1312779814433157120
1312779818509963264
1312779840244912131
1312779881923706880
1312780150887665670
1312780452730744834
1312780481402896384
1312780516605808641
1312780700106588161
1312780704267333632
1312780875403350018
1312781076943626240
1312781286881320960
1312781555606024192
1312781580801376257
1312781584513277952
1312781613986504704
1312781622538842112
1312781689064742912
1312781719439777793
1312781819637493761
1312781836440010753
1312781861458976768
1312781866278117376
1312781924109185025
1312781983492329473
1312782113083621377
1312782263851970560
1312782453086580736
1312782457759039489
1312782557398925313
1312782620485324801
1312782726400036864
1312782750412410881
1312782829999271936
1312782889612840961
1312782901977796609
1312782939420323843
1312782960526077954
1312783106856947717
1312783157708697600
1312783166264938496
1312783191573327872
1312783358447939584
1312783375657205761
1312783736220594185
1312783759255564290
1312783769754009606
1312783770328666112
1312783782546636806
1312783924649754625
1312784017666699265
1312784089565589505
1312784113888157697
1312784307321221120
1312784357036302338
1312588290172747776
1312588394971770881
1312588408297000961
1312588525741760514
1312588533140385792
1312588630037327875
1312588689118093313
1312588919746297856
1312588978495737857
1312589121270022146
1312589305571930113
1312589322311397377
1312589699995758592
1312589729410543617
1312589796716564480
1312589896532537344
1312589901515370496
1312590060445995009
1312590157082628096
1312590232034963457
1312590509219688448
1312590521370652672
1312590731580706816
1312590752325591040
1312590908181733376
1312590933263777793
1312590975005536256
1312591020366983168
1312591252089528320
1312591284792631297
1312591318959435777
1312591603626696704
1312591607561154560
1312591725031043072
1312591796787056640
1312591888545873921
1312591909961920512
1312591960021118977
1312591985698635776
1312592085934133248
1312592102702882827
1312592199406755846
1312592233065930752
1312592241001672706
1312592354327638017
1312592367296356352
1312592623190847488
1312592715301949441
1312592811938787329
1312593067921346563
1312593152218456069
1312593365226192898
1312593466807980034
1312593571095228416
1312593608432812032
1312593822845595649
1312593830001037312
1312593894534766597
1312593944950312960
1312593961123368961
1312594170586951681
1312594234197913601
1312594396966158337
1312594439911747586
1312594556383240193
1312594565426106371
1312594762998804482
1312594850148216833
1312594941089062912
1312594946847903744
1312595059985055744
1312595105761562625
1312595207100170240
1312595394065428481
1312595559648235520
1312595585149489152
1312595659233480704
1312595677306908674
1312596033352933377
1312596106493136896
1312596231042953216
1312596234956353540
1312596301981253632
1312596506692681728
1312596620731613184
1312596708166168576
1312596741787545600
1312597127659425793
1312597152540041216
1312597346312749061
1312597564890456064
1312597580338139136
1312597606866907137
1312597652517851137
1312597660008931328
1312597848966475776
1312598105594966017
1312598151879159808
1312598261061033984
1312598273014657024
1312598461355786245
1312598495321153536
1312598570084765696
1312598658584506368
1312598726075056128
1312598815522910211
1312598822753726464
1312598922804621312
1312598939833708544
1312599003289264130
1312599179311550464
1312599208340393990
1312599342293934080
1312599371502903297
1312599380084633600
1312599444165201920
1312599621613559809
1312599652714373125
1312599897649094657
1312599996928327680
1312600118038876160
1312600126909636615
1312600323928788993
1312600437212626945
1312600488039284736
1312600573389275139
1312600776225837056
1312600788833898500
1312600789215518720
1312600878445219842
1312600898552684544
1312601225821671427
1312601305257570304
1312601322248691717
1312601339634036736
1312601364157984768
1312601695856148480
1312601821098078210
1312601902144610304
1312601914081714176
1312601930074599425
1312602044839194624
1312602253816205312
1312602257561509890
1312602299211018244
1312602391619960832
1312602488105705472
1312602508951420928
1312602635606712321
1312602685292638209
1312602702044491778
1312602723414544385
1312602748148494336
1312602786622775296
1312602883251109890
1312603012691628038
1312603142878527488
1312603189477289990
1312603251645321216
1312799800182546433
1312799914380996609
1312799943086669824
1312799943690780673
1312799980835479553
1312800026658246659
1312800362550579201
1312800581304504321
1312800627228135424
1312800657724719105
1312800815543918594
1312800841162579968
1312801030065750018
1312801037250629632
1312801063171428353
1312801125498646528
1312801155727208449
1312801180662206464
1312801273012510723
1312801381871349762
1312801525136322566
1312801709463343106
1312801717453492225
1312801898341306369
1312801933527330819
1312801944176558081
1312802040918097920
1312802204483547141
1312802208832876544
1312802375862681601
1312802430447484929
1312802493047336960
1312802639592058881
1312803114051756032
1312803118606934016
1312803274182078468
1312803277608824833
1312803298269818885
1312803366473474048
1312803462585806848
1312803487047180288
1312803605028589568
1312803697806712832
1312803999356252160
1312804083942776833
1312804128989511681
1312804163353534464
1312804464802267140
1312804502517448710
1312804552362455040
1312804595274481666
1312804695589613568
1312804733204213764
1312804980135391233
1312805152265580547
1312805157395140609
1312805181705400320
1312805207638761475
1312805332993937410
1312805333325221890
1312805442226135041
1312805496433397760
1312805668550774784
1312805676620689409
1312805764520574981
1312805881151660039
1312805908301447170
1312805986693001216
1312806105127550979
1312806121434947589
1312806159431204864
1312806255728226310
1312806314943356930
1312806419922649090
1312806469859905537
1312806499606036484
1312806733803384833
1312807027387764736
1312807052868153344
1312807073927901184
1312807279532544000
1312807383702233088
1312807493148565504
1312807585557348353
1312807661222625280
1312807786024259585
1312808011061231617
1312808130049318918
1312808587979350025
1312808634934530057
1312808671399882759
1312808675824865285
1312808864627265536
1312808864866328576
1312808902329724929
1312808935540363267
1312809003274166273
1312809137135390725
1312809187664105476
1312809195645947904
1312809209151418370
1312809212658024448
1312809250855489536
1312809451435425792
1312809480971857922
1312809489352007681
1312809607144726529
1312809733036875781
1312809946510176266
1312809959218913280
1312809963077730306
1312810055746674694
1312810261728821248
1312810278099222531
1312810462480744448
1312810571142750208
1312810629846056960
1312811020679864321
1312811225571569665
1312811339564429318
1312811341170782214
1312811448779894785
1312811481965244418
1312811532049428489
1312811565129895936
1312811566459506691
1312811636831522830
1312811938624278529
1312812119725797381
1312812433510141954
1312812651727253504
1312812656022220806
1312812689476005888
1312812857197821953
1312812912071901186
1312812929071411201
1312812996398215168
1312813210307788806
1312813290075107328
1312813469981442049
1312813495579222017
1312813529024679936
1312813742292377603
1312813897498464261
1312813901600509953
1312814056680697857
1312814099059933184
1312603511922843648
1312603561549799424
1312603611600363526
1312603683138555904
1312603717041106945
1312603839069999106
1312603985489154048
1312604267069337606
1312604287990673408
1312604384048676865
1312604466206650374
1312604543662714880
1312605471384117250
1312605478145327104
1312605570440994816
1312605579232251904
1312605655493210116
1312605738376851456
1312605831968378880
1312605903347212288
1312605945135075330
1312606049384493056
1312606540474585088
1312606628290662400
1312606800236048384
1312606866539651073
1312607024446922753
1312607088980365312
1312607240235474945
1312607382669848581
1312607466547486720
1312607654888583168
1312607743698640898
1312607772442161152
1312607811050766336
1312607860589764615
1312607861483212806
1312607890994352128
1312607898409881600
1312607957331456002
1312608004047540224
1312608196285075459
1312608355752439808
1312608419459858432
1312608649018306560
1312608654005284864
1312608708636160000
1312608725631414274
1312608809282658306
1312608922079956994
1312608947497361409
1312608955181543424
1312609026996416512
1312609204318986241
1312609249458114561
1312609477112270851
1312609535136346113
1312609568053227520
1312609689574793216
1312609715902271489
1312609731794669568
1312609792519675905
1312609853160865792
1312610096296464387
1312610117578354690
1312610200797376513
1312610322616778752
1312610335245828097
1312610385296601089
1312610495141236736
1312610599419797504
1312610893935652864
1312610939850563584
1312610949170434048
1312611064916344834
1312611129181507584
1312611203680796672
1312611220621455360
1312611229484154880
1312611505314111488
1312611506014482432
1312611661560377344
1312611681965465602
1312611706686763008
1312612148489654273
1312612284963991555
1312612378954080258
1312612453516222465
1312612496360968193
1312612532905893888
1312612591668269056
1312612601453568002
1312612659913723907
1312612672240668673
1312612722790391808
1312612773860442113
1312612802847219717
1312612852457381888
1312612944715407361
1312612969310834688
1312613066178129920
1312613108528144384
1312613208310583297
1312613217584074752
1312613342591225857
1312613352884129793
1312613355857866760
1312613385544974336
1312613403177947138
1312613422157238275
1312613426351542272
1312613435276836870
1312613472966860801
1312613573584211970
1312613649891041280
1312613867583807489
1312613967316033536
1312614034705920001
1312614127529934848
1312614300717060097
1312614370090782722
1312614685326233600
1312614693735809026
1312614778313924614
1312614853903671297
1312614857989066752
1312614970887086080
1312614986682949634
1312615017250840577
1312615075027595264
1312615130505662466
1312615156241833985
1312615319228215296
1312615327356915712
1312615481602306049
1312615524690427905
1312615529480286208
1312615638372810752
1312615696174465026
1312615783860563968
1312615810788208642
1312615839200231425
1312615876630282240
1312615885882961922
1312615934482214912
1312615964140163074
1312616134227767297
1312616187361202177
1312616190754328576
1312616248799158272
1312616308123394048
1312616322170314752
1312616393494409216
1312616471621664768
1312616477069983746
1312616480668708865
1312616496934387712
1312616556426399744
1312616698290331649
1312616732637442049
1312616802866921474
1312616828926074880
1312616850426073093
1312616866553032710
1312616916960178176
1312617047189225472
1312617224574623744
1312617236369223680
1312617365339860992
1312617663923920896
1312617789493043202
1312617797780938754
1312617906316992512
1312617928395759616
1312617957642498048
1312618006837690369
1312618104174698497
1312618204406013952
1312618221040807936
1312618315156787200
1312618351470936067
1312814741136519174
1312814745049804801
1312814778805436416
1312814786900619264
1312814896048791552
1312815382571479042
1312815482714705923
1312815537538297857
1312815839415017472
1312815848214716417
1312815889637683201
1312815936295108609
1312815969287516161
1312816087587860483
1312816120936779776
1312816187340984320
1312816263576649731
1312816271281418240
1312816288893337600
1312816380912205824
1312816515025186819
1312816549011419136
1312816582385565696
1312816753609789442
1312816804717359107
1312817257181978625
1312817433153998849
1312817568051269632
1312817571838808065
1312817571922497536
1312817579984130055
1312817685806407683
1312817798712823809
1312817978870845441
1312818017038823424
1312818025393991681
1312818142800871425
1312818309792923648
1312818331091640321
1312818331460788225
1312818381385617410
1312818524025491458
1312818541188571144
1312818579335786497
1312819161702248449
1312819262097154050
1312819329419935745
1312819388060495875
1312819421833031683
1312819463310528512
1312819480599252992
1312819530251395072
1312819559804657665
1312819811584479232
1312819824750456837
1312819896087179264
1312820080472920064
1312820135116238850
1312820173884268549
1312820177181069313
1312820226791223307
1312820231543291904
1312820264229646337
1312820265521418241
1312820277760401409
1312820297905643520
1312820344487460864
1312820369229709312
1312820415769858054
1312820546393059329
1312820860495904768
1312820869144752129
1312821015009873921
1312821162435584000
1312821216957267968
1312821301241942017
1312821409526284288
1312821418640302080
1312821509933555712
1312821786787020801
1312822030513831936
1312822030744469504
1312822089275990016
1312822324517797890
1312822328485707782
1312822427848716290
1312822462883794945
1312822588050153473
1312822811279470593
1312822848533204992
1312822982138568705
1312823332836978689
1312823362163539970
1312823466698170369
1312823482032553984
1312823713130315778
1312823838888136707
1312823843308797952
1312823859188383744
1312823910040248320
1312823922807767043
1312824161644019712
1312824190362296320
1312824194573500422
1312824341051117569
1312824387716870144
1312824538510487552
1312824676595363842
1312824693708279808
1312824832325804037
1312824848566153219
1312824895487840259
1312824967067848705
1312824991336071168
1312825075276697601
1312825214045048832
1312825238711918592
1312825239282348034
1312825302184341510
1312825436649525251
1312825452587778050
1312825486486241283
1312825520376086528
1312825805429444610
1312825897569918976
1312826040939671552
1312826228580155395
1312826334905798662
1312826363192193027
1312826522500292609
1312826640049885184
1312826758085980160
1312826773692874752
1312827084700626945
1312827088660033539
1312827147191427072
1312827168515260422
1312827231907921921
1312827252875296768
1312827445997838336
1312827613040332800
1312827738810540032
1312827814790533120
1312828028360232966
1312828070378852354
1312828086715473920
1312828183100690434
1312828288650285056
1312828351120314368
1312828477440229376
1312828544704077825
1312828552111325184
1312828578271318019
1312828674710806528
1312828863106428929
1312829027011489794
1312829068757229568
1312829182213189633
1312829198713511936
1312829295295823872
1312829312131829761
1312829315613155328
1312829383036604419
1312829400178667522
1312829487352954881
1312829819701297162
1312754423043682304
1312754505969283075
1312754506833289222
1312754514491928578
1312754606645145608
1312754929438662657
1312754972124155904
1312755030894637056
1312755181755531269
1312755263678554114
1312755278228660224
1312755345014624256
1312755370453094401
1312755647612555264
1312755659574849536
1312755815594569728
1312755838822440960
1312755878026772482
1312755878341246976
1312755890773139458
1312755924436766722
1312755936444977152
1312756079114084353
1312756104213000195
1312756121636012032
1312756129202688005
1312756201344638976
1312756406089592832
1312756419238690816
1312756666354393088
1312756684092174336
1312756746960728064
1312756796046610433
1312756851063181318
1312756854976589826
1312756893434163200
1312756985184555008
1312757077522223105
1312757089954078722
1312757144467501062
1312757149051817985
1312757207688245249
1312757379935674369
1312757602015571974
1312757858254151681
1312757928777125891
1312758029792796673
1312758067503693824
1312758164115214338
1312758235502436352
1312758289709576192
1312758306230939650
1312758389970096134
1312758491178692610
1312758519905562624
1312758847006748674
1312759187164856321
1312759213085667330
1312759279498260480
1312759317586759681
1312759896354553856
1312759946719703043
1312760001061163008
1312760034321891328
1312760118824644608
1312760118841401344
1312760172570435584
1312760194347216897
1312760210927300608
1312760638893162502
1312760910675615745
1312760995165528065
1312761024177733633
1312761036525768705
1312761083388743685
1312761115496116226
1312761180130357255
1312761208496435204
1312761448624467970
1312761473018540034
1312761615901745153
1312761657672822784
1312761666568847362
1312761742104109058
1312761850665336832
1312761896492294145
1312761905115795456
1312762022216466433
1312762122854694912
1312762341453422592
1312762420700610562
1312762428971651073
1312762466804346880
1312762680726319109
1312762690012676096
1312762765178798087
1312762790881431553
1312762902873608192
1312762911731806209
1312762995156582402
1312763021312233473
1312763050047537153
1312763100073013249
1312763180452634624
1312763293493325824
1312763662881320961
1312763700089098242
1312763800622436352
1312763885456424960
1312764078499131393
1312764085780598790
1312764146379894784
1312764149315837954
1312764249924567041
1312764492602920962
1312764635293126661
1312764702804639745
1312764757162831872
1312764911974584321
1312765021055709184
1312765063384756224
1312765194821660673
1312765254393303042
1312765272827351040
1312765277055193089
1312765457347284994
1312765705423646722
1312765788751880192
1312765792640012288
1312765827192688641
1312765856213078017
1312765914354315265
1312766254873219077
1312766283809804299
1312766385081253890
1312766431075934208
1312766636026339329
1312766644448448513
1312766774782259200
1312766800367685637
1312766833389375490
1312766875437326339
1312767223208054787
1312767227649822725
1312767303126147073
1312767319995748352
1312767340438720515
1312767499965018112
1312767533838147587
1312767550804107265
1312767554415403008
1312767743184101376
1312767769260290051
1312767945362243587
1312768003490996226
1312768121514668040
1312768309830483972
1312768464680030208
1312768514759946240
1312768540987068417
1312768615788183552
1312768670968483840
1312768729835548672
1312768817651609600
1312768892356435970
1312769094589067268
1312769131473764360
1312769216051908612
1312769286482604034
1312739305601859585
1312739327441428481
1312739406764224515
1312739423973380099
1312739621151875072
1312739709483970561
1312739779864387584
1312739809136447492
1312739838672633859
1312739931681427457
1312739973846761472
1312740062023483392
1312740119506370566
1312740212238409735
1312740304915771392
1312740439586304005
1312740531466891270
1312740534885257217
1312740597636177921
1312740643735842817
1312740673607675904
1312740752787730433
1312740829820145664
1312741122020700160
1312741168254509056
1312741272852066304
1312741287179808770
1312741324169326592
1312741340501946368
1312741361255358467
1312741386580619264
1312741453974691840
1312741508332781570
1312741843864563713
1312741885455339521
1312741920024690688
1312741936655142912
1312741994297389056
1312742023682809858
1312742032729923584
1312742116687257601
1312742360145702913
1312742384917196805
1312742418723352576
1312742662106083328
1312743028898050050
1312743217746640896
1312743224562380801
1312743466821017600
1312743475670970375
1312743597607923712
1312743823680983041
1312744016035958786
1312744066711392256
1312744134143365125
1312744169727832066
1312744171640324103
1312744301860990976
1312744431238492166
1312744666693996544
1312744705030053888
1312744762697539586
1312744796017119232
1312744863482482689
1312745060597989376
1312745069426999298
1312745077589057536
1312745254198616064
1312745450836045830
1312745480309411842
1312745551461576705
1312745601004523522
1312745601839357952
1312745618742284289
1312745711209902085
1312745757192060928
1312745766008561668
1312746042878758912
1312746238782119937
1312746251885182979
1312746268637179904
1312746499688689665
1312746571029794817
1312746595419447297
1312746788642840576
1312746805361172481
1312746919085649924
1312747284178767872
1312747380031315975
1312747539150635014
1312747590245584901
1312748034372104192
1312748038654439424
1312748190131781632
1312748328883564544
1312748353357254657
1312748559108800513
1312748571255599104
1312748633876566019
1312748890672762883
1312748966279294976
1312749046411522057
1312749146051350528
1312749175914860544
1312749272123740162
1312749301014188032
1312749389274730497
1312749474024960004
1312749517482209280
1312749556665380865
1312749681311653895
1312749833384493057
1312749833497702408
1312749879635124224
1312749917534912515
1312749964536274946
1312750064499032066
1312750118869913602
1312750132484595712
1312750277993345024
1312750282254815232
1312750303545090049
1312750374445514753
1312750379428458497
1312750408041979908
1312750442556858368
1312750492343128068
1312750580994015235
1312750593484693504
1312750698329772032
1312750807251521542
1312750832639713283
1312750911538642944
1312751105605074944
1312751180439670789
1312751231111172096
1312751310966489088
1312751405963317251
1312751467296481281
1312751578332508163
1312751699849867277
1312751717348503552
1312751746612166656
1312751796495024134
1312751830531801088
1312751947351552000
1312751947783389190
1312752133381459968
1312752145482084352
1312752358674370560
1312752371512963072
1312752547585638401
1312752569417003008
1312752949987139590
1312753118527000577
1312753122184437760
1312753166954500099
1312753348253224961
1312753394713595907
1312753495192338432
1312753646715629569
1312753688008556545
1312753701820551168
1312753805755404291
1312753978078359552
1312754137063469056
1312754175630020608
1312618477711060992
1312618494354247680
1312618573861453824
1312618660750487553
1312618683102040070
1312618698621046785
1312618813934821377
1312618884852314112
1312618955882868736
1312619010320670726
1312619036014899201
1312619189568442368
1312619218324652032
1312619387455639553
1312619417264504832
1312619424277508097
1312619571203854338
1312619630486261761
1312619740242817024
1312619893980827649
1312619919347986432
1312619973991436288
1312620239331487744
1312620453085745154
1312620548464226305
1312620583318966272
1312620867977912320
1312621093937729536
1312621123486593024
1312621367188217856
1312621529700556805
1312621551204802560
1312621866784296961
1312622030047645696
1312622311946678273
1312622462660603906
1312622500199763968
1312622571364315136
1312622624770580480
1312622679552221184
1312622704462311424
1312622890483879936
1312622918942294016
1312623028182880257
1312623037594779649
1312623061808508929
1312623130020515842
1312623167635181569
1312623476440694784
1312623557072105472
1312623611262373889
1312623941467471874
1312624050489847810
1312624073063763970
1312624228793950208
1312624470897520640
1312624601499721732
1312624738330607620
1312624767887839232
1312624827400945666
1312624907570864128
1312625218569920512
1312625250337648640
1312625318495088640
1312625364032684033
1312625365001498627
1312625552000520197
1312625624234823680
1312625637161684992
1312625683257065472
1312625691834363905
1312625718283718662
1312625914170290176
1312625956968820736
1312626115320586240
1312626261185843200
1312626278365888512
1312626320199753728
1312626597640380417
1312626677004943365
1312626711822061568
1312626753106370561
1312626887793885186
1312627246671122432
1312627260965306369
1312627268376821760
1312627356352147456
1312627453219803138
1312627655313887232
1312627663660552197
1312627692618035203
1312627745726357506
1312627838160433153
1312627917785047040
1312628114095140864
1312628232630435840
1312628291459743744
1312628358895861760
1312628393821696002
1312628526227415040
1312628549564727298
1312628618330333185
1312628672654831616
1312628678178742274
1312628698688839680
1312629033918586880
1312629047843790854
1312629084778684418
1312629092081176581
1312629154936885249
1312629256720207872
1312629550665400321
1312629605463851010
1312629628926922752
1312629647847219201
1312629711135105024
1312629751496966144
1312629802709516289
1312629935282946048
1312629983941070849
1312630032490061824
1312630141881774085
1312630184793665537
1312630482757193728
1312630850211794945
1312631022744342531
1312631094462775296
1312631170677391360
1312631197869039616
1312631223563423744
1312631266399842304
1312631379511799808
1312631459002355712
1312631504825208837
1312631709871951872
1312631715538575360
1312631736770191360
1312631787110256640
1312631995193794561
1312632020309356544
1312632401340882945
1312632432634613760
1312632489987502080
1312632570044190721
1312632637274624000
1312632818200084480
1312633082109984768
1312633103442042880
1312724294888304640
1312724316887318529
1312724408793001985
1312724778571227136
1312724799785967617
1312724958209028096
1312724974801575936
1312725264439414785
1312725293535293440
1312725356030222336
1312725525845114880
1312725830003556354
1312725932063551488
1312726077836611584
1312726517898674176
1312726619593867264
1312726655891193862
1312726656298160128
1312726760585388032
1312727034737631232
1312727112768421888
1312727185103429633
1312727239910453248
1312727256985288704
1312727320017416192
1312727636922122241
1312727667918036993
1312727734355931142
1312727897912811521
1312728095720439808
1312728136694468611
1312728417926819840
1312728577683738624
1312728635699150849
1312728867560452096
1312728870269997057
1312728888053624839
1312729018555400192
1312729210310590464
1312729215259881472
1312729373884198913
1312729638079094784
1312729752759947266
1312729772934533120
1312729798024851456
1312729840987049984
1312729890144296960
1312730117244887045
1312730573283168256
1312730595076657152
1312730692015587328
1312730758667276288
1312730842968584192
1312730955245789190
1312731131905814528
1312731165380534278
1312731282514669570
1312731471740895232
1312731552242118656
1312731761605054465
1312731816852418561
1312731827740782592
1312731966974947331
1312732016891355136
1312732095949737985
1312732194155253760
1312732209011478528
1312732230855393280
1312732339504586753
1312732344177045506
1312732419720708101
1312732523806502912
1312732571013390336
1312732763741618178
1312732926363271178
1312732973045878786
1312733170643673089
1312733207842914304
1312733242680803328
1312733333332385792
1312733338382348289
1312733442686164993
1312733568154710017
1312733845708582912
1312733933642100736
1312733971457826816
1312734173355020288
1312734180724412419
1312734188747976704
1312734264497242112
1312734348785987587
1312734447679279104
1312734809416925184
1312734822574575621
1312734910524915713
1312734936370216961
1312734956611948545
1312734977893826560
1312735044490981376
1312735048953544706
1312735199499878400
1312735276050120706
1312735359093092352
1312735594586542081
1312735633035718662
1312735683761631233
1312735892801552385
1312736240396099584
1312736282062327808
1312736418284867584
1312736437570240515
1312736472173342722
1312736547243003904
1312736562975776768
1312736585293672449
1312736606374199296
1312736769473945602
1312736860830076935
1312736868983877633
1312736906489335811
1312736975363940352
1312737049703854080
1312737125884977153
1312737141441597440
1312737304470052865
1312737334589358080
1312737557898297345
1312737817315938306
1312737933833760770
1312738064989552643
1312738253615792133
1312738357814976513
1312738367034064896
1312738874389671937
1312738925769895937
1312739059022913536
1312633691609264128
1312633794185158656
1312633894957576193
1312634129985474560
1312634132254593025
1312634239196819456
1312634398265749504
1312634449952149506
1312634458323869696
1312634654998945792
1312634700855296000
1312634757541396480
1312634865771319301
1312634927112912896
1312635157023604736
1312635217262391296
1312635250636279808
1312635355200458752
1312635367074353152
1312635380076773376
1312635427107426304
1312635704695042049
1312636031540232193
1312636067942731776
1312636112201035776
1312636266966650880
1312636471874969600
1312636767875469312
1312636826591662080
1312636999397003265
1312637279593209856
1312637363009589248
1312637371410649090
1312637390066982912
1312637503967559682
1312637620036403200
1312637625241657349
1312637899251228674
1312638110279168000
1312638171063050247
1312638296070086657
1312638328001368065
1312638357353172993
1312638403930882051
1312638522482814976
1312638635364282369
1312638731439026176
1312638774795407360
1312638920086228992
1312639242967740416
1312639524808212482
1312639578533101568
1312639735060455425
1312639737988026368
1312639817352650752
1312640167619026944
1312640234216140806
1312640385110306816
1312640514508816384
1312640636718256128
1312640646361092096
1312640685762322434
1312640878519885827
1312640930114134016
1312640933075324928
1312641043397971969
1312641090038661120
1312641230443089925
1312641279172505600
1312641312370364417
1312641328568819714
1312641350056259584
1312641419262255105
1312641434567278592
1312641454083239936
1312641937128603648
1312641987032559616
1312642098865205248
1312642271603560448
1312642321343811584
1312642452424069120
1312642570430951424
1312642628521996288
1312642897611755522
1312643025106067456
1312643094337277955
1312643262956498946
1312643572160585728
1312643762435297280
1312643782123249664
1312643819540680704
1312643835139223553
1312644011237298176
1312644017318961153
1312644310249148416
1312644479556317185
1312644561613725697
1312644695441453061
1312644700344643585
1312644886642995200
1312644944230670336
1312645036140625920
1312645096177897472
1312645347261415425
1312645357571125248
1312645448688119814
1312645471261908993
1312645561544179714
1312645773004333058
1312645845574135813
1312645896916611072
1312646024293474306
1312646362580779008
1312646419262529540
1312646427177254914
1312646440079024128
1312646442859855872
1312646503845036035
1312646606932586499
1312646631838318592
1312646705515393024
1312646921018769409
1312646928711245824
1312646931609513995
1312647010953187328
1312647121087025152
1312647125432365056
1312647146315808768
1312647188284088321
1312647205954748422
1312647239668510720
1312647242155663360
1312647384313327616
1312647392349495296
1312647443914334208
1312647566262104064
1312648318967742464
1312648481035571200
1312709029500682240
1312709090536292352
1312709293230247937
1312709313295773696
1312709558394138624
1312709786870394886
1312709876204941312
1312709979594526720
1312709992550526977
1312710075862061057
1312710194531426305
1312710240945811456
1312710296885133313
1312710487973466112
1312710588339023873
1312710659814158336
1312710731952009217
1312710760208924672
1312710763132444673
1312710784552636418
1312710814009360390
1312711069723484161
1312711234773569542
1312711357129805824
1312711377124052992
1312711401564180488
1312711436033032193
1312711482413666306
1312711533198106624
1312711801398853632
1312712095356588033
1312712296737759237
1312712439251652609
1312712605786611714
1312712606801633280
1312712669476999168
1312712794278682626
1312712801937362944
1312712857700765696
1312712890777042944
1312712938017484801
1312712995307499521
1312713062449901569
1312713063292907525
1312713114027257857
1312713130267402245
1312713223628611584
1312713256168034304
1312713556916346886
1312713684423188481
1312713710528589824
1312713713628008448
1312713977038684160
1312714019925614592
1312714174695460865
1312714233986134016
1312714351481102337
1312714628191973376
1312714653315801090
1312714704683368448
1312714807037038593
1312714866076127233
1312715101020000256
1312715348332941313
1312715433716449280
1312715440632758272
1312715441094103046
1312715461520429057
1312715847253753857
1312715855625703424
1312715886533447681
1312716019597746185
1312716050325221378
1312716065428901888
1312716120307056640
1312716259105144833
1312716397747884032
1312716544921796609
1312716582909509632
1312716636479258624
1312716640560218112
1312716769895776257
1312716795204317190
1312716846462914560
1312716901441769473
1312717034145353738
1312717056786206725
1312717145365774336
1312717147609739264
1312717350765056002
1312717446806155264
1312717474949988352
1312717496676425728
1312717659369279489
1312717677157330944
1312717793507278849
1312717836482154497
1312718112857391104
1312718217576697856
1312718242910146561
1312718326381056001
1312718452977815552
1312718561144647680
1312718641033609219
1312718703822352389
1312718787393859584
1312718860110487552
1312718898471612416
1312718927131299846
1312719102365097984
1312719229414600706
1312719300780752898
1312719425125130241
1312719425854988289
1312719896610959360
1312719917079302150
1312719987128369153
1312720005298094080
1312720025611100165
1312720520585138177
1312720611844657153
1312720734712717314
1312720942460739585
1312721032223035393
1312721070647136256
1312721174879703041
1312721471597412352
1312721527511621633
1312721573753892864
1312721645400920065
1312721661876203522
1312721875080900608
1312721909088497665
1312722054756601857
1312722159719022592
1312722172054515715
1312722248071954435
1312722432491433984
1312722437004550144
1312722747005468675
1312722857588338688
1312722899157970944
1312723065688723462
1312723070252179456
1312723077881630721
1312723108940390403
1312723115764576262
1312723129656061953
1312723158265483264
1312723531449470978
1312723603624988673
1312723628266532864
1312723702887247872
1312723715512250368
1312723856210223104
1312724013643423745
1312724122745679873
1312693998725853184
1312694195539398659
1312694267098402817
1312694356697116673
1312694576512208897
1312694588390473729
1312694836034592773
1312694876056817666
1312694894323011585
1312694977315569666
1312695005278998529
1312695006000369665
1312695134920691713
1312695393524752384
1312695484180500482
1312695553139134469
1312695560349069312
1312696060721147906
1312696155357294593
1312696213465108481
1312696356960702464
1312696518873407488
1312696594433630208
1312696736675225606
1312696812885749760
1312696952656551938
1312696986588663809
1312697006360612864
1312697218537869313
1312697347042930690
1312697482133073920
1312697738232885250
1312697767106695168
1312697831514345493
1312697858798256129
1312697884240945153
1312697924594348033
1312697929057083395
1312697950175465472
1312698148695887872
1312698193453424641
1312698231055355904
1312698328715460608
1312698467265835009
1312698548211847168
1312698686330335232
1312698738947825664
1312698887304511490
1312698967025766400
1312699038547009536
1312699164376076288
1312699251571527681
1312699295481683969
1312699454437416960
1312699531834818561
1312699648587567104
1312699652123181057
1312699793429454848
1312699829903134720
1312699847582060544
1312699901269225472
1312699968449380352
1312700108144771072
1312700275723915264
1312700391100952583
1312700397530816512
1312700434759315457
1312700687806074880
1312700777085972481
1312700819683368960
1312700933743079424
1312700963719872514
1312701024679985152
1312701053876547584
1312701088949125120
1312701425491771397
1312701437550370816
1312701609718083584
1312701613644156930
1312701738663718912
1312702028771192833
1312702155346898944
1312702203476336641
1312702251383783425
1312702287907893248
1312702306425753601
1312702495282606080
1312702517906726913
1312702548772638720
1312702579827109891
1312702604296810496
1312702620918788096
1312702901991555073
1312702968727252992
1312703140328742912
1312703178882912256
1312703264325095425
1312703346436866049
1312703352090787843
1312703360219385858
1312703528868163584
1312703705435656194
1312703734951170048
1312703815859277825
1312703830946127872
1312703888592637952
1312703931361955840
1312704180017147904
1312704455318605824
1312704664715100167
1312704854398304256
1312704929535066115
1312704950858846209
1312704979698806784
1312705078445461505
1312705095319130113
1312705190303272960
1312705224147111936
1312705246846689280
1312705573377445894
1312705584513388544
1312705709679751168
1312705718152310784
1312705873886818305
1312705944791384065
1312706210207019008
1312706285490634755
1312706394412511232
1312706419821551616
1312706437269852161
1312706474561417217
1312706501111361537
1312706548137963521
1312706597517324289
1312706705986379781
1312706724726480896
1312706775049801728
1312706783148875777
1312706813159247872
1312706859111833601
1312706919023476738
1312706923838550016
1312707133562138629
1312707202415759361
1312707236729368576
1312707300285702144
1312707330161569793
1312707498743218177
1312707548466737153
1312707726838034433
1312707904030552065
1312708083697750016
1312708126966263808
1312708284269330434
1312708558513938432
1312708608279314432
1312708642542678018
1312708663287701504
1312708721643065347
1312708877574705152
1312648707326828545
1312648769305944064
1312648878303346688
1312648941733699585
1312649277001396224
1312649344554860547
1312649355850121217
1312649543285055490
1312649705570983936
1312649777646055426
1312649855228145665
1312649932327784448
1312650175345647617
1312650213136519168
1312650312176472064
1312650323429748736
1312650364181766144
1312650463016345600
1312650706243915777
1312650784245309440
1312650800175476736
1312650812829716482
1312650827484590080
1312650853849862144
1312651345384669184
1312651358852452354
1312651426993246209
1312651537781526530
1312651840912146432
1312651966649163776
1312651982600122368
1312652147390058499
1312652249894707200
1312652309114114048
1312652387769819136
1312652442283114502
1312652487002906624
1312652513355730945
1312652547287592961
1312652733288271874
1312652847880826880
1312652865413017600
1312653114512531457
1312653264396210176
1312653282951622656
1312653416070410240
1312653500413698049
1312653750574735360
1312653756706811904
1312653954262749184
1312654414776274945
1312654421671591936
1312654648281620480
1312654731962130435
1312655120505556992
1312655139652603904
1312655236125749250
1312655267583139847
1312655581920911360
1312655809973645314
1312655931717681152
1312656001779200000
1312656038496268288
1312656050038898688
1312656056812793857
1312656210953416704
1312656258848055297
1312656692287623168
1312656811338555392
1312656854795706368
1312656926631694336
1312656963768115201
1312656974484447232
1312657057217048576
1312657078079676416
1312657239002542080
1312657332703170561
1312657371005628416
1312657779572658176
1312658049836908544
1312658184746790912
1312658188500635650
1312658194699743233
1312658196650102786
1312658231320338435
1312658253411540992
1312658278283870208
1312658328112300034
1312658333296332801
1312658353122881536
1312658367089913856
1312658520441933824
1312658662016466947
1312658794619580417
1312658814429061121
1312658931198558209
1312659696168448000
1312659804544851968
1312659964767465473
1312660097286496256
1312660129368748033
1312660145848160261
1312660256435195904
1312660306275958785
1312660508068188161
1312660868107251712
1312660898591444992
1312660996595552256
1312661123066294272
1312661168792760320
1312661208076443649
1312661262837321728
1312661396488884224
1312661549807554560
1312661581659021312
1312661629033742337
1312661646352015361
1312661903727099905
1312662110644719616
1312662112062394368
1312662202369875970
1312662279205220352
1312662409669160960
1312662609351516161
1312662634223681536
1312662968551837696
1312663084046057472
1312663095723122688
1312663117193764865
1312663201662803969
1312663247242383360
1312663333544308737
1312663494525882368
1312663553199886336
1312663695932022785
1312663848470695939
1312663868813070336
1312663890442870784
1312663953168764934
1312664009716436992
1312664154336038913
1312664306455117824
1312664324578709504
1312664371533762560
1312664384917975041
1312664622210715653
1312664674131873793
1312664782995103744
1312664927014772736
1312664987295535105
1312665119877468160
1312665774545231873
1312665889259491330
1312665931760332803
1312666171058122753
1312666189311610880
1312666286581784577
1312666547975081984
1312666837600153601
1312666926640959488
1312666950238117888
1312667055494033408
1312667254656434176
1312667256376233984
1312667386265440256
1312667485292830720
1312667486706262022
1312667561641889792
1312667576237920256
1312667626880086017
1312667692436987904
1312667709419655173
1312667910922330113
1312668024579608579
1312668214837604352
1312668284605562881
1312668285935267841
1312668332974366725
1312668712550400000
1312669061390581762
1312669091975458817
1312669222942789632
1312669315901005826
1312669428870414336
1312669517504339969
1312669709465247744
1312669913249529856
1312670005033566209
1312670140387987458
1312670187116810241
1312670233392447489
1312670240262610946
1312670324392165377
1312670482022293504
1312670567657504768
1312670596245778432
1312670806321901568
1312670853352615942
1312670989302538240
1312671105606447105
1312671191900008449
1312671287177875456
1312671298212986885
1312671432984363008
1312671532536258560
1312671681614426112
1312671832479326209
1312672113623527424
1312672278681989125
1312672297573060610
1312672434521346049
1312672441894875137
1312672637882171393
1312672819285839872
1312672978207940608
1312673084617502720
1312673141102178305
1312673149641777152
1312673428269395970
1312673488520450060
1312673762144382976
1312673877265440768
1312673915836260352
1312674001525772289
1312674074506792961
1312674110456188930
1312674162364694528
1312674186666668032
1312674280073842688
1312674333232300032
1312674366321242113
1312674369114693632
1312674532205961221
1312674736556535814
1312674737974398976
1312674827556118530
1312674951816773632
1312675191399555072
1312675284492136448
1312675436451770368
1312675579163021314
1312675884378189824
1312675922571595776
1312676007812497411
1312676457127260160
1312676512366297089
1312676599507152896
1312676674538930182
1312676712518496256
1312676771356127232
1312676816490987522
1312676837814755328
1312676846622969866
1312677069302706176
1312677155667664896
1312677286404071424
1312677308138876928
1312677349071245314
1312677405098741761
1312677422836281344
1312677908004196353
1312678135222149120
1312678198019227648
1312678449576845312
1312678530103218176
1312678539284496384
1312678693488259072
1312678798157123589
1312678919544471553
1312679074947629056
1312679090684649472
1312679105691824128
1312679134485676032
1312679187891720193
1312679340287700994
1312679366145568768
1312679534412660738
1312679547687428096
1312679802332155904
1312679842710794241
1312679872440020993
1312680022348623872
1312680124987342848
1312680223066992640
1312680224803479552
1312680480425246721
1312680601711828992
1312680659949957120
1312680821501947904
1312680960350093318
1312680994156183553
1312681014733332487
1312681182669176832
1312681230350061570
1312681362030309380
1312681694902644737
1312681930815660032
1312682133870325760
1312682248488062977
1312682652370165760
1312682658728640512
1312682709597122560
1312682780925493248
1312682820070973442
1312682824210821120
1312682910856687617
1312683390655758336
1312683419281678342
1312683473233154049
1312683647875547136
1312683658654953472
1312683709422727169
1312683732340543488
1312683879669534720
1312683922912763904
1312683964474232833
1312684018832269317
1312684123052531712
1312684149929435136
1312685117786198017
1312685140871720960
1312685205216428034
1312685240322752512
1312685385772720128
1312685386142044162
1312685420216487936
1312685475702935552
1312685509580292097
1312685667701321729
1312685671719620609
1312685679810240513
1312685795665477632
1312686111383343104
1312686325993213953
1312686451088396288
1312686519208095744
1312686520541868034
1312686732488433670
1312686788956368896
1312686949723967488
1312687010205761537
1312687167609671682
1312687176367341568
1312687322266324992
1312687491816648705
1312687518689693696
1312687528055631874
1312687538352447488
1312687575908462592
1312687587614773248
1312687791415930880
1312688000116154368
1312688180861304833
1312688313136869381
1312688341884825601
1312688381541969922
1312688531911970816
1312688766083985409
1312688886028677121
1312688908669394944
1312688929120964608
1312689127297605632
1312689237809037312
1312689307447066624
1312689528189202441
1312689715905265664
1312689784310169600
1312689853700681729
1312690032902320130
1312690410578296835
1312690418484740097
1312690456816504834
1312690554615083009
1312690727823044610
1312690759603228672
1312690816192843777
1312690824266866690
1312690891153317889
1312690893401587712
1312690940721524736
1312691073228115969
1312691248751276033
1312691294934884353
1312691597289705474
1312691751187091457
1312691820762066944
1312691885044097029
1312691961334321154
1312692256625897472
1312692293443489794
1312692320253489152
1312692500709158913
1312692645366558720
1312692753554341888
1312692758705037312
1312692855983550464
1312692996119298048
1312693000636637184
1312693033524178950
1312693152315179010
1312693202508541957
1312693270019964930
1312693277632716800
1312693440682110977
1312693459375906817
1312693568281157632
1312693579467362307
1312693709306122241
1312693733997998080