1313071436647534592
1313071437373042689
1313071541903593473
1313071592033853440
1313071633448538118
1313071649860845573
1313071772363886593
1313071780618268685
1313071819537211394
1313071872809095168
1313071901292466179
1313071973971484673
1313072102791172096
1313072107128074242
1313072149951905793
1313072217450782721
1313072309507416064
1313072394681098246
1313072404017623041
1313072453086670848
1313072465116114944
1313072476755238914
1313072491766702087
1313072854339067904
1313072875067371523
1313072926409797633
1313072990783975426
1313073058685558786
1313073143427334144
1313073151698444288
1313073192655880192
1313073230253617158
1313073329041965057
1313073416409214976
1313073457995939840
1313073488014475266
1313073530045714434
1313073573163081730
1313073576015167488
1313073580343730181
1313073680159772672
1313073711688249346
1313073786153992193
1313073835244244994
1313073838046040064
1313073874272165890
1313073880802754560
1313073881805193218
1313073928122884097
1313073965602992129
1313074095182024704
1313074137640980480
1313074159262416897
1313074203676086278
1313074215424348160
1313074246680227841
1313074384475770880
1313074393833041922
1313074420861358081
1313074447511883776
1313074558329651211
1313074706111754240
1313074741377458176
1313074775066128385
1313074783056130048
1313074880582242309
1313074892296916992
1313074903332003840
1313074905689264128
1313074922298765312
1313074950694199297
1313075030683680768
1313075084035330050
1313075190692278272
1313075244568064000
1313075270153363456
1313075338403033093
1313075379628802048
1313075386952151050
1313075395412008962
1313075407739117569
1313075520347623424
1313075539813511168
1313075580888403972
1313075772786081792
1313075775403253760
1313075811319271424
1313075828633333762
1313075849432711171
1313075850741510144
1313076007402901512
1313076044275032065
1313076117880807426
1313076132237979651
1313076188516999175
1313076277218365440
1313076407506001922
1313076442595459079
1313076493086601216
1313076579904479232
1313076629246275586
1313076658925121538
1313076726130446338
1313076870318116864
1313076885400756226
1313076936185393154
1313077020486701057
1313077077705457664
1313077172676984833
1313077275013898242
1313077358803537920
1313077395444858881
1313077489879613440
1313077558326562817
1313077559446339591
1313077592639983616
1313077689788502018
1313077695425605632
1313077747556790274
1313077831262502912
1313077916104683521
1313077984769708032
1313078030575824897
1313078046371573760
1313078156467810304
1313078181428166657
1313078229226356736
1313078264676732933
1313078281332236288
1313078347421884422
1313078360772415489
1313078422814498817
1313078441575677953
1313078527328243712
1313078545627840513
1313078603689598976
1313078730680659968
1313078754365911040
1313078777656815616
1313078785688838144
1313078815774707713
1313078818886868993
1313078889548328961
1313078894728302592
1313078961203605512
1313078966056615937
1313078986717769729
1313079010851786753
1313079116636266497
1313079141680525312
1313079250300407808
1313079284534214656
1313079314234175489
1313079322752823298
1313079382001491969
1313079421302116355
1313079523999653888
1313079534451916800
1313079605000048641
1313079612205871104
1313079649954664449
1313079663292448768
1313079725531828224
1313079972442013696
1313080016717205506
1313080043095175170
1313080169695936518
1313080296829579265
1313080303053729794
1313080330492895234
1313080345428885504
1313080681107468288
1313080692742422528
1313080760908361729
1313080814457049088
1313080898980581377
1313080982640250880
1313081037195534339
1313081098490920961
1313081284575604736
1313081314350858240
1313081454687993857
1313081488880144384
1313081549114540032
1313081725770235905
1313081737669423104
1313081761795108864
1313081855105785860
1313081952212332544
1313082097238597632
1313082097758658561
1313082144462340096
1313082177521885185
1313082245629054978
1313082258358775810
1313082363568680960
1313082535094648832
1313082561745354754
1313082754465099776
1313082791521853440
1313082808122843137
1313082829127839745
1313082870974603266
1313082919909421058
1313082979338645504
1313082992970137604
1313083184389685249
1313083256540139522
1313083515764912129
1313083688381415425
1313083696342237186
1313083773479718912
1313083863648829442
1313083922415263744
1313083952899465216
1313084021933572102
1313084124958203904
1313084153697652736
1313084166943248389
1313084291920822272
1313084492828082177
1313084505805160450
1313084508351205379
1313084531646357504
1313084593705226241
1313084724508798977
1313084732046020608
1313084857896103936
1313084899918659584
1313084993422397440
1313085046836912135
1313085055544127488
1313085080953380864
1313085104386977792
1313085119029301249
1313085140533477377
1313085197265637376
1313085202550394880
1313085258678632449
1313085293948526592
1313085357349502976
1313085418896789504
1313085431169384450
1313085503768539137
1313085557526990855
1313085776935227392
1313085794672836608
1313085930719244288
1313086137234268162
1313086150811291648
1313086254817443843
1313086272349511680
1313086280863899648
1313086284454391809
1313086305363001345
1313086315538214913
1313086351609298945
1313086352003657731
1313086506828009472
1313086517561167872
1313086523680714753
1313086752249311233
1313086858180558849
1313086894780018689
1313086930167517184
1313087056617377792
1313087068713766918
1313087136447565834
1313087149353447425
1313087151932952576
1313087290726645761
1313087308678168577
1313087340705976320
1313087392069320704
1313087497467879426
1313087513154580480
1313087580490133510
1313087661352067073
1313087698119266316
1313088000843280385
1313088094292389889
1313088209526587393
1313088468638195723
1313088532831969280
1313088608312623106
1313088622632075264
1313088703246594048
1313088720648777728
1313088797261926400
1313088808888332288
1313088929487179777
1313089053219266560
1313089057480683522
1313089186493337600
1313089437820227589
1313089463761993728
1313089488692838400
1313089558947549185
1313089706901544960
1313089811599765504
1313089928364994561
1313089962502492160
1313089996107198465
1313090050448556032
1313090067599155201
1313090156929388545
1313090231751659523
1313090244124856326
1313090269219377153
1313090277838643200
1313090350307835905
1313090524589420547
1313090583188123650
1313090722350993408
1313090750792585216
1313090772661669888
1313090842043834369
1313090892279017472
1313090955017412609
1313090979759624193
1313091002014597121
1313091076048248838
1313091164841684992
1313091183434850307
1313091260320804864
1313091351307845632
1313091439602085888
1313091539325857794
1313091722621210625
1313091771618869249
1313091824651767809
1313091849544966147
1313091916771229698
1313092026964021249
1313092076318470146
1313092281587691529
1313092310641541124
1313092357609398281
1313092395500793856
1313092433115258880
1313092468926279686
1313092500198846466
1313092618700677121
1313092632260808706
1313092839530811392
1313092872984580098
1313093029444677632
1313093054195134464
1313093099351089152
1313093154686595072
1313093318939607041
1313093406697025540
1313093450187890688
1313093490746683397
1313093552709275648
1313093560078667776
1313093614420008960
1313093633470586882
1313093636700151810
1313093854367805441
1313093863553347584
1313093902279364608
1313093924777590786
1313093959967801345
1313094643224018945
1313094643601596422
1313094660894515200
1313094837214871552
1313094940910661634
1313094963111002114
1313094972732837889
1313095175556796417
1313095192564596737
1313095225313816580
1313095673525477376
1313095700511698944
1313095729536217088
1313095758837555200
1313095918036680705
1313095965071626241
1313096103382994949
1313096186543235075
1313096312980598784
1313096392714473473
1313096438939897856
1313096455796580352
1313096459735179270
1313096472921960448
1313096585337864193
1313096636218970116
1313096656351637505
1313096762702225408
1313096799939248129
1313096954742665216
1313096966574878720
1313096971167715328
1313097065677770755
1313097114508025863
1313097149270417410
1313097190412365828
1313097252865372165
1313097530587197445
1313097576363819008
1313097684580999170
1313097688708263937
1313097721583198211
1313097949145112576
1313098032284655616
1313098040333479940
1313098053709164545
1313098086693122048
1313098363827638272
1313098368126799875
1313098373646495744
1313098458174287873
1313098465497550848
1313098481406488578
1313098569868509184
1313098623723466753
1313098674755469314
1313098707940904960
1313098708922372097
1313098786730913792
1313098855429427201
1313098878535823360
1313098968419753986
1313099009951703043
1313099035486674945
1313099077312229376
1313099470482087938
1313099484008771586
1313099488345681928
1313099810493267968
1313099819267825664
1313099982862454784
1313100117147365378
1313100117528858629
1313100167785086976
1313100431615315968
1313100449143156737
1313100520366669825
1313100599509086208
1313100688210231296
1313101047947309056
1313101077282258944
1313101098648039430
1313101119246172161
1313101190339518464
1313101212267540480
1313101308778278913
1313101367943278592
1313101492354777091
1313101510755090432
1313101525896572929
1313101604623613952
1313101605827309570
1313101656649850881
1313101714908741632
1313101718654255104
1313101755933220869
1313101832806428672
1313101865614274560
1313101988205297667
1313102009680236552
1313102090869313537
1313102117519884288
1313102127099785216
1313102139028312065
1313102189431189504
1313102297879261186
1313102413646237696
1313102452921708544
1313102554293825536
1313102717599051779
1313103075113140225
1313103095589670912
1313103239466885126
1313103342369943553
1313103347247964160
1313103380873646086
1313103383457394688
1313103384015106048
1313103397449617408
1313103398657576960
1313103494652583937
1313103560159174656
1313103566555545600
1313103648864571392
1313103719848800258
1313103908752052226
1313103918965153792
1313103971465138176
1313103972249501696
1313103989165219840
1313104018990919680
1313104032169299969
1313104072820568064
1313104098590224385
1313104158912917504
1313104161899253767
1313104320645259264
1313104420692013057
1313104593413382144
1313104620017930241
1313104625910906883
1313104700091191297
1313104764540985346
1313104804290400257
1313104865107865600
1313104873257394178
1313105067004878849
1313105120918482952
1313105217790058496
1313105221313323009
1313105359704293376
1313105520513953792
1313105842858848256
1313105911578128385
1313105947250876419
1313105947972169728
1313106018105257984
1313106043392733185
1313106086069764096
1313106147147161601
1313106186095538176
1313106194219892738
1313106297282342913
1313106450290479105
1313106506603286528
1313106644394364928
1313106727173226497
1313106728372908033
1313106757380567045
1313106825093558273
1313106907729670149
1313106907834585091
1313107152337334273
1313107272659169281
1313107421880082435
1313107494781157376
1313107805755314176
1313107814009761793
1313107847450775552
1313107864425299968
1313107905449607168
1313107942560993280
1313108045573095426
1313108086899585029
1313108392060293122
1313108418039697408
1313108632024817664
1313108640744853506
1313108669974929408
1313108690241814539
1313108715638337538
1313108740405489666
1313108891983654917
1313108924770508801
1313109036246630411
1313109042261352451
1313109194178920450
1313109277398241280
1313109326257561600
1313109507552301058
1313109516268064769
1313109546097934337
1313109616679673856
1313109621498941441
1313109625038831623
1313109670450659328
1313109739526594560
1313109844124151813
1313109902244679685
1313109911371476992
1313110057781989376
1313110139734499328
1313110163717599238
1313110179320410113
1313110264032768000
1313110472904720384
1313110493423312897
1313110528437305351
1313110564730802178
1313110569797390339
1313110753663168512
1313110753961029633
1313110803470577664
1313110875918790657
1313110884047183872
1313111062485643264
1313111089601634308
1313111190411841536
1313111224046022656
1313111374818611201
1313111419378790401
1313111432968445954
1313111466262716416
1313111494154874882
1313111508893794304
1313111579412639745
1313111609796157440
1313111613545668609
1313111702976647168
1313111899370917889
1313111957780803585
1313112230213246981
1313112255370792960
1313112315739475970
1313112410945851393
1313112440180224001
1313112473214443520
1313112528746999808
1313112618828066818
1313112690966040578
1313112770859073543
1313112834293800960
1313112863595085825
1313112910428729349
1313112963780206592
1313112989726388224
1313113137713946625
1313113173516578817
1313113199647039490
1313113385907625985
1313113396800368642
1313113574529789956
1313113685288681480
1313113720554487810
1313113802775420930
1313113811805712386
1313114096665985028
1313114101435043841
1313114118048616449
1313114276735918082
1313114302874779651
1313114306607820800
1313114374136115200
1313114390208507904
1313114395082477568
1313114441177870336
1313114549277597697
1313114620555669505
1313114761056329728
1313114834519707649
1313114953444974595
1313114964622598144
1313115106545463298
1313115233263775744
1313115271331106816
1313115279770218498
1313115291694567424
1313115456044179456
1313115457570959360
1313115510398169089
1313115564638904321
1313115720574738437
1313115812656545794
1313115862002479106
1313116080253083648
1313116084359385093
1313116097202266117
1313116100880547840
1313116130362511361
1313116180849348608
1313116189770514432
1313116236524466176
1313116277414588416
1313116386533822464
1313116394624557057
1313116403436793858
1313116516825526272
1313116539902734338
1313116864810287107
1313116885693665280
1313116957017812992
1313117000353247233
1313117146365325314
1313117162773590016
1313117227701268480
1313117229320372226
1313117318038409216
1313117497625702402
1313117670359937024
1313117709434056726
1313117725280079872
1313117753587445760
1313117767193817088
1313117811594592256
1313118073541595140
1313118129350995974
1313118151966629890
1313118234888081412
1313118277875437569
1313118328374788096
1313118416849580033
1313118467445403649
1313118522118082560
1313118574509162498
1313118996489793536
1313119011261931520
1313119028987260928
1313119344096956416
1313119352107958275
1313119369170386946
1313119370428772353
1313119440318296066
1313119520152842240
1313119586934566912
1313119890925002753
1313119901427458049
1313119914283216897
1313119982763610113
1313120089961566209
1313120123671150592
1313120203962712066
1313120249290596353
1313120299739754497
1313120384200441857
1313120396460265472
1313120891958636544
1313121067972595712
1313121126076350468
1313121234348060674
1313121290555883520
1313121393945477120
1313121420243685378
1313121423632678912
1313121453366108161
1313121595490271232
1313121629715804160
1313121641736568833
1313121642424553473
1313121663853174784
1313121692697333760
1313121728445345795
1313121802558767107
1313121806010769418
1313121879872335879
1313122033061027841
1313122158055309313
1313122191085645824
1313122430710415361
1313122436590702592
1313122465686708225
1313122485328642048
1313122556879265792
1313122610620903425
1313122689305903104
1313122786982932480
1313123001534119937
1313123143871938560
1313123290857246723
1313123328660443136
1313123520759635968
1313123705640361986
1313123796837109761
1313123809277276160
1313123963921330176
1313123996670492675
1313124010083844098
1313124090954342400
1313124179869302788
1313124243173896193
1313124252728557570
1313124318126067717
1313124330650431488
1313124419946987521
1313124465350529029
1313124498024013826
1313124498347110400
1313124576281260033
1313124657726476294
1313124682741149697
1313124774827175936
1313124804493488128
1313124845824077825
1313125048249704450
1313125054465503236
1313125224364363780
1313125232450904064
1313125262226321411
1313125278353256448
1313125363065659392
1313125400265056257
1313125442539397121
1313125446163210246
1313125515486658564
1313125704847028229
1313125757108002817
1313125781141368833
1313125899143991298
1313125899982659586
1313126008447434752
1313126024800993280
1313126033642663936
1313126130933805057
1313126164186136578
1313126193135263744
1313126197346267136
1313126248109936644
1313126402796015618
1313126436102955008
1313126449210109953
1313126570362507264
1313126638096244736
1313126667448131584
1313126767364902912
1313126830962962434
1313126846666604546
1313127020948267008
1313127048664281089
1313127048697831427
1313127059204571136
1313127136140693506
1313127200070209536
1313127230030123008
1313127264905654274
1313127321021407232
1313127359164215297
1313127439371911169
1313127530321174529
1313127545534140417
1313127559903825920
1313127774169829377
1313127782357127168
1313127786098446336
1313127791307694084
1313127812656771073
1313127850283761664
1313127883649421319
1313128097214939136
1313128185115017219
1313128353117896704
1313128382205485056
1313128457828798465
1313128474555691008
1313128483070136322
1313128671931228160
1313128709700947968
1313128734275190784
1313128756056412160
1313128807935750145
1313128865133293573
1313128872884477953
1313128995047829504
1313128995643363328
1313129070104899584
1313129078778728448
1313129150107000835
1313129288133115904
1313129351278481408
1313129360145166338
1313129422606594050
1313129469159321607
1313129481976963072
1313129501878960128
1313129560842670081
1313129573580562432
1313129615356035072
1313129678018936838
1313129691235053568
1313129799561277440
1313129820746903555
1313130043304886273
1313130089790537735
1313130090839109633
1313130414530326528
1313130569371324416
1313130592880537600
1313130753908072449
1313130831645421569
1313130899123458054
1313130932283506688
1313131016597405697
1313131075456118785
1313131089532256264
1313131188417159169
1313131257333768192
1313131348379545602
1313131447386079233
1313131469305532416
1313131519318294534
1313131608610877442
1313131845903618050
1313131850718642189
1313131881123250184
1313131922067914752
1313131956436168705
1313131960433283079
1313131976468172800
1313132069577543681
1313132312087855106
1313132433886175238
1313132592099741698
1313132669543149569
1313132698937044992
1313133063631761409
1313133107445366787
1313133154186727425
1313133188387155971
1313133294230347778
1313133299649310721
1313133329416441856
1313133465651552259
1313133469644455936
1313133499927461888
1313133554927165445
1313133654986510337
1313133727900295169
1313133797345353729
1313133907009654790
1313134015222820866
1313134082126237696
1313134086676983809
1313134380404166656
1313134417506979843
1313134430534406146
1313134432069603328
1313134497664122881
1313134527318044672
1313134535295602688
1313134665675440128
1313134677906120705
1313134744960299008
1313134770507976704
1313134832768163843
1313135055565279232
1313135155716988929
1313135176529178625
1313135177820971020
1313135269391085570
1313135546986889218
1313135571804598275
1313135621989253120
1313135873559584770
1313135978085789697
1313136154259197954
1313136154401624067
1313136389710442496
1313136402096300034
1313136425714552832
1313136543670755331
1313136649170280451
1313136837800660994
1313136839029477376
1313136879454294016
1313137324864176128
1313138004417040385
1313138024813912067
1313138055142834176
1313138063237939201
1313138083366404102
1313138105331875841
1313138150789742594
1313138255538184192
1313138385872138240
1313138443871031302
1313138539425599489
1313138566709555201
1313138621067620352
1313138692178010113
1313138784175882244
1313138872117858304
1313139081950515202
1313139136929378304
1313139371340640256
1313139505495449600
1313139526295007234
1313139577041891334
1313139652803649537
1313139685649256449
1313139694058733575
1313139820068311041
1313140080731619329
1313140117654188035
1313140185291423745
1313140267776536577
1313140331915939840
1313140348374446084
1313140415365885952
1313140495309250560
1313140537562718208
1313140549449322496
1313140602578632706
1313140642449682434
1313140701086003201
1313140873497120768
1313140923472076800
1313141057731866625
1313141105970442241
1313141115915243520
1313141269225517058
1313141279941951490
1313141282252914690
1313141560876371971
1313141682230059010
1313141871041011716
1313141963835703296
1313142114285387784
1313142156450693120
1313142190466641922
1313142437032886272
1313142588187258881
1313142718470725633
1313142766885433345
1313142924507516931
1313142972184236032
1313143339970109447
1313143352011882497
1313143645235818497
1313143658275893248
1313143713472839681
1313143980440289282
1313144115438075904
1313144161302913024
1313144211781357573
1313144253284061184
1313144254257135618
1313144301170372609
1313144363262840841
1313144384301432832
1313144555529818112
1313144622307323904
1313144668448677888
1313144744990580736
1313145181634396160
1313145285103685633
1313145306461200384
1313145331492835337
1313145620606181377
1313145645868384262
1313145671311122435
1313145927914356737
1313145994700304384
1313146002577092608
1313146028015587330
1313146103097950208
1313146187587883009
1313146221624664065
1313146291866595328
1313146333675556869
1313146359004966921
1313146422582075394
1313146468333744130
1313146494489292803
1313146631026429953
1313146644054134787
1313146739038326784
1313146852271890434
1313146877399891969
1313237576849870848
1313237610542903298
1313237715131932672
1313237816264986624
1313237978832080900
1313238042098855937
1313238086835466246
1313238096868147204
1313238122046472193
1313238245766049793
1313238273029025792
1313238374174601223
1313238833945862145
1313238881484107776
1313238973414805504
1313239057221156872
1313239092134662146
1313239120064307201
1313239217598861313
1313239313191141381
1313239326264754176
1313239347873767424
1313239443340431362
1313239510369566721
1313239630242820096
1313239639726018560
1313239742264221696
1313239875106353152
1313239905871355909
1313239922246127621
1313240257295335426
1313240257781997569
1313240269521858563
1313240281832136705
1313240306985439235
1313240370247921664
1313240417715060736
1313240580252749825
1313240647206408193
1313240672237809665
1313240760091922439
1313241015923474435
1313241049842806784
1313241057631576066
1313241204562092032
1313241238087311362
1313241381008220160
1313241511358795776
1313241535870369793
1313241686940815360
1313241783665659904
1313241965220245504
1313242091003301892
1313242111047864320
1313242135785869312
1313242247358545920
1313242257773002754
1313242331219451909
1313242488233168898
1313242529773629444
1313242555379707904
1313242689631117312
1313242743917998084
1313242827493724160
1313242886775873536
1313242983395803137
1313242987216871425
1313243004308615169
1313243027456966658
1313243092858925058
1313243199972937728
1313243300707663872
1313243448842031105
1313243524670783488
1313243691834904582
1313243717051076608
1313243752274841601
1313243759031865344
1313243890321813504
1313243979756969985
1313243994407792646
1313244007015886848
1313244027169509383
1313244047159496704
1313244057020235776
1313244371966472199
1313244445131845632
1313244518590930957
1313244606268608512
1313244650405326854
1313244866470649856
1313244978550898688
1313245122474045440
1313245143504281601
1313245345103654912
1313245365479632896
1313245436820566016
1313245605532037120
1313245663614898177
1313245763959508996
1313246208840929283
1313246213286907916
1313246226003849217
1313246309240000512
1313246362176290831
1313246481114071042
1313247022053552128
1313247026583425028
1313247299422679040
1313247383392845824
1313247559071211520
1313247579371532288
1313247621843042304
1313247848994144259
1313247909362626560
1313247957563715590
1313247957848907784
1313247973980155905
1313248016082460672
1313248117203050498
1313248230084431877
1313248260040126464
1313248269355671562
1313248289874214912
1313248465380614144
1313248838724071424
1313248918394728449
1313248947654270983
1313249056563625985
1313249157621125129
1313249206258237440
1313249345739935747
1313249396537077767
1313249400702074880
1313249526355030016
1313249551738863616
1313249723147530240
1313249950109753345
1313250050785587206
1313250117613498368
1313250143211335685
1313250197959397376
1313250272748027904
1313250316176023552
1313250528718016512
1313250571420405760
1313250658573787137
1313250721697992704
1313250730287992838
1313250732791955459
1313250801280712704
1313250880540430337
1313250985926684674
1313251061583564801
1313251112233951234
1313251120534433793
1313251482184175617
1313251539402797056
1313251682416054274
1313251808559718407
1313251854466375685
1313251883646160896
1313251963522347008
1313252114290872321
1313252441543135240
1313252462489292801
1313146971440459776
1313147021478551552
1313147123970371585
1313147124486418434
1313147151489302531
1313147206732517376
1313147453378527250
1313147533162618881
1313147693347217409
1313147772170895360
1313147861895458820
1313147894241738752
1313147894560681985
1313147933743865868
1313147995253354498
1313148049028456454
1313148246672302081
1313148380428660739
1313148397709414402
1313148399600926722
1313148431066492930
1313148502025928704
1313148540533633026
1313148611719507971
1313148619919368192
1313148629339631616
1313148800584867840
1313148833807757315
1313148864552226819
1313148867492360192
1313148985943654403
1313149006109765632
1313149077685665792
1313149102650281992
1313149140545794050
1313149178223058944
1313149186565648386
1313149224029216771
1313149530335064065
1313149630821986325
1313149631124180992
1313149866105856001
1313149878336475136
1313149912188514311
1313150142728622083
1313150164887056396
1313150213868187650
1313150247204462592
1313150259707740162
1313150274698182657
1313150328263651329
1313150343988105217
1313150360307920898
1313150431539986437
1313150448245919745
1313150455585869824
1313150544735686656
1313150615854501888
1313150780459814912
1313150860566945793
1313150865033908224
1313150875972431873
1313150960496041984
1313151039936376836
1313151211948969984
1313151367452733440
1313151560269127681
1313151606213369856
1313151836673712134
1313151942445670404
1313151992286580737
1313152054584635395
1313152171228254208
1313152406952214531
1313152465693405185
1313152576423170048
1313152599810478080
1313152763811885060
1313152803548913665
1313152851766587394
1313152939725291522
1313152956854939650
1313153031899213832
1313153099641556992
1313153128401960960
1313153229035909120
1313153296660492288
1313153359042445315
1313153489070108672
1313153527259242497
1313153615918493698
1313153619567489028
1313153726543065103
1313153854293381121
1313153925424582657
1313154092471128064
1313154130827972608
1313154357404155904
1313154442045394948
1313154521472946176
1313154870799740937
1313154902160371712
1313154940559413250
1313154965842452480
1313155000579878918
1313155015557754887
1313155124840161280
1313155276686721024
1313155356252569604
1313155456936763392
1313155597827801088
1313155803554160641
1313155888803438593
1313155947385159680
1313156110573096961
1313156141371645954
1313156157628977153
1313156288302456832
1313156320225357825
1313156425993027589
1313156434104705024
1313156505730940929
1313156743942209536
1313156753169686528
1313156777463218176
1313156832303755265
1313157004358160386
1313157038122446850
1313157092614770688
1313157226618646528
1313157269253574656
1313157405950144512
1313157406549999616
1313157474812399621
1313157894188064769
1313157909082238981
1313157965239681026
1313158166197268484
1313158350419439629
1313158409152352258
1313158539511123969
1313158556699422720
1313158820605177857
1313158992777089025
1313159084472963078
1313159231575674881
1313159254719619072
1313159562359341059
1313159570806759424
1313159588112486401
1313159793201348609
1313159970058244096
1313160037154521088
1313160081366806528
1313160103923781637
1313160166326575104
1313160225407598594
1313160301496332289
1313160309813764096
1313160401442529282
1313160695886704642
1313160854377037826
1313160946232291329
1313160968319500289
1313160980608802816
1313161009595465728
1313161056466931712
1313161060476694530
1313161161240711169
1313161265632743425
1313161289833811968
1313161395962343426
1313161433547444226
1313161471547695105
1313161559494086657
1313161673507778561
1313161787110567937
1313161798674153476
1313161924021047299
1313252676533186565
1313252877448679428
1313252991072456711
1313252996160147458
1313253016066093056
1313253103810953216
1313253263366651905
1313253380605784064
1313253439355457552
1313253456245919745
1313253477489893376
1313253539683028992
1313253577641660416
1313253615298060288
1313253674366447617
1313253829417332736
1313253916067463177
1313253925924020230
1313254098347593729
1313254168782544896
1313254232749940736
1313254265566109696
1313254404192051200
1313254492553478145
1313254614410510336
1313254643691118592
1313254701966790662
1313254802437156865
1313254944976248832
1313254984188719105
1313255230491045893
1313255278796701696
1313255297067220992
1313255320752476161
1313255579125788674
1313255612143349761
1313255625019863043
1313255830544932870
1313255830821785600
1313255935247298570
1313256054013202435
1313256312374001664
1313256312743120899
1313256367424065538
1313256719838044162
1313256765601935360
1313256870799441921
1313256959534129153
1313257167789740044
1313257294432526336
1313257415429828624
1313257591678603266
1313257621340610560
1313257707349082112
1313257961226108929
1313258007082532864
1313258082504519686
1313258418262749185
1313258430921084931
1313258502299754496
1313258514391990272
1313258552170082307
1313258638040084480
1313258732583825408
1313258741349986304
1313258862485614592
1313258862972030977
1313258892185436161
1313258980026847233
1313259185921052674
1313259210516377602
1313259252748697600
1313259504616779776
1313259550636683265
1313259731096666112
1313259748809158656
1313259831403450369
1313259852370771969
1313259919903125504
1313259996944179201
1313260011989028864
1313260398015991809
1313260473542832128
1313260528521814016
1313260641000587265
1313260825742913536
1313260996044226560
1313261148431618048
1313261150977617931
1313261157507948545
1313261211421741056
1313261232875614208
1313261253620498432
1313261312470929415
1313261463436439553
1313261509359927297
1313261769398386688
1313261777917038597
1313261912055050241
1313262176560394240
1313262201319415809
1313262247662284803
1313262337986457600
1313262356592431104
1313262478420107264
1313262507704963072
1313262560217640964
1313262591494455296
1313262629062938625
1313262658636840961
1313262776689852417
1313262826333581312
1313262880968581120
1313262956604321792
1313263086875353090
1313263161693409282
1313263161919844361
1313263187463036928
1313263199144222720
1313263291981062144
1313263396247265280
1313263468003426305
1313263522927857665
1313263572626141185
1313263791338070017
1313263935416459264
1313263942429364226
1313264165738418176
1313264416016736257
1313264667486236672
1313264668115259393
1313264763984642049
1313264776886317056
1313264927860297728
1313265003580002304
1313265045413998592
1313265053345308673
1313265263459082240
1313265336670707712
1313265348632809473
1313265473476329474
1313265766784012288
1313265789374394369
1313265980416520192
1313266018719084554
1313266098385686530
1313266244922077185
1313266307719196673
1313266315910696961
1313266370658873344
1313266381324873728
1313266455341719553
1313266488057487361
1313266492398542855
1313266513478991873
1313266588666142720
1313266614071107584
1313266748586487808
1313266987661836289
1313267041881604096
1313267091672387584
1313267180033761283
1313267191870099456
1313267205740560384
1313267209414860800
1313267234677166082
1313267276578279441
1313267306974380032
1313267314435948545
1313267345624887304
1313267495080321029
1313267513925545988
1313267540844445696
1313267604585353216
1313177234006573056
1313177287983091715
1313177358992584707
1313177358967373826
1313177511119863808
1313177589838540800
1313177833083150338
1313177899973988356
1313178022770601989
1313178269957664770
1313178310848008194
1313178311653289984
1313178343412387840
1313178462513963008
1313178487721807873
1313178491567964160
1313178558702014465
1313178688893190144
1313178705410187264
1313178831985967106
1313178835895025664
1313178857122430979
1313178898235088898
1313179150186934277
1313179424011976705
1313179452428505094
1313179481624936452
1313179649803911168
1313179812593307649
1313180002154958848
1313180202676236290
1313180454401396738
1313180477344436226
1313180479789686791
1313180517173321729
1313180575063138304
1313180601843884034
1313180693367726081
1313180731368239106
1313180735881306113
1313180786758164481
1313180842479550465
1313180958301003778
1313181096297799680
1313181263956770817
1313181268817915905
1313181355933683712
1313181411671760896
1313181511399747585
1313181532882780161
1313181607851888643
1313181662948331523
1313181675548016645
1313181708792066048
1313181729490956288
1313181864417402880
1313181913939677188
1313181921162129408
1313181944335806469
1313182103727554560
1313182120811081728
1313182459861905408
1313182484155129856
1313182505860763657
1313182635800363009
1313182722223898627
1313182786908573697
1313182807557107713
1313182987719041024
1313183030152962049
1313183333115990016
1313183347292672001
1313183458500521984
1313183546459197440
1313183604558630912
1313183813460205569
1313183864681107469
1313184095833292801
1313184105044094977
1313184354353455105
1313184374293237763
1313184420636098562
1313184485572214786
1313184490244763649
1313184674416521216
1313184728627974144
1313184931892387846
1313184940750667778
1313185105163231232
1313185122691297280
1313185248658812928
1313185269370281986
1313185301368582144
1313185336458178567
1313185542469832709
1313185790067970049
1313185794186604544
1313185945164812288
1313186012852563972
1313186031265632256
1313186092183560193
1313186171384729607
1313186263453913088
1313186288686837760
1313186293476741121
1313186389194932224
1313186398275469312
1313186603465048072
1313186682829713411
1313186762664144910
1313186976443625472
1313187044068335616
1313187223827816449
1313187308104028160
1313187396054376454
1313187425456459781
1313187605819789312
1313187609083031557
1313187667580866560
1313187710710870018
1313187899446157312
1313187958061703169
1313188096414871552
1313188132054073350
1313188226442522624
1313188235179372546
1313188398295703552
1313188469741559809
1313188549513089027
1313188641875791872
1313188678852923393
1313188759429677063
1313188910332350467
1313189048840790021
1313189069799784451
1313189128457072640
1313189145104220161
1313189442002317312
1313189501532082178
1313189606028906496
1313189609833103361
1313189665139306500
1313189841077784584
1313189937802620929
1313190009499869184
1313190038436376576
1313190365692919810
1313190386622496768
1313190549474750464
1313190767817625602
1313190801850105862
1313190809936769025
1313190969978707968
1313191233460801540
1313191326951841794
1313191338586918913
1313191493960695808
1313191527179583493
1313191586352836609
1313191665620918273
1313191720331378688
1313191795854127107
1313191804141998081
1313191887969439744
1313191900849926144
1313191955413827586
1313192131582779394
1313222443394314240
1313222468572774401
1313222474511773698
1313222531566899200
1313222678438801409
1313222703818645507
1313222905241591808
1313222988804751361
1313223083659014144
1313223089984081920
1313223257223385089
1313223349884116996
1313223391709716481
1313223463319023616
1313223635130224640
1313223647369351172
1313223647537123329
1313223719871897601
1313223739832754176
1313224014052184070
1313224082230587392
1313224096428290048
1313224112911929349
1313224131450679298
1313224415241531392
1313224524201111555
1313224591456841728
1313224603632898049
1313224616136052740
1313224713066479617
1313224892913913856
1313224894226796544
1313224930884976641
1313225220665282561
1313225266219692038
1313225276889985025
1313225296338968576
1313225317310492672
1313225350764257281
1313225434524536834
1313225539138711553
1313225643836936192
1313225682013630464
1313225732118712320
1313225937320734721
1313226034309890049
1313226059085680640
1313226059484221440
1313226088819154945
1313226129914753024
1313226415953915904
1313226604559175685
1313226642668417024
1313226668186755077
1313226805634043910
1313226830673920000
1313226990963486720
1313226998349791233
1313227020025896963
1313227071435415552
1313227099554095106
1313227124355018752
1313227200246640640
1313227292580093952
1313227418124136449
1313227573376233474
1313227579059589121
1313227736962543618
1313227766289117184
1313227858840494081
1313227996992430081
1313228000914276354
1313228143201792003
1313228189955694592
1313228244116803585
1313228367496347650
1313228785270091777
1313228789737033728
1313228923933605888
1313228924235776000
1313228941440757760
1313229003696738304
1313229087280820224
1313229106386010119
1313229209230143488
1313229292965433344
1313229561350496257
1313229637166616577
1313229674873524224
1313229707454959635
1313229973868744706
1313230009964867584
1313230051979264001
1313230182229045250
1313230215808778241
1313230454699384832
1313230614053740549
1313230618893914116
1313230639274094592
1313230664607698960
1313230777778425859
1313230777891598338
1313230874540822529
1313230920443482112
1313231080045019141
1313231087942934530
1313231167743619072
1313231268658593793
1313231296961937412
1313231365001949185
1313231474301206530
1313231486590615555
1313231520748855296
1313231662906474496
1313231756305354756
1313231801251487744
1313231828946427908
1313232329977012225
1313232350738894854
1313232535531515904
1313232630062686209
1313232724136792068
1313232808190439424
1313232878860296193
1313232987429859328
1313233189922631680
1313233298550861824
1313233718216187905
1313233760071102465
1313233793466105861
1313233797736009733
1313233969668853760
1313233969895399424
1313234003911155718
1313234032579227648
1313234095825129480
1313234218298871814
1313234263354073092
1313234270991900674
1313234282052157441
1313234320878964740
1313234498276921344
1313234524550070276
1313234640824664067
1313234958551457792
1313234959885246465
1313235047189635072
1313235232162746368
1313235244909236224
1313235408587808770
1313235508693147653
1313235562267058179
1313235916513779717
1313236200933806083
1313236272056594432
1313236291174182912
1313236322446966785
1313236342646726656
1313236343963738118
1313236386091339777
1313236587430506496
1313236717420384261
1313236945586155520
1313237106983141376
1313237110447636480
1313237133365145600
1313237262222712839
1313237304408899584
1313237318422192128
1313237369340989440
1313162037665558528
1313162104887803905
1313162261830266880
1313162310043815936
1313162490927370242
1313162628508778496
1313162630283001858
1313162763519373312
1313162800701689857
1313163463401693185
1313163522428338178
1313163558474125314
1313163584952774656
1313163630914007040
1313163782487711745
1313163869972500485
1313163920279040000
1313163937190469632
1313163991808643073
1313164021483401224
1313164164450324485
1313164279152078855
1313164537307238407
1313164557272014848
1313164646333915137
1313164655045627905
1313164750943997952
1313164871261921282
1313165019052306433
1313165154188656641
1313165400763400195
1313165438738604032
1313165462553997312
1313165581441544193
1313165909003993089
1313166319416733697
1313166491735425024
1313166538111844352
1313166705842151431
1313166785240162304
1313166822993084417
1313166878311759872
1313166902462742530
1313166907193929728
1313167012403838977
1313167087767089152
1313167251369914368
1313167427564314625
1313167452247912448
1313167459663273984
1313167532136763398
1313167696310218761
1313167749905084426
1313167767072374786
1313167813188648961
1313167957850288136
1313168101970710529
1313168322314240002
1313168388622090240
1313168555639296003
1313168584718327809
1313168664380813312
1313168665030742016
1313168726934450177
1313168749047017474
1313168781846482946
1313168874221658112
1313168928621973506
1313168945365626881
1313168971353464833
1313169293438222337
1313169516151668737
1313169558186979328
1313169562339176448
1313169675854008320
1313169713380446209
1313169810327564289
1313169855345053696
1313169912978792448
1313169964292091905
1313170116050182144
1313170149806137346
1313170212582240256
1313170309021937665
1313170594012311552
1313170619597574151
1313170853941538816
1313170992315932679
1313171331777728513
1313171336164974592
1313171399670784000
1313171491605766149
1313171654948917252
1313171697030311937
1313171768195059715
1313171907420868608
1313171990438711296
1313172033065218048
1313172037775523840
1313172194789220353
1313172267887669248
1313172376171937793
1313172392764612608
1313172422573596672
1313172493482459136
1313172506266796032
1313172557328084992
1313172611304751114
1313172636655063040
1313172704867033089
1313172763016753158
1313172795329777664
1313172850203930624
1313172863395016706
1313172909314183170
1313173010136928256
1313173032647692289
1313173110552694785
1313173295529955329
1313173428954959872
1313173466791772166
1313173551202013187
1313173555090259970
1313173601072410624
1313173693384753157
1313173785399504903
1313173937048567810
1313174012332212236
1313174024424484865
1313174313537736704
1313174440125976578
1313174473168871424
1313174603997437957
1313174771677487104
1313174973201240065
1313175111692963841
1313175228978089986
1313175257654665216
1313175581467521024
1313175592829939713
1313175685607747584
1313175828402970625
1313175870765494274
1313176218523508737
1313176247745343489
1313176327118348289
1313176348257652741
1313176377634557953
1313176436241387520
1313176528851738631
1313176545008201730
1313176567372107776
1313176663061155841
1313176830220865536
1313176864958156807
1313177103073005568
1313207470433599488
1313207512246747154
1313207558182633472
1313207650801287170
1313207761212190722
1313207889486520322
1313208128599666690
1313208145586593792
1313208228902305803
1313208296615051264
1313208363698716673
1313209168661082112
1313209256888463360
1313209324215431168
1313209395497504768
1313209545569771522
1313209579975536641
1313209672053161985
1313210334963011584
1313210393326612481
1313210532044976134
1313210590609977344
1313210724529909760
1313210850572894208
1313210922131955715
1313211089442791425
1313211169205899264
1313211194384105472
1313211228425125888
1313211270456315906
1313211273593729026
1313211299493339137
1313211304241369088
1313211362206597120
1313211404011425793
1313211575747178496
1313211718689001472
1313211777350545422
1313211983722766337
1313212033488359426
1313212049812529154
1313212226329747456
1313212251726385152
1313212259653492736
1313212490713649153
1313212531456929792
1313212738081038340
1313212788593119237
1313212817839992832
1313212927009263617
1313212951793471489
1313212964867125255
1313213019460050944
1313213292127629314
1313213312570740737
1313213388546220033
1313213497497530368
1313213509954666502
1313213555911675904
1313213656381808640
1313213748874817539
1313214019164143616
1313214059576266754
1313214068069593088
1313214173199953926
1313214232108978181
1313214302464217088
1313214316334772225
1313214575186259970
1313214575601496065
1313214717532557320
1313214758749954049
1313215153656209409
1313215275584622602
1313215426369912834
1313215464324190209
1313215496368553985
1313215548302352385
1313215557001310208
1313215620066942978
1313215665852100610
1313215712161275904
1313215740762370048
1313215783091265537
1313215887755956226
1313215975773306882
1313216013689925639
1313216102068088833
1313216113816342528
1313216227322589185
1313216236461920257
1313216240165384192
1313216282704183304
1313216299120517122
1313216303696613385
1313216311749685255
1313216345643921415
1313216437616402432
1313216508781264896
1313216794186919942
1313216852932194309
1313216936516485120
1313217087771488257
1313217146143604736
1313217427988242432
1313217503678664705
1313217574348509197
1313217678513975296
1313217718951325702
1313217770994233344
1313217821820805120
1313217846487457793
1313217993636274177
1313218002066665472
1313218141846151171
1313218183583727620
1313218186884587530
1313218287170465800
1313218341511876608
1313218421283196928
1313218446432391168
1313218505035182080
1313218513721536514
1313218555421351936
1313218580725538822
1313218736338464768
1313218841095417856
1313218912172023815
1313218978932838401
1313219050051268608
1313219054883098624
1313219071345917952
1313219126048026637
1313219252342710272
1313219285662068737
1313219347897364481
1313219373348335616
1313219390150766594
1313219406361751563
1313219449122676743
1313219566303150080
1313219729822232576
1313219738416353281
1313219856163049475
1313220124141182976
1313220237454606338
1313220245797052417
1313220342668812290
1313220363359342593
1313220392660602880
1313220434545045506
1313220612626747392
1313220833410777093
1313220971621384192
1313221307056697348
1313221382382088192
1313221420311248897
1313221659164278799
1313221688667058176
1313221726189359105
1313221750654722055
1313221870620160001
1313221919630475265
1313221982226268162
1313221986760359936
1313222074639552513
1313222183804710913
1313222212686675968
1313222234392219650
1313222369327095809
1313192215150198786
1313192605186961409
1313192753128452096
1313192875358912518
1313192877892268032
1313192882141040645
1313192978161205250
1313193070985449473
1313193226170503168
1313193259427078144
1313193267870273545
1313193368386666499
1313193569814016001
1313193691503362054
1313193707085021184
1313193738039111683
1313194236926337024
1313194324964700160
1313194383580319748
1313194433953837057
1313194461879504903
1313194496897806336
1313194513549217792
1313194555538198529
1313194580796477440
1313194802893279239
1313194815576702976
1313194878487203841
1313195037933568003
1313195084247072768
1313195118187302913
1313195121962352647
1313195163548889095
1313195168162435073
1313195195127791616
1313195197694652419
1313195210025897984
1313195225217527808
1313195264824365057
1313195285682614273
1313195327814541314
1313195444978151424
1313195717834485760
1313195725900087296
1313195851993493505
1313195986227879936
1313196036001734656
1313196108496211982
1313196205724237825
1313196295927062531
1313196539792306176
1313196757451526144
1313196807988670478
1313197013404590081
1313197017590640657
1313197101984014336
1313197135290982400
1313197244565258240
1313197475415486465
1313197596438155264
1313197906573381633
1313197931961421824
1313198024362020870
1313198037423075328
1313198246794276872
1313198355863015431
1313198360103464960
1313198372820586498
1313198418446213120
1313198428420268038
1313198636247859200
1313198661606801415
1313198665947897861
1313198795396722690
1313198837939531778
1313198968692764675
1313199093762715649
1313199106865598464
1313199232044675072
1313199245365829638
1313199291075182592
1313199354195435523
1313199374848143361
1313199447384317957
1313199593341870080
1313199651915468800
1313199769288871937
1313199781699817478
1313199811219394561
1313200092409548800
1313200175838425088
1313200304007991296
1313200471876792326
1313200570195423248
1313200591670317064
1313200733576028160
1313200834830893057
1313200939818348544
1313200952351096832
1313201228478910464
1313201283466252288
1313201300398632962
1313201358699405320
1313201375673757700
1313201547585576960
1313201697288839172
1313201804797239298
1313201875206856709
1313202063699054595
1313202101116448768
1313202113883836416
1313202201674870787
1313202294398185473
1313202461897879554
1313202524774641665
1313202529308758016
1313202554357112835
1313202638377431047
1313202805914599426
1313202952396394497
1313202986424905728
1313203088841302016
1313203103680913408
1313203187608936448
1313203204100947979
1313203204860063744
1313203263445979136
1313203280164597768
1313203355422846977
1313203649238257665
1313203741085048835
1313203812551847938
1313203816406286336
1313203821120806912
1313203904985862147
1313204198255865856
1313204236180578304
1313204290572505088
1313204425314521089
1313204500396740611
1313204513222860807
1313204571750256640
1313204596932780032
1313204848318439425
1313204856866267136
1313204999904800771
1313205020389646336
1313205058138337280
1313205066791256064
1313205099964125184
1313205108671475718
1313205238686453760
1313205259318198274
1313205275936075776
1313205280851800064
1313205347679690752
1313205528080785409
1313205541955661824
1313205765725978631
1313205783845376000
1313205838719471617
1313205882516369410
1313205931170238467
1313205935012302849
1313205968700928001
1313206052196954112
1313206132324753409
1313206144307929088
1313206190512332800
1313206241745874949
1313206392229163008
1313206587155189760
1313206811642621952
1313206874234257408
1313206962482548736
1313206995973926913
1313207142841802752
1313207189134139394
1313207205525626881
1313207277055168513
1313056381361106946
1313056410012450816
1313056759381217281
1313057122633101312
1313057264190713858
1313057878014668801
1313057932670627841
1313057990245675008
1313058025423474690
1313058115772837890
1313058116037156865
1313058171473342465
1313058195003387905
1313058214108422149
1313058662353498112
1313058945875861504
1313059036137508864
1313059064797171712
1313059077216448512
1313059127913054208
1313059160733478912
1313059257273769984
1313059508122537984
1313059533523042305
1313059686401409026
1313059727677501442
1313059818693820418
1313059930413445120
1313059979390312448
1313059987183202308
1313060108792852486
1313060214376202246
1313060528785297408
1313060577481089025
1313060803709370369
1313060815738724352
1313060893773762560
1313061035906150400
1313061047083950082
1313061134002540545
1313061164465754119
1313061192827535361
1313061245076099072
1313061330266607616
1313061833159380992
1313061871403008003
1313061975090499584
1313062066043981824
1313062265696944128
1313062272525271041
1313062338556297216
1313062341093752832
1313062696951205888
1313062846134063104
1313062917286227968
1313062973594796033
1313063133498363904
1313063249814970368
1313063295566450688
1313063434947375106
1313063494628061186
1313063513590583297
1313063518531473408
1313063706679541760
1313063965979623427
1313064050511798276
1313064055213633536
1313064092064772097
1313064118765658113
1313064173211996160
1313064461268381696
1313064484013916160
1313064578289459201
1313064618382811137
1313064811337449472
1313064930954874881
1313064986286133249
1313065024525660160
1313065343292715008
1313065347700920321
1313065418559553538
1313065436028772354
1313065454978637829
1313065606346874881
1313065654115725312
1313065660612833280
1313065834156380160
1313065862568517632
1313066029904322561
1313066082752700418
1313066195264864256
1313066371501219842
1313066522311495680
1313066568339734528
1313066596131373057
1313066667879038977
1313066723839336448
1313066781234229249
1313066864935923712
1313066933009502208
1313067132607967233
1313067166565117952
1313067248190447617
1313067313676066818
1313067545004511233
1313067621210894336
1313067638139031552
1313067825553080320
1313067908478558213
1313067971443666951
1313067996647170048
1313068023297835012
1313068107775250434
1313068144735518721
1313068218895011840
1313068261609701376
1313068334116671488
1313068411845586944
1313068514299777026
1313068576220143616
1313068576945975296
1313068659753906177
1313068743338143746
1313068802914086912
1313069000004374531
1313069033026183171
1313069105067499520
1313069115674943489
1313069141755072513
1313069164043685888
1313069181915615233
1313069230061830145
1313069473272823809
1313069521356365824
1313069528872620039
1313069558090129408
1313069575362277377
1313069581322399744
1313069785459064835
1313069800583766017
1313069822322921472
1313069984793407488
1313070313635274755
1313070319977062400
1313070474633580544
1313070554728013826
1313070702740684800
1313070829056466944
1313070865916014596
1313070911747092480
1313070933125595139
1313070933708546050
1313071017166766082
1313071231328026625
1313071255315116032
1313071289616261121
1313071310851973120
1313071356242784257
1312905425436790784
1312905434114650112
1312905797379203074
1312905824130433024
1312905891096727552
1312905937850695686
1312905937884188673
1312905954640494596
1312906041965916162
1312906084668014597
1312906093715169280
1312906352998653955
1312906537644552196
1312906553645846529
1312906851315519495
1312907057281093633
1312907071973658624
1312907179096248321
1312907522865541120
1312907613923930112
1312907762108567552
1312908201080360971
1312908202695065600
1312908336921100289
1312908458769833985
1312908479405805568
1312908663582007296
1312908672293576704
1312908727025111042
1312908957053120512
1312909024212537344
1312909095977058307
1312909183843409920
1312909208908632064
1312909296015867904
1312909318367449088
1312909398080131074
1312909477193097216
1312909515042557953
1312909548735270913
1312909661863993344
1312909796199235584
1312909796287283200
1312909872002932736
1312909917821468673
1312910005725802498
1312910055872835585
1312910068782903296
1312910198625898496
1312910203147497475
1312910224307769345
1312910295443136513
1312910319761731584
1312910353773326338
1312910396265762816
1312910479837343745
1312910492235714560
1312910584766103552
1312910685609750528
1312910710125604864
1312910779876810753
1312911079287255040
1312911150661722113
1312911238628868097
1312911294052401152
1312911398280720384
1312911515679248385
1312911532557242374
1312911561816711168
1312911608465682452
1312911641462349824
1312911751348797440
1312911754649763841
1312911935114014722
1312911947600289793
1312912145164767232
1312912161463730176
1312912325645565957
1312912346814218240
1312912710963810304
1312912874432462849
1312912875090972673
1312912916736282624
1312913089008865281
1312913135247020034
1312913231904681984
1312913374263480320
1312913411907305472
1312913428349149184
1312913525011025927
1312913688509198337
1312913834986934272
1312914061991055360
1312914078537412608
1312914229276610561
1312914250336174081
1312914263124705282
1312914372440854528
1312914439499378688
1312914506402664449
1312914559380774913
1312914582210449408
1312914724552667138
1312914753812156416
1312914913015332867
1312914938512445441
1312915140157857793
1312915248639143936
1312915391190978560
1312915415836827649
1312915466856402946
1312915718447476736
1312915920054935552
1312916045397712898
1312916310276235264
1312916520239063041
1312916549200678912
1312916930571849728
1312916951870693377
1312917249234268162
1312917400392814593
1312917664734408704
1312917803532419073
1312917840626888704
1312917904216788992
1312917953789255681
1312918002757783552
1312918025398628354
1312918197323083776
1312918326943809536
1312918335772921856
1312918356601630720
1312918419835101185
1312918742985322496
1312918818386309121
1312918872454963200
1312919179503169538
1312919280074268672
1312919304489365507
1312919451243773952
1312919677689970688
1312919799853441031
1312919929411325959
1312919955013332997
1312920013448392706
1312920088773877760
1312920381876043776
1312920412024705025
1312920475455180801
1312920517083639809
1312920520942383105
1312920693412114432
1312920764245401602
1312920776635568128
1312920818746155009
1312920852510502913
1312921036611112960
1312921225820336128
1312921364110729216
1312921380841717760
1312921758232526849
1312921791803854850
1312921830022434818
1312921959529943040
1312922299369091072
1312922312228900865
1312922320466567169
1312922400372056064
1312922492584054785
1312922692220325888
1312922768787210241
1312922853076070400
1312922928632270848
1312923112711827456
1312923222376153088
1312923280706240512
1312923343834750977
1312923377284206600
1312923499141496834
1312923523938099201
1312923586689224704
1312923637477904384
1312923641743650816
1312923977321508865
1312923990122430465
1312924027342721025
1312924032069783552
1312924094166310913
1312924190916345857
1312924467887210502
1312924542545915904
1312924560887554055
1312924619276455936
1312924660380569600
1312924707130355714
1312924832921612288
1312924879084310528
1312924924995043331
1312925025813528576
1312925067660218370
1312925344698191872
1312925684575219712
1312925847897149442
1312925914754211841
1312925985868845057
1312926036552814595
1312926078189658114
1312926183592357889
1312926301246885890
1312926493555658752
1312926501688553473
1312926519354773505
1312926567903838210
1312926761953288193
1312926786943152128
1312927135959580672
1312927168641589249
1312927219958734848
1312927295108263936
1312927357947256835
1312927529427181569
1312927773279879169
1312927794280751104
1312928368858460162
1312928453037944833
1312928800859140096
1312928821658750977
1312928972389396480
1312929257983741952
1312929286563790848
1312929341689540609
1312929501047906305
1312929786235412481
1312929885694943232
1312930025214226435
1312930444615315458
1312930541524725760
1312930574798065665
1312930576152711168
1312930675876671488
1312930936179380225
1312931010594639874
1312931132338515969
1312931149556207616
1312931209287270401
1312931510312337409
1312931539680804864
1312931606219366400
1312931757751259136
1312931946398392320
1312931984587591680
1312932252981104641
1312932404072415232
1312932458157895682
1312932680032542720
1312932684339924992
1312932700907593729
1312932826837254145
1312933007829938176
1312933015631269888
1312933163228831744
1312933418477465600
1312933530637348864
1312933548874178561
1312933574182686722
1312933616050008067
1312933665639342080
1312933888075984898
1312934349323468800
1312934441979912194
1312934505070628865
1312934588507992064
1312934694053384194
1312934861804630016
1312934894784446465
1312935004335337472
1312935188176023553
1312935263962890240
1312935465721442304
1312935519844786181
1312935528744902656
1312935666205052930
1312935884531003392
1312935897311182848
1312935918383312902
1312936022808965120
1312936027246399491
1312936099094966273
1312936198965473280
1312936245648068608
1312936434437894149
1312936589279014913
1312936634929872897
1312936828274651136
1312936862160306181
1312936896029495296
1312936983585587200
1312936988157317121
1312937205636235265
1312937470502285313
1312937554442956801
1312937591797248000
1312937787528818690
1312937801311232005
1312937872555536389
1312938045457432578
1312938393471520770
1312938489567162369
1312938515139751937
1312938535574401026
1312938619494162433
1312938623881404420
1312938766596743175
1312938841477582848
1312938917260390400
1312939140049108994
1312939227626254337
1312939426679607296
1312939764220260353
1312939802275139586
1312939932059459586
1312939949201780737
1312939982894632961
1312940055946653696
1312940070484221954
1312940092059578368
1312940113119174656
1312940271991226370
1312940364551028736
1312940402345992192
1312940468909551618
1312940540053409792
1312940612145029120
1312940624497315842
1312940784035995648
1312940813110960135
1312941031403319297
1312941392591683584
1312941522023837697
1312941706170560513
1312941803503575040
1312941815407030272
1312942305981194241
1312942356476293121
1312942486650843136
1312942684227731456
1312942805032013825
1312942892789399558
1312943137334145025
1312943150789545986
1312943392645509121
1312943413910818817
1312943426023948295
1312943506357448704
1312943585352986625
1312943660334567425
1312943661252931584
1312943690499985410
1312943745646485504
1312943817046159360
1312943946025316353
1312943975347695619
1312944034470604800
1312944051587612672
1312944101684383744
1312944123003973633
1312944161906098177
1312944390604693504
1312944466542567424
1312944491796533248
1312944613657845761
1312944626131628032
1312944701054607360
1312944823133859840
1312944839516798981
1312944852091379713
1312944906852339713
1312944948312932352
1312945154521735169
1312945179926634496
1312945204459122689
1312945276563329024
1312945351645638656
1312945384638078976
1312945540481548289
1312945598660784130
1312945678151282690
1312945825182433280
1312946173364203520
1312946220126609409
1312946370215641088
1312946491636416512
1312946543255646210
1312946768968142850
1312947016150986753
1312947025479118849
1312947063110369281
1312947166961446913
1312947218442268672
1312947385878810624
1312947524181909504
1312947725546123264
1312947792999055360
1312947889367212032
1312948161699348483
1312948304733523968
1312948416994045952
1312948547684233216
1312948656849510400
1312948693943947264
1312948698561863687
1312948735673065473
1312948832515158016
1312949063659126785
1312949189479993350
1312949226989551618
1312949247793401857
1312949251484258304
1312949390131126272
1312949415586328577
1312949465981091840
1312949499615162370
1312949876963983361
1312949931624329222
1312950007750950914
1312950137703075841
1312950179671273474
1312950200281960449
1312950204685979650
1312950363830521858
1312950439420125185
1312950778328420358
1312950875397197827
1312950973950685186
1312951201806217217
1312951203064680449
1312951307423092738
1312951462389981185
1312951513086529536
1312951521307504640
1312951714656518146
1312951759921389569
1312951814434807808
1312951919502032897
1312951979069579264
1312952264038977536
1312952297417129985
1312952397640024064
1312952406523613184
1312952418242568192
1312952465420177410
1312952739710881792
1312953060222816258
1312953094083289092
1312953136475185154
1312953290699599874
1312953489023213568
1312953777578807297
1312954000661270529
1312954277116084224
1312954360507314177
1312954368854024192
1312954495593181185
1312954608906625024
1312954616204541953
1312954885034311683
1312955091129827328
1312955153012543493
1312955274731245568
1312955305081204736
1312955334441398272
1312955379920392193
1312955497130070023
1312955606177910784
1312955698683301888
1312955741418917889
1312955887078699008
1312956202133811200
1312956478840606721
1312956529558118400
1312956683132510208
1312956764095086592
1312957167541002242
1312957317361537031
1312957443765424129
1312957561868492802
1312957611336101889
1312957800092442624
1312957850973614080
1312957854274519041
1312957960327499781
1312958006473097216
1312958143823921152
1312958190838046721
1312958224463589376
1312958240653672452
1312958261683990528
1312958329111470082
1312958346035630080
1312958364419330048
1312958836853010433
1312958994948984837
1312959163631390721
1312959213203861504
1312959342602268672
1312959457177993216
1312959515210346497
1312959968484622336
1312960132762882048
1312960434224455685
1312960618618654721
1312960636654157831
1312960673412980738
1312960686604120065
1312960858050514945
1312960865784737792
1312961151240724481
1312961315057655814
1312961394417913856
1312961529525014528
1312961709187854337
1312961855531282433
1312961914645876736
1312962159048093696
1312962170150412288
1312962258826342400
1312962368369025024
1312962576335200256
1312962648531632133
1312962699358351366
1312962824671563777
1312963156747055105
1312963211579338753
1312963219338735616
1312963231854469120
1312963235755167744
1312963294802710528
1312963395801542656
1312963420703133696
1312963492270362625
1312963702350475265
1312963710642577410
1312963713884844034
1312963790875643904
1312963897511555072
1312963900053352456
1312963919753904128
1312963962120663040
1312963978503630848
1312964011982544896
1312964015656665088
1312964155037581312
1312964162776170496
1312964213103624192
1312964330510581761
1312965219870744576
1312965366520438786
1312965643109572609
1312965882570846209
1312966192731246592
1312966293268639745
1312966306141024256
1312966387015577601
1312966502618816513
1312966549452488704
1312966604842438656
1312966793183584256
1312966893238591488
1312966960766803969
1312967032560930821
1312967062277550081
1312967083383291905
1312967112172937217
1312967363810283521
1312967526817714177
1312967648066433024
1312967665351352320
1312967690160492544
1312967770200367106
1312967820209086465
1312968081254219777
1312968368677363718
1312968873617117184
1312968874887839745
1312968936544251904
1312969057440677889
1312969065619693569
1312969117813489665
1312969150768263168
1312969197266202624
1312969251766956033
1312969318284566528
1312969368909819904
1312969384449712128
1312969477865107456
1312969507065884672
1312969926207037440
1312969954841559040
1312970210543099905
1312970253085798401
1312970404319854592
1312970463069470721
1312970579805261824
1312970877907152897
1312970927919886337
1312971025299070976
1312971084271169539
1312971314202722304
1312971557396983808
1312971641316536320
1312971646337191937
1312971646513434624
1312971666956394497
1312972057207091200
1312972090237218818
1312972220294148096
1312972250702925825
1312972266175684609
1312972320907030529
1312972593935257600
1312972736692654082
1312972777520066561
1312972829311332357
1312972832985419777
1312972959275986944
1312972984450252800
1312973035524231173
1312973092323422208
1312973244597702659
1312973335303581696
1312973537733476352
1312973629856989184
1312973659108065281
1312973680025116672
1312973839408791553
1312973857138126848
1312973970300448769
1312974015435161600
1312974288295727104
1312974393417506822
1312974418726051840
1312974499088945153
1312974624943112194
1312974732841680897
1312974812021698567
1312974955475333120
1312975027168518146
1312975064825040896
1312975093530677249
1312975266264866818
1312975395117883395
1312975591914835969
1312976050826207233
1312976071193751554
1312976141930512385
1312976159643230209
1312976179427635201
1312976666369626113
1312976758170419206
1312976883735310337
1312977089297956865
1312977177701474305
1312977216402345984
1312977317199704064
1312977610285092865
1312977668363546624
1312977713972510721
1312977785594556416
1312977802287820800
1312978012741267456
1312978046085861376
1312978188683804675
1312978293906272257
1312978303058313216
1312978378195185665
1312978562547355648
1312978869041856512
1312978980962590720
1312979020292788224
1312979182692032513
1312979187834269696
1312979195199324161
1312979228728668161
1312979233409560576
1312979246705303552
1312979275255963651
1312979644166012928
1312979716534677504
1312979815692001280
1312979828317007872
1312979971242065920
1312980231691669505
1312980302290022400
1312980479172382720
1312980541218660353
1312980616611233792
1312980822241222656
1312981037388005377
1312981075216400384
1312981094724182017
1312981167776452615
1312981192363442176
1312981192757706753
1312981310537756672
1312981548585684992
1312981627392458753
1312981690688700416
1312981696334053377
1312982252377251840
1312982304189550594
1312982437991903232
1312982808189702144
1312982881782829056
1312983050314227713
1312983280623386625
1312983405831819266
1312983792345403394
1312983818639417344
1312983881675571200
1312983910138216449
1312983932388941824
1312983972880633857
1312983977746141184
1312983997467684864
1312984191705837568
1312984234160795648
1312984271305334784
1312984367631802368
1312984503703547905
1312984582518697985
1312984719156363266
1312984771446755329
1312984916972335104
1312984996185956353
1312985189161762817
1312985318455476225
1312985471446786049
1312985549330952192
1312985664548491264
1312985667878686721
1312985843347398657
1312985859864526848
1312985911613849601
1312985978772971524
1312986283552120832
1312986393271037952
1312986400841773057
1312986435490897925
1312986682862559232
1312986770372546562
1312986811954757633
1312986921891557377
1312986950094082049
1312987009112141824
1312987036073172992
1312987403372556288
1312987415687168000
1312987714002644992
1312987997017722883
1312988124448923648
1312988171244843009
1312988217491296258
1312988252471730177
1312988271870271489
1312988457548091393
1312988481069572096
1312988511067271168
1312988541484511232
1312988565714935809
1312988582244687872
1312988925775020033
1312989093920473088
1312989130046025729
1312989214959702017
1312989296593268738
1312989300443799552
1312989308433895424
1312989475988025344
1312989678937821184
1312989758428078088
1312989774165291009
1312989829261451264
1312989871703764996
1312990117804400646
1312990386302971904
1312990594990510080
1312990780122787840
1312990855620296704
1312990905968730113
1312991004090339328
1312991020951502848
1312991115365085184
1312991147074236419
1312991170314727424
1312991631080030211
1312991792019636224
1312991859258597378
1312992117879316481
1312992194047799298
1312992295214624768
1312992320183173122
1312992337904140291
1312992374058934273
1312992445697794048
1312992618926678016
1312992669409239041
1312992676732497920
1312992707321634817
1312992753660428289
1312992811256442880
1312992818739187712
1312993024331247618
1312993094845886466
1312993128413114369
1312993190673350656
1312993221824278530
1312993389936345094
1312993439689056256
1312993619402543104
1312993975406669824
1312994019241324545
1312994174585761793
1312994446502514689
1312994495659728896
1312994529918685185
1312994551083266050
1312994766745788417
1312995055351676930
1312995163728379905
1312995563055480832
1312995630235684864
1312995641006710785
1312995990555824129
1312996062341197828
1312996139994546176
1312996217580785674
1312996460128989187
1312996496590032896
1312996595357626371
1312996648998645760
1312996745215909893
1312996987982295040
1312997064490409984
1312997080772861953
1312997092944572417
1312997106517520397
1312997135042965505
1312997620848242688
1312997631061237760
1312997697381691393
1312997804961390593
1312998103964934144
1312998230674857984
1312998246684520448
1312998409834557441
1312998508434124806
1312998568093913088
1312998645113839616
1312998698998267906
1312998769684697091
1312998802358333441
1312998985603387393
1312999099575291904
1312999115303858176
1312999361962442752
1312999509966966785
1312999528811958272
1312999660764626946
1312999744164200448
1312999990021836801
1312999996598505472
1313000187552362496
1313000642252877827
1313000649316085760
1313000875116371968
1313001335277514752
1313001354231603201
1313001481277235200
1313001791353745409
1313002016793268224
1313002135563374592
1313002206979936256
1313002241360629760
1313002253079412737
1313002259429482497
1313002407832555521
1313002456729743360
1313002878294990848
1313002997731991553
1313003039394009089
1313003108725735424
1313003144230518784
1313003154909220864
1313003234013982725
1313003254272458752
1313003539879264257
1313003934064271361
1313004195218362370
1313004332195942403
1313004338806099968
1313004340391493632
1313004375141474312
1313004397245341696
1313004419059986432
1313004469664112641
1313004474546315264
1313004493915795456
1313004507446439936
1313004659208941573
1313004794756444163
1313004925790621696
1313004945252130818
1313005059924545541
1313005809480216578
1313005914207801345
1313006068780466176
1313006200481406977
1313006232886824967
1313006248917233670
1313006354609639425
1313006403888406529
1313006601524006914
1313006944718790663
1313006973865005056
1313007067637063680
1313007186067558405
1313007227863793665
1313007265855803392
1313007317776990208
1313007443929071616
1313007589760917505
1313007620748447745
1313007663064772613
1313007678931628034
1313008122122760192
1313008123419013120
1313008209444040705
1313008405313982464
1313008597119496192
1313008620469014529
1313008937587732480
1313009044429377536
1313009055955214339
1313009076809461761
1313009159319814144
1313009202294673410
1313009281814466560
1313009441789210625
1313009497049358337
1313009637810204682
1313009789958455297
1313009809004744709
1313009830127374341
1313009891154436096
1313009947383263232
1313010087326294016
1313010255064858627
1313010315290906624
1313010544652107777
1313010701011767296
1313010836814716928
1313010893928763393
1313011018927230977
1313011633824968704
1313011787084656641
1313012016827654144
1313012032581636096
1313012122415173637
1313012366687252480
1313012649521745920
1313012729943269376
1313012854740656129
1313013045048868864
1313013046986436608
1313013165983035394
1313013257255387136
1313013258203402240
1313013330517270528
1313013343586717697
1313013391066267653
1313013467339685888
1313013657123663872
1313013768050401282
1313013950015959040
1313014010674139136
1313014012016287747
1313014054038822912
1313014722954964992
1313014752868614145
1313014868203585537
1313014949992493056
1313015057769398277
1313015141802205185
1313015319632523265
1313015513908469760
1313015595592568837
1313015721895636993
1313015768200736768
1313015808902258689
1313015890959532032
1313016038422843393
1313016117514907648
1313016144702312448
1313016333735391232
1313016378580897793
1313016504372297728
1313016613017354242
1313016696094027776
1313016787806507008
1313016800234405888
1313016930840776705
1313017022159216641
1313017160906792960
1313017311637327872
1313017574402252802
1313017726097485824
1313017745714413570
1313017873577713664
1313017879734956033
1313018059213467648
1313018378936750081
1313018476957634562
1313018531802382341
1313018540111273985
1313018794915368961
1313019110322778112
1313019223476711430
1313019261737074688
1313019343710560259
1313019441857417218
1313019492482469889
1313019518277554177
1313019609767968768
1313019658396676096
1313019692446027777
1313019846251159552
1313020036634664962
1313020038450876417
1313020124597813248
1313020245557346304
1313020469235396611
1313020556053282817
1313020698558947328
1313020832155947009
1313021150474182657
1313021229230690304
1313021673344430081
1313021722518605824
1313021804840091649
1313021878454362113
1313022029453561856
1313022255065165824
1313022336292057088
1313022467196280832
1313022489153474560
1313022529456406528
1313022586121461761
1313022605188755456
1313023081863024640
1313023303423057920
1313023362839576578
1313023616116809730
1313023701319909376
1313023855276052480
1313023961744113664
1313024080187019264
1313024230984835072
1313024264681914370
1313024294772002816
1313024495591010304
1313024521910341634
1313024692522020867
1313024704446259201
1313024949502656512
1313024987981320193
1313025161193422849
1313025257356263424
1313025352592130048
1313025354638995469
1313025606339178496
1313025728208728064
1313025783208738818
1313025954713829377
1313026089753735168
1313041223431659523
1313041242431860741
1313041416831066112
1313041466281922560
1313041602798120961
1313041941232324610
1313042180504776705
1313042514992078853
1313042926914723840
1313042933218775041
1313042981897863169
1313043683537833989
1313043712235253761
1313043765880328192
1313043943274229760
1313043953982205952
1313044000966955009
1313044023775502337
1313044222023327744
1313044266835488768
1313044323177426949
1313044427594698752
1313044452336828421
1313045396726276099
1313045420436840448
1313045488174727168
1313045517996154880
1313045659654725632
1313045660036329473
1313045694505193472
1313045748288806913
1313045779435540483
1313045939519619072
1313045943978061824
1313045950944997378
1313046057815879680
1313046355263336448
1313046558259122176
1313046685375848449
1313046755479613440
1313046756591112194
1313046964183990272
1313047019561213953
1313047172062076928
1313047228005711872
1313047379696852992
1313047388915994624
1313047528028418051
1313047685486780418
1313047711013384192
1313047720706355201
1313047730235867144
1313047766818525184
1313047777706942465
1313047966291091456
1313048167232008192
1313048339970060289
1313048466235498497
1313048494781890560
1313048674520293376
1313048900664729602
1313049019350880256
1313049042029555712
1313049062040580097
1313049248745828352
1313049351023980545
1313049415859437569
1313049627134955521
1313049809348034560
1313049872992526336
1313049942223708160
1313050108855021568
1313050476028592128
1313050483167318016
1313050521620672518
1313050614381916160
1313050776567189504
1313050808192294912
1313050865201303558
1313050873065598987
1313050936936366081
1313050939457187840
1313050983803564032
1313051108089171968
1313051313836523524
1313051600408186880
1313051744100810752
1313051805186699264
1313051865538605056
1313051937810509826
1313052217889501185
1313052252941287424
1313052277985476609
1313052444860051456
1313052689761275905
1313052696128163840
1313052924617007104
1313053075905548288
1313053122298810368
1313053186345889792
1313053192251338758
1313053345326784513
1313053362246557697
1313053463501254662
1313053594074206208
1313053617356767233
1313053964708073472
1313053968151515138
1313054109478588419
1313054123818987522
1313054274352365568
1313054535217274880
1313054630109212672
1313054642872385537
1313054839866236928
1313054976198008832
1313055259237982208
1313055284504518656
1313055353957998593
1313055399558471680
1313055410740498433
1313055856083316736
1313055967693553664
1313056011767349250
1313056158442283009
1313056220207603713
1313026139426701314
1313026241549697031
1313026276089790467
1313026285334077440
1313026405433704448
1313026427164516352
1313026476548259840
1313026477508702209
1313026495703666688
1313026514057752576
1313026626108575744
1313026835635154945
1313027194415984641
1313027567415373826
1313027831962759168
1313027838317133824
1313027974095138817
1313028050867478529
1313028096866516995
1313028113341841410
1313028221697392641
1313028281181110279
1313028316300021762
1313028510680846336
1313028746354593799
1313028891229917185
1313028981294157826
1313029024747225088
1313029083509522432
1313029276002848774
1313029311268450304
1313029453497368576
1313029485160095745
1313029530496503809
1313029673006198784
1313029684653969408
1313029754338062337
1313030274263986176
1313030285592731648
1313030302848094209
1313030328957775872
1313030406216781831
1313030503780548608
1313030535351013378
1313030573821222917
1313030658730717185
1313030660127244288
1313030853052829696
1313030899693477888
1313030971390930945
1313031079578791938
1313031106187337734
1313031870393745408
1313031918049529867
1313031923929808897
1313032076472520705
1313032157376311299
1313032249068130305
1313032413656821761
1313032972585627648
1313033114181160960
1313033310730432512
1313033491374800896
1313033543237464064
1313033551269355521
1313033684988108801
1313033950244278272
1313034550289854464
1313034581248008194
1313034722319233024
1313035100355993600
1313035446738452480
1313035936444420096
1313035983168901120
1313036020917641216
1313036233505898509
1313036541380362242
1313036652227551232
1313036802266103808
1313037374813663233
1313037375304540161
1313037435194884096
1313037503448977408
1313037666414481408
1313037756851982336
1313038029255249920
1313038049186635776
1313038219601117184
1313038444164272128
1313038875158171657
1313038938085285889
1313038985284005889
1313039093870325761
1313039119937798144
1313039384854302721
1313039521638907905
1313039858508603393
1313039937839730688
1313039949852221440
1313039968558878720
1313040098217295872
1313040161840611329
1313040215259394048
1313040276219363330
1313040480653971457
1313040513738526720
1313040522836086785
1313040599784669184
1313040641056747520
1313040702243246080
1313040766353256455
1313040942862041088
1313040964957753354
1313041150564073477