1313267726069248001
1313267727994359817
1313267809770770433
1313267847196536832
1313267878536318976
1313267892973195264
1313267991291875333
1313267998065659907
1313268031389347843
1313268081582628865
1313268109663404032
1313268178487832577
1313268291851427844
1313268296570089472
1313268345915883521
1313268413582639104
1313268503819030529
1313268585092075520
1313268593338052609
1313268642226806788
1313268652855058432
1313268665152950272
1313268681523093504
1313269080535728128
1313269105214988288
1313269168431652865
1313269256281190400
1313269336291893256
1313269432244994048
1313269440927035392
1313269491015401472
1313269532979613696
1313269646536183810
1313269742971621380
1313269797447139335
1313269838320631812
1313269889486872576
1313269942083444736
1313269944491085826
1313269952288296961
1313270064066355200
1313270099206438914
1313270181716725763
1313270241707913217
1313270245373734925
1313270283961200642
1313270290445742080
1313270292161200128
1313270342517960704
1313270380589649922
1313270516812337152
1313270560709894151
1313270584336359424
1313270631845302272
1313270644734386183
1313270682529169408
1313270849923932170
1313270862544429056
1313270893091729408
1313270925899390976
1313271060142456834
1313271235887984640
1313271278065852417
1313271319266504704
1313271326854000643
1313271454771929089
1313271470739554304
1313271486996606976
1313271490297524225
1313271512573509633
1313271550318125064
1313271655632793601
1313271724327268354
1313271857085394944
1313271928388382720
1313271962005901312
1313272052963573761
1313272105639636997
1313272114712109056
1313272124807802880
1313272137352912899
1313272275756556299
1313272296996573184
1313272343704215552
1313272563188019201
1313272567327850496
1313272610403217408
1313272632758988803
1313272656016412674
1313272657568239617
1313272838258712576
1313272880415870976
1313272963781722112
1313272980689035265
1313273047621660674
1313273144455516160
1313273291583307776
1313273330800062465
1313273387767209989
1313273488057270275
1313273538728648704
1313273572618629122
1313273651689664513
1313273811228385280
1313273828366196736
1313273882732892160
1313273971308220417
1313274028971429889
1313274121942376449
1313274230914547714
1313274315001991171
1313274353132339202
1313274452243812353
1313274520208367624
1313274520451440640
1313274554530238464
1313274654426124289
1313274662734921733
1313274716052959232
1313274801893511168
1313274893341990912
1313274971163041792
1313275019150200832
1313275036090863616
1313275153879502848
1313275181415227392
1313275233227296769
1313275271261421569
1313275291951742978
1313275367386480641
1313275383945592833
1313275456221782018
1313275479911260160
1313275584118747143
1313275602967855107
1313275667790794755
1313275807750590507
1313275833029541889
1313275860561125376
1313275868509278211
1313275900243382272
1313275904265773059
1313275979780022272
1313275985761107970
1313276059530547201
1313276063024283650
1313276089804959746
1313276118095589377
1313276235464806400
1313276264816562176
1313276386438651904
1313276430290214912
1313276466059112448
1313276474745655296
1313276541967781889
1313276585810833408
1313276707403632640
1313276717943926784
1313276801720909826
1313276810470326282
1313276851578523650
1313276864862072834
1313276935825489920
1313277216978075650
1313277263400534016
1313277292542595076
1313277430833049602
1313277573439381505
1313277578245939200
1313277611104186369
1313277627935920146
1313277993142362113
1313278005695795200
1313278085500932096
1313278143541673985
1313278236277772288
1313278325956239360
1313278382902317056
1313278449142894594
1313278651023216640
1313278683612839939
1313278841763196928
1313278878287302657
1313278947501764613
1313279136081735680
1313279147263885313
1313279175420252160
1313279276574277637
1313279381243138049
1313279410863132674
1313279544812466176
1313279545022115840
1313279595148439553
1313279629126500357
1313279705462775808
1313279720839094272
1313279838212558848
1313280025957990400
1313280056341532672
1313280270678851589
1313280312898580480
1313280331903049739
1313280354367819782
1313280396424032256
1313280450769686528
1313280518608179200
1313280535129513984
1313280752788951042
1313280836331020288
1313281126593593346
1313281320512962560
1313281329505669120
1313281411714027520
1313281512029196288
1313281573395996672
1313281608066138112
1313281683815358466
1313281799469096962
1313281830997630979
1313281847678427138
1313281994529419265
1313282233868976128
1313282250276888578
1313282254190374919
1313282283932192775
1313282351162687488
1313282490371629061
1313282497938173965
1313282640565411843
1313282690653794323
1313282803770036228
1313282866806169600
1313282879217184769
1313282905041371136
1313282933810028545
1313282950595842048
1313282977741246464
1313283042941706240
1313283051384958978
1313283114391810049
1313283155235950597
1313283227218579457
1313283291374649346
1313283306985787392
1313283382634307589
1313283442029846529
1313283684774998016
1313283705620713474
1313283863628574721
1313284104557924353
1313284120752128000
1313284238742036483
1313284259344506880
1313284271872921605
1313284276067201024
1313284301027303424
1313284311446097920
1313284352005083136
1313284353275772928
1313284527851216896
1313284541549748224
1313284549162545153
1313284817333542914
1313284938687483909
1313284983306489856
1313285024406540288
1313285169558818816
1313285182380630016
1313285261908799488
1313285277176168453
1313285278359072768
1313285433699303427
1313285454586933249
1313285488585957377
1313285551244468224
1313285670484484097
1313285688109027331
1313285765259034626
1313285857579855872
1313285899703078912
1313286254079995904
1313286369028972544
1313286507545931777
1313286815466418177
1313286890934607879
1313286977173757952
1313286994068484097
1313287089396551681
1313287107608104961
1313287202114351107
1313287214219042816
1313287359165849604
1313287509892304896
1313287514418024452
1313287677354012673
1313287983735472129
1313288014576013312
1313288043185532928
1313288126211805186
1313288296806649856
1313288411868995584
1313288534808240128
1313288571357483008
1313288609244434432
1313288668455399425
1313288688416092161
1313288784801402880
1313288864908414979
1313288880439939072
1313288910550626304
1313288919040036867
1313288999327404033
1313289196208041985
1313289267381182464
1313289433769279490
1313289465268523008
1313289489918373889
1313289570746855425
1313289628120645632
1313289703521742853
1313289732995125249
1313289757800173571
1313289849995177985
1313289955066740742
1313289976365359106
1313290067008512001
1313290169102065666
1313290270146846722
1313290383460388869
1313290597520744449
1313290659076419589
1313290718044196864
1313290743809794048
1313290823858114560
1313290953726197761
1313291010122936322
1313291249856675846
1313291282190655489
1313291335248605186
1313291377216647168
1313291418903871495
1313291460842860545
1313291496335040513
1313291637448155136
1313291653570985984
1313291892981989380
1313291934694174721
1313292114999095297
1313292140819165184
1313292190530052096
1313292253218000896
1313292438291787776
1313292539198406657
1313292589433532417
1313292635432456193
1313292702692368384
1313292714755141637
1313292778063958022
1313292803120783360
1313292803573719041
1313293050207178758
1313293059421954050
1313293105492353026
1313293130213588992
1313293168599855105
1313293948069335042
1313293948274847744
1313293968952745984
1313294176193114113
1313294296234299393
1313294321874022400
1313294331177037824
1313294560915668992
1313294581686042625
1313294619510104065
1313295135178850304
1313295164572495872
1313295197900480513
1313295231635222528
1313295412023889920
1313295466700836864
1313295625946103809
1313295722264002564
1313295873615572992
1313295961297424385
1313296012002439168
1313296031971454976
1313296036413280256
1313296051441479680
1313296183662727171
1313296240927371264
1313296263186710529
1313296385081593856
1313296414290702336
1313296427074772993
1313296611590668291
1313296623796133889
1313296631845064705
1313296747784015872
1313296808832053248
1313296854617124864
1313296905355571203
1313296980966334464
1313297303592108032
1313297356251688961
1313297479065120769
1313297484102369281
1313297519686881280
1313297794283823104
1313297890329141248
1313297898658906112
1313584524891058177
1313584555039903749
1313584840403554306
1313584847403782144
1313584852394967041
1313584940496420864
1313584948956270593
1313584966064717824
1313585064161271810
1313585120914345985
1313585175717187585
1313585210051747841
1313585213088370689
1313585288749383691
1313585359754797057
1313585381284212738
1313585470169731073
1313585510812655616
1313585536171487236
1313585582182866944
1313585984123154432
1313586000283594752
1313586004511645696
1313586341150633985
1313586349979635714
1313586525997850625
1313586672785862658
1313586672731328513
1313586727240585216
1313587000012922880
1313587018606223360
1313587099073822720
1313587184797130760
1313587288224530434
1313587696049119233
1313587729783980038
1313587754782130176
1313587776030416896
1313587856422703111
1313587884788797440
1313587991697338368
1313588053244555264
1313588182303363073
1313588200791838720
1313588216566624256
1313588304277839872
1313588304751730688
1313588363396407296
1313588426134913028
1313588430312534018
1313588472054075392
1313588560092487680
1313588594360168456
1313588732377935874
1313588757245964288
1313588847385735171
1313588878972862464
1313588887537811465
1313588901873741824
1313588958677405697
1313589080513564672
1313589217461760007
1313589264685232128
1313589378330120193
1313589562443206663
1313589967013122048
1313589994460721153
1313590170806112256
1313590296941408256
1313590305086738432
1313590345330982918
1313590347147218945
1313590347365330949
1313590363928645634
1313590364863774720
1313590485735403520
1313590561157382144
1313590569835401216
1313590670108622848
1313590750370820097
1313590972421267456
1313590985071489030
1313591043628113924
1313591047260450819
1313591068429094913
1313591101878497281
1313591115992436746
1313591164956680193
1313591196388937728
1313591265368387586
1313591269583511552
1313591458423742464
1313591575289700357
1313591781066502144
1313591810841694208
1313591818395803650
1313591907386261504
1313591983399530496
1313592032951181313
1313592104153567232
1313592112835973120
1313592354088026112
1313592423189225478
1313592540600336385
1313592543595180034
1313592712004882434
1313592905425137665
1313593287194804224
1313593370833453061
1313593413489524738
1313593417071501313
1313593500882042880
1313593534423818240
1313593588656214017
1313593660945162240
1313593710295216128
1313593719191470082
1313593844919828481
1313594029901307913
1313594096854982658
1313594260558680066
1313594356595601408
1313594360471130113
1313594392691736579
1313594473872457728
1313594574728650753
1313594574749814784
1313594880338214913
1313595019173998603
1313595191735939072
1313595275362041856
1313595641847672833
1313595652539133952
1313595694532497409
1313595713226330113
1313595761767014400
1313595804037382144
1313595925793828865
1313595978042298371
1313596344699846656
1313596374592688128
1313596621410762759
1313596634471817218
1313596671893307393
1313596693414379521
1313596722925404160
1313596755708194819
1313596936654598144
1313596974084415488
1313597108084117504
1313597112647585795
1313597289231872000
1313597384950124544
1313597439471951872
1313597649329762307
1313597662151680001
1313597699749339137
1313597780011544577
1313597787859300352
1313597791789150208
1313597842217340929
1313597921791705091
1313598043556515840
1313598111105810432
1313598123311345664
1313598295260921858
1313598391457255424
1313598418623909895
1313598437649199108
1313598538505424904
1313598781674467328
1313598806802358272
1313598849110495239
1313598891439411200
1313598899592986624
1313599117969555456
1313599118162485249
1313599175741845504
1313599259611025409
1313599268511346688
1313599469955493889
1313599503572840448
1313599621013200897
1313599661710684160
1313599843345084417
1313509014668554241
1313509028304228358
1313509066090610693
1313509099527704577
1313509116288077825
1313509195564478469
1313509229706141701
1313509234148093952
1313509338120622080
1313509556622950401
1313509619642359810
1313509929916018689
1313509959133429760
1313510026636677122
1313510140914659333
1313510176893341696
1313510212297535490
1313510281906130945
1313510386843480066
1313510470934986758
1313510563218173953
1313510638501736450
1313510671733063680
1313510722643677186
1313510781472968704
1313510814091935751
1313510980295495680
1313511019910701056
1313511049971347456
1313511267584413698
1313511280519585799
1313511477052157954
1313511567925882880
1313511600981110786
1313511678672281600
1313511687115464707
1313511968553271296
1313511976207822849
1313511993123508227
1313512152544624641
1313512177622491136
1313512181489692673
1313512245004046337
1313512261525401601
1313512266457919490
1313512316110069760
1313512429599494150
1313512508196519936
1313512659984277504
1313512735544668164
1313512861763862529
1313512874006859779
1313513018878316545
1313513147790221316
1313513184179810309
1313513189250871300
1313513201376604161
1313513355982917633
1313513356435783689
1313513407107268608
1313513456583290880
1313513604092755968
1313513691678113795
1313513734657236993
1313513943441137664
1313513947534942209
1313513960768000005
1313513964630835200
1313513994146074625
1313514044373045251
1313514056498794496
1313514102799708161
1313514144025411585
1313514250191728643
1313514258580332545
1313514266981543944
1313514379867021312
1313514401442525186
1313514728099065856
1313514752790859776
1313514833166376963
1313514887142809601
1313515050427191297
1313515067825152002
1313515143188434945
1313515143314239489
1313515247186046978
1313515453973704704
1313515650950877185
1313515696761044994
1313515714175737856
1313515743728865282
1313515761261051905
1313515810393141249
1313516111510605824
1313516153965342721
1313516170776055808
1313516195681894401
1313516287939747840
1313516335125553152
1313516392981975042
1313516493825437698
1313516552558440451
1313516617645666304
1313516678551080960
1313517184639959040
1313517201777995777
1313517220257918976
1313517587830104068
1313517596587646976
1313517617672585217
1313517618003927040
1313517701609000960
1313517794554793990
1313517877539090437
1313518230263209987
1313518242963562496
1313518259384266753
1313518336098082816
1313518460794699778
1313518498296061954
1313518591036272642
1313518638717173764
1313518694962786304
1313518792618565633
1313518804799021056
1313519354139545601
1313519555868844033
1313519621710974977
1313519745812045826
1313519811641524224
1313519928897462273
1313519962481459206
1313519962787586049
1313519997709438978
1313520159332524033
1313520197626720257
1313520213799964673
1313520213741252608
1313520239058055168
1313520269005389825
1313520310684200962
1313520394876444673
1313520398848458754
1313520482541395969
1313520662720503809
1313520805402337286
1313520840844161025
1313521124026716161
1313521128653152257
1313521162207535105
1313521183686565891
1313521267488694272
1313521329929424896
1313521417829462018
1313521528026341378
1313521774374641665
1313521932927524864
1313522097600290817
1313522139987939328
1313522361870753793
1313522575755145216
1313522684936941568
1313522701320019970
1313522886028611584
1313522927539646464
1313522940907053056
1313523036834889728
1313523141973626881
1313523221472276480
1313523233178767368
1313523305517740033
1313523321984741376
1313523426792005637
1313523477325008896
1313523511554641920
1313523512821403648
1313523602889736192
1313523695093198848
1313523724931350529
1313523829570928640
1313523862949122048
1313523913503072256
1313554469095829504
1313554476804997120
1313554657797713920
1313554665884315653
1313554699375837184
1313554716123693064
1313554808570339329
1313554846600048640
1313554888870240259
1313554892632600576
1313554967999909889
1313555162842230787
1313555219641503744
1313555242147962882
1313555370506285057
1313555371043295234
1313555488085172224
1313555500978638854
1313555513326489600
1313555618309890049
1313555651755347968
1313555680868134922
1313555685062344704
1313555735910002696
1313555887584403456
1313555920421613574
1313555933075832837
1313556054391676928
1313556124516470789
1313556155436761104
1313556264069132288
1313556332298018818
1313556347791835136
1313556533242986502
1313556563139813376
1313556563639050247
1313556574586261506
1313556654076592129
1313556717544730624
1313556751195791360
1313556787921137665
1313556841813639170
1313556884956360704
1313556970855686145
1313557064959119361
1313557081983778818
1313557094658785282
1313557321528864769
1313557329707663363
1313557333872648192
1313557341367750657
1313557365237657601
1313557405242851328
1313557440714153991
1313557664933261312
1313557757082046465
1313557941660848129
1313557971142504449
1313558034371801089
1313558051417276417
1313558071755456512
1313558080320204800
1313558294183763970
1313558336529477632
1313558363381411845
1313558386584154112
1313558440833294336
1313558503894646789
1313558510786039810
1313558642352959489
1313558643124703236
1313558725827817472
1313558734640238593
1313558812658290688
1313558956648796160
1313559020045660161
1313559030581915648
1313559093056098305
1313559141370257412
1313559154078949376
1313559174761140227
1313559237793132544
1313559250480881664
1313559292772061185
1313559359671205888
1313559376553111552
1313559493897326594
1313559518828257281
1313559766208253954
1313559821547982856
1313559825016598528
1313560189933678592
1313560366992023558
1313560395844644864
1313560577487273990
1313560663785123841
1313560737944461312
1313560772065333248
1313560861517262858
1313560927996989444
1313560942316314626
1313561046431522816
1313561121408851969
1313561221849772032
1313561330440450048
1313561353026768896
1313561406663426048
1313561509633683456
1313561775468470272
1313561780187140096
1313561817499815936
1313561863276433409
1313561901138432001
1313561905202511873
1313561919194685440
1313562023234592769
1313562287563853824
1313562421093515266
1313562590509854720
1313562672722575366
1313562706046263296
1313563113174646784
1313563159408435200
1313563209786245121
1313563247400955910
1313563369635491842
1313563377646657537
1313563411175952385
1313563562942631938
1313563566642003969
1313563600271802368
1313563658996207616
1313563772108275715
1313563851275739138
1313563926970466305
1313564045363032064
1313564166159044616
1313564245683048450
1313564250212794368
1313564590114914305
1313564631605145608
1313564646541012993
1313564648885628930
1313564720063021061
1313564757346181122
1313564765923340288
1313564918369710080
1313564933276270594
1313565005456039937
1313565034723848193
1313565105834127360
1313565357475532800
1313565470499405825
1313565491634601987
1313565495598231552
1313565600820547584
1313565915351584770
1313565941112897539
1313565999569002497
1313566276350926848
1313566385126203397
1313566582023614464
1313566582191329282
1313566846709190656
1313566860122624001
1313566888115355649
1313567018440749056
1313567135189340163
1313567342316711937
1313567346628460545
1313567395479396352
1313567907469824001
1313568647269543943
1313568668811513861
1313568701132820480
1313568709072449537
1313568733596614662
1313568755251736576
1313568805210263553
1313568924189958145
1313569073687523328
1313569136606425089
1313569241107398657
1313569271008636929
1313569332769820679
1313569409349439499
1313569510318764032
1313569606276128773
1313569845162762245
1313569908224032768
1313570164319891457
1313570314865999873
1313570336118648836
1313570390174621697
1313570470734696449
1313570504016527360
1313570512363286529
1313570646627147782
1313570935778222081
1313570977767325696
1313571051377369088
1313571136362426368
1313571208114384896
1313571225290059776
1313571296408735750
1313571382291243014
1313571426729897986
1313571439107334147
1313571497793945601
1313571539980349441
1313571602823548930
1313571792074797056
1313571846084681730
1313571995720863749
1313572047411388416
1313572059700629504
1313572227611267080
1313572240492048389
1313572244057186305
1313572550891507715
1313572684509392899
1313572886527922176
1313572991268200455
1313573146457448452
1313573191969898496
1313573228447662080
1313573483247480835
1313573649274884097
1313573792044781570
1313573840304435205
1313574014300770304
1313574062581575681
1313574467789094919
1313574480220835840
1313574798602252291
1313574815022764033
1313574874015727616
1313575163875725317
1313575318930817025
1313575369342029824
1313575424748916736
1313575469946675201
1313575474212360192
1313575524699181057
1313575595368906753
1313575616713719809
1313575800483057670
1313575872667037699
1313575926223970304
1313576015181082627
1313576501263118336
1313576611070050304
1313576636105650176
1313576665164009473
1313576970777657347
1313576996476121088
1313577022396932096
1313577298818297856
1313577365683933190
1313577370192936962
1313577396189171717
1313577470608568320
1313577558588493829
1313577592285401088
1313577663399956483
1313577705888194565
1313577732073115649
1313577800608210945
1313577848649768963
1313577877435305987
1313578024319643649
1313578037133312001
1313578137557532672
1313578255165784064
1313578280608575490
1313578397579304961
1313578696511549442
1313578728639918081
1313578854590676998
1313578909246664710
1313578916905443330
1313579123353108480
1313579215334248448
1313579278047621128
1313579295151972359
1313579341096390656
1313579438098055170
1313579501796851717
1313579575583150088
1313579609422733313
1313579621045198848
1313579685394014208
1313579724170551303
1313580020909121541
1313580201008197632
1313580238580916226
1313580284462477314
1313580410807422976
1313580507024809984
1313580549450002432
1313580670485225472
1313580679154880512
1313580687480573955
1313580692442411008
1313580728861499392
1313580933791059972
1313581055652368389
1313581086379839489
1313581178092498946
1313581236829532161
1313581312540839936
1313581316760383490
1313581368320851968
1313581375396683778
1313581383005155328
1313581417687732224
1313581442765590529
1313581689801773059
1313581723658067968
1313581735888781319
1313581798945951744
1313581849017413632
1313581928876998663
1313582152886353920
1313582169692893184
1313582229700870146
1313582343450492930
1313582373955661824
1313582410454511616
1313582575772930048
1313582763568660482
1313582796976390147
1313582881130807297
1313583061821349888
1313583166431657984
1313583283943337985
1313583449408630784
1313583601674485762
1313583690480574464
1313583695199076352
1313583817383264256
1313583929375567873
1313583946601463814
1313583956068098048
1313583959146737665
1313583959452901376
1313584026054275076
1313584051731795973
1313584176247889920
1313584286423973888
1313584294909087744
1313584366065418245
1313584390388232192
1313584441969774592
1313584500891357186
1313615073168875520
1313615113161715713
1313615228182179841
1313615344989138944
1313615500342157312
1313615563881680896
1313615613110214657
1313615622576762880
1313615647339765761
1313615777174638593
1313615806459248642
1313615911165853696
1313616393921867776
1313616444404502530
1313616544476393472
1313616628735766528
1313616666912153601
1313616695399985166
1313616800647573505
1313616898077188097
1313616913814171653
1313616935045787653
1313617031758049281
1313617102331285504
1313617224301772800
1313617235500359680
1313617342488817665
1313617484453482497
1313617520096612355
1313617538136371201
1313617895167991808
1313617895419604992
1313617907985727488
1313617920149385217
1313617946003070976
1313618013095161857
1313618066807250944
1313618239533060097
1313618313734479872
1313618339655290880
1313618432634630148
1313618704991760385
1313618742602014720
1313618750625767425
1313618902228725760
1313618939390251008
1313619082655096833
1313619224523403264
1313619245985681413
1313619400994353152
1313619501628354560
1313619690309251072
1313619824346648577
1313619845439795205
1313619870471401472
1313619987932893184
1313619997042921472
1313620072670408705
1313620229692559362
1313620273342472193
1313620298508492800
1313620434424721408
1313620487298195456
1313620574627745792
1313620634304483329
1313620734749573126
1313620734984429568
1313620755901493249
1313620780484374528
1313620848012558336
1313620956938674179
1313621057996193793
1313621212954652672
1313621292323688449
1313621473374896128
1313621510687465475
1313621573694361602
1313621585870360576
1313621775046111232
1313621892570460162
1313621913701281793
1313621930629640193
1313621955321495553
1313621981011628033
1313621994500366336
1313622399758340097
1313622491923767296
1313622584412561408
1313622689605660674
1313622743871623170
1313623005621256194
1313623150475776001
1313623330897920001
1313623356118315009
1313623607495610369
1313623602286133248
1313623716610428928
1313623921195921408
1313623985503064066
1313624103136432130
1313624551331373057
1313624555487981573
1313624564287635456
1313624638262403074
1313624685582712832
1313624786153746432
1313625289826721794
1313625294327013377
1313625549965676546
1313625629322022913
1313625793554153472
1313625814148112385
1313625859761287168
1313626099285405698
1313626162023682051
1313626212351254529
1313626212573474816
1313626229258489857
1313626272862474241
1313626380521934854
1313626497744240641
1313626529906208769
1313626539460898818
1313626561052983297
1313626741181755393
1313627118677495809
1313627206388723713
1313627231856537601
1313627340493090816
1313627447464783879
1313627496357736449
1313627638766825472
1313627691367698433
1313627697113976833
1313627823362502656
1313627848687714304
1313628019768975361
1313628248790761472
1313628351458955271
1313628420123897857
1313628448338870272
1313628507218554880
1313628582904651776
1313628628379471873
1313628846969761798
1313628892763021312
1313628984609972225
1313629047977639937
1313629058568159232
1313629060451520513
1313629131909730306
1313629211509182464
1313629317138612229
1313629396348133376
1313629450454659072
1313629458713190400
1313629836750000129
1313629895248019456
1313630038420525056
1313297979172823041
1313298024995655681
1313298054066429952
1313298134555000833
1313298284958679040
1313298603641798657
1313298624730677248
1313298822072807427
1313298876477124610
1313298985977741314
1313298985990447105
1313299014608023552
1313299073353609220
1313299325280231426
1313299408952455168
1313299572773531648
1313299652381347840
1313299744794517508
1313299774410424321
1313299775375265792
1313299815615393792
1313299875078049794
1313299933173350401
1313300142766747649
1313300281308766208
1313300298698502145
1313300301848276992
1313300332210913280
1313300407360253953
1313300449244721152
1313300524717010944
1313300529485733888
1313300541632475136
1313300717717925889
1313300751574331395
1313300785267183616
1313300789260095488
1313300910681001984
1313300931757314049
1313301007158456324
1313301032148045824
1313301074019835904
1313301107981119488
1313301116147433478
1313301154076536832
1313301461560745991
1313301565395079169
1313301567819350017
1313301796190932993
1313301808371048448
1313301842449719296
1313302074382319616
1313302097673302016
1313302143990931462
1313302176685531136
1313302189842948098
1313302203101335553
1313302257388212224
1313302274165403648
1313302290472861697
1313302361817911299
1313302374946164736
1313302383145885696
1313302471205289986
1313302542307201024
1313302709945151488
1313302790010286080
1313302794451861506
1313302802920169472
1313302891617189888
1313302974400061441
1313303150779150336
1313303314432430081
1313303515842908161
1313303565880836097
1313303809007865856
1313303918328250369
1313303972384518149
1313304032283439108
1313304152945176578
1313304395929595904
1313304455283011585
1313304572073517056
1313304593544011777
1313304766022324226
1313304808799887362
1313304857537900544
1313304949711749121
1313304967227170816
1313305046075936769
1313305117425369088
1313305143274696704
1313305248077885440
1313305319049748480
1313305382324903936
1313305523526135808
1313305562180980737
1313305654749257729
1313305658507264000
1313305768070770688
1313305906147278848
1313305981468766208
1313306153556815872
1313306195290132480
1313306430460620801
1313306518306029573
1313306598551420929
1313306967155372033
1313306996687339520
1313307038462533632
1313307063897010178
1313307101960253440
1313307118083207169
1313307231488806912
1313307390717177856
1313307471235121156
1313307575526531077
1313307721899233280
1313307932122124289
1313308020059697153
1313308079149072386
1313308250671112193
1313308282157584384
1313308300931485697
1313308435098857473
1313308466623246336
1313308577713586176
1313308586081214470
1313308657883525120
1313308901299941376
1313308913417232384
1313308934812311554
1313308997353570304
1313309177549389826
1313309211288371200
1313309265415737344
1313309404574420992
1313309450237861888
1313309592919535616
1313309593041215488
1313309664168247296
1313310100279484416
1313310113600544768
1313310175319728128
1313310389661323264
1313310578908303361
1313310637888540672
1313310771271663616
1313310787956424704
1313311056958238720
1313311237434945536
1313311333828313088
1313311484781436928
1313311507686535173
1313311807382011906
1313311816009867266
1313311833189568512
1313312042401624067
1313312231229198337
1313312298497462273
1313312342667558915
1313312365602123778
1313312428453584896
1313312491099901952
1313312571429130241
1313312581956722688
1313312676106309632
1313312974346518528
1313524220127776769
1313524312129798147
1313524333327921152
1313524345017303040
1313524374671110145
1313524421286522881
1313524425296355331
1313524529998827521
1313524631291084800
1313524656062763013
1313524763764162560
1313524798727901184
1313524836652773378
1313524923839766529
1313525037329190917
1313525146540560384
1313525157026312194
1313525284830937089
1313525440099889152
1313525637890617344
1313525750709080065
1313525755113091072
1313525775417643008
1313525860377468929
1313526023393144832
1313526144759738370
1313526207338688513
1313526224858214400
1313526249969467392
1313526312833814528
1313526354386788352
1313526392240459777
1313526455129772032
1313526618854510592
1313526707307991040
1313526719328985088
1313526899793178626
1313526971280715788
1313527038670778368
1313527072179081216
1313527218597814272
1313527310822248448
1313527441990856704
1313527474790301697
1313527532633894912
1313527637759987712
1313527784560627723
1313527826914504704
1313528086613327873
1313528137523892224
1313528157924802560
1313528183346651139
1313528459994562561
1313528493381165057
1313528506828103681
1313528728207712258
1313528728564248576
1313528837834145799
1313528958491787271
1313529236171489280
1313529236515364864
1313529294908469248
1313529661629100033
1313529709779718147
1313529818793865216
1313529907096428546
1313530120997609473
1313530247720185856
1313530372450385921
1313530557393903617
1313530591036358657
1313530683025809409
1313530955668377609
1313531001499459584
1313531081514274817
1313531421311610881
1313531433642725377
1313531501204713472
1313531513867206656
1313531549132914689
1313531635451785216
1313531731639562240
1313531742037389315
1313531849059303424
1313531863085076481
1313531867338076160
1313531899277717505
1313531983734075392
1313532193369620482
1313532217910587408
1313532260268879872
1313532515961892872
1313532562443247616
1313532748104192004
1313532767561543680
1313532851468541953
1313532874092679170
1313532947086049282
1313533027503558660
1313533041701158912
1313533443209269248
1313533523433750533
1313533581784907777
1313533698810294272
1313533887994359810
1313534060040458240
1313534218526486529
1313534221160456194
1313534229167312897
1313534281323630595
1313534306959073280
1313534327758692352
1313534386768424960
1313534537842991105
1313534579903541248
1313534830785642496
1313534839786631169
1313534969898205186
1313535237939433473
1313535263449255941
1313535309234216960
1313535401768886272
1313535418789494784
1313535544526286854
1313535573974495232
1313535630517755905
1313535662226841602
1313535699291901954
1313535729193160704
1313535846629306368
1313535896470380544
1313535951449268224
1313536030889455618
1313536165245526024
1313536240906575873
1313536244756942850
1313536270186889216
1313536280777687043
1313536374897889282
1313536486051110912
1313536559036207105
1313536614103089152
1313536663801470976
1313536886653235200
1313537037610385410
1313537045956976640
1313537281681227777
1313537543850405890
1313537797056200705
1313537800843657216
1313537895454580736
1313537909568438273
1313538064799670274
1313538143442923527
1313538186857992192
1313538194822975488
1313538413287690241
1313538489217019905
1313538501347094531
1313538635376087042
1313538937693102081
1313538961122435072
1313539149929025536
1313539189581983751
1313539269328330754
1313539423884075008
1313539485083156480
1313539491404054531
1313494247685992460
1313494259878817798
1313494335191736321
1313494369123659777
1313494373305331716
1313494393773588485
1313494465525448706
1313494489999306752
1313494619884343297
1313494856124293122
1313494914467016706
1313494971333455875
1313495077566779392
1313495090489438209
1313495111385391106
1313495115428753408
1313495144868524032
1313495195535781892
1313495237092835330
1313495248660828161
1313495300946964481
1313495530702540808
1313495559756488704
1313495602014154753
1313495695865896963
1313495958378872833
1313496005074210816
1313496071461511168
1313496071470026755
1313496210192302080
1313496284985208832
1313496512576409601
1313496575461584896
1313496697280978944
1313496927800045568
1313496969046896641
1313496969780830208
1313496999031959563
1313497116443119617
1313497141499719680
1313497145580769280
1313497208449241089
1313497334685212672
1313497351055650816
1313497476586967040
1313497477119651843
1313497500532183040
1313497535735095298
1313497778769866755
1313498042998370305
1313498068185014272
1313498097704726528
1313498257125978116
1313498411895795713
1313498588337631245
1313498777211240448
1313499016450183169
1313499041439809537
1313499042953916416
1313499079327002624
1313499138487578624
1313499168883834880
1313499259577171969
1313499298567458823
1313499304938688513
1313499355782012930
1313499410328887296
1313499528314658816
1313499666277978112
1313499834985267200
1313499842266660874
1313499930271645702
1313499989495214081
1313500089441230849
1313500107472601089
1313500182198198272
1313500240876625922
1313500253283332103
1313500286980222976
1313500307855351809
1313500442161225733
1313500492371300361
1313500500516626433
1313500525917167616
1313500680846561284
1313500697829269505
1313501041686700036
1313501063253692416
1313501087878569986
1313501218363322377
1313501310180904962
1313501373699428356
1313501394494607362
1313501574757601280
1313501620328693763
1313501922624761856
1313501937015427072
1313502051968581632
1313502141105999881
1313502198131617792
1313502409948233728
1313502464176422912
1313502766287982592
1313502781685272577
1313503126985437184
1313503156014403584
1313503218551279621
1313503306258567168
1313503310956109826
1313503530943156224
1313503582545752071
1313503797323411472
1313503805942628352
1313503978307678208
1313503995273588736
1313504128962789376
1313504149749653504
1313504183555895296
1313504221615054858
1313504444995297285
1313504716496736257
1313504720074539009
1313504885044699138
1313504961062297601
1313504980515647489
1313505047486103554
1313505131728642056
1313505228164083718
1313505257331322880
1313505261894750208
1313505341099786240
1313505349551493120
1313505546843099137
1313505613717082113
1313505676484804610
1313505864989511680
1313505928369467399
1313506096867352577
1313506179763638272
1313506263884419073
1313506293370499072
1313506465911504896
1313506471360032768
1313506524187238404
1313506565782208512
1313506746602790918
1313506801216704512
1313506931005419521
1313506968229892097
1313507060500357120
1313507069484560384
1313507233771261953
1313507304294305797
1313507387588980736
1313507480396271623
1313507517939343360
1313507605835182080
1313507757639647233
1313507891198992385
1313507908517130240
1313507957850673154
1313507970899087360
1313508236331552771
1313508292849815552
1313508386001084416
1313508389411065856
1313508440485003266
1313508596370432000
1313508686858420225
1313508753975762945
1313508780722675712
1313539584836481025
1313539608391671810
1313539784170704899
1313540019886395396
1313540061242236929
1313540065575010306
1313540237440811008
1313540506677383168
1313540606824796160
1313540615934824448
1313540787016212486
1313540817571770369
1313540883300651009
1313540963005075464
1313541022291501057
1313541101865836546
1313541110065754113
1313541198288691202
1313541214713589761
1313541273261953025
1313541458029240320
1313541576019398661
1313541604804882433
1313541612933459970
1313541672026820608
1313541831880314880
1313541860745334784
1313542078723309568
1313542167529320448
1313542276405223425
1313542284806414342
1313542465652170753
1313542569700331528
1313542616072556544
1313542692043984902
1313542879860719617
1313542892787503109
1313542893118910464
1313542972567363585
1313542993295683584
1313543287479971848
1313543358527287301
1313543374608248839
1313543391213424642
1313543412830941185
1313543710886436864
1313543823872544768
1313543899777052672
1313543911856431104
1313543924712177664
1313544027854299138
1313544219269591040
1313544222579068928
1313544264102666245
1313544344759087112
1313544545028669440
1313544587290595331
1313544599437275136
1313544616973676546
1313544637815152641
1313544668282585088
1313544746724290565
1313544851598778368
1313544956229844994
1313544994628734977
1313545048374620160
1313545262439096320
1313545363635101696
1313545388381663233
1313545392152367106
1313545421864697859
1313545460821487618
1313545753122402305
1313545945322188800
1313545984224505856
1313546013106417664
1313546151426224128
1313546173467172864
1313546340086042625
1313546344334872577
1313546369697710080
1313546419874168837
1313546446428307457
1313546470121971712
1313546549843107841
1313546643325677568
1313546768815185922
1313546927724802048
1313546932514684929
1313547093424975872
1313547124861276160
1313547221011439618
1313547360321105921
1313547364045656064
1313547510900817921
1313547560687218690
1313547614722289664
1313547745165291522
1313548168873865224
1313548173269327874
1313548311463366656
1313548311891185669
1313548328802553857
1313548391763255297
1313548480061665280
1313548500861415430
1313548605999857664
1313548693505630208
1313548966588489728
1313549045793730567
1313549084926644225
1313549117025525760
1313549389676179456
1313549423440527360
1313549468990668803
1313549599274012673
1313549633252143106
1313549875938816001
1313550040011472896
1313550047817142280
1313550069157834752
1313550093916803072
1313550211655049220
1313550211755773952
1313550312846876674
1313550362851368969
1313550524113920000
1313550530539646977
1313550610323640321
1313550719014838273
1313550744562339840
1313550815773290503
1313550925227872256
1313550941681975297
1313550975425294336
1313551121835794440
1313551218208251904
1313551264593121281
1313551293764362240
1313551780345720832
1313551803150225408
1313551822754283532
1313552002484498438
1313552084910956546
1313552170202148864
1313552238430900225
1313552284425637888
1313552355170881537
1313552492026880008
1313552565662027777
1313552879618265088
1313552912602353664
1313552936878796800
1313552938741178368
1313553070417014784
1313553072002609153
1313553097499631621
1313553122455814144
1313553172909170689
1313553269478715392
1313553306816581632
1313553311312863233
1313553320125116422
1313553353222299648
1313553499968409600
1313553521330073600
1313553617677361165
1313553881687879683
1313553883264946176
1313553957092904960
1313554116564709376
1313554127327236096
1313554263830720512
1313554345225527296
1313554388850413568
1313600212443697152
1313600392995930114
1313600492812013568
1313600585304866817
1313600614916481025
1313600657207816192
1313600686303502337
1313600690271342592
1313600749134381056
1313601013333409793
1313601171945402372
1313601443283181568
1313601630164615170
1313601634115739651
1313601663387799554
1313601809819328516
1313601856149630976
1313601872821977092
1313601931479261192
1313602112346087429
1313602183074664448
1313602342835703808
1313602363731701761
1313602392911482883
1313602577158856704
1313602708042117122
1313602712232177665
1313602842473779200
1313602879920406528
1313603542238846983
1313603600665411586
1313603635058806784
1313603661377961985
1313603706365992960
1313603852935917570
1313603936935309313
1313603988412084225
1313604005537419266
1313604058649964545
1313604088735715328
1313604234676330497
1313604351856906240
1313604607843741697
1313604628638953472
1313604720947154944
1313604732947058688
1313604826131955712
1313604947825442817
1313605098187169793
1313605236909633537
1313605481416601601
1313605518053781504
1313605542703763456
1313605660383350786
1313605983231500288
1313606385872052225
1313606558262136833
1313606604462477314
1313606775946514433
1313606853457309697
1313606893672247297
1313606952275136512
1313606973385039877
1313606979642818562
1313607086450720768
1313607158013943808
1313607321868697600
1313607501510774793
1313607524621279232
1313607531479130115
1313607607219679233
1313607686844420096
1313607778213097472
1313607832642547712
1313607851298955266
1313607896198836224
1313608050935312384
1313608193424207873
1313608405920215041
1313608471066148864
1313608635822608385
1313608663123267585
1313608743532232704
1313608744287301635
1313608802164453381
1313608826608783361
1313608856933629958
1313608948583464961
1313609003394494464
1313609019873988609
1313609045228638209
1313609368592502784
1313609591012327426
1313609632997404674
1313609636910563328
1313609749590663170
1313609787666382848
1313609880901742600
1313609921800343553
1313609976229834752
1313610026733514763
1313610169763364864
1313610202554400769
1313610261576790016
1313610357861163009
1313610634961977344
1313610660216008704
1313610886771335169
1313611024608751616
1313611356499656704
1313611360559927302
1313611423382151169
1313611515577081856
1313611679503134726
1313611721353777152
1313611792317255681
1313611935301083136
1313612019011063809
1313612065387372544
1313612069653028864
1313612228600492032
1313612304093777920
1313612412839395331
1313612426332573697
1313612459287158784
1313612526492450816
1313612539083849728
1313612589553905664
1313612644125945856
1313612669463781380
1313612740204933120
1313612799101132801
1313612828218191872
1313612883377389569
1313612899538153480
1313612945125904385
1313613042521960448
1313613067381608448
1313613143424356358
1313613331622555649
1313613465781641217
1313613503958220800
1313613587810746368
1313613591761743874
1313613637794357248
1313613730119376896
1313613820363931649
1313613971509907458
1313614045279330306
1313614057329627137
1313614342705741824
1313614468727832582
1313614501971927040
1313614632158990336
1313614804444217344
1313479269494984705
1313479315489685505
1313479362201686018
1313479466191138817
1313479583631540228
1313479718600048642
1313479984045056000
1313480003959619593
1313480098524401664
1313480175812841474
1313480250349809664
1313481140016214018
1313481236917166083
1313481308090310660
1313481383789109253
1313481546779758594
1313481584864092162
1313481685284028421
1313482390875103233
1313482453198266372
1313482603853426692
1313482665694236673
1313482805838479360
1313482939506790403
1313483018611429376
1313483199100653570
1313483280289796098
1313483307670294530
1313483343514808322
1313483388796522496
1313483392311267331
1313483418961948675
1313483425664380929
1313483484279824384
1313483527132979203
1313483707278397440
1313483858575347719
1313483920961400835
1313484134812135426
1313484141980254209
1313484193477931010
1313484210238349321
1313484395035189251
1313484420469403653
1313484428153421832
1313484663244152833
1313484704516124673
1313484919356743680
1313484973656231936
1313485003435716608
1313485120758841348
1313485145819803648
1313485162341167105
1313485220994220032
1313485503145144320
1313485523554635776
1313485604789858306
1313485720779141120
1313485732850348032
1313485781055528960
1313485883845246976
1313485980767264771
1313486261185896448
1313486303191805960
1313486311723012096
1313486420435185665
1313486483844747264
1313486554615222274
1313486571241459714
1313486839735611403
1313486840398307328
1313486990684442626
1313487032409305098
1313487456335994883
1313487586447503360
1313487745612996610
1313487787790929922
1313487820821065730
1313487876349407232
1313487888416485377
1313487955848200195
1313488002509877255
1313488052451450882
1313488081643855873
1313488127701508111
1313488236833124360
1313488333079818240
1313488370971168768
1313488463677870093
1313488474562007048
1313488592979865603
1313488602089873415
1313488605910892552
1313488651834322944
1313488668544438272
1313488672658948105
1313488681014095875
1313488718926434304
1313488815433146370
1313488887461933058
1313489188885614592
1313489252257234944
1313489339679211521
1313489500849541125
1313489560551251968
1313489782509633539
1313489834997149696
1313489886704545795
1313489947475746826
1313489972587114501
1313490006586126336
1313490040241246208
1313490056879931392
1313490161712406532
1313490166158417925
1313490270944743426
1313490303781949440
1313490304721395713
1313490379778519040
1313490421927084040
1313490484149485573
1313490502315053056
1313490522993029122
1313490548666314753
1313490556824190983
1313490591532158980
1313490614781186053
1313490740459302914
1313490824735461377
1313490881111040004
1313490933934182405
1313490992218230786
1313490997003915267
1313491012250107904
1313491055602470913
1313491165023535107
1313491194052251655
1313491244115427328
1313491265036734464
1313491281608310786
1313491294447075329
1313491332216827906
1313491430564917256
1313491566988857346
1313491575528456192
1313491676242030594
1313491915283869697
1313492015594852352
1313492020191784960
1313492108301479944
1313492126584516612
1313492150815019015
1313492188337262599
1313492346961571844
1313492540306452481
1313492665841876998
1313493059406102531
1313493139924176897
1313493185965051905
1313493437908488193
1313493471626432513
1313493509496811527
1313493534880694277
1313493660558860289
1313493714560581634
1313493776007081987
1313493781287665667
1313493873780555780
1313493987022512130
1313494014386208771
1313494041733013504
1313494182015664128
1313448936473088000
1313449389306916865
1313449561931812865
1313449699739918336
1313449699584741376
1313449707994263553
1313449816899321857
1313449922658734081
1313450078032605184
1313450102875459584
1313450110878183424
1313450198451003393
1313450381079445505
1313450496502398977
1313450509899100160
1313450539951292416
1313451016705241088
1313451100763230213
1313451154957893632
1313451205146955784
1313451232321843200
1313451267969212419
1313451281281953798
1313451323145232384
1313451348042579968
1313451562333855744
1313451574983884808
1313451636963119108
1313451792735363072
1313451842567892992
1313451874234793984
1313451877074374658
1313451918585454593
1313451923295657984
1313451950944460802
1313451952408272896
1313451964345266178
1313451979176390656
1313452019055824897
1313452040354435073
1313452082003955712
1313452192943267840
1313452468014120960
1313452476067131394
1313452598352109568
1313452728274825217
1313452776924606464
1313452851700600832
1313452946110271489
1313453033943191552
1313453275920900096
1313453487947239425
1313453541374210049
1313453745238429696
1313453748367355905
1313453835545972738
1313453868752216065
1313453978622005250
1313454212387426306
1313454330528313344
1313454644358795271
1313454669767860231
1313454761820258310
1313454774612787200
1313454980624457731
1313455089118478341
1313455093329596416
1313455106105499649
1313455152486121473
1313455164569911299
1313455378550722560
1313455403427147776
1313455406358900737
1313455534406860802
1313455578828673024
1313455710252924929
1313455835062964224
1313455849000427521
1313455973881843712
1313455987685314560
1313456032623079425
1313456095675981826
1313456113099169794
1313456191981400064
1313456339776135168
1313456398349475840
1313456521909600256
1313456532764360705
1313456565748404225
1313456850508091395
1313456930862567426
1313457060529532929
1313457228263821312
1313457325311766529
1313457350066331648
1313457493096488961
1313457597274562568
1313457702576828417
1313457714836787200
1313457996295475200
1313458054789165056
1313458072678027264
1313458132501307393
1313458151233122304
1313458326416633858
1313458470058946560
1313458576438902784
1313458645963661317
1313458837178011649
1313458872833712130
1313458887094341633
1313458973966774272
1313459069588512770
1313459237960507394
1313459300224897024
1313459305010671616
1313459329954189313
1313459417447313413
1313459585089449987
1313459729277038602
1313459765952090113
1313459866976088064
1313459883174514689
1313459963667382275
1313459980167716864
1313459980801105922
1313460042679558145
1313460059184205824
1313460135172300800
1313460436952510466
1313460529097138181
1313460601092485121
1313460604951236615
1313460612903718913
1313460696974270464
1313460990940307456
1313461032342491136
1313461086876696579
1313461222692454401
1313461297321709568
1313461313226575876
1313461372152426497
1313461393899700224
1313461648913440769
1313461657348329473
1313461800407449601
1313461821056131075
1313461858897027072
1313461867885535233
1313461900416626688
1313461909333651459
1313462038975467525
1313462060185915392
1313462077781168128
1313462085049868288
1313462149193379841
1313462332631195651
1313462349240492032
1313462576081240064
1313462593466576898
1313462651599687680
1313462694297640961
1313462744537075712
1313462748420943874
1313462785372753920
1313462866041806849
1313462949579812864
1313462960551936001
1313463008107134976
1313463066793783298
1313463226030600192
1313463426472202240
1313463658555609089
1313463721113645057
1313463813442801664
1313463847068540929
1313463998055153666
1313313049470668800
1313313063404175360
1313313137072902145
1313313225363070976
1313313250281500677
1313313528904908803
1313313825219768325
1313313938885533696
1313314433641275392
1313314479380275200
1313314525626728450
1313314555016118274
1313314630752559105
1313314630803107841
1313314676709691392
1313314697094082560
1313314710482161664
1313315083020316683
1313315318526337026
1313315393683947521
1313315418568749057
1313315427595030528
1313315469433151489
1313315497614741504
1313315575523835904
1313315783783575552
1313315804625211392
1313315930617782272
1313315967347363842
1313316040043098120
1313316135073243138
1313316173967167488
1313316182183739393
1313316283031588864
1313316370793197569
1313316627224682496
1313316668668440577
1313316853767442432
1313316865544990720
1313316929189236737
1313317050874429440
1313317059628015617
1313317134525771776
1313317160035385344
1313317185033396225
1313317227156865024
1313317301647749121
1313317725679230982
1313317759049138176
1313317847595208704
1313317923868483584
1313318094631297024
1313318098913488896
1313318153879990272
1313318157365387264
1313318463662944257
1313318589580050433
1313318648438644736
1313318694957707264
1313318833445376000
1313318929557676032
1313318967621058561
1313319085464264704
1313319135724544000
1313319152166281216
1313319156150927361
1313319316872286213
1313319542387617792
1313319617356468225
1313319621223755779
1313319652303556608
1313319677838360581
1313319731017981954
1313320036526768130
1313320058463178758
1313320150221815811
1313320190260592640
1313320380342259712
1313320494482030592
1313320545300217858
1313320585867530246
1313320896531247104
1313320900662456326
1313320968371294213
1313320984926064640
1313321001879564294
1313321148386553856
1313321194511310849
1313321198823014406
1313321366897266689
1313321392037933057
1313321550712631298
1313321601065082880
1313321706191282176
1313321874584109056
1313322016209096705
1313322058835652608
1313322084043431938
1313322150598717445
1313322201286873094
1313322251635187712
1313322326776217600
1313322394015027201
1313322574571479040
1313322604271460352
1313322683350695936
1313322742603673601
1313322960493707267
1313323031071162368
1313323044715233281
1313323220162932736
1313323296188964865
1313323358923247616
1313323384265211906
1313323410512961537
1313323496760659968
1313323530763730944
1313323610073829376
1313323660061691905
1313323744270733312
1313323828316172289
1313323946427777025
1313324030414516225
1313324030997549056
1313324130150866944
1313324227504660482
1313324298933862400
1313324562743001088
1313324604614742019
1313324700458770432
1313324713851203584
1313324747451592705
1313324780796297216
1313324804137578496
1313324864338526209
1313325213111775232
1313325283580223489
1313325296574066694
1313325346691874819
1313325372704985095
1313325382506954754
1313325678213955590
1313325699286130688
1313325730839789568
1313325951556767744
1313326454344568837
1313326462125125636
1313326685358567426
1313326798428663809
1313326999608397826
1313327175290941440
1313327222304849920
1313327284821032962
1313327318002102273
1313327318497026053
1313327436201951232
1313327771091972096
1313327806324051969
1313327859256107008
1313327888821878785
1313327951698558977
1313464027054514178
1313464035346706432
1313464375232139264
1313464400246964224
1313464459529195521
1313464501568770053
1313464501832908800
1313464518060789761
1313464598046158848
1313464636583313408
1313464644384813056
1313464882788995073
1313465053811806208
1313465065077649409
1313465281516195843
1313465344120549378
1313465533166166016
1313465546248204288
1313465646886289409
1313465969273171968
1313466053805121537
1313466195568463873
1313466640336654336
1313466644182769665
1313466779566571526
1313466904867205127
1313466925603848192
1313467110694191109
1313467122337505281
1313467176951611392
1313467407931973633
1313467474977992705
1313467545966579715
1313467630422904835
1313467655521796098
1313467739458109443
1313467764498149383
1313467844257099778
1313467920312340481
1313467957754892290
1313467991430959106
1313468104689831937
1313468242682290178
1313468242724294657
1313468316472602626
1313468360114413568
1313468448354299910
1313468498249539585
1313468511579185155
1313468640738635776
1313468645012631553
1313468665795407876
1313468733453729793
1313468758577606657
1313468792031281154
1313468834313981952
1313468914098221056
1313468926458765313
1313469022332219392
1313469119434424321
1313469143832817665
1313469211742740486
1313469504698167296
1313469576286363654
1313469660487208971
1313469718561533954
1313469819132444674
1313469932433272834
1313469949361508352
1313469977723318272
1313470022438838272
1313470054860812295
1313470163744968705
1313470164126568450
1313470340283146247
1313470352652201991
1313470549998424065
1313470562874912769
1313470730034585600
1313470751023017985
1313471103222919169
1313471262241353728
1313471263298457602
1313471308353675266
1313471474280411136
1313471518911983617
1313471610754605058
1313471752706707459
1313471787381010437
1313471803440988161
1313471900006395912
1313472066524516354
1313472214319144963
1313472433395916801
1313472450118782978
1313472601264537601
1313472621980405760
1313472637985841156
1313472747381690370
1313472812787564547
1313472877153284096
1313472927849906178
1313472952638332942
1313473090492432384
1313473120762654720
1313473276400861185
1313473304758542343
1313473498065637376
1313473599072874497
1313473739653349384
1313473762667515909
1313473814664224775
1313474055798956034
1313474253061267457
1313474374645751808
1313474637343399940
1313474844646834177
1313474870131515393
1313475243638431744
1313475264093941760
1313475557481500676
1313475707897548801
1313475972616933378
1313476107002425344
1313476141416615936
1313476208202600448
1313476253865979905
1313476304281505795
1313476325584384000
1313476497060102149
1313476626701787141
1313476635606171648
1313476656284274689
1313476719232323584
1313477037806551041
1313477113161416706
1313477162742280195
1313477469752774659
1313477567035461639
1313477591400144897
1313477738100150276
1313477957630001153
1313478078631415809
1313478204003364865
1313478230050050058
1313478285976891395
1313478359083560969
1313478644644409346
1313478673543180292
1313478736390565888
1313478778274959362
1313478778895687684
1313478950363037700
1313479017597734912
1313479030033846273
1313479072341786631
1313328111254073344
1313328291705618432
1313328479975411716
1313328609998909440
1313328626667081728
1313328995400908800
1313329025964666880
1313329063558352897
1313329189446184961
1313329519756013569
1313329532779163649
1313329538563076099
1313329616988205056
1313329708726018050
1313329898065481729
1313329972736602112
1313330055687237632
1313330124998299650
1313330305714065408
1313330417446072320
1313330472118820864
1313330531581399041
1313330564242395137
1313330682056196098
1313330703879282690
1313330766181527552
1313330815959433218
1313330820703109125
1313331143912173568
1313331155790372865
1313331193149038598
1313331198047907841
1313331257074475008
1313331353627226112
1313331625296568320
1313331697270829058
1313331717831159808
1313331773280059394
1313331811150299136
1313331860714389507
1313331982399492096
1313332028385812480
1313332070710558721
1313332174880337925
1313332213451169793
1313332489599868928
1313332830194135040
1313332991960256513
1313333057047363584
1313333127788392449
1313333177633722368
1313333219454984192
1313333324216242176
1313333441912623107
1313333634535956480
1313333639854292994
1313333660536442881
1313333706648559616
1313333903906701313
1313333928384630786
1313334281393991680
1313334312901636096
1313334365309591552
1313334440635117569
1313334503255928833
1313334667416866816
1313334909780422658
1313334927291609090
1313335492583337985
1313335573751496704
1313335916887371776
1313335937879900165
1313336081606008832
1313336369431814145
1313336394740244480
1313336449375236096
1313336605084655616
1313336893480734720
1313336991422050304
1313337129234300929
1313337548299796480
1313337644273872897
1313337678243471360
1313337678511833089
1313337775194767365
1313338031751991296
1313338105953316864
1313338223280615424
1313338240087322625
1313338299990396930
1313338597542703104
1313338627242577920
1313338692900093952
1313338848005500928
1313339036925263873
1313339075068395520
1313339344451665921
1313339494968496129
1313339549838270464
1313339766889308160
1313339770810953729
1313339786430689280
1313339908673744898
1313340089636982784
1313340094225559552
1313340240984186881
1313340493510725632
1313340602747105280
1313340622888210433
1313340648305520640
1313340686029078528
1313340732174987265
1313340950677262336
1313341398662479872
1313341490958139394
1313341553780219905
1313341629894402048
1313341733648785408
1313341894768746497
1313341926645661701
1313342035999432705
1313342217419845632
1313342292753870849
1313342493413572608
1313342544143626240
1313342552586825728
1313342686242369536
1313342904018952193
1313342916497154049
1313342937443364867
1313343038845059073
1313343043601268736
1313343117924478976
1313343214401859584
1313343261436604416
1313343445440827392
1313343597161279489
1313343643449659392
1313343831920738304
1313343868440653824
1313343902246608896
1313343987365879809
1313343994475286529
1313344210066706433
1313344474135760897
1313344557283766273
1313344590993395712
1313344781989425152
1313344792676401153
1313344866991116289
1313345038668247040
1313345379069358080
1313345472984014850
1313345497755656195
1313345516848197633
1313345598289063936
1313345602374172672
1313345747887288320
1313345822457819137
1313345899943391233
1313346126502862849
1313346212808982529
1313346411602219009
1313346750565036032
1313346789085523969
1313346918626537472
1313346936456454144
1313346970086408192
1313347041326751745
1313347056866594816
1313347078970470401
1313347098830680065
1313347254535647232
1313347347334586368
1313347384030633985
1313347451294752769
1313347522492952577
1313347597189349376
1313347610627899393
1313347765963952133
1313347795462561795
1313348013780205573
1313348370568630272
1313348496448200705
1313348679470772224
1313348777240002561
1313348788484931584
1313349276613959680
1313349326945611776
1313349456084054019
1313349652792643587
1313349771810213888
1313349858946768898
1313350106821939201
1313350119090270208
1313350361495867394
1313350382509338624
1313350392026214400
1313350470845427712
1313350547550793728
1313350622406537216
1313350623241273345
1313350652291158016
1313350709904134144
1313350780930449413
1313350904167489536
1313350935545024512
1313350995288629250
1313351012292399106
1313351059117670401
1313351082995712001
1313351117955239936
1313351346804813825
1313351423631917057
1313351449422655489
1313351573435682816
1313351586098413568
1313351658366095360
1313351780860866560
1313351796908154880
1313351809117777920
1313351863534866433
1313351904798236673
1313352111829266433
1313352136923770880
1313352161271508992
1313352233220804608
1313352308068024320
1313352337730215941
1313352494110568450
1313352552050692096
1313352631016919041
1313352774503952385
1313353121419026432
1313353168319807488
1313353316185722880
1313353439909416961
1313353492354994176
1313353716708376577
1313353957826195456
1313353969364860928
1313354006618669057
1313354107055476736
1313354161375850496
1313354326027505665
1313354464510668800
1313354661663997952
1313354727787098118
1313354822645579776
1313355092842754050
1313355231896449024
1313355344920358913
1313355475606536192
1313355585405022208
1313355621782126593
1313355626307674113
1313355663028887552
1313355757530746886
1313355990465613824
1313356116999495680
1313356154509185024
1313356175266648064
1313356179184082944
1313356318443483136
1313356344032858112
1313356393571909634
1313356428170555392
1313356796954775553
1313356851547963392
1313356929440210945
1313357057286909953
1313357100790284295
1313357120658640901
1313357123217027072
1313357282973868035
1313357357754322945
1313357698570874881
1313357794163281920
1313357946869358592
1313357954981208066
1313358268132192256
1313433962354806784
1313434060912504832
1313434159658999808
1313434387866955776
1313434390702292993
1313434495123623936
1313434650992422913
1313434701500215297
1313434710060658689
1313434903225171968
1313434949073227776
1313435004152709123
1313435112000958465
1313435174365925376
1313435459658428416
1313435493091205125
1313435594303959042
1313435604504522752
1313435618945331202
1313435665686769664
1313435938161397760
1313436249772916737
1313436283319005184
1313436328135196672
1313436475938275330
1313436672130859009
1313436957993766914
1313437183911620608
1313437460412747776
1313437540163219456
1313437548719505408
1313437676700405761
1313437788566675457
1313437793583013888
1313438061691392000
1313438269766541313
1313438330068099074
1313438451329622016
1313438484238041088
1313438513585704961
1313438556396945409
1313438668808499200
1313438777575124992
1313438870948573184
1313438915949481984
1313439058929094657
1313439374114205696
1313439646706290688
1313439696891056128
1313439851149221888
1313439930643869698
1313440334215614464
1313440481276198912
1313440608896397312
1313440727720960001
1313440774017576960
1313440959238082560
1313441012895879170
1313441013541859329
1313441122224615426
1313441165048504322
1313441300876849153
1313441348322820096
1313441378882420736
1313441395160551426
1313441416316686338
1313441483207462914
1313441500009836544
1313441517240029186
1313441982467854337
1313442138294808579
1313442305202941952
1313442355077316608
1313442481061744640
1313442597835341825
1313442653506211847
1313443035548712960
1313443104972734465
1313443270681341954
1313443567843639297
1313443748815212544
1313443768784375808
1313443802972000256
1313443818751102978
1313443987055800320
1313443994140053505
1313444276861235201
1313444436228141058
1313444515441672194
1313444649869205504
1313444825853722625
1313444969194098690
1313445027117371397
1313445267157315584
1313445278431707138
1313445363639029761
1313445471822716929
1313445669546463232
1313445739918434305
1313445788828217345
1313445908063772672
1313446234909278208
1313446286180245505
1313446294195703811
1313446307084808199
1313446311061065729
1313446368522858499
1313446465637879808
1313446487079219201
1313446557690232835
1313446759901933574
1313446767913046022
1313446771708825600
1313446847575400449
1313446952789393408
1313446956946124801
1313446977225609216
1313447019021824000
1313447032779046912
1313447066023190528
1313447069672255490
1313447207744532482
1313447212827832320
1313447263319060482
1313447379752935424
1313448252193341440
1313448395865026561
1313448667446046721
1313358303104135169
1313358604838133760
1313358703035248640
1313358716553646080
1313358796224368640
1313358906794668038
1313358951724048387
1313359005188669440
1313359187800334336
1313359284068069376
1313359351202091009
1313359421645389824
1313359451827695617
1313359472828571650
1313359502167728129
1313359748373381120
1313359904590065665
1313360023112704012
1313360042146574336
1313360064095293441
1313360142570786816
1313360189848985608
1313360448763449345
1313360730586976256
1313361225418379265
1313361226207055872
1313361285795336192
1313361405530255360
1313361411494608897
1313361465542348803
1313361497775632384
1313361544382541826
1313361598266961922
1313361663555493889
1313361713283190785
1313361728479125505
1313361821894471681
1313361850759704576
1313362265924657153
1313362294508785664
1313362550373842944
1313362591863857152
1313362739742547968
1313362797359554560
1313362909607550976
1313363176977817606
1313363201459855360
1313363251007303680
1313363348033945600
1313363406406123522
1313363630176387073
1313363871139155971
1313363952227811329
1313363959332954112
1313363959530106880
1313363976869175296
1313364359939190784
1313364391887331328
1313364521264832512
1313364552105377794
1313364565082681344
1313364617922453505
1313364883430350848
1313365025692606464
1313365063756120064
1313365114536554496
1313365118546145282
1313365244056567808
1313365268836605954
1313365319801602049
1313365373274648576
1313365522931736577
1313365608730423296
1313365806726684672
1313365897445138433
1313365923487645696
1313365943909715968
1313366099992272897
1313366119663763459
1313366228606517249
1313366271786971137
1313366539131916289
1313366640969605120
1313366665434853378
1313366744317059074
1313366866631503873
1313366969756852224
1313367047326162944
1313367106516250625
1313367186665205762
1313367257947402241
1313367295146639360
1313367323663892480
1313367491599458304
1313367617999179777
1313367688350035968
1313367810450522114
1313368260797247488
1313368280527183872
1313368347929571328
1313368365608636423
1313368384419946497
1313368863422193665
1313368952819466241
1313369073544290304
1313369275403399168
1313369363836067840
1313369400754532354
1313369502613082117
1313369790963122176
1313369846067998725
1313369892020654082
1313369963013562368
1313369980067487745
1313370187979091968
1313370218740113408
1313370359895269376
1313370461649072128
1313370473149784066
1313370548613906435
1313370733754556416
1313371035069284353
1313371144192503808
1313371183862161408
1313371343447097344
1313371349281378305
1313371355488813058
1313371389152305152
1313371393795518465
1313371406000939008
1313371434715054080
1313371795102347265
1313371866925600768
1313371962215989249
1313371974664556544
1313372115106582528
1313372373014343680
1313372440463110144
1313372614061182976
1313372675633545216
1313372749444927489
1313372940809826304
1313372953375961088
1313373167793115136
1313373205323747328
1313373222784569344
1313373297640439815
1313373321640075264
1313373322068066305
1313418734363648005
1313418969471041537
1313419049444012037
1313419112475836417
1313419119748886530
1313419673015377921
1313419725561528320
1313419859045183488
1313420228710207488
1313420302710452226
1313420470369349632
1313420696463179776
1313420822380523521
1313421205634977793
1313421234366013441
1313421297192439809
1313421322840666112
1313421348010708993
1313421387894272002
1313421392516317184
1313421412955291649
1313421607927525382
1313421650042511367
1313421686688165889
1313421782565752832
1313421917865553926
1313421997695627264
1313422131565338624
1313422182333251584
1313422327347109893
1313422405319049216
1313422596432633861
1313422680029356032
1313422723058671616
1313422877786607616
1313422951799238657
1313423066018480135
1313423069868888065
1313423239540953088
1313423256284729346
1313423307295916032
1313423372513140737
1313423673852940289
1313423779847188484
1313423787547922433
1313423822876418048
1313424068822142982
1313424154088087554
1313424196328882176
1313424304961449985
1313424333503631360
1313424392148463617
1313424420661321728
1313424776929701889
1313424787675504640
1313425078747639808
1313425359644155904
1313425481828429824
1313425527441506304
1313425571645460480
1313425605640294400
1313425624598556672
1313425809361768453
1313425830324785156
1313425860200984576
1313425889678430210
1313425913711796225
1313425930208120832
1313426265647583232
1313426429753929728
1313426464461778946
1313426546644914177
1313426624499548161
1313426629151133696
1313426636415676417
1313426802585501696
1313427003996098560
1313427083553538048
1313427097134694410
1313427152218607616
1313427193536667649
1313427435816464385
1313427700086788098
1313427902139117569
1313428079818223616
1313428154275561474
1313428203428483072
1313428301638230018
1313428317920468992
1313428409817731072
1313428442554273798
1313428463894790144
1313428905907363840
1313429060882759682
1313429129270878208
1313429384213286912
1313429459803017217
1313429562592620546
1313429585451778048
1313429601931218944
1313429639231143936
1313429709510770689
1313429864364544008
1313429882286686208
1313429931788042242
1313429939853701121
1313429967338864640
1313430013727903744
1313430070497882121
1313430075417726976
1313430276698189830
1313430344595632128
1313430376753303559
1313430436819939328
1313430466003824640
1313430632081563649
1313430679573721088
1313430851212935169
1313431195712196612
1313431237852385280
1313431388696313856
1313431655881809920
1313431702832910336
1313431735477166080
1313431756570202112
1313431963085287425
1313432243982008320
1313432348520783874
1313432738016292864
1313432801623109638
1313432813220196352
1313433152753414149
1313433220839546881
1313433296135696385
1313433370932768769
1313433605734105088
1313433640534192128
1313433736873205760
1313433787829809153
1313373486694375424
1313373723752366081
1313373799253975040
1313373813715824640
1313373826684727297
1313373839158636544
1313373866773757952
1313374339283267584
1313374351127797761
1313374414688473089
1313374521299148802
1313374815580033025
1313374940205203462
1313374954767998976
1313375114025750530
1313375209395818496
1313375267684069378
1313375342568960000
1313375394934947840
1313375437096062977
1313375463453024256
1313375495690637317
1313375675676594176
1313375787291226113
1313375803049037825
1313376039255580689
1313376179919839233
1313376198257336320
1313376326183579650
1313376406609506304
1313376644644601856
1313376652500508672
1313376838945632256
1313377281755222017
1313377288034095104
1313377507123617792
1313377957231034368
1313377975790960640
1313378101683015684
1313378405925224448
1313378623991152640
1313378738512437254
1313378808364494849
1313378843403616258
1313378854392655875
1313378861808340992
1313379007375855616
1313379054549172224
1313379463334375424
1313379577771810817
1313379619022741504
1313379686492274689
1313379720097132544
1313379730712866817
1313379809376911362
1313379828972822529
1313379982132027392
1313380108409790464
1313380493518348289
1313380745591820289
1313380877796286464
1313380884980981761
1313380885887156225
1313380918912933888
1313380939603480576
1313380961711656961
1313381009468141570
1313381013737922560
1313381033564307456
1313381046830985216
1313381194910887936
1313381327933239303
1313381454592839685
1313381474494746624
1313381584427393025
1313382303670898693
1313382405751795712
1313382554481774598
1313382683813216256
1313382713685143552
1313382730571354112
1313382834178908160
1313382880844935169
1313383073300443136
1313383405887815680
1313383434157527041
1313383523315847168
1313383638898274305
1313383679075389441
1313383714286718976
1313383764970659841
1313383888392253440
1313384031480885248
1313384060123713538
1313384102540779521
1313384117833281537
1313384547288076288
1313384549569622017
1313384631274811393
1313384819640823808
1313385006480453633
1313385030052442124
1313385339600490496
1313385445284360192
1313385455887450112
1313385476041121793
1313385556177547265
1313385597675823105
1313385675589185539
1313385830984093698
1313385883769348096
1313386020755460096
1313386169485463552
1313386188196073472
1313386208110800896
1313386266654900224
1313386320434257923
1313386455121694720
1313386614354305024
1313386658968948736
1313386672491565057
1313386891702497280
1313387044974948353
1313387177083113472
1313387232296873986
1313387356259586051
1313387960151146496
1313388106196938752
1313388330952855552
1313388346660524032
1313388435504345090
1313403771188326407
1313404042580819968
1313404124948574209
1313404244746268672
1313404436857798656
1313404439143878656
1313404559369277440
1313404651576885249
1313404652159995905
1313404722674634753
1313404737048530944
1313404783504621568
1313404860868354049
1313405051679850496
1313405157980475392
1313405336720560128
1313405395906502656
1313405397122850823
1313405437157535751
1313406091187937281
1313406120950603776
1313406232351444992
1313406312491954178
1313406416732913664
1313406500673597440
1313406674279886849
1313406855885062144
1313406936914841601
1313407060915236864
1313407106171711488
1313407145543643136
1313407226229465088
1313407368210903040
1313407445646143488
1313407471189291008
1313407655566868480
1313407698172612609
1313407819668877312
1313407924379824128
1313408004293877761
1313408092177141761
1313408103505891328
1313408226516512768
1313408316786212864
1313408450588794882
1313408592058355712
1313408848728862721
1313408995386888193
1313409012038279175
1313409132515471361
1313409139301728256
1313409314997055489
1313409622712123392
1313409716484276224
1313409767407321088
1313409775355523074
1313410015085031424
1313410314956877824
1313410421739708416
1313410458490228749
1313410531215192064
1313410623670284289
1313410669673242624
1313410690938355713
1313410774682030080
1313410819988877312
1313410850775019529
1313410852075319302
1313410995314782208
1313411175082754048
1313411176399863809
1313411257991655429
1313411370939949056
1313411579279540230
1313411657859846146
1313411787514163202
1313411912219136001
1313412203559616512
1313412271767347203
1313412668917796870
1313412716632178688
1313412790686711808
1313412861339852800
1313412999009296384
1313413200751194114
1313413276542304261
1313413393349566469
1313413413494837248
1313413449762836480
1313413501306765312
1313413516418838534
1313413940999749632
1313414141374337025
1313414196185325569
1313414419393720320
1313414493477560320
1313414624902107139
1313414715649949702
1313414819781976064
1313414951441231874
1313414979006201857
1313415003157016577
1313415176377393157
1313415198921945088
1313415345030471682
1313415356682326016
1313415575008350208
1313415609712095237
1313415761508077568
1313415847474532352
1313415931767349248
1313415933277491202
1313416153499348994
1313416257660571649
1313416307182841857
1313416448811859973
1313416566990659584
1313416596837347328
1313416613379674113
1313416758720712705
1313416799577419776
1313416910156034049
1313417187248332803
1313417389393014784
1313417669060653056
1313418010040954880
1313418016206487553
1313418058296328192
1313418648845983744
1313418671230988288
1313388520019378176
1313388672591380480
1313388682087366657
1313388724798005251
1313388745878577158
1313388876019318785
1313388917035540480
1313388954276827136
1313389004256092163
1313389093368160268
1313389117586243584
1313389957545779200
1313389977204482048
1313390036486770689
1313390065469591552
1313390188597374976
1313390189218328576
1313390218016325635
1313390265978228737
1313390293392130048
1313390435742748672
1313390438930214912
1313390446777860099
1313390540952567809
1313390802257809408
1313390981497184257
1313391088623906816
1313391151504740352
1313391152146591747
1313391340219101184
1313391390605312007
1313391529139068928
1313391581135691776
1313391720399343616
1313391729127555074
1313391850456313856
1313392001493037056
1313392023915900930
1313392032686243840
1313392042022764549
1313392076919312386
1313392086507556864
1313392260436889600
1313392445174898689
1313392608467714048
1313392726814191617
1313392750595919872
1313392914282631168
1313393120936185859
1313393228612157441
1313393250380603393
1313393268470755328
1313393438608498690
1313393534020587520
1313393593114152960
1313393787960524801
1313393959067103237
1313394017699209216
1313394080634695680
1313394235656335360
1313394580453167105
1313394587537465344
1313394624191434754
1313394712053571585
1313394865477099521
1313394894765948928
1313394947811356672
1313394955189190656
1313395014643322880
1313395016451215360
1313395060176809985
1313395179609624578
1313395381204660224
1313395648734007296
1313395782364491777
1313395846080233472
1313395904049754113
1313395972941189120
1313396238713270272
1313396273320538112
1313396298037555200
1313396457488093185
1313396690439806976
1313396695875620868
1313396915598512128
1313397061618995200
1313397105658982401
1313397170893189120
1313397178254196738
1313397325419536384
1313397342129852416
1313397442054942720
1313397570165760002
1313397591170715649
1313397931177902080
1313397934151606272
1313398073326960640
1313398087813980162
1313398235906539520
1313398491604025346
1313398585271222273
1313398596931256321
1313398787084185600
1313398921029390336
1313399191784235008
1313399216543334400
1313399282721067009
1313399326048165889
1313399336462475265
1313399779980910592
1313399887988502529
1313399931852460032
1313400076920918016
1313400138828709888
1313400249445232640
1313400343145791488
1313400373307232257
1313400385038499840
1313400492177850368
1313400509449990144
1313400556204036096
1313400557093171200
1313400572796710913
1313400590991532032
1313400690337816576
1313400872710426624
1313401185244770305
1313401516259237888
1313401753841201155
1313401759889584129
1313401881792704512
1313401952596905984
1313401993944338435
1313402007496073217
1313402103407104001
1313402156490186759
1313402192464838657
1313402364490063873
1313402562029084673
1313402691532525569
1313402773073952769
1313402814345994241
1313402865491365888
1313403032764248064
1313403068331958274
1313403191782830081
1313403217028423682
1313403254961770496
1313403379364880384
1313403387833053184
1313403450328313857