1313660316534874112
1313660317403156480
1313660413964242944
1313660463234920450
1313660501382103043
1313660517349646337
1313660631380373504
1313660639655669760
1313660677932961792
1313660735940157442
1313660769133879297
1313660853066108930
1313660993915019265
1313660999971504130
1313661058549243904
1313661142590349312
1313661247544459264
1313661343782768643
1313661352653795329
1313661411248140290
1313661424107958272
1313661438725156865
1313661454302797826
1313661817651109888
1313661839335661568
1313661897955311620
1313661977923903488
1313662057087217666
1313662148179120129
1313662157477703681
1313662200536391680
1313662245377896451
1313662355088105473
1313662452987461634
1313662506011942913
1313662547300478979
1313662594130075648
1313662644444786689
1313662648450392065
1313662654502899712
1313662774145290240
1313662815866155009
1313662913102700547
1313662979901071363
1313662984057741312
1313663031360978944
1313663038885695489
1313663042626953217
1313663101384892416
1313663147971145729
1313663310701658112
1313663360492212225
1313663386769649671
1313663441266147330
1313663458202857475
1313663504033943552
1313663692790169602
1313663707331940353
1313663742798753792
1313663777431343105
1313663931794231297
1313664127148134401
1313664174933901318
1313664219078971392
1313664229405196288
1313664369461518337
1313664385768923138
1313664403531849729
1313664407214477313
1313664431507804162
1313664473089990656
1313664586554503170
1313664661603135489
1313664804456853506
1313664879056678914
1313664914607624194
1313665009034158081
1313665064646455297
1313665072183406595
1313665078835716098
1313665089967394819
1313665190513250304
1313665207294623751
1313665247505518594
1313665436311941122
1313665439671570433
1313665475679850496
1313665495921549312
1313665517308325888
1313665518520344576
1313665677849395200
1313665715090739202
1313665790743384067
1313665806996307968
1313665866521739264
1313665957819285504
1313666097963429888
1313666135208861696
1313666191169380353
1313666284765224967
1313666332773289985
1313666364549332992
1313666435756027904
1313666586729824257
1313666603620413440
1313666660377690114
1313666753709441025
1313666813465522176
1313666917962448897
1313667023075934210
1313667111126855681
1313667148414365696
1313667249748746242
1313667317016920064
1313667319378464768
1313667354216329221
1313667451255750657
1313667459061346306
1313667513629249537
1313667605962657792
1313667695863365633
1313667773730615298
1313667824104087553
1313667840860356610
1313667958393233409
1313667987606560768
1313668039385247744
1313668079860187136
1313668097191141377
1313668172546007040
1313668189012717568
1313668260286664704
1313668281526558721
1313668381887934471
1313668401018085376
1313668466008756224
1313668608338223105
1313668631700672512
1313668658854584321
1313668667461300225
1313668699887407104
1313668701137367041
1313668777104551937
1313668784717279232
1313668858272677891
1313668864194957317
1313668886064234496
1313668914686185475
1313669032311169024
1313669060333318144
1313669179237695488
1313669220631220224
1313669254206676993
1313669262872137728
1313669329972457472
1313669375866687488
1313669495983140864
1313669506326097920
1313669590317178880
1313669598428962817
1313669640111808512
1313669653235789824
1313669724329381889
1313670008002625536
1313670056190963712
1313670085027008512
1313670223443177472
1313670370130571264
1313670376401047553
1313670407950458880
1313670424656588801
1313670802169044994
1313670814764609538
1313670894368169984
1313670948797775874
1313671041466523648
1313671133682700294
1313671192306421760
1313671263718645760
1313671469050798080
1313671500403298304
1313671662043234306
1313671699896971264
1313671771145601025
1313671967959068672
1313671978885275648
1313672005900673024
1313672106694062082
1313672215293038597
1313672245567397889
1313672382389850113
1313672383199358976
1313672433929461768
1313672474022891521
1313672555165880322
1313672568117788673
1313672689572368384
1313672890739568640
1313672923299958784
1313673142431342600
1313673184508436480
1313673201373851651
1313673224874532864
1313673269049004032
1313673324627623938
1313673394810884097
1313673411126845442
1313673629029277697
1313673713288704001
1313674019023908867
1313674220069695488
1313674228932194304
1313674318514139137
1313674421966712832
1313674489536950272
1313674526757187591
1313674606100860929
1313674728087773184
1313674761927565312
1313674778381705216
1313674929917833217
1313675176727531521
1313675193412325376
1313675194989449216
1313675226924937216
1313675294520348672
1313644617385029632
1313644625614245888
1313644772096200707
1313644819898601474
1313644931697836032
1313644994545278976
1313645006951940098
1313645032851886081
1313645061553491968
1313645078611726337
1313645103718768641
1313645166859882497
1313645175038791680
1313645238100070401
1313645282572214272
1313645359336484864
1313645426973839362
1313645443197407232
1313645523476254720
1313645585820340225
1313645828448419840
1313645848165789696
1313646001392099333
1313646240060641280
1313646253243338752
1313646378556559361
1313646399666491393
1313646409220984833
1313646412672970753
1313646437314506752
1313646450010730496
1313646490884210689
1313646491810951169
1313646668240302080
1313646681045561344
1313646689123667968
1313646953301979136
1313647074907488256
1313647117018312704
1313647158357372928
1313647301601230848
1313647314230276096
1313647389983600640
1313647406194593793
1313647406324514816
1313647566014177280
1313647587057004550
1313647623220457472
1313647683161202689
1313647791931977728
1313647803361636355
1313647863230947328
1313647939357638660
1313647976666009600
1313648291523883010
1313648396155068416
1313648519417192450
1313648805372461056
1313648878357536768
1313648961505419265
1313648975518539784
1313649067424182277
1313649088076767234
1313649176505389058
1313649187750203398
1313649331761819648
1313649486464536578
1313649490977386496
1313649646246354945
1313649953206607872
1313649985615994882
1313650015299141633
1313650095426957312
1313650266693144576
1313650383969873921
1313650518493859840
1313650556439650304
1313650594486288384
1313650659879718913
1313650677999194112
1313650769954959360
1313650833427496961
1313650842290053123
1313650859692228608
1313650865845284864
1313650921100853248
1313652307947483136
1313652355523653634
1313652485630889984
1313652510653968384
1313652528135974914
1313652590710841347
1313652636575555585
1313652695371317248
1313652717659787264
1313652737268232192
1313652788547719171
1313652850854113280
1313652866704441344
1313652921406455808
1313652988842401792
1313653060015710209
1313653135957782534
1313653291092504576
1313653334524465152
1313653379089010688
1313653399720787968
1313653459011411968
1313653555652448256
1313653597301866498
1313653790227259401
1313653819289477123
1313653861878575104
1313653896280264705
1313653929738207232
1313653966153093120
1313653995160899590
1313654108977393664
1313654121669505025
1313654317354811392
1313654348153528325
1313654502227161088
1313654524180135936
1313654565808467968
1313654618715553792
1313654776068861952
1313654859539771392
1313654899700363266
1313654939261042690
1313654997247287298
1313655004553650176
1313655056902877190
1313655076032921601
1313655077698240512
1313655291356106753
1313655299954429955
1313655337837375488
1313655358653636610
1313655392153591814
1313656033710018561
1313656033873661952
1313656050944487425
1313656222478893056
1313656319249911814
1313656343799246848
1313656352053448704
1313656545746595841
1313656562456510464
1313656592173326337
1313657021800108038
1313657047586541568
1313657074375516160
1313657107560968192
1313657262888673282
1313657308971499527
1313657443377913862
1313657525175083009
1313657655366430721
1313657732474572800
1313657778595074048
1313657795711922176
1313657799616888832
1313657812409561088
1313657924909256704
1313657975916113921
1313657993200885761
1313658104526102529
1313658129914245122
1313658140911640577
1313658303054921729
1313658315474456576
1313658319853285381
1313658424966746114
1313658479618519041
1313658520445825024
1313658567107514369
1313658634384019456
1313658920129363968
1313658963980742658
1313659058340192257
1313659062551285761
1313659090678284288
1313659268042637312
1313659334627295232
1313659340109180929
1313659352117583872
1313659379540004866
1313659612160122880
1313659617168166913
1313659622129954816
1313659695551311872
1313659702237069313
1313659716761915398
1313659796139192320
1313659842746290177
1313659892406910976
1313659918239449088
1313659920580063232
1313659988020277249
1313660050636898305
1313660069372923909
1313660150910201856
1313660186532474880
1313660213187108864
1313660253561475072
1313826813802688513
1313826833696202755
1313826838746071041
1313827216531304448
1313827228606586884
1313827404910129154
1313827560837517313
1313827561047314434
1313827619100655624
1313827912328581121
1313827933056794624
1313828017894981634
1313828110027063298
1313828218865057798
1313828650689556481
1313828683627589633
1313828713625255937
1313828737113358336
1313828818872930310
1313828847742312449
1313828960061599744
1313829024519647235
1313829162482892800
1313829183928373249
1313829200747466753
1313829295907844096
1313829296595783681
1313829359220920320
1313829422961745920
1313829427479015425
1313829469002641409
1313829556818767872
1313829590318497797
1313829701127815175
1313829722338590725
1313829799744409602
1313829825564508160
1313829833894514688
1313829846368256002
1313829896817385478
1313830009476386816
1313830131455201282
1313830174836830208
1313830281867145219
1313830451874803715
1313830828829544451
1313830853240410112
1313831024527314947
1313831146367709186
1313831152751382529
1313831187698376705
1313831191733174273
1313831192429461510
1313831209105911809
1313831209500200960
1313831322931138562
1313831397774114816
1313831406020317184
1313831498978525186
1313831578817253377
1313831793439588353
1313831805020184576
1313831863883108353
1313831867787943941
1313831886666567682
1313831921894543364
1313831934942941194
1313831981533274113
1313832014265700353
1313832081546375170
1313832085350563841
1313832266167193600
1313832375575629827
1313832559818743808
1313832585437478912
1313832592798625795
1313832673132056578
1313832744506535949
1313832789704355840
1313832855806582787
1313832864904028160
1313833087885770754
1313833147340120064
1313833251711201280
1313833253460213765
1313833397052231683
1313833574777458688
1313833923370201088
1313834002210582531
1313834040886206466
1313834044136787968
1313834121446129665
1313834154082136064
1313834207332851715
1313834279118336000
1313834321833230336
1313834330217644032
1313834451751714817
1313834628042588165
1313834690768449537
1313834846117076992
1313834938039439360
1313834941868892165
1313834971757342720
1313835046340624384
1313835139009515522
1313835139085078528
1313835428647116802
1313835566526599170
1313835734588153857
1313835818373455873
1313836175476621312
1313836184653770752
1313836225476751360
1313836246544920579
1313836290106777601
1313836334721593345
1313836456125902848
1313836506642108422
1313836863002742784
1313836892748644354
1313837139877072901
1313837148735442956
1313837185775407104
1313837207321546753
1313837236979486720
1313837266423418880
1313837450264014850
1313837488155361280
1313837618228985859
1313837624650616838
1313837798940704769
1313837894734290944
1313837945389015041
1313838135177097216
1313838146606575616
1313838181020729344
1313838256362909696
1313838263887593480
1313838266773372930
1313838315607601154
1313838389423202304
1313838495295733760
1313838557614792706
1313838567458779138
1313838721876324352
1313838807553314816
1313838834338103298
1313838849093636098
1313838940080738305
1313839161544187910
1313839182738067456
1313839223959502848
1313839262312411138
1313839270566801413
1313839468684738560
1313839470001754114
1313839521583239168
1313839593595138048
1313839602071994368
1313839755776450560
1313839782238146560
1313839878640029697
1313839912316272641
1313840065949302785
1313840109922459648
1313840122878521344
1313840159469768704
1313840189723344896
1313840205711904768
1313840279636631553
1313840311714697218
1313840315359539200
1313840410297597952
1313840616690851845
1313840673238454272
1313840969947770882
1313840996711575556
1313841061798739969
1313841166551482368
1313841199782924288
1313841232905474048
1313841296369303552
1313841393090002946
1313841475973595136
1313841564897153026
1313841636774944769
1313841669536612359
1313841719444533248
1313841774234865665
1313841804165427200
1313841967495819265
1313842005424787456
1313842034831052801
1313842240498929667
1313842253048279040
1313842449572409350
1313842567449063428
1313842608599429120
1313842697636118530
1313842709703069696
1313843028667191296
1313843033599860737
1313843054139207680
1313843229800853506
1313843255570698241
1313843260037582849
1313843334608236544
1313843351460835328
1313843356351574016
1313843406683111425
1313843524731764737
1313843611549798401
1313843775836487681
1313843855603699722
1313843989179629569
1313844002047832065
1313844154569428995
1313844282873315333
1313844323050573825
1313844329169911813
1313844341924823040
1313844515724169217
1313844517699817473
1313844576235397120
1313844634787946497
1313844802635526144
1313844896529215488
1313844950157668354
1313845184988405760
1313845189266616322
1313845205704019968
1313845208233111554
1313845240978124800
1313845297789898753
1313845306581225472
1313845360507473921
1313845403205341184
1313845524513148929
1313845532385705984
1313845541705519104
1313845662807724032
1313845687365308423
1313846048872452096
1313846073983750144
1313846161778847747
1313846216090742784
1313846390670458881
1313846408877932546
1313846489358233602
1313846489492447237
1313846601929162758
1313846815771570176
1313847017899282437
1313847063814320129
1313847084529922049
1313847113806159878
1313847130453311489
1313847181296783363
1313847491603824642
1313847538299084800
1313847558373019650
1313847583517929480
1313847677898108928
1313847730372898817
1313847788824920066
1313847894441693190
1313847952885141504
1313848019738071040
1313848082669293569
1313848594466770944
1313848611008987137
1313848632303587329
1313849005814820864
1313849014257946632
1313849035766272002
1313849039021056001
1313849122718461953
1313849219434917891
1313849302058500096
1313849662110142470
1313849676664365057
1313849689649934340
1313849769350004737
1313849893472088066
1313849928691703808
1313850024661524484
1313850074867265536
1313850129372209152
1313850226294378496
1313850238772314112
1313850808904175616
1313851012499857408
1313851077540839424
1313851207253987330
1313851274513674243
1313851392117944330
1313851425982763009
1313851429556158464
1313851463890763776
1313851623253442570
1313851664722427905
1313851677942972417
1313851677909422080
1313851703226257419
1313851735799205890
1313851774395207681
1313851862332985344
1313851866329960448
1313851950203461633
1313852130814570497
1313852256148750342
1313852281092104192
1313852485149298690
1313852490912280582
1313852516434497536
1313852536743493634
1313852600459161601
1313852647246618624
1313852718600065026
1313852806223327232
1313853005255434240
1313853141063004161
1313853279860936705
1313853317735313410
1313853508957933578
1313853690944593921
1313853783143743488
1313853795672223745
1313853959241699334
1313853995157524483
1313854009191604226
1313854089546039303
1313854184169631749
1313854252922671104
1313854264939175938
1313854336699691010
1313854352751316999
1313854458007355393
1313854508775088130
1313854546209386499
1313854546502877184
1313854634587496449
1313854730750193664
1313854760458555392
1313854866578644999
1313854902859333633
1313854953102831616
1313855204429721600
1313855209383305221
1313855419186663424
1313855427105320965
1313855465101512705
1313855482218508288
1313855586996346881
1313855633112825857
1313855683666747397
1313855687554818051
1313855771210178563
1313855997308538881
1313856060495667202
1313856089604096001
1313856228158631937
1313856231103229960
1313856358207246338
1313856375248875521
1313856387487862784
1313856505276293120
1313856546808487936
1313856580413259776
1313856584494317569
1313630146616651776
1313630309460709376
1313630335582826496
1313630347934920704
1313630453409239043
1313630520429834240
1313630551690092544
1313630650457452546
1313630717813776385
1313630734146572289
1313630918658191361
1313630947938578433
1313630948030898182
1313630957891710978
1313631037084270593
1313631104218402818
1313631136971665408
1313631174200352768
1313631233159593990
1313631271105384448
1313631354907574273
1313631453754912768
1313631471874322434
1313631484930998272
1313631720143544321
1313631730553819136
1313631733133258756
1313631740922130433
1313631765731241984
1313631807594614784
1313631845267853312
1313632077666017281
1313632168992792576
1313632348051832832
1313632382608502785
1313632447519772672
1313632465987211265
1313632483259420679
1313632492969222144
1313632709198180352
1313632751862476800
1313632777154199552
1313632801770610688
1313632856317595654
1313632919244754948
1313632926266019840
1313633061972701189
1313633061964308485
1313633145623908353
1313633154347851776
1313633233876201472
1313633377187233794
1313633446636462080
1313633456279224320
1313633522897301505
1313633573631602690
1313633586315104256
1313633607198666754
1313633670037553152
1313633685355323394
1313633728762183680
1313633799113113601
1313633813071757313
1313633930319335424
1313633955355258882
1313634210826072064
1313634265851191296
1313634266140618752
1313634647297929216
1313634827594330112
1313634856849608709
1313635044255170560
1313635129915441153
1313635205446619137
1313635242914320384
1313635335662960641
1313635402931212289
1313635419418963968
1313635525010624512
1313635599438340097
1313635701158825984
1313635810034413568
1313635835229736960
1313635893106954242
1313635997775802378
1313636274582978560
1313636279301689349
1313636316853284865
1313636363166646272
1313636404522557440
1313636408876306435
1313636425687076864
1313636530704068611
1313636803031764997
1313636941418594305
1313637121815531521
1313637205940686853
1313637239247773697
1313637655058567168
1313637704945537025
1313637756988461057
1313637797316755456
1313637922864877568
1313637927323303939
1313637960601014272
1313638111478415362
1313638115853185024
1313638149877370881
1313638209704738816
1313638313178271744
1313638380081565697
1313638443398946816
1313638551049904129
1313638645027336193
1313638711842627585
1313638717450596352
1313639018047909890
1313639051174522880
1313639064185249799
1313639067821715456
1313639127275827200
1313639160243249157
1313639167360892929
1313639298713952257
1313639308826415106
1313639374609936390
1313639403634524160
1313639470718226432
1313639705330757633
1313639810595250176
1313639831864442885
1313639835467309056
1313639936181129216
1313640230293970945
1313640255262781440
1313640309889400833
1313640573635420161
1313640678522585089
1313640871573827584
1313640871640924163
1313641119213785089
1313641132102946818
1313641157117833216
1313641286558273536
1313641396029530115
1313641585200881666
1313641588774453248
1313641626942627840
1313642029717565442
1313642620996841472
1313642634196508677
1313642655843184640
1313642662633799681
1313642676995059712
1313642694594433024
1313642729528848384
1313642813372936192
1313642923309912065
1313642972857200640
1313643056730701824
1313643082219429888
1313643130340569089
1313643193301299201
1313643274813538307
1313643350961139712
1313643540111556609
1313643589684002817
1313643803186782213
1313643927774195712
1313643946032144386
1313643992031080448
1313644063833325569
1313644092941766656
1313644101150048256
1313644216132800512
1313644466109116416
1313644500724539394
1313644566797520901
1313675462913126401
1313675495507140609
1313675596178874368
1313675696733069313
1313675848193658881
1313675906691497985
1313675949569835008
1313675960978485248
1313675982520430593
1313676103714775041
1313676129077653504
1313676223172673537
1313676658055041024
1313676703701635073
1313676792281010178
1313676871226204160
1313676904646533120
1313676926091845634
1313677019717148672
1313677110276358149
1313677122792304640
1313677143826747392
1313677231923761155
1313677294628724736
1313677407635857408
1313677416271958019
1313677513319735297
1313677638972579840
1313677668576112640
1313677684862521346
1313678004107833345
1313678004372017152
1313678015994290176
1313678024882221057
1313678049511116800
1313678108642476035
1313678154792304641
1313678310153560071
1313678377132331008
1313678398443720704
1313678483881689088
1313678725234520068
1313678758679904256
1313678763318628352
1313678901898403840
1313678935075573760
1313679072065658881
1313679195831230466
1313679219688304640
1313679358872244226
1313679450471505926
1313679620231880704
1313679735919120384
1313679753321148416
1313679777782472704
1313679882828886016
1313679892630863874
1313679960897273856
1313680105810485248
1313680147036409856
1313680168687407104
1313680294453473280
1313680344466386945
1313680424393216004
1313680479137214466
1313680573982896131
1313680575094386688
1313680591993425925
1313680616395694080
1313680679654371329
1313680780124659712
1313680873255055360
1313681011696373763
1313681086585552896
1313681254668267520
1313681288289751041
1313681350638137345
1313681359517483008
1313681535946518528
1313681644453322752
1313681665156415494
1313681678712352769
1313681703051948032
1313681727953473543
1313681739479478272
1313682117012848642
1313682202287276032
1313682282541088769
1313682378842345474
1313682428158976002
1313682668190535681
1313682802437550081
1313682969698107395
1313682991248359425
1313683222295969793
1313683242344681474
1313683321973506048
1313683503813324801
1313683566476181504
1313683676446830592
1313684156715589632
1313684161308184576
1313684174545584128
1313684261887762432
1313684316820570114
1313684441835790338
1313685021308252160
1313685028841418752
1313685306814672898
1313685390428123137
1313685566521737218
1313685591041601536
1313685637434880000
1313685889491501058
1313685956562694145
1313686010383994883
1313686010975322113
1313686027911991297
1313686073940365315
1313686186267942913
1313686304396247041
1313686337908858882
1313686346918170631
1313686371178024960
1313686560252989442
1313686952961544192
1313687042656595968
1313687072151089153
1313687188815577088
1313687294658961408
1313687345359540225
1313687492013432833
1313687546283646979
1313687550360346624
1313687683969945601
1313687709509091328
1313687889675390976
1313688125189873665
1313688231846776833
1313688304332812288
1313688334372200449
1313688393822470146
1313688473069596672
1313688519345426432
1313688749906235393
1313688795972132865
1313688887831801858
1313688956131840001
1313688967930417153
1313688968504856577
1313689042949554176
1313689127032848384
1313689236361539584
1313689316292349953
1313689370281439232
1313689378296922118
1313689756337950720
1313689814961717250
1313689966485155840
1313690100862251009
1313690151021875201
1313690180860153856
1313690267933843456
1313690427443179521
1313977670309498880
1313977691545235467
1313977913419558912
1313977972127268866
1313978089358209024
1313978089437835264
1313978119091560450
1313978182283022339
1313978459044171776
1313978549632724992
1313978731514474496
1313978815157338114
1313978916307075073
1313978949903486979
1313978953187635200
1313978995390722048
1313979062461837312
1313979123908464642
1313979345820626944
1313979490452729856
1313979511512403969
1313979511936081920
1313979548804034562
1313979629129076736
1313979674717040642
1313979751162425344
1313979759185981440
1313979771395637253
1313979960806305792
1313980001818206209
1313980036094066689
1313980039977984001
1313980170190163970
1313980194705862657
1313980274691256323
1313980302562385922
1313980345855942656
1313980384107991044
1313980392089833472
1313980434565541888
1313980794839486464
1313980911319420934
1313980912242176001
1313981167805190144
1313981178471501824
1313981218631933953
1313981478368358400
1313981503416733696
1313981557967859714
1313981591941640192
1313981605015298053
1313981623822692353
1313981683163631617
1313981700838428672
1313981717850382336
1313981797731053570
1313981814323712000
1313981822624296961
1313981919122591750
1313981997728006146
1313982183187582976
1313982273893658624
1313982278989643776
1313982288141705219
1313982384287682560
1313982473093574656
1313982664261742593
1313982837041827840
1313983055535779842
1313983106404278272
1313983370884534273
1313983487800733696
1313983542548930561
1313983609532014592
1313983735331778561
1313983999161724929
1313984066396532743
1313984187809099778
1313984213029330944
1313984393388539905
1313984439647711232
1313984489991929856
1313984586196619264
1313984603753869312
1313984678341173248
1313984725208440833
1313984745521451009
1313984825548836868
1313984884294078465
1313984938925084673
1313985064645132290
1313985098321219584
1313985181783650307
1313985182349889543
1313985282488885254
1313985404673183746
1313985471999950848
1313985631090094080
1313985668868198400
1313985886787440640
1313985966860890118
1313986038415724544
1313986310655401985
1313986335510855681
1313986367127519232
1313986389873168384
1313986419887673346
1313986432017534979
1313986526817050624
1313986658350571520
1313986729720905729
1313986818136829955
1313986944351707136
1313987132323622912
1313987212304945157
1313987266549821440
1313987411802759171
1313987442375036930
1313987459454308352
1313987578345840642
1313987606166806529
1313987707018924033
1313987715470368773
1313987782524760064
1313988004873220097
1313988014587219984
1313988038276521984
1313988092848635909
1313988256615211008
1313988290106683392
1313988344263704578
1313988474379350018
1313988512853696517
1313988643409850371
1313988644710035461
1313988709839241216
1313989123997392897
1313989137234526209
1313989192561688576
1313989394727088128
1313989578148261888
1313989636889468932
1313989762340986881
1313989779411918848
1313990030709358592
1313990198649290757
1313990286746570752
1313990425204621312
1313990446025265152
1313990747914416129
1313990756659597313
1313990774372139008
1313990973106642945
1313991150353747968
1313991217458409472
1313991259674075136
1313991280825950208
1313991340678578176
1313991402448203777
1313991477870166016
1313991486300721155
1313991578109739016
1313991863880253440
1313992014934007808
1313992105002442752
1313992128004063237
1313992140054245378
1313992167845756933
1313992215786647558
1313992220098387969
1313992320027688961
1313992421303148544
1313992446343344128
1313962344100384771
1313962377784823809
1313962411448307712
1313962491127435265
1313962595620130818
1313962698695213059
1313962708795097090
1313962825719709696
1313962964584673281
1313963151369613313
1313963262644551681
1313963266926874630
1313963284014362625
1313963367242006528
1313963522683023362
1313963632762384384
1313963690501103616
1313963707375005701
1313963730586284032
1313963787066761217
1313963825033555975
1313963862132129792
1313963920898564096
1313964071897661442
1313964156312264705
1313964164692406272
1313964336566743040
1313964403897831424
1313964468683014144
1313964500102463490
1313964634823589890
1313964724518879235
1313964848217088001
1313964878114230272
1313964935832010752
1313965033395814400
1313965171480702976
1313965212790337539
1313965451244834817
1313965498279882752
1313965514843189254
1313965538637418497
1313965791700754442
1313965821492776960
1313965834272866304
1313966035511304192
1313966035830071296
1313966135767826432
1313966253489356800
1313966510809870336
1313966513167257600
1313966567521165314
1313966907830267905
1313966953321684992
1313967057973784581
1313967142690271234
1313967347665829889
1313967469372092423
1313967583205490688
1313967758888009728
1313967788697038848
1313967876689195008
1313968134768951297
1313968178800865282
1313968257842507776
1313968588835913728
1313968598273196032
1313968669182091271
1313968681521541120
1313968715185221634
1313968803190054912
1313968896043515905
1313968908014100480
1313969008924782593
1313969025861537793
1313969029455982592
1313969058350600192
1313969143247372289
1313969349032509440
1313969373514784768
1313969413054373888
1313969663911571457
1313969710459953154
1313969889703424000
1313969906631745537
1313969990119436292
1313970011501862913
1313970081362186240
1313970162131972096
1313970175499100160
1313970569549885440
1313970648876810240
1313970703801044993
1313970816443248641
1313971001621913600
1313971169595359232
1313971323895459840
1313971328064663553
1313971336495206400
1313971387179110401
1313971411887837185
1313971429155758080
1313971491617243138
1313971639181336576
1313971684970582016
1313971944975409162
1313971953242443776
1313972083932770306
1313972352384983040
1313972377399812097
1313972426997456901
1313972515451043841
1313972535323656192
1313972657524805633
1313972683525292032
1313972738097328128
1313972771089678336
1313972808897224705
1313972838248968192
1313972955664338944
1313973003789754369
1313973060270092289
1313973136644161539
1313973270404886530
1313973346128654336
1313973349744283648
1313973375165960192
1313973383512690688
1313973479608332289
1313973584541478913
1313973660097679361
1313973713453436930
1313973761213956097
1313973983478517760
1313974134452477952
1313974140882300928
1313974377415880705
1313974634006622209
1313974889762545664
1313974893667549191
1313974989624877057
1313975002572754944
1313975157858463752
1313975233603342337
1313975279086456833
1313975283800657920
1313975497198637056
1313975573438496768
1313975586071560192
1313975715763834882
1313976017711661057
1313976038809112579
1313976235345752067
1313976276449927168
1313976357118853120
1313976505421058048
1313976568415490054
1313976575700865025
1313976630386151424
1313976642348503043
1313976720962334721
1313976755921788928
1313976760116027392
1313976780995407875
1313976856664772609
1313976881553666049
1313977015985483778
1313977269019447297
1313977331208392708
1313856596980764673
1313856710314844161
1313856723573145600
1313856743965827073
1313856747921199104
1313856777738481666
1313856828309082112
1313856870071894020
1313856883015516161
1313856936765521924
1313857176436236293
1313857205846896640
1313857251652907009
1313857351758360576
1313857613390655489
1313857646584266752
1313857670533861377
1313857711080001536
1313857857046142979
1313857977611321345
1313858211947130881
1313858274442256387
1313858400728616961
1313858636066836486
1313858677384732673
1313858678404124674
1313858707554406400
1313858828908269570
1313858854124429312
1313858858167672832
1313858925087715329
1313859053857255431
1313859068239388672
1313859190163730432
1313859193800142848
1313859214679441418
1313859252063215618
1313859495983034369
1313859768017010688
1313859793363361792
1313859826552897538
1313859993335148545
1313860153670856705
1313860334185254916
1313860527223783425
1313860762528407554
1313860787660881920
1313860788495486978
1313860824717385732
1313860883869765632
1313860913611464706
1313861005517221889
1313861042779435008
1313861048865296390
1313861102145421312
1313861156440813569
1313861272690208769
1313861399903383553
1313861567314788354
1313861571962114048
1313861659920756739
1313861718435483653
1313861815147933701
1313861836085878784
1313861910924800001
1313861969825296385
1313861978876792833
1313862012380893186
1313862033465638912
1313862171705708544
1313862217746579457
1313862226596392960
1313862255205847045
1313862410336309248
1313862425599504385
1313862762972491777
1313862784250150912
1313862807050362880
1313862938936000516
1313863027226226693
1313863093932437511
1313863111489843202
1313863249574735872
1313863278611881988
1313863505339191303
1313863517112541186
1313863605897498625
1313863674914897925
1313863719596695554
1313863891131281410
1313863937310433280
1313864185076486144
1313864197441302530
1313864495597596672
1313864520146644993
1313864571111833601
1313864648081305601
1313864654490304512
1313864855925919744
1313864914298044416
1313865132938850306
1313865143466561544
1313865317047701504
1313865334122639360
1313865464209117185
1313865485172178945
1313865518558916609
1313865552369123328
1313865770254901256
1313866033950855169
1313866034894438400
1313866198250147843
1313866273122467840
1313866290021502976
1313866352998969349
1313866433038696448
1313866525711851522
1313866554426093570
1313866559069323265
1313866655374614528
1313866666351099904
1313866879581261825
1313866956995518466
1313867037253406720
1313867254761771008
1313867325951664128
1313867506373844997
1313867594454179840
1313867682698031104
1313867712318320641
1313867896947453953
1313867901355651079
1313867956489777155
1313868001779888128
1313868195162460161
1313868253538598912
1313868391980040192
1313868429791813632
1313868529662226432
1313868538306797568
1313868710290092033
1313868785808482304
1313868869811884032
1313868966587138050
1313869008115032066
1313869096111370241
1313869255692169216
1313869402454933504
1313869423342690305
1313869486169096192
1313869502946344960
1313869809524838407
1313869869667016707
1313869978563682307
1313869981449363456
1313870040232611840
1313870216774860801
1313870316897263616
1313870391786369024
1313870421448679425
1313870749300645890
1313870770335088641
1313870937859657728
1313871164029034496
1313871201756946432
1313871206450434050
1313871371781447681
1313871633988440066
1313871726422482945
1313871736253939712
1313871897935982592
1313871927740715018
1313871991032619008
1313872074016993283
1313872132837761024
1313872212680675332
1313872217369767937
1313872304804302849
1313872321510137856
1313872376677818369
1313872558450782213
1313872674502971393
1313872699719114753
1313872707910430721
1313872766773256192
1313872921488748549
1313872947300503553
1313873164724834304
1313873248816431106
1313873352692502528
1313873358191292416
1313873529562116097
1313873628866523138
1313873672374046720
1313873747644825600
1313873924338352129
1313873936455618560
1313873936636153856
1313874014172073985
1313874032790515714
1313874318061981696
1313874387574099968
1313874402262556673
1313874418880323590
1313874440053112833
1313874729120399360
1313874834649161730
1313874905851666435
1313874917755150336
1313874930304380939
1313875027293605889
1313875207342432257
1313875209838002180
1313875244919132160
1313875320391561217
1313875530962268160
1313875576407625728
1313875589082886146
1313875607265083394
1313875627188117509
1313875660666892289
1313875740325294082
1313875849490374658
1313875959855153155
1313876000229470208
1313876050926014467
1313876272976662528
1313876373635690497
1313876398394822657
1313876399028088837
1313876431924006913
1313876469727342598
1313876763492208640
1313876956736360449
1313876998712889354
1313877027410378759
1313877165973401602
1313877190895980546
1313877355304292353
1313877359448260609
1313877384563744769
1313877436355010560
1313877464335048705
1313877489064738821
1313877568886628352
1313877665196072960
1313877791310520321
1313877946873122819
1313877954934435848
1313878110039879680
1313878139349524481
1313878235537604608
1313878378127273984
1313878382266978304
1313878525028556804
1313878571572748288
1313878625578627073
1313878747838377984
1313879166979379201
1313879171505025024
1313879308612628480
1313879309388578816
1313879326308233216
1313879389596131328
1313879473574604800
1313879494114058242
1313879599097491456
1313879686628478977
1313879959312707584
1313880035305029633
1313880077268992000
1313880106578960385
1313880374511046656
1313880408262610945
1313880450947969024
1313880580468232194
1313880614525980678
1313880849121673216
1313881012154191873
1313881017078501388
1313881037659795456
1313881062867693571
1313881176281620481
1313881177543991304
1313881277121134593
1313881324395139079
1313881486643269632
1313881491013881857
1313881574639837186
1313881683297329152
1313881708614348801
1313881779732963328
1313881892912082945
1313881905800962049
1313881943268884482
1313882084126216192
1313882178288340996
1313882221657288707
1313882250010787840
1313882740102762499
1313882764010295298
1313882782813184001
1313882974975188994
1313883068105740291
1313883169805000704
1313883252567011328
1313883323006169089
1313883432846581765
1313883642603737090
1313883751487877121
1313884175506771969
1313884220738076672
1313884251343912960
1313884255156658177
1313884426506395650
1313884426649169922
1313884460387979264
1313884489911861254
1313884556571754497
1313884682451333120
1313884728492204032
1313884733521055745
1313884745823064065
1313884787229294592
1313884971761795072
1313884998576099328
1313885114829549571
1313885439972061185
1313885442027249669
1313885530795503617
1313885726459613189
1313885739252412417
1313885907360133121
1313886007952060416
1313886062373146631
1313886422907203584
1313886611101245440
1313886712502738944
1313811315132116992
1313811345414991883
1313811394752643073
1313811425492570114
1313811428923539461
1313811495801753603
1313811789688303616
1313811965983236101
1313812272020705280
1313812478489432064
1313812482847371265
1313812515579666432
1313812676028575744
1313812729531191299
1313812746358730754
1313812812834263040
1313813014634811392
1313813090488680449
1313813265932333057
1313813287872745472
1313813320659542016
1313813526071439364
1313813677171146757
1313813681348718592
1313813824475193344
1313813866086838273
1313814608382222337
1313814676233424897
1313814717425692672
1313814746513235969
1313814793694846977
1313814964306620416
1313815058288439297
1313815115897229312
1313815133584420864
1313815195026890754
1313815226446417921
1313815388518576129
1313815519062044674
1313815808351633409
1313815829612580870
1313815929671868416
1313815941931823104
1313816043555631104
1313816165274312704
1313816315250044928
1313816450658955269
1313816701499310082
1313816742779645956
1313816768146796544
1313816890926657536
1313817230002462721
1313817657704091648
1313817838222741505
1313817884792037376
1313818064039878658
1313818145103151106
1313818186207367177
1313818245363884032
1313818270445658112
1313818278154907656
1313818388016365569
1313818470052630528
1313818643524976642
1313818832952266753
1313818858441105408
1313818865739194369
1313818945183518721
1313819033108652035
1313819130546589697
1313819188641828864
1313819209374330880
1313819259420565506
1313819419332804614
1313819574605881345
1313819805611364352
1313819876319006720
1313820052668452864
1313820081982500864
1313820166694682624
1313820169765097475
1313820232784531458
1313820258554261504
1313820291827720192
1313820390439911430
1313820450871480322
1313820467862687744
1313820496669143047
1313820832444092416
1313821052015845376
1313821093510217729
1313821097696079872
1313821210443223040
1313821251291541508
1313821348515512321
1313821390496292866
1313821449208070146
1313821499950858242
1313821654884274176
1313821688300265472
1313821751592198145
1313821851622223872
1313822141830385664
1313822170196385792
1313822409745674240
1313822556495859713
1313822908326780928
1313822913016066050
1313822979780947968
1313823076149350406
1313823248031911938
1313823290977329152
1313823365728268290
1313823512293978114
1313823601406226433
1313823647497441281
1313823654774542336
1313823810446032897
1313823887117955072
1313823991338070016
1313824003816148992
1313824027740434437
1313824079200374792
1313824091145744387
1313824131914309633
1313824179272273923
1313824200864530434
1313824259110830084
1313824311430455297
1313824339163320323
1313824386810605571
1313824400093966337
1313824440430596101
1313824531904180225
1313824552590422017
1313824623960752129
1313824792370388997
1313824913170538498
1313824941125623808
1313825004455424002
1313825006309314560
1313825043663794177
1313825119152766979
1313825195212173313
1313825324958994432
1313825383754739714
1313825392688472069
1313825634620248064
1313825743567233026
1313825773078241282
1313825887045984257
1313826037575364608
1313826214524661760
1313826340131549185
1313690652471971840
1313690691805962240
1313690733883191296
1313690825885470721
1313690931045044226
1313691056014274561
1313691295651692547
1313691313267707904
1313691400500924417
1313691471514656768
1313691538921316352
1313692352402219009
1313692440725991424
1313692507855708161
1313692578798280704
1313692725850460160
1313692763603468288
1313692855899095040
1313693514564333570
1313693572936294402
1313693711558205440
1313693769657651202
1313693904143814665
1313694030589562882
1313694105554231298
1313694273343111170
1313694349511647232
1313694374421692416
1313694408064278529
1313694449814384640
1313694453522079745
1313694479132643328
1313694483926650885
1313694537957535744
1313694580290846721
1313694748188712960
1313694890765832195
1313694949422948353
1313695154465910784
1313695159209660416
1313695209100722177
1313695225819197440
1313695401644445696
1313695423471783942
1313695430790782976
1313695657618792448
1313695696030183425
1313695897461678081
1313695951270416385
1313695976859684864
1313696085953540096
1313696110419075072
1313696123853385729
1313696178769453056
1313696450430136323
1313696468083986433
1313696543409606657
1313696655967948800
1313696665333714947
1313696711026651136
1313696808951046150
1313696901460643841
1313697168432168960
1313697209746182145
1313697217979404289
1313697322526806017
1313697381418971136
1313697444975312902
1313697461249011712
1313697716862550017
1313697717168697344
1313697856159510529
1313697898282905602
1313698292094709760
1313698417852342273
1313698568377688064
1313698609586556928
1313698640070873088
1313698693787324418
1313698703794995200
1313698769624543233
1313698812041388034
1313698858791100416
1313698883818586112
1313698925073764352
1313699026340995072
1313699114241073152
1313699151348072449
1313699239965331456
1313699248337227776
1313699361109372930
1313699370185809921
1313699374032211968
1313699416394682368
1313699432488030208
1313699436804087808
1313699444274020352
1313699479032262656
1313699570753449986
1313699641993490432
1313699927508226049
1313699987033862147
1313700070936768512
1313700229376598018
1313700292827938821
1313700581937238016
1313700661301829634
1313700732973973504
1313700833800921094
1313700875420930048
1313700925928660994
1313700975777968133
1313700997961846784
1313701148054953986
1313701152815489024
1313701294578696192
1313701333631815680
1313701337591353350
1313701434756673539
1313701488800288768
1313701567418167299
1313701592542121985
1313701618458656769
1313701651660890113
1313701660384849920
1313701702596517888
1313701730882707457
1313701886688518144
1313701991114309632
1313702058680147968
1313702125088600065
1313702196299681794
1313702201294876672
1313702218546122752
1313702273286057984
1313702402407763969
1313702434817089537
1313702494803906560
1313702519802003458
1313702540140306440
1313702553872470016
1313702599972003840
1313702717559386112
1313702881061724160
1313702892898050049
1313703011240366082
1313703286738956288
1313703400572432384
1313703408352792578
1313703509427212288
1313703530339860482
1313703556151533568
1313703601508945920
1313703781859823617
1313704005898391553
1313704147980410880
1313704596217397249
1313704688848642049
1313704739800903680
1313705032609607682
1313705070442283010
1313705116357148672
1313705145692282881
1313705288030138369
1313705351137513474
1313705422709239808
1313705427213979648
1313705531111100416
1313947252742733824
1313947282321088514
1313947312071335938
1313947475523366912
1313947526140170240
1313947965984256000
1313948134553186304
1313948271799422976
1313948272092942336
1313948276987752448
1313948381270736899
1313948486178660355
1313948666181423107
1313948700130136064
1313948708736847872
1313948821953679365
1313949052703305728
1313949191526203392
1313949211466104835
1313949248480780293
1313949807476703234
1313949904222461957
1313949970765021184
1313950025752305665
1313950058849677312
1313950097382821890
1313950117452566529
1313950163782823936
1313950193419792396
1313950440732598272
1313950453709717504
1313950524467601408
1313950700930428929
1313950755146133509
1313950792416550912
1313950793750523906
1313950839824932866
1313950846976106498
1313950876969697282
1313950879435886598
1313950893591625728
1313950910595264513
1313950956221009921
1313950977649790976
1313951024328179714
1313951149662240770
1313951455997562881
1313951464667197441
1313951606719819777
1313951749712031747
1313951803638124546
1313951887440441350
1313951991446540293
1313952088720801794
1313952353230487553
1313952586316369921
1313952642729738241
1313952869406703619
1313952873462415360
1313952967637172224
1313953003540373505
1313953124831428608
1313953374015029249
1313953503216390144
1313953842149588993
1313953871513874433
1313953972164661250
1313953985284517890
1313954211210559488
1313954329603305472
1313954333512278016
1313954349882646529
1313954400046444544
1313954412734287872
1313954643534282760
1313954672584073217
1313954676644229121
1313954815597318145
1313954861742915586
1313955008732254208
1313955143042428930
1313955159769219073
1313955293706047488
1313955310567071751
1313955360386949121
1313955428175314944
1313955448849002496
1313955532374503424
1313955692043218947
1313955758942294016
1313955889133494273
1313955901955543040
1313955939112943617
1313956246299475968
1313956334098882561
1313956476290039815
1313956656963821571
1313956757618790400
1313956782562111488
1313956933896933377
1313957046417584130
1313957155884720128
1313957168320831509
1313957462282772483
1313957521179185152
1313957541844402176
1313957604364824582
1313957621985148928
1313957805657710592
1313957961153249280
1313958078371360768
1313958150211538946
1313958354633420800
1313958392898170882
1313958405875400706
1313958498309476352
1313958601287962627
1313958779268943873
1313958842041085954
1313958849355841542
1313958875813437442
1313958967496802305
1313959144173588482
1313959299199139840
1313959336553656321
1313959416518062080
1313959428828299266
1313959504434823168
1313959517378555910
1313959519823642624
1313959576048459781
1313959591487602690
1313959663986192385
1313959925945696256
1313959996602843136
1313960057969741831
1313960058322071558
1313960064114290688
1313960133714743296
1313960381216370695
1313960414905069568
1313960460887105536
1313960574510936064
1313960640873140225
1313960650041892865
1313960703972143104
1313960721793912833
1313960938459062273
1313960947099131904
1313961065563127808
1313961082042699778
1313961115093798913
1313961123247525888
1313961146228105219
1313961153954025475
1313961253950324740
1313961270815719425
1313961285088956416
1313961287987200000
1313961341481353216
1313961488806227968
1313961500965388293
1313961685284134912
1313961698651525120
1313961744822398977
1313961782130638848
1313961823717081089
1313961824186818560
1313961853899468803
1313961920945287169
1313961991971598341
1313962000351858688
1313962041653116928
1313962092286763008
1313962221358190592
1313902013688709124
1313902253082767360
1313902319877189635
1313902411849834497
1313902449636323328
1313902608734584832
1313902657661267970
1313902671800274945
1313902749935960065
1313902847747002368
1313902872963231744
1313903150185607168
1313903435658465280
1313903548841824256
1313904043513843712
1313904085364625408
1313904131732647936
1313904160769626112
1313904236204363782
1313904236191571968
1313904280999522307
1313904299391496192
1313904314298118145
1313904689453264896
1313904928277004292
1313905004034621440
1313905028835405824
1313905037937176578
1313905083227176962
1313905108749619202
1313905192576974849
1313905406289293313
1313905427415998465
1313905553333198849
1313905591002300417
1313905666814173184
1313905761240588288
1313905801048854530
1313905809366155265
1313905913766404096
1313906006037061633
1313906274778529795
1313906316679708674
1313906505716953088
1313906517788114944
1313906584985108480
1313906710675959808
1313906719324598272
1313906791055536131
1313906819551592448
1313906845078020096
1313906890859048961
1313906966461386752
1313907403923038214
1313907436911165440
1313907528477151232
1313907604779937793
1313907780982579200
1313907788670742528
1313907842685034497
1313907847273623554
1313908161808666624
1313908288442990594
1313908351110127620
1313908401768927233
1313908543511199745
1313908644052901890
1313908682170626048
1313908803902074881
1313908858071535619
1313908873082798081
1313908879026249729
1313909042960629760
1313909269901832192
1313909349044150273
1313909353066434560
1313909386906152963
1313909411807666176
1313909466509774849
1313909781502078976
1313909807863271426
1313909905779298304
1313909945537040391
1313910142124142594
1313910263389839365
1313910315080314880
1313910356029259776
1313910682748882946
1313910686809034753
1313910754333069315
1313910771311550464
1313910790529875970
1313910938656018432
1313910985347002368
1313910992284389377
1313911165240725504
1313911190511259648
1313911358002528258
1313911408673734656
1313911520900849664
1313911693379096578
1313911836220235776
1313911882059673600
1313911907762536448
1313911975152410624
1313912029384761345
1313912085970067457
1313912167536697346
1313912234528198656
1313912424333037568
1313912457765834752
1313912540024442881
1313912603782119426
1313912828080709632
1313912901325946883
1313912914718396416
1313913097409658881
1313913178498174979
1313913241148555265
1313913270462541830
1313913296274288642
1313913384178454529
1313913422271184901
1313913505544724481
1313913556388073474
1313913641788493830
1313913728031653891
1313913853919584257
1313913937537036290
1313913938036359169
1313914039278460929
1313914139127939072
1313914214298288128
1313914479055376392
1313914521266860032
1313914617207222272
1313914632625688576
1313914664984731648
1313914696853061633
1313914718395002880
1313914779363405836
1313915128555999232
1313915199829745669
1313915212735696903
1313915262656278528
1313915288656711680
1313915296915300355
1313915598695362561
1313915619566256128
1313915650600038402
1313915875213275136
1313916377829318657
1313916383089000449
1313916613318639622
1313916726678093825
1313916927283134464
1313886901305303041
1313886950869422081
1313887009920880640
1313887039666913285
1313887040178659330
1313887158386806785
1313887486041567234
1313887521852452864
1313887571672326144
1313887601280143361
1313887660612689920
1313887836802879488
1313887845233446917
1313888190260932615
1313888218069131264
1313888281390731266
1313888327297306625
1313888327490138112
1313888343806013489
1313888424143851520
1313888466418057217
1313888474303541249
1313888717292044290
1313888893943472129
1313888906501292032
1313889191839715328
1313889384165302272
1313889400988803074
1313889502172262401
1313889834021289987
1313889921355128832
1313890063730700288
1313890516660973568
1313890520947621891
1313890656599891968
1313890781254635520
1313890805753483264
1313890990168723456
1313890999417090050
1313891054307872768
1313891284575088640
1313891355236524037
1313891427361976322
1313891519154335750
1313891544626343936
1313891632383582208
1313891658115633153
1313891737685954561
1313891816735936522
1313891854744784896
1313891888550875136
1313892001528590336
1313892139647086592
1313892139512795137
1313892215006076930
1313892257674801153
1313892345935470594
1313892396107665408
1313892411257561091
1313892539020255233
1313892543323672576
1313892563804459011
1313892630976098304
1313892656683126784
1313892689847386114
1313892735460483073
1313892815458365441
1313892827818979328
1313892924149596162
1313893020832608257
1313893041908969479
1313893112704425984
1313893410437246981
1313893481664983040
1313893566104698880
1313893624426508288
1313893725387579403
1313893842479915008
1313893859311734784
1313893888558497799
1313893934817374208
1313893965582794752
1313894077751062532
1313894077973360640
1313894258185826304
1313894270789533697
1313894467984863233
1313894480462872576
1313894647970828290
1313894668900487169
1313895021641310208
1313895184569163776
1313895184934014979
1313895226738651149
1313895398856065024
1313895444842340357
1313895537603735558
1313895680474312711
1313895717531004928
1313895733570002948
1313895827425853440
1313895990387183616
1313896137645060098
1313896359221755912
1313896375948460032
1313896522816385025
1313896544106545152
1313896557012492291
1313896665498234880
1313896729398464516
1313896795416735744
1313896846331322369
1313896871153283072
1313897009988939776
1313897038774333445
1313897194018148352
1313897219372843010
1313897416165388295
1313897520821678080
1313897659665649665
1313897681312460803
1313897734550835201
1313897978382303232
1313898176110358529
1313898301004144643
1313898565534732289
1313898771420512256
1313898800310870018
1313899177257168897
1313899195137310721
1313899487992180741
1313899634763460612
1313899891412725760
1313900029724233728
1313900066894090240
1313900130626490368
1313900176965214208
1313900226734968845
1313900247928766464
1313900419521937412
1313900545443274754
1313900554121342977
1313900574874783746
1313900638321942528
1313900954459222018
1313901027419205638
1313901078212206592
1313901380466364417
1313901480248664064
1313901501862027266
1313901644174831616
1313901867139846150
1313917087803342848
1313917213682745344
1313917238898946048
1313917293815042049
1313917368637284354
1313917657670774785
1313917687416803328
1313917749920509952
1313917791746088963
1313917792702271488
1313917964400222209
1313918031416963075
1313918044125777922
1313918086098026498
1313918119170117632
1313918299772776449
1313918488570859520
1313918621794676737
1313918635916824576
1313919008480079873
1313919041631854595
1313919076184530946
1313919201619390464
1313919529932730370
1313919545229312005
1313919549809590272
1313919633376698369
1313919724644962305
1313919918312579072
1313919994246426626
1313920078556000256
1313920153747369985
1313920333733335043
1313920443288444930
1313920497650991110
1313920560678809600
1313920593834635267
1313920712042782727
1313920736545783809
1313920799628242946
1313920849720811522
1313920854519173120
1313921181867814917
1313921194484264961
1313921231725432833
1313921239686152192
1313921294916874240
1313921391490727941
1313921667459166208
1313921739705913345
1313921759972745217
1313921819171155968
1313921856630484992
1313921907004248066
1313922028693528579
1313922074457501696
1313922120557244416
1313922221908414464
1313922263528292353
1313922540213956608
1313922880909062144
1313923039785037825
1313923106902142976
1313923177978966019
1313923228432203780
1313923269960110085
1313923378512707585
1313923496314011654
1313923688975282177
1313923693840654336
1313923715122393088
1313923764674060288
1313923958069100544
1313923979166580746
1313924335917203459
1313924365336018945
1313924419933347842
1313924498798735360
1313924561751158785
1313924733956546560
1313924979231252480
1313924998487314433
1313925572876292102
1313925656917544963
1313926002536570881
1313926022010736640
1313926168953925632
1313926453487042560
1313926479131148288
1313926537226473474
1313926696232529920
1313926981873029122
1313927079247835136
1313927217097867264
1313927640131276802
1313927733592961025
1313927770473406465
1313927770708287488
1313927870134333442
1313928106286120960
1313928169192210432
1313928274347786251
1313928290651041793
1313928344883273728
1313928617542508547
1313928643345813504
1313928705786343424
1313928848313069568
1313929024935165953
1313929062256001025
1313929314140856322
1313929456646488064
1313929507221336064
1313929715133100038
1313929717179768832
1313929733344813056
1313929850554445824
1313930018846912512
1313930023473221632
1313930165723041793
1313930408417918976
1313930513296633857
1313930530522451969
1313930555239608322
1313930593118441473
1313930637053693953
1313930844852035584
1313931285493022721
1313931377407127552
1313931436781690880
1313931516389580800
1313931620357939200
1313931780399878144
1313931812985602054
1313931918883266560
1313932095165788161
1313932169967022083
1313932362699419649
1313932413903409152
1313932422262779904
1313932552156131329
1313932765935656960
1313932778396884993
1313932799372656643
1313932900203720706
1313932904553050113
1313932975289954304
1313933068713947136
1313933117896429570
1313933298817732610
1313933453595942917
1313933495824252930
1313933680188874752
1313933713844117505
1313933747276992514
1313933831280439296
1313933835697090565
1313934045424898049
1313934305664655363
1313934389181513728
1313934422840934400
1313934614768103427
1313934624624652295
1313934695437139970
1313934867365875720
1313935207507070977
1313935303401369600
1313935328332316673
1313935345382285316
1313935424914485248
1313935428941230082
1313935565167890433
1313935635384799233
1313935710538391553
1313935929065852929
1313936012146425856
1313936201267712006
1313936523818151936
1313936558219821057
1313936683788718080
1313936700637360130
1313936733688352769
1313936801187328000
1313936814034554882
1313936835123449856
1313936855558053888
1313937003310772224
1313937094411083777
1313937128129286144
1313937194730557445
1313937261830926336
1313937329783005191
1313937342827200512
1313937493448953857
1313937522347532288
1313937732251648000
1313938083075756032
1313938205801148424
1313938381878038529
1313938478653112325
1313938487054422018
1313938961111416834
1313939011141074949
1313939137062481920
1313939327664222208
1313939443116658688
1313939527380074496
1313939766421999620
1313939779331989506
1313940013755904002
1313940034668560384
1313940043380273158
1313940122992283649
1313940198326181889
1313940269969158144
1313940270392565760
1313940299111165952
1313940353737777158
1313940424424390657
1313940546155495425
1313940575851352071
1313940634370289664
1313940651076186112
1313940697293221888
1313940718268878849
1313940755677880320
1313940978168999943
1313941053691637766
1313941078836379652
1313941196419616771
1313941208700465165
1313941277923131392
1313941397435686912
1313941410517782534
1313941423054557184
1313941477299417089
1313941515086036993
1313941712839024641
1313941737933541377
1313941759613906945
1313941829751111682
1313941901423321088
1313941930552692736
1313942085435875328
1313942139689209857
1313942215467524096
1313942357818200067
1313942693689667586
1313942739684339713
1313942882907086848
1313943000163258368
1313943054206763012
1313943269013848066
1313943507732582400
1313943520118542336
1313943554134282240
1313943653325385729
1313943704655327235
1313943864231841795
1313943998306942978
1313944191379136512
1313944254335651841
1313944347063152640
1313944606883688449
1313944744494596098
1313944850111188993
1313944975885860865
1313945080487530496
1313945113786228737
1313945118160945157
1313945151903916032
1313945244086546439
1313945466674044934
1313945588241772545
1313945622194515973
1313945642511855618
1313945646374641664
1313945777128050690
1313945801614270464
1313945851723747330
1313945885533892608
1313946242079174656
1313946293991948288
1313946368097103879
1313946493741662210
1313946535588175872
1313946553061646339
1313946557079785472
1313946710796771328
1313946783417085952
1313947110379786240
1313705741425893376
1313705833902026762
1313705921986600962
1313706127851487232
1313706131018014721
1313706227319308290
1313706370328342528
1313706416935440384
1313706425760182272
1313706604991115264
1313706647512997889
1313706700910718976
1313706798780616704
1313706857081401344
1313707121456951297
1313707154600271872
1313707247051079685
1313707257444675584
1313707268483936256
1313707313585360899
1313707562559246336
1313707863060213762
1313707893632376832
1313707935810248704
1313708080174108675
1313708266355150848
1313708538582102018
1313708748268015617
1313709008000229376
1313709084361854976
1313709092280561664
1313709214397800449
1313709321096769536
1313709326989582337
1313709579021287424
1313709769820119040
1313709826539577344
1313709939806875649
1313709968990728193
1313709994727010304
1313710036523249664
1313710146384658433
1313710246519541761
1313710334679621632
1313710375477473281
1313710508294443021
1313710804798181377
1313711059912384518
1313711110055493632
1313711255295864832
1313711328905830400
1313711709618466816
1313711851499331586
1313711970235944960
1313712083876409344
1313712129694982144
1313712309366267906
1313712359505092608
1313712360280846336
1313712465637638144
1313712510231511040
1313712637792997376
1313712683615543297
1313712715966418944
1313712729434120192
1313712749801877504
1313712813425258498
1313712830202310656
1313712846820306946
1313713294650281989
1313713445762727936
1313713601820024833
1313713651312975872
1313713772536778753
1313713886512652289
1313713937901252609
1313714369453191170
1313714524822929408
1313714812111777793
1313714985931927552
1313715004173033472
1313715039912648704
1313715052852187136
1313715219743604737
1313715225124896769
1313715501416148993
1313715658006302720
1313715736544571393
1313715866786095104
1313716042032578561
1313716182160216065
1313716239458537472
1313716473890627584
1313716482581372929
1313716565922193408
1313716668472815616
1313716865085190145
1313716932584124417
1313716982483689474
1313717099026509824
1313717414882729984
1313717468037148673
1313717473548664832
1313717486316027904
1313717489633812480
1313717546063814657
1313717641241075712
1313717665857499138
1313717733125754880
1313717931616792576
1313717938952695808
1313717941800767489
1313718017201598465
1313718118544535552
1313718122818367488
1313718141923590144
1313718181752532992
1313718198043246592
1313718228242358272
1313718230012362752
1313718363651219462
1313718370903175169
1313718420815314944
1313718530714619911
1313719387594129409
1313719528778588160
1313719795490017280
1313720024129966080
1313720325289304064
1313720421657780224
1313720433972305921
1313720510560325637
1313720622678249472
1313720665191579648
1313796216447209475
1313796396630396929
1313796490033328135
1313796556542349312
1313796623785488384
1313796652424220673
1313796672972107776
1313796699056418816
1313796937951346688
1313797093895663617
1313797206885965825
1313797223902138369
1313797247671267329
1313797320778092545
1313797366688952322
1313797614446444544
1313797885167841283
1313798363410821120
1313798363935014913
1313798422437167104
1313798535385681920
1313798541081546752
1313798591652261890
1313798623407345664
1313798667053273090
1313798720362868736
1313798783839416320
1313798833332277248
1313798845894135810
1313798936205828101
1313798963783401473
1313799362347249665
1313799388616175621
1313799635648077824
1313799676752257027
1313799820591665154
1313799877776744450
1313799987789168640
1313800248234520576
1313800272473477121
1313800318002573312
1313800410809982976
1313800468964012034
1313800683733356544
1313800914126413827
1313800993830772737
1313800999828504576
1313801001657278468
1313801019403497474
1313801383267700738
1313801413085016064
1313801535747502082
1313801565455646723
1313801577967374336
1313801628173111296
1313801887020462082
1313802025264730112
1313802060064792576
1313802109922488320
1313802113840033795
1313802235130900481
1313802257620754432
1313802306400518144
1313802357310803968
1313802499825041409
1313802584487071744
1313802776258936832
1313802864670760960
1313802889773543424
1313802910212464640
1313803058141429760
1313803075434541056
1313803182703861760
1313803222201622534
1313803480516222976
1313803577673080834
1313803602704695300
1313803678093017091
1313803796175151105
1313803896142417920
1313803971316846598
1313804026635522049
1313804106025361408
1313804174568513536
1313804210480263168
1313804236187152385
1313804399559540737
1313804517633384451
1313804585161699329
1313804705118683138
1313805133915058176
1313805150960660481
1313805216752513027
1313805233974251520
1313805251431014400
1313805707645513734
1313805791477067776
1313805905306226689
1313806097669591047
1313806181635428352
1313806216846483456
1313806312434741248
1313806589003001857
1313806643428233218
1313806686071652363
1313806753553887232
1313806769349636096
1313806966528106499
1313806996437598209
1313807130558976006
1313807230874001408
1313807239963123714
1313807311375343616
1313807486714077184
1313807771855355914
1313807876167790592
1313807914264596482
1313808065884549120
1313808070150103040
1313808077922205697
1313808107915669510
1313808112407719936
1313808125405859840
1313808153008640000
1313808493812555776
1313808560384618497
1313808650796900353
1313808661286981632
1313808790467219456
1313809033690845184
1313809097117007873
1313809261504401410
1313809319222222849
1313809390152146944
1313809566203813888
1313809575959814145
1313809780859961344
1313809814166941696
1313809831346675715
1313809901735407616
1313809923105488897
1313809922929446913
1313810032551620609
1313810251536359425
1313810327067389958
1313810385405833216
1313810392695681026
1313810905663188992
1313810955487375365
1313811081404526593
1313720831164534785
1313720900412350464
1313721062375354373
1313721280563154944
1313721400910393346
1313721768591396865
1313721795254640641
1313721856265007104
1313721881493729281
1313721903601905665
1313721942638161920
1313721947394457602
1313721965975347200
1313722153741815812
1313722195194064896
1313722228593156099
1313722320121454592
1313722449628999680
1313722523612184578
1313722653249884161
1313722702985822212
1313722842169704450
1313722917562118146
1313723102807773185
1313723182944153600
1313723225898192896
1313723374443601920
1313723446740824064
1313723558296801280
1313723562075643904
1313723728153309185
1313723744129478657
1313723794352037888
1313723856519983104
1313724142458269696
1313724247559286784
1313724254966480896
1313724287753256961
1313724523850559489
1313724607162011648
1313724646081138689
1313724754021548032
1313724779921276928
1313724835227369472
1313724863161434112
1313725207845060609
1313725219903807489
1313725500720926720
1313725773019254784
1313725891239968769
1313725936051777542
1313725979899039744
1313726013965205506
1313726033015734272
1313726209046515713
1313726230349467649
1313726259256586242
1313726288306343939
1313726310078914561
1313726326004690948
1313726651050663938
1313726810648174592
1313726846458949634
1313726926465363969
1313727005616214016
1313727010057998336
1313727015682441216
1313727178010316801
1313727372210974721
1313727447796457472
1313727461365108736
1313727514938757120
1313727555699126279
1313727792475824128
1313728051541209089
1313728248602189824
1313728425534713857
1313728496666116096
1313728545483620352
1313728639540879361
1313728655386841088
1313728743245058049
1313728776111443968
1313728797200601088
1313729233030701066
1313729387984949248
1313729453323767808
1313729703371399168
1313729775580585984
1313729876109656064
1313729899966865410
1313729916685357056
1313729951191965697
1313730021467381760
1313730170025631745
1313730186756661248
1313730236316553216
1313730243836825600
1313730271175340032
1313730315618267138
1313730370043621378
1313730375110201345
1313730573664432128
1313730640383111175
1313730673442603008
1313730732234289153
1313730761153941505
1313730920365658118
1313730967450775554
1313731138695901187
1313731473837416448
1313731515952529408
1313731663680229376
1313731923315957760
1313731969432326144
1313732003464970242
1313732023509381121
1313732228984172544
1313732504466214914
1313732606362492929
1313732984235851778
1313733047649476608
1313733058617503745
1313733394010968064
1313733462101123072
1313733535828774913
1313733609870819330
1313733844298686464
1313733878172078080
1313733974213251072
1313734023861227526
1313734116567728128
1313734350761009153
1313734423435784194
1313734439533522945
1313734451298328576
1313734464539897856
1313734490347302912
1313734956800184325
1313734968317636608
1313735031840550912
1313735136412921856
1313735424121151488
1313735546590593024
1313735560540893184
1313735718531809281
1313781112171302912
1313781168479895552
1313781242928693249
1313781294027988992
1313781336797310976
1313781361551974400
1313781394951282689
1313781571061768192
1313781681124499456
1313781697390030850
1313781932220715008
1313782074915074048
1313782092120182784
1313782218851069960
1313782299306135552
1313782531117002753
1313782538637324290
1313782721194450945
1313783153472012290
1313783160073867265
1313783374289367040
1313783810769784832
1313783827622322183
1313783948410081280
1313784242392887301
1313784457686650886
1313784569099882497
1313784633994084353
1313784667212976128
1313784677916913666
1313784684095172608
1313784824902057985
1313784870846558209
1313785271452938254
1313785382916550656
1313785422301089797
1313785487983865861
1313785520829296641
1313785531323559937
1313785608456765441
1313785626752413696
1313785775507476482
1313785899495419904
1313786275313352704
1313786519312891904
1313786644684771331
1313786650225504256
1313786650833629184
1313786683171708928
1313786703832702976
1313786724074520576
1313786771155628032
1313786775983337474
1313786795901894657
1313786808057180166
1313786949014962178
1313787076832374784
1313787199100420096
1313787218868293632
1313787324648632320
1313788024413716480
1313788121364848641
1313788260565610497
1313788658625974273
1313788687969288192
1313788704222257152
1313788801987346433
1313788848070066176
1313789031784816643
1313789349826310146
1313789376284028930
1313789461214437380
1313789573344894976
1313789611609600000
1313789648079028224
1313789697877921793
1313789815847088130
1313789950073110529
1313789977277366274
1313790018356350976
1313790033493553152
1313790443541454848
1313790445546344457
1313790524457996289
1313790701885427712
1313790878901850112
1313790902897344512
1313791192895811585
1313791293768773643
1313791304334270466
1313791322575175680
1313791398416654336
1313791438514270208
1313791514162671616
1313791661919662081
1313791712746254338
1313791842928951296
1313791981022310400
1313791997719842816
1313792017940578309
1313792073309585408
1313792123590840323
1313792252255318016
1313792405729153024
1313792447659548672
1313792460280262662
1313792669093703680
1313792814149447681
1313792936895746048
1313792987973836800
1313793104198217729
1313793667413483520
1313793806005760002
1313794015683371016
1313794030246023170
1313794111388876801
1313794333359910914
1313794584426754049
1313794657017499648
1313794766476279810
1313794941261361154
1313794941982773249
1313795050464325632
1313795134157357056
1313795134568361986
1313795199303331846
1313795210598465536
1313795253539868674
1313795322376642560
1313795495349956608
1313795596155850754
1313795758731206660
1313795814049935360
1313795814616166401
1313795851756752896
1313766280390991872
1313766307700060160
1313766422112358405
1313766502085132288
1313766605587767298
1313766688102338562
1313766857032179714
1313767039811506176
1313767118949756928
1313767239351439360
1313767283756609539
1313767322197270529
1313767404049031169
1313767545397182465
1313767619288236033
1313767645418749952
1313767831490756610
1313767875098812416
1313767997153083392
1313768099699662848
1313768177747267585
1313768265462755346
1313768275751305217
1313768394550767617
1313768484107628545
1313768612415631369
1313768752635351040
1313769004738048000
1313769152608436225
1313769169205239809
1313769287048335361
1313769294384201728
1313769463469150209
1313769761042509824
1313769854462234625
1313769906765062144
1313769914990198784
1313770151787941889
1313770443233517569
1313770548065959938
1313770583138557952
1313770654425120768
1313770746120871936
1313770792287518720
1313770812952936448
1313770895245099009
1313770941772705792
1313770971107651584
1313770972189786119
1313771114741587971
1313771291325984769
1313771292936622080
1313771371634147328
1313771483437690880
1313771685187858432
1313771761952083969
1313771890478067712
1313772013761130496
1313772301352144897
1313772370453245954
1313772757595967489
1313772804433686528
1313772879738277888
1313772947094433792
1313773082058715136
1313773278440427524
1313773352876736512
1313773468014522368
1313773487320899585
1313773522360049665
1313773570581962754
1313773585392164865
1313774000611287040
1313774196527374338
1313774247576244224
1313774462836277249
1313774537025024005
1313774667711295493
1313774758832541698
1313774863329366016
1313774994099298305
1313775021924515848
1313775046289104896
1313775218301841409
1313775241479548931
1313775385574879234
1313775396555567105
1313775611035504642
1313775646187950089
1313775795693924353
1313775879047307266
1313775961872228352
1313775963042385921
1313776176343642114
1313776276096929792
1313776324113129474
1313776460881170432
1313776576144855042
1313776604175360000
1313776621233598464
1313776763630096387
1313776802410631170
1313776911747821568
1313777184226582530
1313777381598015489
1313777653846077440
1313777989059063810
1313777993840570368
1313778035703918592
1313778618032676864
1313778641755533313
1313778685867175936
1313778832994979840
1313778843157757953
1313778882777149441
1313778902913908736
1313779025177915392
1313779064579264518
1313779100423725056
1313779148742066181
1313779233731215360
1313779255952596992
1313780059941945345
1313780078476746756
1313780133677989889
1313780160605364233
1313780277785890816
1313780277768982528
1313780306890182658
1313780352637304835
1313780379476725760
1313780514797629441
1313780518035562497
1313780525572796416
1313780617629310976
1313780874534694912
1313781050510905345
1313735857015345154
1313735918126354433
1313735919011164162
1313736097999081474
1313736147051323392
1313736282644852736
1313736331688902662
1313736465751269376
1313736473137442816
1313736594210385921
1313736734476316674
1313736757968539648
1313736766390755328
1313736774770802688
1313736809180917760
1313736818878279680
1313736985551532032
1313737163348078597
1313737317853663232
1313737429988376576
1313737454768336902
1313737609240350720
1313737806645276675
1313737910827573250
1313737930477842432
1313737948894879745
1313738110493175808
1313738204554514437
1313738262226235392
1313738448587628545
1313738608722018304
1313738664694947841
1313738725399166976
1313738876306034688
1313739201922265088
1313739208515756033
1313739242582007808
1313739326438735873
1313739472299864064
1313739501127127040
1313739551547027456
1313739557679046658
1313739614805393412
1313739618211291140
1313739658266734592
1313739769957023744
1313739959723909120
1313740217019490305
1313740346292154368
1313740403779272705
1313740457323589634
1313740521664393216
1313740769681977345
1313740802405797889
1313740825357168640
1313740976985305088
1313741200147525634
1313741204081827841
1313741411276197888
1313741550501978113
1313741591559905280
1313741650414444544
1313741658018652160
1313741799375151104
1313741814541811713
1313741905625264132
1313742026291195904
1313742046855933958
1313742366482681857
1313742369876041729
1313742503993016325
1313742517771276290
1313742659782139904
1313742903483805696
1313742994630160384
1313743004859998209
1313743185684959232
1313743313883758592
1313743574555480067
1313743598400278529
1313743663227305984
1313743706114199552
1313743717904211969
1313744135061483524
1313744238300008448
1313744280788271104
1313744417845510145
1313744476607832064
1313744581704511488
1313744672808894464
1313744701946818569
1313744711568556032
1313744810956582915
1313744828094611456
1313744871211950081
1313744871837044736
1313744887859171328
1313744904410083330
1313745001264959488
1313745185004814336
1313745491117723649
1313745811768053761
1313746037287219201
1313746043448819712
1313746159656148992
1313746226588848128
1313746265960779777
1313746279537704961
1313746371065905153
1313746422081163266
1313746454511595520
1313746624842133504
1313746819915153408
1313746938064449536
1313747016825155585
1313747055685361664
1313747105916358658
1313747271327141894
1313747304764104704
1313747425207648256
1313747450402832385
1313747487606272000
1313747606582038528
1313747615247470593
1313747676438114309
1313748117834149888
1313748129041264640
1313748143771533312
1313748167251247104
1313748233953267712
1313748317344423936
1313748340908195840
1313748372570935296
1313748444763377664
1313748446688538628
1313748616054415360
1313748657582284801
1313748713215455233
1313748805360267265
1313748828743520256
1313749485319790593
1313749521856229376
1313749526927347717
1313749655495340033
1313749727620390913
1313749807043809280
1313749941970501632
1313750421983252480
1313750537473593345
1313750695263248384
1313750845218082821
1313751093470355456
1313751219576418304
1313751229256826882
1313751511776673793
1313751572564803584
1313751675090464768
1313751680723365888
1313751745307258880
1313751828614516737
1313751868892299266
1313751976614584321
1313752045699112961
1313752047326552064
1313752135599783942
1313752295948136448
1313752297856552963
1313752352801714176
1313752727604715520
1313752834987495425
1313752951681359872
1313753073681149952
1313753233844822017
1313753252924723200
1313753493157679104
1313753552179859456
1313753672023707649
1313753789371883520
1313753807671549953
1313753855830577154
1313754047212662795
1313754393016176642
1313754420782403584
1313754507071741952
1313754510792286208
1313754613259161600
1313754615138136064
1313755268648439808
1313755279901822976
1313755528061952000
1313755595930038273
1313755683817488389
1313755778554171392
1313755860443648001
1313755897852821504
1313756094053920775
1313756207501512704
1313756210865340416
1313756514809778176
1313756626399027200
1313756924471660547
1313757421282697217
1313757777739747328
1313757833708687362
1313757913958117377
1313757933813944320
1313757948972273664
1313758011404550144
1313758103490396160
1313758135769722882
1313758384659677184
1313758515429695494
1313758531129090049
1313758802978762754
1313758839536332802
1313758847463501824
1313758954372046848
1313759131627651073
1313759315644293120
1313759320966926339
1313759376675672064
1313759444036091904
1313759507969904640
1313759681765158912
1313759708105252865
1313759786475950080
1313759971822231558
1313759973386661890
1313760054055702528
1313760103607291904
1313760114671714304
1313760126159945728
1313760323950661634
1313760416154234880
1313760442561380352
1313760527475040256
1313760560920625152
1313760594151997440
1313760670924578823
1313761040472199168
1313761093790040064
1313761246651482112
1313761420744556545
1313761446229086210
1313761818444206081
1313761879630602242
1313761945141555200
1313762197181530112
1313762611817861131
1313762628380946433
1313762672069009408
1313762743774777345
1313762951267053569
1313763036071632896
1313763179516878848
1313763230796439553
1313763363810410502
1313763367241347074
1313763417727987713
1313763564574765057
1313763623672713216
1313763712340295682
1313763751015915522
1313763917722599425
1313764090997886976
1313764135692374017
1313764198762123264
1313764211596709888
1313764336394010624
1313764560336285696
1313764567994884098
1313764663444738049
1313764771716567040
1313764861722210304
1313764889375182848
1313764898183225345
1313765071043080193
1313765121936719872
1313765363876728832
1313765436102770688
1313765515299561472
1313765556407996417
1313765625613955072
1313765631154479111
1313765631876005890
1313765689300193280
1313765712373063682
1313765862436790273