1314702190284615680
1314702193942056961
1314702332257542151
1314702400024907776
1314702454488006661
1314702479120977922
1314702639112781825
1314702651473313792
1314702701914185728
1314702780339236864
1314702827298664449
1314702940775632896
1314703132107124743
1314703140705443840
1314703217477980163
1314703330577387522
1314703473125068801
1314703599641923587
1314703612514390017
1314703691262423043
1314703708190584832
1314703725613719554
1314703750037147655
1314704350183268353
1314704384182288385
1314704390578679809
1314704475882307586
1314704601837256704
1314704719147929601
1314704832658194432
1314704857677402112
1314704870419714049
1314704938568544258
1314705000090787840
1314705164146823169
1314705310343335936
1314705387015217152
1314705445077110784
1314705516174729217
1314705592007700482
1314705598693294080
1314705606578708480
1314705780189392898
1314705839052201985
1314705981461291008
1314706078240772098
1314706084070739970
1314706150068301827
1314706162076577793
1314706162927968256
1314706166874689536
1314706250203107329
1314706317202817025
1314706539727540225
1314706614872571906
1314706651996397575
1314706728789987329
1314706753376989184
1314706816710832130
1314706874961285121
1314707087679729666
1314707106537312257
1314707156973899781
1314707206793818113
1314707420720050177
1314707693635080194
1314707760630632449
1314707823276695552
1314707835939287044
1314708030316044288
1314708053942386688
1314708079431352320
1314708086968381441
1314708117574365187
1314708175258517504
1314708331282362369
1314708431765475328
1314708628625031169
1314708733298192385
1314708782707081216
1314708916165652480
1314709006057783297
1314709018506596356
1314709035015385090
1314709060521013251
1314709283460861952
1314709319506563075
1314709393515122688
1314709394895106049
1314709739801055233
1314709744595206146
1314709811141935104
1314709844792877059
1314709882709241856
1314709885473427456
1314710163396399104
1314710223765098496
1314710318254362624
1314710337904693248
1314710415197102080
1314710540929781762
1314710733398126592
1314710780961607683
1314710855683125251
1314710983433043968
1314711053205344256
1314711098965331970
1314711191181307905
1314711341630992391
1314711359842512896
1314711422438383616
1314711463362207744
1314711531020484609
1314711604311793667
1314711724247912448
1314711857790418946
1314711966548660226
1314712013315215361
1314712135902081026
1314712218970271745
1314712219569905664
1314712263450931201
1314712294790557697
1314712382942269442
1314712391326871553
1314712456908996611
1314712566518763525
1314712675751006208
1314712768352714752
1314712827010191362
1314712848094953473
1314712993012293633
1314713027636342784
1314713044778393606
1314713091528163329
1314713108754190339
1314713137380315139
1314713162122326020
1314713254833381376
1314713271761547264
1314713359653117952
1314713388568776705
1314713511914868736
1314713537483137024
1314713617426771970
1314713787413524481
1314713819315273729
1314713853947777024
1314713862852300802
1314713900928163844
1314713904950382593
1314713966896205825
1314714000891039745
1314714007576641537
1314714097821384705
1314714104364511232
1314714135305875456
1314714165576163328
1314714189802418177
1314714316025876487
1314714353128468481
1314714500692676608
1314714551011565568
1314714593218957314
1314714605273448448
1314714686185766913
1314714743354142720
1314714827319902208
1314714881548054528
1314714894080634887
1314714978415374337
1314714987256897536
1314715031859126272
1314715046576963591
1314715062150459393
1314715112687710208
1314715121319661570
1314715423078854656
1314715446642343937
1314715473414623233
1314715485603332096
1314715503403786241
1314715657594900480
1314715808959004673
1314715816999358464
1314715850851704834
1314715869583478784
1314716282797916162
1314716295624101889
1314716383494561793
1314716446312759298
1314716547357831168
1314716651082915841
1314716715142447105
1314716791785095168
1314717023512023040
1314717059171844096
1314717238872674306
1314581390256730112
1314581487107411968
1314581566086021122
1314581759514664962
1314581776279498757
1314581813512359937
1314581889018204160
1314581952264114176
1314582098670481409
1314582140638560257
1314582325016092673
1314582325120782336
1314582396868722688
1314582446910910465
1314582556139020289
1314582576430870530
1314582744840777734
1314583016925204482
1314583059069575170
1314583281799553027
1314583352830234624
1314583407150747648
1314583429154058246
1314583453732663296
1314583507604328448
1314583566945259520
1314583642748968968
1314583659337318403
1314583705705492480
1314583890074320896
1314583985973063680
1314584329998139394
1314584556951891968
1314584569216032771
1314584673293676549
1314584736937865216
1314584784694202369
1314584858639904769
1314584896418074625
1314584972519526406
1314585102064721921
1314585139591155713
1314585156448116738
1314585319769923584
1314585588213805058
1314585605645500416
1314585609676247045
1314585643268411398
1314585722397945856
1314585890077900806
1314585898672062465
1314586066687492097
1314586125235892225
1314586251505405952
1314586325618696194
1314586338843340800
1314586370753597440
1314586402290507776
1314586423492739077
1314586454060937217
1314586528082001923
1314586536940318721
1314586611963789312
1314586661880303618
1314586746810630150
1314586826481561600
1314586843141214208
1314586938939109378
1314587010666057728
1314587308335788032
1314587333090447360
1314587522400387072
1314587736565743618
1314587812021391362
1314587831969492992
1314587975204909056
1314588000177786882
1314588012999737352
1314588017286426625
1314588046155681795
1314588046717644802
1314588062744293376
1314588110139928577
1314588113054953479
1314588322979893250
1314588339484327937
1314588348246351879
1314588663305519104
1314588809451892737
1314588862770040832
1314588910761238534
1314589086691270668
1314589103640309760
1314589178827603975
1314589199283163137
1314589216484012033
1314589217784303618
1314589409967329283
1314589434638217217
1314589476254085120
1314589540091408389
1314589648698605569
1314589665069015043
1314589736821035014
1314589827371802624
1314589870405410816
1314590231493050368
1314590353283051521
1314590496115875841
1314590827331502083
1314590911100342273
1314591003832209408
1314591023956402182
1314591128981852161
1314591149936574464
1314591250889281538
1314591265715937280
1314591298725146624
1314591431214989316
1314591600471928835
1314591607241486336
1314591787785232385
1314592140278800385
1314592179210330112
1314592215042265090
1314592303676231681
1314592497025404928
1314592635055562752
1314592790131732482
1314592836193583104
1314592880342847488
1314592949624352768
1314592970402869250
1314593078968229894
1314593158945271811
1314593174808002561
1314593202259791875
1314593213274099712
1314593298032537602
1314593507651223552
1314593582750277632
1314593731425820673
1314593762035851266
1314593795162492928
1314593816410759168
1314593882408128514
1314593934979395586
1314594006089818117
1314594031112990726
1314594052755447808
1314594140542455810
1314594241197342725
1314594265155039235
1314594350521708548
1314594455031214080
1314594555669381121
1314594672732508160
1314594890395906054
1314594945857196034
1314594949980184576
1314595012789895169
1314595040652660736
1314595121837404160
1314595227294928903
1314595276875870210
1314595381955588096
1314595503246639104
1314595533504143363
1314595587501694976
1314595629365166081
1314595667948564480
1314595708847026176
1314595745358647299
1314595889210589186
1314595902439514112
1314596145189064704
1314596183289995264
1314596317138685952
1314596367948541953
1314596397291839488
1314596447829004289
1314641816969531392
1314642014093422592
1314642121027018752
1314642173892198405
1314642224165130244
1314642299595321344
1314642308214788096
1314642375390695426
1314642400661315584
1314642404054577153
1314642673123368960
1314642685605502977
1314642735941517312
1314642761338023936
1314642806820937728
1314643646701068288
1314643650027032576
1314643671732703233
1314643902696230912
1314644031641706499
1314644060993466368
1314644070032056320
1314644111195090944
1314644325075218434
1314644346264748032
1314644375738216449
1314644388102971394
1314644941771927552
1314644975230103553
1314645009153441792
1314645048705732608
1314645244663734275
1314645306731003912
1314645475618951168
1314645576047185920
1314645742837919745
1314645839638220800
1314645897955827713
1314645919116259329
1314645923302170624
1314645939907227649
1314645995309936640
1314646083906265088
1314646149605797891
1314646171105792000
1314646305642291200
1314646337942626304
1314646350785634305
1314646551281766400
1314646565471088640
1314646572332986372
1314646703157501953
1314646771017056258
1314646820468002817
1314646879288918018
1314646942232739841
1314646959630807045
1314647299038089217
1314647353371099144
1314647479304876032
1314647484766007297
1314647522095308800
1314647815511998465
1314647916670332932
1314647928217243648
1314647945246015490
1314647986077605888
1314648323396194304
1314648331155648512
1314648339108040705
1314648440643571712
1314648452907831298
1314648473648558082
1314648587159195655
1314648654414716928
1314648721246674944
1314648742067273728
1314648758735364096
1314648759352131588
1314648851324661760
1314648935273766913
1314648964583624710
1314649081239793665
1314649132515106817
1314649169630564353
1314649224508653568
1314649735915921408
1314649756929585157
1314649760826109959
1314649901578383360
1314650173180653571
1314650186774450178
1314650402978226181
1314650579466178561
1314650579411456000
1314650646122033157
1314650977220341761
1314650998959415298
1314651079049646082
1314651091456450562
1314651195378724866
1314651312957673473
1314651795625447426
1314651836574392320
1314651866366697474
1314651892170084352
1314651984700403712
1314652017718108160
1314652143257673728
1314652217102815234
1314652366394675200
1314652391363338240
1314652403434688514
1314652408581173250
1314652513170325510
1314652515426861057
1314652581457788930
1314652655235395584
1314652659236982786
1314652705411919872
1314652805949542411
1314652844147044352
1314652999990599683
1314653028683845639
1314653132996194304
1314653167267852288
1314653179817144320
1314653184422371329
1314653192823726083
1314653259399749632
1314653326433226753
1314653397740589059
1314653553059926018
1314653607107665920
1314653733754675200
1314653762947084293
1314653942689796096
1314654396647714817
1314654425894596611
1314654630471766021
1314654643117535233
1314654769676419072
1314654777851162624
1314654823682318338
1314654827771691008
1314654827864096772
1314654845379375104
1314654848726392832
1314654928724520962
1314654982965211144
1314655067262328832
1314655079434158085
1314655189933096962
1314655281159184384
1314655362075824128
1314655528723853314
1314655541466066944
1314655612278435840
1314655612194770945
1314655637297561606
1314655675755180033
1314655692704419840
1314655747108671491
1314655784203169792
1314655860484907008
1314655864448593925
1314655952029843457
1314656073387778049
1314656200823205889
1314656430402699267
1314656463684603904
1314656470005362688
1314656569104138242
1314656652960952320
1314656706962448385
1314656786373255168
1314656795198189572
1314596644650921989
1314596711759785986
1314596829338640385
1314596833256116224
1314596900461441025
1314597001565212675
1314597081290596352
1314597202099142657
1314597491732434944
1314597596523003907
1314597680224645121
1314597726361972743
1314597727108358144
1314597806259175425
1314597814282977281
1314597844834299904
1314597902766034949
1314597982227099648
1314598028725161986
1314598037205983233
1314598167099432963
1314598359894831106
1314598427456610306
1314598596239659008
1314598695866781697
1314598699847294977
1314598733515022342
1314598817422086144
1314598925177847808
1314598926662733826
1314598926570450945
1314599240971292672
1314599389353054208
1314599576083419142
1314599664340160514
1314599681717084160
1314600062979203073
1314600075147063296
1314600117488451587
1314600138766266368
1314600142759231489
1314600188586074112
1314600234845171715
1314600364696653825
1314600419130310661
1314600801134735360
1314600834353815553
1314601098704031744
1314601111081365506
1314601149257916418
1314601174620942336
1314601207143575559
1314601237678116864
1314601291885219842
1314601435217231872
1314601476224942081
1314601614326616067
1314601619368148994
1314601627047931906
1314601807855968256
1314601908523487238
1314601967444914178
1314602193652191233
1314602206016884741
1314602244407521281
1314602332043190272
1314602340431790081
1314602344269656064
1314602399303049217
1314602487274442752
1314602495658860547
1314602620376539137
1314602692703145985
1314602705336315904
1314602890313564164
1314602991052353536
1314603024086638594
1314603044277903363
1314603132865802240
1314603150201020416
1314603406313496576
1314603431684976642
1314603479139266560
1314603526262329344
1314603533300359174
1314603766809800705
1314603766977622017
1314603829103669248
1314603917687357441
1314603929754193920
1314604034888593408
1314604144381091840
1314604181529927680
1314604304007942151
1314604345523089409
1314604538524041216
1314604555246751744
1314604596627755016
1314604613295898626
1314604651883433986
1314604693159460864
1314604710998007810
1314604802475806720
1314604844108468224
1314604848315334664
1314604966120763392
1314605217309241346
1314605285496025089
1314605421810855940
1314605637289082893
1314605670424027139
1314605738262704128
1314605746319847424
1314605868101623808
1314605880617381893
1314605905799938048
1314605947134849031
1314606023072776208
1314606056840949761
1314606135626944518
1314606228702724096
1314606329764474882
1314606412975276035
1314606446965735425
1314606505614737408
1314606568558653440
1314606602054402054
1314606790479278086
1314606832237842432
1314606865666379777
1314607096739102726
1314607113075793922
1314607331246829568
1314607465724440576
1314607511786393600
1314607612374274048
1314607625070424064
1314607984786325504
1314607991023259648
1314608012473102343
1314608204316381185
1314608233936490496
1314608237984002053
1314608316967014400
1314608333983289350
1314608339230298115
1314608393252933633
1314608526090817536
1314608556247785472
1314608615316217857
1314608787844665347
1314608877078556673
1314609025879810048
1314609038127099904
1314609164409241601
1314609210362073089
1314609361151569920
1314609407926456328
1314609416579084289
1314609432894947331
1314609634359959552
1314609634955714563
1314609701397639168
1314609764903596033
1314609794179715078
1314609953601204226
1314610066562179072
1314610125806559233
1314610129363492865
1314610394149814278
1314610401573695490
1314610418648788992
1314610422440321024
1314610460319264770
1314610523489497088
1314610535980302336
1314610594708942849
1314610642456850432
1314610694902476800
1314610779115663361
1314610787462328321
1314610797226590208
1314610816738443264
1314610934917271552
1314610963576954880
1314611363143180289
1314611395586134018
1314611492298256384
1314611555187732481
1314657042884370432
1314657065869205504
1314657155287576577
1314657155614613506
1314657277652201475
1314657517406830592
1314657747250679814
1314657799251595265
1314657822433513472
1314657856369635329
1314657877198503942
1314657932231888896
1314658275648995328
1314658321874538498
1314658339444469761
1314658367579791360
1314658464627646465
1314658519514337281
1314658581971562496
1314658690973097984
1314658753879388161
1314658803674230784
1314658825530568704
1314658892798857216
1314659130787987457
1314659417103663106
1314659434887606274
1314659458153357314
1314659462687395840
1314659689746006017
1314659798668005380
1314659840430682112
1314659848907378688
1314659873272090626
1314659873536253954
1314659959267889153
1314660061751410694
1314660146505814017
1314660364408311815
1314660519656083456
1314660532503236608
1314660549007994885
1314660635079213058
1314660712917069824
1314660764905598976
1314660805544079360
1314660905284636673
1314660955457032193
1314661014361825280
1314661115868004354
1314661131156414467
1314661720770711555
1314661933744893955
1314662004590694401
1314662033728700416
1314662120407986176
1314662138791698433
1314662210061438976
1314662331448651776
1314662365380702208
1314662369277079552
1314662404622413824
1314662574999375872
1314662617244487685
1314662633354727424
1314662633400946688
1314662662555398145
1314662695791210503
1314662738820567041
1314662830738636802
1314662834580660224
1314662926821752834
1314663116085645312
1314663179780325377
1314663267353190401
1314663305047351303
1314663602763321346
1314663610610835457
1314663644894949378
1314663669863600128
1314663758241902595
1314663821269753856
1314663916954214400
1314664034155720706
1314664291186999299
1314664458677940224
1314664538143445001
1314664630560587776
1314664676437954562
1314664869833048065
1314664906864709636
1314665128609157121
1314665242111041537
1314665257650978818
1314665347597860869
1314665452061294592
1314665494021115909
1314665510743601152
1314665607355400197
1314665715211874305
1314665794261966848
1314665805112651782
1314665884498173952
1314665900822335488
1314665955528716288
1314666009731592192
1314666063322284032
1314666098797752321
1314666101935017985
1314666194700587008
1314666291278606356
1314666324224888833
1314666433767518210
1314666469754576901
1314666522103562240
1314666787779366912
1314666794750275584
1314666828707360768
1314667012681945088
1314667021087518722
1314667058873982977
1314667079363104768
1314667184627625986
1314667232442621952
1314667284472848384
1314667286951796737
1314667373287346179
1314667603697242112
1314667670474719232
1314667697238618113
1314667842978156550
1314667847071731719
1314667980941221888
1314667998481977344
1314668010716753924
1314668136071864321
1314668178455375873
1314668211615469573
1314668216178880515
1314668279059939334
1314668300455030785
1314668362639663104
1314668410224214018
1314668459373006851
1314668501345300480
1314668517497671681
1314668660921970688
1314668744908533760
1314668782380609537
1314668904875089920
1314668983912525824
1314669001105199110
1314669218927869952
1314669247860224001
1314669252293603329
1314669252507439104
1314669265337884680
1314669361223802880
1314669436754771969
1314669474205720577
1314669515695894529
1314669580141252609
1314669629491609600
1314669730179899392
1314669839558955008
1314669860442509313
1314669875114258438
1314669988960260101
1314670136960450560
1314670149434253312
1314670153460846593
1314670162021437442
1314670187552165889
1314670233345499136
1314670275259183106
1314670329885843456
1314670531900313600
1314670636720160771
1314670841414680576
1314670875245830144
1314670947169779712
1314670967613009921
1314670988429123584
1314670997681905672
1314671240641228802
1314671290347855872
1314671319502532618
1314671344794173441
1314671404353228801
1314671475396431873
1314671484053450755
1314671638525415433
1314671639137783808
1314671689482022914
1314671727050403842
1314671738731606019
1314671827113967617
1314626692141510663
1314626771212480514
1314626780943314950
1314626856524578819
1314626914867347456
1314626931317497856
1314626952410664961
1314627023902367744
1314627040398565377
1314627090990284800
1314627171319603200
1314627191640973312
1314627325737136128
1314627351272026113
1314627640649822208
1314627703933267968
1314627707599294469
1314628139398561794
1314628340536442880
1314628373881200640
1314628579980980225
1314628676361826304
1314628764257652737
1314628802451038209
1314628909389012992
1314628986681483264
1314629003689504770
1314629125445840901
1314629213022908417
1314629327741480960
1314629452031127553
1314629482133815301
1314629519790215172
1314629544960315392
1314629666385272832
1314629976931491841
1314629984816947205
1314630026906664960
1314630077246836736
1314630122381684740
1314630126185984001
1314630144145973249
1314630265843650561
1314630572518641664
1314630727451865088
1314630928698761216
1314631021330083840
1314631058952982529
1314631528379551744
1314631579545862145
1314631637737578497
1314631679928143873
1314631817870348290
1314631821859213313
1314631860316635136
1314632031603630080
1314632035827294208
1314632073752334337
1314632141221879808
1314632265280958468
1314632350538633217
1314632430624608257
1314632568315273216
1314632702709190662
1314632740730363905
1314632787211816960
1314632795285647361
1314633176791293953
1314633223033556992
1314633239781203968
1314633243925282818
1314633323868762114
1314633364922683393
1314633374103986177
1314633475211898880
1314633479234224129
1314633542316568577
1314633558787592194
1314633642463948803
1314633676043489281
1314633756100222982
1314634045259681792
1314634174163083264
1314634199735828480
1314634200998391808
1314634322519953414
1314634670542290946
1314634702603653125
1314634766583463937
1314635077427568640
1314635206863646721
1314635437344993280
1314635437659521029
1314635442076241920
1314635740249194497
1314635756623802368
1314635786281771008
1314635936928600065
1314636070894567424
1314636314646466560
1314636318622674944
1314636369482797057
1314636951455174656
1314637807340662784
1314637832288440320
1314637870360035330
1314637879403044865
1314637904568778752
1314637933354209281
1314637988299759618
1314638109095718914
1314638222195077122
1314638264515678208
1314638339924951042
1314638362037358592
1314638408409665538
1314638470371930112
1314638550302949376
1314638626609942535
1314638810349592576
1314638860119420936
1314639065556365316
1314639191838527489
1314639212591878149
1314639259081543681
1314639330011492353
1314639359254167555
1314639367634255872
1314639489202085893
1314639661550252037
1314639745369157633
1314639782702542848
1314639849844948992
1314639928903569408
1314639992140881925
1314640009392279554
1314640072763944963
1314640156876513281
1314640198504939520
1314640211046006784
1314640262682087424
1314640302779576321
1314640359457259520
1314640542026924033
1314640592605978625
1314640736080596992
1314640789482299393
1314640798613409792
1314640964150013953
1314640978138062848
1314640978880409600
1314641280207523840
1314641406032449536
1314641603240357895
1314641704755122177
1314672041736503297
1314672079900348416
1314672200679657481
1314672322511470592
1314672509040631808
1314672578624094209
1314672632986361856
1314672645154246656
1314672671540551683
1314672816780869640
1314672847147606016
1314672963807969280
1314673496493101057
1314673549479735298
1314673655784321025
1314673748079976451
1314673790677209088
1314673817134874625
1314673931480170496
1314674037797220352
1314674054108864512
1314674076217159681
1314674181821394944
1314674255645343748
1314674390122917889
1314674399069401088
1314674516333916160
1314674666888409088
1314674700925104128
1314674718084141056
1314675095533543424
1314675098868219905
1314675111233032207
1314675120913494023
1314675148348420096
1314675221169930241
1314675275414876163
1314675459544813574
1314675535604219907
1314675560929468416
1314675661055963138
1314675946323095552
1314675984428412928
1314675992435269632
1314676159716618240
1314676197872168960
1314676357025222661
1314676412033323008
1314676437656379392
1314676503775449089
1314676525996806146
1314676692565327874
1314676797796225024
1314676998955040768
1314677141464907781
1314677162780372992
1314677188193472513
1314677310268866566
1314677322444808192
1314677405588566019
1314677574107303945
1314677621003870209
1314677649147654149
1314677800163594242
1314677859521384449
1314677951632486400
1314678018523107328
1314678123577909248
1314678127390601224
1314678147938504706
1314678173397704704
1314678245149810690
1314678362032410624
1314678467066241024
1314678623056654337
1314678702337413123
1314678894746906624
1314678928951263232
1314678991308152835
1314679003731693571
1314679079581474818
1314679193431662592
1314679314558799872
1314679339380768768
1314679356174798848
1314679381046984705
1314679406481346562
1314679419101798400
1314679553571209216
1314679826150813699
1314679920493297665
1314680014680580096
1314680119638753280
1314680174089297920
1314680439597158400
1314680509365014528
1314680589090344961
1314680774302601216
1314680799732486145
1314681050082226176
1314681074006593537
1314681160195289090
1314681365053440010
1314681431071875072
1314681546213908481
1314682070246060032
1314682078043140096
1314682091465048064
1314682191423647744
1314682250697551872
1314682306305626114
1314682389142990850
1314683022072057858
1314683022294253571
1314683030175322112
1314683235000094720
1314683336955236353
1314683378323644416
1314683428759982085
1314683621597491200
1314683646729744386
1314683697359196170
1314683970563436544
1314684041975783429
1314684099798458370
1314684100222083072
1314684120769818624
1314684171189547009
1314684292879056897
1314684423137189888
1314684458856050689
1314684469782228993
1314684494838992896
1314684704239562754
1314685145039933440
1314685241211015168
1314685274643857408
1314685404419948544
1314685525530423300
1314685579985027073
1314685739301560320
1314685798554492930
1314685803147091970
1314685945627713538
1314685975130517504
1314686164155199489
1314686410050482176
1314686423895687168
1314686436470394891
1314686537142087682
1314686615428702208
1314686646248452097
1314686666569740288
1314686709087514624
1314686792914755586
1314686842990714882
1314687090718896130
1314687140941328384
1314687241415995392
1314687316238069762
1314687325641871360
1314687328913289216
1314687409255309315
1314687497738346497
1314687618572054529
1314687703611473921
1314687762092756993
1314687770745540609
1314687980775395330
1314688181460230145
1314688243984728067
1314688409097527298
1314688554144940032
1314688608738172928
1314688641965469696
1314688734839873537
1314688864875802625
1314688908790300677
1314689028680286208
1314689188105723905
1314689279679967233
1314689302878715904
1314689535444353024
1314689594856812544
1314689717716230144
1314689719163383811
1314689749681012736
1314689816487956481
1314690110135304193
1314690165068062721
1314690203085348864
1314690396073713667
1314690488281174017
1314690596737441792
1314690630833106951
1314690632200286208
1314690676987236354
1314690747409424385
1314690811167039488
1314690999805857792
1314691045767045120
1314691201530986497
1314691222540374024
1314691225979703303
1314691263757647872
1314691347891154944
1314691394301161473
1314691481752530945
1314691486987038720
1314691498902986760
1314691699013279745
1314691737730809856
1314691775559278592
1314691779350978560
1314691915825188864
1314691939875401728
1314691959991173122
1314692023547359232
1314692053293559811
1314692102752624642
1314692144465088518
1314692153197711372
1314692195354652672
1314692559881543680
1314692681591816193
1314692681897897984
1314692949612130307
1314692962400509952
1314693004624625665
1314693272724332544
1314693297827467265
1314693352915431445
1314693390127202305
1314693403586723844
1314693420447936517
1314693483102257152
1314693503591436288
1314693520968486912
1314693565499441155
1314693604204572678
1314693621296267265
1314693630020538368
1314693730666975233
1314693814158798854
1314693998871801857
1314694007084199938
1314694099845480451
1314694107474862082
1314694116442161152
1314694217302716418
1314694313276661760
1314694468868562944
1314694514641113090
1314694698792030209
1314694904304545792
1314694944376881154
1314695131241623555
1314695176779112448
1314695286137249792
1314695336493944833
1314695399949701126
1314695412511649794
1314695520951111682
1314695773192290304
1314695839797915654
1314695869128679424
1314695951018340353
1314695957108400129
1314695982333022208
1314696158833307648
1314696201200193537
1314696250957033472
1314696326848958464
1314696347308552193
1314696364622716928
1314696447380647936
1314696523867856896
1314696553538310145
1314696666331656192
1314696741598433280
1314696812863856643
1314696959844810753
1314697002140266496
1314697056284540933
1314697102362984448
1314697103122354176
1314697223834226688
1314697367094951942
1314697450754637824
1314697626529353728
1314697635547230208
1314697679482630144
1314697930562039810
1314697949595590656
1314698025164582912
1314698113320353792
1314698398461693952
1314698507299688450
1314698539465797632
1314698582923059201
1314698612249681920
1314698650552066049
1314698666733690884
1314698784455241729
1314698956182487040
1314699044539691008
1314699153759440896
1314699304968187904
1314699527165800449
1314699619234766848
1314699682757648384
1314699858209648645
1314699891814412288
1314699912206979072
1314700052892352513
1314700088388640769
1314700203748978695
1314700214406582272
1314700290562588672
1314700322720415744
1314700549833584643
1314700558901665799
1314700583702495232
1314700643601461250
1314700834098339847
1314700869078835205
1314700928579260416
1314701074440187904
1314701120804212738
1314701267650916352
1314701267554512896
1314701338945695744
1314701796258975745
1314701812352442368
1314701875166547977
1314702102220939272
1314370123315240969
1314370190092591104
1314370340890517504
1314370359089659905
1314370500416753664
1314370659741507585
1314370861269303296
1314370966202572800
1314371138219380738
1314371166786785281
1314371523835289600
1314371532324581376
1314371553539223552
1314371792299913217
1314372004292759552
1314372081744830465
1314372132273418240
1314372160530657280
1314372232227979264
1314372299781402625
1314372391972216833
1314372400365162496
1314372509072977921
1314372852674695173
1314373029871321088
1314373134464712705
1314373159706075136
1314373172733513730
1314373205944143879
1314373264035270656
1314373268179169280
1314373385779019776
1314373503630618624
1314373532617506818
1314373658815737858
1314373700720836609
1314373742903033856
1314373834863190017
1314373839271399431
1314373968711880705
1314374094947676160
1314374107593670656
1314374153575817217
1314374258429169664
1314374438608134144
1314374669353525250
1314374799666409472
1314374803986419712
1314374824899350529
1314374925256286210
1314375113769328640
1314375248347836416
1314375319151767552
1314375340341383168
1314375369491804161
1314375441000665089
1314375482742194180
1314375487335141377
1314375530343354368
1314375604498771969
1314375793242451968
1314375894052401154
1314375906811621382
1314376116396675075
1314376133610287104
1314376199766904832
1314376279819538438
1314376318071472131
1314376485860454402
1314376594312572928
1314376745538277377
1314376779465986058
1314376850001604610
1314376968012431364
1314377139735625731
1314377189845020673
1314377484146749440
1314377546587230208
1314377567487643650
1314377597242007552
1314377869318070272
1314377894811054080
1314377907356139520
1314378092316631041
1314378092597534720
1314378188764610560
1314378299762782209
1314378520114745344
1314378549437100033
1314378553056784385
1314378603916857344
1314378947241672713
1314378989587267589
1314379098177916929
1314379186900008961
1314379396501864454
1314379522473709570
1314379644871806976
1314379824052408320
1314379856424165377
1314379945934680064
1314380214106025990
1314380256397193218
1314380340002263040
1314380692050993152
1314380703308681216
1314380776121737217
1314380788842987525
1314380826315042819
1314380915263647744
1314381015251550208
1314381023992401922
1314381137322541061
1314381157908217858
1314381159355252736
1314381191634706434
1314381284022587392
1314381460015640577
1314381504563351552
1314381527401234432
1314381573186183168
1314381841139265541
1314381888073555969
1314382068156170240
1314382085193428993
1314382168555220992
1314382190017490946
1314382264998920192
1314382344787234817
1314382357944729600
1314382756030435330
1314382839643766794
1314382894673080320
1314383011735986176
1314383089641164800
1314383204778995712
1314383381048721408
1314383540226797568
1314383544488165376
1314383553015296003
1314383607386058752
1314383630446329866
1314383652055322629
1314383712801320960
1314383871929208834
1314383920373403648
1314384194462781440
1314384202922483712
1314384341011587073
1314384622411628544
1314384648198209537
1314384698341294080
1314384794059407360
1314384811415556096
1314384936812466176
1314384966625693702
1314385022917447681
1314385058090819584
1314400195996790785
1314400229895147521
1314400363647098883
1314400414746521607
1314400477757333504
1314400565418291200
1314400717034131457
1314400800030949376
1314400803797467137
1314400833216360448
1314400842296905728
1314400947079122945
1314401064687411202
1314401148380553216
1314401210338668545
1314401261568094210
1314401345533698048
1314401509115912192
1314401676690968576
1314401685154955264
1314401948959797248
1314402239134478338
1314402242791907330
1314402259858583552
1314402356260413440
1314402536590372867
1314402540469932033
1314402649416986624
1314402665946849290
1314402842652938240
1314402930435518465
1314402979630510080
1314402985347346434
1314403178243293191
1314403244878319618
1314403253900247040
1314403371432902656
1314403651021045762
1314403670595973121
1314403852301418496
1314403891103006720
1314403970027188224
1314404113728249856
1314404134028677120
1314404176055631873
1314404181046824962
1314404235509989376
1314404247727996928
1314404323095273473
1314404356897333249
1314404361276133377
1314404382205767682
1314404457371795459
1314404482252496898
1314404616969375753
1314404826495807488
1314404868040335360
1314404927662415874
1314404989595418636
1314405100312424455
1314405116238327808
1314405137033695236
1314405141274144769
1314405170810253312
1314405225151836161
1314405270685208577
1314405280139169793
1314405337819164673
1314405577536176129
1314405607294689280
1314405652618457089
1314405753533456385
1314406038708400131
1314406089874575360
1314406093058170880
1314406160896716800
1314406160913575940
1314406315884642305
1314406395442343936
1314406638447722496
1314406647146713091
1314406705430659072
1314406835567259652
1314407083228434439
1314407125473525760
1314407129281900559
1314407159095062530
1314407289105899520
1314407317790617602
1314407321951506432
1314407390939418624
1314407532019027968
1314407548808826880
1314407683340918786
1314407687044685824
1314407711740755969
1314407750202544129
1314408014955384833
1314408305721257986
1314408333898465282
1314408366899429376
1314408543114670080
1314408547359371270
1314408710450688000
1314408899198545920
1314409071760424960
1314409302002741249
1314409326619095042
1314409327126409217
1314409353139679234
1314409362077683717
1314409419552194560
1314409448715231236
1314409541166157824
1314409557754601475
1314409581754286080
1314409586749710336
1314409637421043712
1314409691783593984
1314409809656139777
1314409940027465729
1314410106881216518
1314410111385759745
1314410198849658881
1314410257888628736
1314410354974187520
1314410375111225344
1314410451611136001
1314410510016749573
1314410522616442880
1314410556355473411
1314410577385586688
1314410716363853825
1314410769513996288
1314410777910996993
1314410803492253696
1314410966776381445
1314410983864008705
1314411339897503749
1314411365046521856
1314411386857021440
1314411524748972033
1314411615408861185
1314411684044386305
1314411704881541121
1314411893654781957
1314411940085723136
1314412162052489216
1314412259074961410
1314412275256692736
1314412388888829952
1314412393166905345
1314412485945028608
1314412548259708930
1314412773384675328
1314412829034909696
1314412967937572876
1314413145339748353
1314413160934367234
1314413525331308545
1314413553726545920
1314413618235166720
1314413714125197312
1314413718994915329
1314413873781325826
1314413967930994689
1314414037568909312
1314414305912258560
1314414317983408129
1314414524007497728
1314414544291274752
1314414699610607616
1314414724143099905
1314414763208830977
1314414805927763969
1314415065471172611
1314415098610491392
1314611668245188608
1314611672347107328
1314611782170947585
1314611852198858753
1314611937599090689
1314611958457360384
1314612033317470208
1314612125659144192
1314612139496296448
1314612229719953412
1314612260128665600
1314612264557662208
1314612373001506816
1314612385437691904
1314612622000414720
1314612709321830403
1314612797213487105
1314613036578004992
1314613115716280321
1314613313205161986
1314613405668577282
1314613502452084736
1314613538749583361
1314613739736436737
1314613744446701575
1314613807679975424
1314613854366654464
1314613870242131968
1314614067521359873
1314614127067889670
1314614281363746817
1314614323432640516
1314614432295718913
1314614440575356929
1314614629943963649
1314614709958574082
1314614796507967493
1314614802334056450
1314614907816550405
1314614952372695040
1314615049156210689
1314615221269467138
1314615376857174017
1314615401578483712
1314615468293001218
1314615488534720512
1314615825756811270
1314615892689518592
1314616009936891904
1314616013770686468
1314616076605497350
1314616269472235521
1314616378759041024
1314616462536069125
1314616495213744128
1314616856636923906
1314616877969297408
1314617062384308224
1314617280471285760
1314617305884766208
1314617348272328705
1314617355914424320
1314617536567291905
1314617779497074688
1314617821687541760
1314617922652901376
1314617934766014465
1314618111052587008
1314618145261355010
1314618215805464577
1314618300228395010
1314618366825385985
1314618452204810240
1314618459494313984
1314618555472777218
1314618569364328450
1314618631414784002
1314618801594363904
1314618828425486346
1314618958234955777
1314618987179847680
1314618995820068872
1314619055383425024
1314619223071584261
1314619252339544066
1314619485563711489
1314619575288430595
1314619684294139904
1314619692271763458
1314619872379248641
1314619973608898562
1314620019700043778
1314620098909548549
1314620284255850496
1314620296624844801
1314620296587030530
1314620380456382465
1314620400861675526
1314620703136796679
1314620774343487489
1314620787286925312
1314620804253061120
1314620828466712582
1314621132339728384
1314621248413085696
1314621323792932866
1314621336220647425
1314621348711485440
1314621454013603842
1314621650730725378
1314621654161596418
1314621692682084352
1314621776845045760
1314621865478950912
1314621885972389889
1314622003878469633
1314622053765480449
1314622066839162886
1314622087408103426
1314622108635484160
1314622145960521729
1314622234674098176
1314622351934468097
1314622473523126273
1314622519266009089
1314622574018658305
1314622813253361666
1314622922275737600
1314622950994317317
1314622951686393858
1314622985458733057
1314623027099979778
1314623349411119104
1314623559000625152
1314623601102864384
1314623629586505728
1314623777662214144
1314623803025227779
1314623979064381445
1314623984659554304
1314624012115476480
1314624066834305025
1314624096278175744
1314624121184153600
1314624205644857344
1314624306568142848
1314624441251516416
1314624612538310656
1314624620121776129
1314624788271423488
1314624821762961409
1314624834266107904
1314624926675017729
1314625078236262402
1314625082065661957
1314625241277227008
1314625295455051777
1314625354041040897
1314625490909425664
1314625941495308289
1314625945957933056
1314626093094260739
1314626094553853956
1314626114011238400
1314626181006864385
1314626270534103040
1314626293707669504
1314626405423079427
1314626496003272704
1314385192451219456
1314385268796018694
1314385310269214720
1314385343790149633
1314385621037834241
1314385658316718083
1314385700540743681
1314385834892820481
1314385872087920641
1314386111666352129
1314386279258353666
1314386284828270593
1314386307456458752
1314386333062717440
1314386455054241793
1314386455066816513
1314386560171667458
1314386610532818944
1314386774181830657
1314386779500314626
1314386862241280002
1314386970999652361
1314386996635336704
1314387071616811008
1314387185253126144
1314387197878063104
1314387235362549762
1314387323610566656
1314387382691655682
1314387482881011712
1314387529009754112
1314387558122557443
1314387776910090240
1314388053591384065
1314388078438604801
1314388098415984640
1314388292494864385
1314388389353881600
1314388493565669387
1314388581595586560
1314388649568612353
1314388770418909184
1314388984139718658
1314389093678276610
1314389525498482693
1314389567999418368
1314389601264558080
1314389605597302784
1314389781409796096
1314389781510582272
1314389815421546496
1314389844286562304
1314389911701659650
1314390040580157440
1314390087745114119
1314390095693316096
1314390106229309440
1314390108708188160
1314390146230431744
1314390335066435585
1314390364246081536
1314390371900682242
1314390481963413505
1314390603220824069
1314390817230946309
1314390821412761606
1314390909455400962
1314391106524647426
1314391119430524928
1314391291795591169
1314391396665696261
1314391451325861889
1314391823868137474
1314392017011699713
1314392125782384641
1314392226798153732
1314392256611258368
1314392306099744769
1314392335866826752
1314392339885051906
1314392403437121536
1314392696484777987
1314392872620355585
1314393174782226432
1314393380571447296
1314393384690225152
1314393418022424576
1314393577292693508
1314393627678978049
1314393644774776835
1314393711367815169
1314393912954572803
1314393988233912322
1314394160539996160
1314394185638838274
1314394215791521792
1314394420377088001
1314394571221209090
1314394575482445825
1314394721486282753
1314394760338120704
1314395493972152320
1314395561232142336
1314395602848034817
1314395629834051584
1314395678982852612
1314395842376130561
1314395938375565320
1314395993555824642
1314396014242013186
1314396073071443972
1314396106651045890
1314396269905936385
1314396325761495045
1314396399719657473
1314396685515345926
1314396710119104515
1314396807728898054
1314396819892436993
1314396849579720705
1314396928742809600
1314397063178850305
1314397230216945665
1314397385674625024
1314397658254135299
1314397700129869824
1314397725824172032
1314397859626721280
1314398228733976577
1314398651519627264
1314398685493702656
1314398878930616320
1314398929425965056
1314398959343935488
1314399092928393216
1314399118228361216
1314399206400880641
1314399252089630720
1314399315322957825
1314399340287324160
1314399348281815040
1314399466078830593
1314399549922979845
1314399600422182912
1314399697080119300
1314399734132506624
1314399935719145473
1314399952223703041
1314399961484873729
1314399969600626688
1314400057408405506
1314400149519527941
1314355053193572358
1314355102753476608
1314355149700132864
1314355224635727873
1314355258496348160
1314355384178618368
1314355531042127872
1314355812014477312
1314355833094860802
1314355929580625921
1314356013181657089
1314356092600811520
1314357032720445446
1314357037824909313
1314357132687544320
1314357141457731584
1314357217995358209
1314357300899921920
1314357397754966018
1314357472589754370
1314357514721468417
1314357619981717507
1314358114649616385
1314358374469861376
1314358437879275522
1314358600681185280
1314358664506085376
1314358819456155653
1314358962242818048
1314359046036742144
1314359234880958465
1314359326539157505
1314359355618320384
1314359393677381633
1314359439638618118
1314359440284422144
1314359473167835137
1314359477672402944
1314359540230557702
1314359586762223616
1314359775975665665
1314359938651693056
1314360002388340738
1314360232890359809
1314360240742125574
1314360295297441792
1314360312238272513
1314360395885350912
1314360509097885696
1314360534578454528
1314360542711156737
1314360614169513984
1314360791202553856
1314360836622823424
1314361062813134848
1314361121634099201
1314361151359086592
1314361272935354368
1314361299636228098
1314361315188768771
1314361377503535104
1314361436244783105
1314361679690584064
1314361700628529153
1314361784791334914
1314361909907513344
1314361919852015618
1314361969789595648
1314362077364981761
1314362183183024130
1314362484925571072
1314362530865852416
1314362539317358592
1314362656753582082
1314362720209309696
1314362795798990849
1314362812706234369
1314363055313047552
1314363055661355008
1314363185290514437
1314363203569188865
1314363223391580162
1314363617358368776
1314363739311874048
1314363827308294144
1314363892957577217
1314363932161736704
1314363965397401600
1314364019935903744
1314364028769234944
1314364082951200769
1314364095441887234
1314364141126246401
1314364187938877441
1314364217156399107
1314364259648917506
1314364347037216771
1314364367996100613
1314364460174196737
1314364498015256576
1314364590222794752
1314364598657703937
1314364712231022592
1314364724654551040
1314364725367631872
1314364753817620480
1314364770745831426
1314364787569168388
1314364791901712385
1314364800244183042
1314364834058706944
1314364930389356544
1314365001638051840
1314365300951912448
1314365366361972737
1314365455088447489
1314365618460798977
1314365685397626883
1314365983419633664
1314365991175041024
1314366071172890624
1314366142274699264
1314366146674601984
1314366251590967304
1314366264417103873
1314366293538086912
1314366348194177025
1314366402283876352
1314366427667853313
1314366582970220544
1314366591107244036
1314366733877039107
1314366779829956610
1314366783973883907
1314366884972769285
1314366943294558208
1314367027252002817
1314367056247025665
1314367081681281024
1314367115768606720
1314367127495872512
1314367170583900163
1314367199851798528
1314367366885761024
1314367421600333825
1314367476499714049
1314367534678896641
1314367551518973952
1314367618929754112
1314367694028836864
1314367698676125697
1314367702522310658
1314367715482759168
1314367773590519810
1314367908441550848
1314367945615826947
1314368008769372160
1314368034333745155
1314368055108079621
1314368071545614339
1314368118362431489
1314368243801481219
1314368416267022336
1314368428073943042
1314368553835925505
1314368843222056960
1314368963984478210
1314368969902641157
1314369073933955072
1314369095584878594
1314369124819234817
1314369170876690434
1314369266880335874
1314369363982659586
1314369380696748033
1314369472627695616
1314369506542845959
1314369602584018944
1314369606761492480
1314369645135052800
1314369753167917061
1314415518691057664
1314415614329384961
1314415668381401090
1314415957755015168
1314415966986612737
1314416004890611713
1314416050809704451
1314416083130937349
1314416198117781504
1314416230472744961
1314416292896616448
1314416365424594944
1314416373188251648
1314416390724411392
1314416478440038400
1314416608908054529
1314416641065844737
1314416671151456257
1314416835031334914
1314416885279207425
1314417325366546432
1314417497697710080
1314417632259395584
1314417632460730369
1314417640283070464
1314417745556123648
1314417852426989568
1314418030156357632
1314418064281292800
1314418074687344640
1314418185995776000
1314418344724889602
1314418365738504192
1314418366132744192
1314418415721943045
1314418554104696832
1314418571095740416
1314418609003716608
1314419175239098368
1314419272320344065
1314419335591587840
1314419393909190658
1314419427027439616
1314419468240592896
1314419485370052610
1314419532065247232
1314419561089961986
1314419812429230082
1314419825347682305
1314419896277782528
1314420073587601408
1314420128717524992
1314420167397371904
1314420169981140993
1314420216068222976
1314420223592796160
1314420253691047938
1314420258053054464
1314420270199959552
1314420287270785024
1314420333571567617
1314420357764349952
1314420405231181826
1314420533543329793
1314420844320501762
1314420852985716737
1314420992203132928
1314421138609455105
1314421193097670657
1314421276115636225
1314421381128491008
1314421478243201024
1314421748029251584
1314421989432414208
1314421989654712320
1314422045023764480
1314422275714637825
1314422280118841344
1314422375459381248
1314422409810907136
1314422531747532800
1314422787495333888
1314422920610033664
1314423261451649024
1314423290438586368
1314423390757814272
1314423404024471552
1314423633754959872
1314423751425941505
1314423755867906053
1314423771822866432
1314423819118022658
1314423832300580864
1314424066749550592
1314424095371595778
1314424099737923584
1314424242109259777
1314424289001701376
1314424438646022144
1314424573870342145
1314424591889113088
1314424728526884865
1314424745119698945
1314424791923859458
1314424863348711426
1314424884047511552
1314424968319397888
1314425106291015681
1314425130865635329
1314425131591032833
1314425198054199296
1314425329209937921
1314425344611422209
1314425378677551109
1314425412576055297
1314425689500721152
1314425778139025408
1314425919382011907
1314426100186054656
1314426205542596608
1314426230591107072
1314426389089583105
1314426502226665472
1314426616995553280
1314426632392765441
1314426940154015744
1314426943631052800
1314427002028425217
1314427022731628544
1314427086090584064
1314427107032719362
1314427294988017665
1314427458624552960
1314427581593276416
1314427660303507456
1314427870710702080
1314427912448282624
1314427928738922496
1314428025035878400
1314428130090725376
1314428315323772929
1314428382600335361
1314428390653394944
1314428416284712962
1314428511680032768
1314428696888061952
1314428860788731909
1314428901746249728
1314429014895849473
1314429028938514433
1314429123935174658
1314429140993544193
1314429144743243782
1314429211784867841
1314429228729987074
1314429312779661313
1314429644003831808
1314429745442873344
1314429825243729922
1314429828704002049
1314429836799090688
1314429929384108033
1314430252945346560
1314430298709344256
1314430357673041920
1314551303956201473
1314551384201666562
1314551400647589888
1314551467412316161
1314551492796440576
1314551770291396610
1314551782144716801
1314551937656918017
1314551958556954624
1314552000705638400
1314552012793696261
1314552046469734400
1314552055625904129
1314552197926055937
1314552222550814721
1314552239848067073
1314552247649538048
1314552319594430464
1314552521776599044
1314552537765347328
1314552784788750336
1314552805408026626
1314552865084633089
1314552914346602497
1314552969233346561
1314552973205274624
1314553011335823362
1314553100569653251
1314553191896293378
1314553204214964227
1314553258900422659
1314553321693220865
1314553489922691075
1314553711306309632
1314553963753111552
1314554030933377024
1314554131160469504
1314554168791699456
1314554261494087680
1314554332466098178
1314554385574354946
1314554400006909953
1314554483007983617
1314554583763558401
1314554609256587264
1314554928531148802
1314555263962304515
1314555292596699138
1314555356081647619
1314555393595580416
1314555967938453509
1314556018563649539
1314556072972169216
1314556103120875520
1314556188156145666
1314556188428820485
1314556240618549249
1314556261921419265
1314556278564421637
1314556697747378177
1314556962756014084
1314557046763610113
1314557074559254528
1314557084772569091
1314557130813386752
1314557163319291913
1314557226900574213
1314557255593930752
1314557491649359872
1314557516072644608
1314557659224453120
1314557700169240576
1314557709405032453
1314557784197914625
1314557888900345857
1314557933942984706
1314557940309741569
1314558057159024641
1314558157830619136
1314558375758376962
1314558451868196866
1314558500677115905
1314558709603987458
1314558720420974592
1314558794911883264
1314558820421693441
1314558926008979461
1314558937568628737
1314559018128400386
1314559047086084097
1314559076039360512
1314559122809991168
1314559205890641920
1314559315827720192
1314559683982753792
1314559718807998465
1314559818422800385
1314559903269367809
1314560095355899904
1314560099956948994
1314560162179448833
1314560162808696832
1314560260678574080
1314560498206150659
1314560636802797569
1314560703563534341
1314560757774913537
1314560905217142784
1314561013744689154
1314561056304398336
1314561186176798720
1314561244230107139
1314561261288542212
1314561265767940096
1314561442427932676
1314561689799532544
1314561773068906497
1314561777150177281
1314561811656646656
1314561840421072897
1314561898571071489
1314562235105239043
1314562263542648832
1314562364738420736
1314562410372530178
1314562620469411840
1314562750455054336
1314562775109324800
1314562808869126146
1314562851206557698
1314563187086372865
1314563191523946502
1314563266564231168
1314563286856327168
1314563304350720002
1314563460047532037
1314563513407303682
1314563517912096769
1314563702344081414
1314563730869497856
1314563903825862659
1314563958272069632
1314564075062472704
1314564264338903042
1314564415732113408
1314564465577193473
1314564491351392257
1314564566278377473
1314564621219631104
1314564679763714048
1314564764551446528
1314564839042281473
1314565040738009088
1314565078289653761
1314565162603429888
1314565230035431425
1314565447778476032
1314565472231325696
1314565547909054464
1314565564636041216
1314565757993353216
1314565842084995072
1314565909038546944
1314565938092494850
1314565967696060420
1314566059761045506
1314566101301329924
1314566185862795264
1314566240585895941
1314536133628440579
1314536226389721090
1314536359579791363
1314536452705972224
1314536452961656835
1314536516362919936
1314536562433155072
1314536670218260480
1314536749943656448
1314537047814598656
1314537097563443202
1314537200139280385
1314537216459386880
1314537253864173569
1314537269722710025
1314537288249024514
1314537312395685888
1314537380041437185
1314537433875136512
1314537769172176896
1314537807638011907
1314537844925399040
1314537861010649088
1314537916157227014
1314537945722949634
1314537954631704582
1314538037510959107
1314538280520646656
1314538301844578305
1314538336246206466
1314538582628069377
1314538943954681859
1314539132081840128
1314539139002372096
1314539376974626816
1314539387204653057
1314539510206693376
1314539732638920705
1314539925006618626
1314539976055492608
1314540042707181571
1314540076920045568
1314540080170708992
1314540213348204549
1314540341110988801
1314540579087319040
1314540617079422976
1314540675480858624
1314540705411403777
1314540776198746112
1314540973993742336
1314540982747099137
1314540990762496001
1314541170530238464
1314541364089171969
1314541392845127680
1314541463938781186
1314541511351119872
1314541514450628608
1314541531622113280
1314541623443849216
1314541669555920898
1314541678246723584
1314541955444080641
1314542149996875777
1314542164823732225
1314542181416415232
1314542408248496133
1314542479367180289
1314542501395492866
1314542696850223116
1314542710943092736
1314542827439874049
1314543188024143872
1314543280206622720
1314543431071432706
1314543481604497408
1314543906340704257
1314543910207643649
1314544056740052992
1314544190861254664
1314544211874795520
1314544413687726081
1314544425402593280
1314544484772909058
1314544735986434049
1314544808577257475
1314544887224827907
1314544982984982529
1314545009451044872
1314545105320251392
1314545130662170626
1314545218037915649
1314545298304368640
1314545339966394370
1314545375479504896
1314545495445037056
1314545642287624192
1314545642144968706
1314545722654679040
1314545770201309184
1314545864896110592
1314545918205661184
1314545932059385857
1314546069712392192
1314546074414198786
1314546094928547841
1314546162435870723
1314546170212028418
1314546195977703426
1314546229951561730
1314546279335292929
1314546363871490048
1314546376370393089
1314546476614287361
1314546582419841024
1314546606981742593
1314546681971724289
1314546871336161281
1314546942639210499
1314546993012719619
1314547068132823041
1314547160419987456
1314547219496919040
1314547328032833542
1314547449810366464
1314547470140022786
1314547500129431552
1314547550242955264
1314547584346845185
1314547700961026048
1314547701468536832
1314547889142550529
1314547902224699396
1314548108093648897
1314548121683341314
1314548296954703872
1314548318236803073
1314548691613745153
1314548862976233472
1314548863521435649
1314548909268664321
1314549089443475462
1314549136331423744
1314549236638285824
1314549387461308417
1314549425797238784
1314549442188636161
1314549543409782785
1314549718677098502
1314549873866412033
1314550108680335360
1314550125344235520
1314550201185636352
1314550284677451777
1314550306126983168
1314550322388443136
1314550436335157249
1314550503322324999
1314550574054961153
1314550628677570561
1314550653692399617
1314550801323511808
1314550830847209473
1314550997725966336
1314551027266392066
1314551032182173703
1314430382109057024
1314430441278103552
1314430550585860098
1314430700502740993
1314430726171885570
1314430780974813184
1314431042938429440
1314431258848624640
1314431389685612545
1314431674608951300
1314431897037008899
1314431926669844480
1314432170270883840
1314432332875534336
1314432353754845189
1314432668914810881
1314432830991077376
1314433112659513345
1314433260378681345
1314433297808871425
1314433368721850368
1314433419653177346
1314433474414215168
1314433498774532096
1314433683722559493
1314433712646307840
1314433822000381952
1314433830955163648
1314433855202357248
1314433922965667847
1314433960701640704
1314434271612813312
1314434354047668225
1314434407130955776
1314434732210483201
1314434838154313728
1314434863458648064
1314435017813241856
1314435256573779973
1314435387121639426
1314435521427378178
1314435553694232577
1314435613215485952
1314435692471160832
1314436002690277377
1314436032742391808
1314436102078431232
1314436145661566976
1314436149214150657
1314436331183824897
1314436405289005057
1314436418006126592
1314436464088772608
1314436472825688065
1314436498851196928
1314436694909698048
1314436896945299458
1314437040633651200
1314437059608633344
1314437101962878987
1314437379046989824
1314437457824415745
1314437491974434816
1314437533346992128
1314437667992592384
1314438025141604353
1314438039230246913
1314438046369021952
1314438133740695553
1314438231795040256
1314438432278499328
1314438440688156672
1314438469976903680
1314438523639005184
1314438616366620673
1314438695609610240
1314438890371997699
1314439007275638784
1314439066059001856
1314439135550201857
1314439170471817216
1314439299929116672
1314439324486656000
1314439391633235968
1314439446520094720
1314439451591008256
1314439471245344769
1314439804357169152
1314439817225150464
1314439856995655680
1314439862192345104
1314439925522079744
1314440028857212928
1314440322697564161
1314440377890271232
1314440399348531200
1314440420680708096
1314440483884597249
1314440525139898368
1314440578483007495
1314440709777260544
1314440760427794443
1314440809660510208
1314440919568052224
1314440964421885952
1314441263320567808
1314441632041885698
1314441803588866049
1314441874464145408
1314441951467450369
1314441979409977344
1314442006685335554
1314442051338072065
1314442165301522432
1314442247912321025
1314442292179070976
1314442500178763777
1314442505270841344
1314442529098485760
1314442579908399105
1314442789631926272
1314442815359922178
1314443197335052289
1314443230688272384
1314443288418476032
1314443368831778817
1314443437257691136
1314443620171169792
1314443884068392960
1314443906000531458
1314444498374623232
1314444521300725760
1314444611318812672
1314444982422511621
1314445003733831680
1314445159740764163
1314520963875319808
1314520992476168192
1314521051674677248
1314521222986768384
1314521525073121280
1314521631407120385
1314521776928428032
1314522216890068992
1314522316886347776
1314522351535620097
1314522351996997632
1314522456711819265
1314522728473464833
1314522805006991360
1314522879417970688
1314522933826596864
1314522950251565056
1314523014319534080
1314523328372191232
1314523361435934721
1314523428578189312
1314523589559738368
1314523793507971072
1314523832984596480
1314524117954162688
1314524277253775361
1314524334732451840
1314524566811803649
1314524570242740224
1314524587422605313
1314524717890654208
1314524909066956800
1314524915127717888
1314525069553528833
1314525334029496320
1314525450253799424
1314525469157580800
1314525496793796608
1314525538904571904
1314525588812521472
1314525820036304898
1314526303807209473
1314526403233222659
1314526470149222400
1314526554559578112
1314526667071787008
1314526843698114560
1314526877172654081
1314526994412064769
1314527183973613571
1314527264089034754
1314527472386441216
1314527528166592513
1314527538983698435
1314527678805016576
1314527808857796608
1314527909382688768
1314527921818697731
1314527945961230336
1314528055835136000
1314528060708925440
1314528135719854081
1314528236601311232
1314528286920368131
1314528482727165953
1314528642597257222
1314528689711874048
1314528890426138624
1314528927986135042
1314528962203324416
1314529053416861697
1314529058252701696
1314529163286634496
1314529284636258305
1314529562303193088
1314529650282885126
1314529687536836609
1314529892491571200
1314529905384751107
1314529980748124161
1314530063296204801
1314530161224679424
1314530518369800192
1314530534085754880
1314530621989945346
1314530647826890759
1314530667808448512
1314530755956146176
1314530760238534657
1314530911556378624
1314530991189504002
1314531071070031873
1314531309973315584
1314531347835355136
1314531398682906625
1314531608125468673
1314531958672613376
1314531997906333696
1314532132291829760
1314532151602417664
1314532186498854913
1314532261929287680
1314532275527340032
1314532299753623552
1314532320603516930
1314532480960135170
1314532568432283648
1314532576758050816
1314532615005892609
1314532685558284290
1314532757998129153
1314532836725059585
1314532849287139328
1314533013036900363
1314533042791288835
1314533269518548993
1314533528747626497
1314533645907091456
1314533776324730880
1314533965164941313
1314534066134319107
1314534077760966657
1314534581299802112
1314534632638083073
1314534765949792256
1314534971172966401
1314535092929417216
1314535182444244995
1314535438305107968
1314535451110395904
1314535701250289666
1314535723412971521
1314535734615965696
1314535815633141766
1314535898009292800
1314535973972258816
1314535974517567490
1314535991076511747
1314536003886108673
1314536062258012161
1314506031347662848
1314506136700309505
1314506236625326081
1314506475482484736
1314506477734780928
1314506588313460736
1314506748175290369
1314506800448892934
1314506809676361728
1314507008784109569
1314507055819091969
1314507113532719104
1314507223062675457
1314507286363205634
1314507516328513537
1314507579247276032
1314507612201857025
1314507717147414528
1314507729352953857
1314507742435053568
1314507790090743809
1314508070081486848
1314508402672844806
1314508439066992640
1314508484654718981
1314508641073070080
1314508846971473920
1314509140048388096
1314509198642671617
1314509372144271360
1314509654853001216
1314509738349072385
1314509747022901248
1314509765305868288
1314509881479753728
1314509996491771905
1314510003374559232
1314510280429375488
1314510493088993280
1314510554334195712
1314510678447718402
1314510713415766016
1314510742868168704
1314510789009498112
1314510908777996288
1314511020497367040
1314511116442185729
1314511161061249030
1314511307123679233
1314511632215740416
1314511916480573441
1314511970012475393
1314512129035243526
1314512129698017284
1314512209607823361
1314512558041321472
1314512624843976705
1314512775792730113
1314512906134917120
1314513027497156608
1314513036984672262
1314513076545302528
1314513266731819008
1314513319139569664
1314513321840779264
1314513433472233473
1314513479731212289
1314513618763825152
1314513668307066880
1314513702423539717
1314513716021321728
1314513737798356992
1314513807524462594
1314513824180043777
1314513842416873472
1314514322748567553
1314514373252128768
1314514485504282624
1314514656258592768
1314514705650724864
1314514837112750080
1314514957812236288
1314515015442083841
1314515283357310978
1314515409681473536
1314515477335474177
1314515648194777089
1314515954940833792
1314516143529504768
1314516162345160704
1314516199158550534
1314516215235325954
1314516387457576966
1314516393128321025
1314516684254961666
1314516850512982016
1314516932641656832
1314517067446378498
1314517071380852736
1314517256890716160
1314517313803235328
1314517402995044352
1314517464244465668
1314517713868541952
1314517724421390338
1314517814590369792
1314517927123709952
1314518135953911808
1314518207684726784
1314518258922385411
1314518385313505280
1314518718945398785
1314518773551038465
1314518781457293312
1314518794191151111
1314518796946862080
1314518857198047232
1314518957735448582
1314518982616133632
1314519054758051840
1314519264888532994
1314519272400531456
1314519273528754182
1314519353413505026
1314519464973676546
1314519469020999682
1314519488188964866
1314519530543165441
1314519546624184321
1314519580941799424
1314519583081066504
1314519725305716736
1314519731383218176
1314519783933698049
1314519902267482117
1314520637193543680
1314520796044255233
1314520943113449474
1314445503770353665
1314445701405986816
1314445721991602177
1314445965911154688
1314446191271260160
1314446280932954112
1314446383286345728
1314446396720844801
1314446478484488193
1314446595128131585
1314446641093505024
1314446698090033153
1314446888020647936
1314446987417149440
1314447059445972992
1314447131533627392
1314447160138555394
1314447162416209920
1314447184557940736
1314447212219228161
1314447465815236610
1314447630433353728
1314447752357527553
1314447772074950656
1314447795529580544
1314447831151730690
1314447876722884610
1314447927218188288
1314448192721674240
1314448484683014145
1314448686085107712
1314448829588992002
1314448996312776707
1314448996782534656
1314449059323625472
1314449182019575811
1314449189812617216
1314449245718667267
1314449278270689282
1314449325737484288
1314449382306189313
1314449449289240577
1314449450153119745
1314449500853895168
1314449516762988545
1314449613261332481
1314449643410010113
1314449939703967744
1314450066216812544
1314450091961389056
1314450095232946176
1314450357926289408
1314450399668166656
1314450554425421824
1314450614026289152
1314450730389065729
1314451009683550210
1314451032810823681
1314451085109743617
1314451186196471808
1314451245206245377
1314451480540327936
1314451732043161600
1314451816835235841
1314451824137568256
1314451824770838528
1314451844383617024
1314452232021192704
1314452240120209409
1314452274249334784
1314452406688776192
1314452437936140288
1314452452800950274
1314452507788107777
1314452645977837568
1314452783811051520
1314452932281225216
1314452970365505536
1314453024048320512
1314453028242509824
1314453155623600129
1314453179770249216
1314453233897795585
1314453288696180736
1314453419822907392
1314453444913229824
1314453535111688195
1314453535434706949
1314453740951273472
1314453833439830016
1314453862057537536
1314453882928496640
1314454043029315584
1314454060611895297
1314454176735387648
1314454220339245057
1314454497268293634
1314454604478898176
1314454629460185088
1314454711173615616
1314454839569666051
1314454946155175936
1314455028007133185
1314455090531426305
1314455174879105024
1314455250435268610
1314455288737665025
1314455317225365505
1314455492131844099
1314455619819184128
1314455692166787072
1314455817853304832
1314455820927631360
1314456287606984707
1314456308121325568
1314456378501525505
1314456396453220352
1314456416988561409
1314456912608538631
1314457005260713986
1314457130074877952
1314457337197809664
1314457427895435266
1314457466285912065
1314457570569056256
1314457869681598464
1314457928305344512
1314457975633870858
1314458048207843328
1314458064809078789
1314458278433304576
1314458312146997248
1314458459337904128
1314458564774240256
1314458576316854272
1314458653127143424
1314458834707116034
1314458839404736512
1314459148034084865
1314459260344918016
1314459301868642305
1314459466318991360
1314459470638936064
1314459478494900224
1314459512267575297
1314459516398833664
1314459530546212865
1314459559113695232
1314459935351152640
1314460010471026688
1314460108102029312
1314460120521334784
1314460265497325568
1314460420107907072
1314460529134432258
1314460599686844418
1314460781233070082
1314460844542099457
1314460919720804352
1314461114848034816
1314461127296929792
1314461347460112384
1314461385309339648
1314461404649459713
1314461480280969216
1314461504696135681
1314461505069473792
1314461622988083200
1314461861748903937
1314461944544337921
1314462008700334080
1314462015864283136
1314462490944823298
1314462580547694594
1314462634230640645
1314462771610869761
1314463006567346176
1314463148754169861
1314463223786213376
1314463394909491201
1314463627643162624
1314463756592709632
1314463892488118272
1314464151259942912
1314464179982659586
1314464242763018241
1314464270021615622
1314464293471969281
1314464333900939272
1314464339076608000
1314464360169975808
1314464559646879744
1314464604563689472
1314464642681495552
1314464740614307840
1314464877872701440
1314464958185271296
1314465098115608577
1314465151098126336
1314465302319493122
1314465382153949184
1314465455357276160
1314465580053868546
1314465667689705472
1314465712719556608
1314465871289413632
1314465948779212802
1314466066085548033
1314466069994708992
1314466213158846464
1314466248751681536
1314466265180917795
1314466319459254273
1314466387318829058
1314466526053892096
1314466698137829376
1314466810641743872
1314466818589851649
1314466854841221121
1314467111192887296
1314467199415988224
1314467241006694403
1314467357142720512
1314467385982685184
1314467444476514305
1314467472922345473
1314467508854747138
1314467845711912960
1314467858651459584
1314468039665029120
1314468164328095746
1314468458126430208
1314468587684466688
1314468635075923981
1314468682131738625
1314468720396382208
1314468739019141120
1314468924742754305
1314468946314059776
1314468977272389632
1314469009342038016
1314469032989323264
1314469048441278467
1314469331321925637
1314469399257133056
1314469570825125889
1314469608414343168
1314469695353954304
1314469779764383745
1314469783933509634
1314469791751528448
1314469962447089665
1314470171764035586
1314470253699633152
1314470268014923776
1314470325543895040
1314470367243710464
1314470618226716672
1314470892546650112
1314471108091899906
1314471299083837442
1314471375956897793
1314471427484061696
1314471529883734016
1314471548170973185
1314471645176909824
1314471679465271298
1314471701456072705
1314472040359817216
1314472179841601537
1314472188246974464
1314472350579122182
1314472422037356546
1314472693895491585
1314472774396649472
1314472882936918018
1314472908559974403
1314472926306066432
1314472962934931458
1314472990487191553
1314473037832609792
1314473087274901504
1314473199707525121
1314473219978559488
1314473270134149120
1314473278795251712
1314473311292669952
1314473362077315072
1314473424245288961
1314473430297780224
1314473644521861121
1314473719314690048
1314473754890850304
1314473820527493121
1314473852437778432
1314474028091015168
1314474079248842753
1314474263492034560
1314474636311244800
1314474681353764866
1314474842402381824
1314475127002804226
1314475177087053827
1314475212763668481
1314475235379425280
1314475295207022593
1314475460416409600
1314490795463004161
1314490860541816833
1314490973402083328
1314491040632430594
1314491397303685120
1314491470523650050
1314491482049572864
1314491678544125952
1314491857049706496
1314491934220709888
1314492015309193228
1314492097018421253
1314492349213364224
1314492386995851264
1314492489374609408
1314492501475106818
1314492544420642816
1314492646736490496
1314492897069273090
1314492977998376961
1314492994779832320
1314493007706624001
1314493021338120198
1314493049574166528
1314493557454131202
1314493569563013121
1314493636596334592
1314493750110978048
1314494060292431872
1314494189397307392
1314494204538650627
1314494369936764928
1314494472936398851
1314494534152335360
1314494611818045444
1314494666209931264
1314494713370611713
1314494740252045313
1314494773789511680
1314494964353638400
1314495082532417537
1314495098575609857
1314495350653284352
1314495501488644096
1314495520447049728
1314495658968199168
1314495747006504960
1314495998618669060
1314496006319464448
1314496198468874242
1314496658055495680
1314496663688486913
1314496892504604672
1314497357166374921
1314497375738699776
1314497474783072256
1314497505682481153
1314497822583123969
1314498051671764994
1314498171935100928
1314498241866526720
1314498277241282563
1314498288025038848
1314498295251824640
1314498444044705797
1314498493956857856
1314498919619993600
1314499038918606850
1314499080735862785
1314499150092939264
1314499185190731777
1314499195487707136
1314499276345663488
1314499297468182528
1314499455232532481
1314499548602142722
1314499589349801984
1314499988429438976
1314500248644005888
1314500385084788739
1314500387945226240
1314500396161925122
1314500397428604928
1314500432484425729
1314500453816827904
1314500476646436864
1314500526504112128
1314500532430610435
1314500552743546887
1314500565620199424
1314500720201211904
1314500856860020736
1314500987890081792
1314501007003582464
1314501121432526853
1314501870790995968
1314501977603268609
1314502131974500353
1314502262115504133
1314502295271268352
1314502311700566017
1314502418051325952
1314502466747142145
1314502665250893824
1314503004851236864
1314503034928599041
1314503128394330112
1314503247986593796
1314503289866801155
1314503326550040577
1314503378190258181
1314503504023769091
1314503646680420352
1314503676292141057
1314503720374341632
1314503736522420224
1314503982782578688
1314504176865619970
1314504178354532353
1314504264400674816
1314504337046089728
1314504458253070339
1314504644131872769
1314504668853067779
1314504977247858693
1314505082851872768
1314505093073571841
1314505112816058368
1314505192897880066
1314505235486908416
1314505314746724353
1314505470330236928
1314505524814270465
1314505663100354560
1314505809892704257
1314505828070719489
1314505850581475328
1314566307367575558
1314566361402748929
1314566491568828419
1314566634196004869
1314566650809778176
1314566693457256449
1314566706505936905
1314566919366770691
1314566964694650882
1314567066037485569
1314567191296081921
1314567243389374466
1314567363963035655
1314567942705680385
1314568043914293248
1314568085903339521
1314568299280293893
1314568312421068800
1314568396336488448
1314568627463491586
1314568891054522374
1314568966447144960
1314569080322564096
1314569260539228160
1314569263936671747
1314569377463840770
1314569465397379072
1314569465758126080
1314569532728643589
1314569544745222144
1314569591503249408
1314569649829232642
1314569663091666946
1314569843161661440
1314569947901759498
1314570112154951680
1314570166357893131
1314570169948221440
1314570204500955137
1314570510160674816
1314570791548325890
1314570820136599552
1314570921110274050
1314570996305649669
1314571088865693697
1314571165348765696
1314571324006653952
1314571491103649794
1314571562708733953
1314571672347910144
1314571713410031618
1314571747866349571
1314571755319590913
1314571823389048833
1314571957019570177
1314572028305866753
1314572053375258624
1314572225211559936
1314572263300239360
1314572376227688449
1314572472914649088
1314572544570081281
1314572627139153920
1314572636605812738
1314572749944299523
1314572833603846145
1314572959139459078
1314573089028489219
1314573328456261632
1314573466973081601
1314573483251097602
1314573592949071872
1314573601140547584
1314573760792539136
1314573911166783490
1314574045468413954
1314574133649235969
1314574180063629314
1314574188401823744
1314574415292588039
1314574469067927552
1314574691772829703
1314574792515825667
1314574825990557696
1314574893141295107
1314574951723171845
1314574980684935168
1314575022942564352
1314575043817615360
1314575123631013890
1314575166207389696
1314575195198443520
1314575198826500096
1314575333367132160
1314575505027477511
1314575505430020096
1314575581082779648
1314575689660731392
1314575883198398468
1314575958368825346
1314576080414617600
1314576197783818241
1314576444962545664
1314576474674954242
1314576541607755779
1314578176891289601
1314578222860906496
1314578294499573760
1314578361293864962
1314578391241166854
1314578437135380480
1314578495629004800
1314578504013344770
1314578688655097856
1314578760386195461
1314578869832355843
1314578890107494400
1314578923569778689
1314578970181079040
1314578986513686530
1314579385496875011
1314579573556875267
1314579620759437313
1314579829858144256
1314579892743270400
1314579900981018625
1314580027007102978
1314580114642935809
1314580215729844226
1314580341458456577
1314580366670397440
1314580391672582146
1314580433712095233
1314580555338600449
1314580576754708480
1314580718517923842
1314580727686672391
1314580937548668934
1314580973221183488
1314580999708311552
1314581120638496768
1314581204990152704
1314581285122330625
1314581285654818816
1314475811836223488
1314475919646613504
1314475971655938053
1314476122474573825
1314476246890426369
1314476278209146880
1314476295980560385
1314476453908688896
1314476497479098369
1314476617167708161
1314476915449901056
1314477132127629312
1314477327875739649
1314477435740663809
1314477815375507457
1314477821008343041
1314477867313573890
1314477936926367745
1314477970841432065
1314478054497030144
1314478496664567808
1314478523646574592
1314478572229267457
1314478729935179776
1314478741050064896
1314478783471124480
1314478804509704192
1314478941340676100
1314478985250656259
1314479026526855169
1314479077768790017
1314479171247144967
1314479197096558592
1314480076625309697
1314480098393849857
1314480160301817856
1314480188776906752
1314480318884261888
1314480319244857344
1314480351394308096
1314480400371265536
1314480430406664193
1314480581040771073
1314480584622845952
1314480592881319937
1314480695511715840
1314480981890543616
1314481181212237824
1314481296861794305
1314481366990499840
1314481367707783168
1314481571391397888
1314481625518882816
1314481769203273728
1314481827298660352
1314481974896136192
1314481983632936960
1314482116856610817
1314482277515235328
1314482301191942144
1314482311702999040
1314482320716386304
1314482360231112705
1314482370943365120
1314482560790134785
1314482763286929408
1314482934288539655
1314483057764823040
1314483084671234049
1314483120477855744
1314483261331042306
1314483481385283586
1314483594056826885
1314483619633733633
1314483638893854723
1314483819945299969
1314483925264273408
1314483989571342336
1314484198443544576
1314484380014972928
1314484442476482560
1314484508725518336
1314484674849316864
1314485048738041856
1314485056656809984
1314485095076683776
1314485192002875393
1314485354406318080
1314485386337550337
1314485442260148224
1314485450720063488
1314485515341557760
1314485517971599360
1314485564893208578
1314485689904398338
1314485903432220675
1314486183318228994
1314486325966495744
1314486392999862272
1314486452349284352
1314486526990938112
1314486812174356481
1314486849620992001
1314486874224816128
1314487041065771010
1314487183122759680
1314487289888813056
1314487294741499904
1314487386731171841
1314487522366554113
1314487525906341893
1314487558651478017
1314487673885585408
1314487721683943424
1314487788583165952
1314487795461824512
1314487950424576003
1314487967055052800
1314488068368457728
1314488078392676356
1314488205362655232
1314488228741775360
1314488576684560384
1314488579889016832
1314488728216170496
1314488743513010181
1314488899889033218
1314489169595584518
1314489273014317056
1314489285404393472
1314489293642047488
1314489482029289472
1314489623909986306
1314489909248290816
1314489933583781890
1314490007026118656
1314490053805182976
1314490067549732869
1314490531142082560
1314490646259003393
1314490694178951168