1314717285035266049
1314717285354012672
1314717398503624705
1314717453918900227
1314717499712319489
1314717518884491265
1314717654372900865
1314717663046836224
1314717705178619904
1314717767917088768
1314717809553760257
1314717846010826752
1314717906165551105
1314718069369958400
1314718075812544513
1314718140874530827
1314718233941946368
1314718356734439426
1314718468072243205
1314718480457924609
1314718544270163968
1314718560426614786
1314718577417744384
1314718596052942850
1314718881949261824
1314718942175416322
1314719109687447552
1314719139936829440
1314719143778750468
1314719164406300675
1314719222472286208
1314719328114221056
1314719428731441152
1314719527205101569
1314719546779922434
1314719559501324288
1314719621581340673
1314719675922747392
1314719818684207106
1314719944169357312
1314720010598854658
1314720060049518594
1314720121005498368
1314720187271254016
1314720191436128257
1314720196658171904
1314720347388813317
1314720397703733248
1314720523167961091
1314720608467312640
1314720615480217602
1314720670857809921
1314720682245324800
1314720683054845952
1314720687286751234
1314720758141267970
1314720817142398977
1314721011397472257
1314721075268378625
1314721106897625088
1314721173385760775
1314721193778393091
1314721248652320768
1314721298870927360
1314721475312705542
1314721492144455682
1314721535232360448
1314721580182843392
1314721764606464000
1314721995234385921
1314722051966541825
1314722108686118912
1314722117984886785
1314722289024409601
1314722309832347650
1314722331013656576
1314722335421800451
1314722364429529089
1314722414769602560
1314722553932378113
1314722641618575371
1314722817691312130
1314722910259609600
1314722955994247169
1314723073690460160
1314723153361412097
1314723165776474112
1314723179005313025
1314723203168825344
1314723401597026304
1314723434157535233
1314723501060710400
1314723501173993472
1314723812521410561
1314723820046094336
1314723878569156608
1314723906813530113
1314723941555089409
1314723942268055553
1314724195687895041
1314724254613557248
1314724269553745921
1314724369797582849
1314724395139706880
1314724487133364225
1314724612614221824
1314724629190258688
1314724831208894464
1314724885399326720
1314724965070012417
1314725099224915969
1314725170863632384
1314725217021829122
1314725322395447297
1314725540620759041
1314725564754857985
1314725644429910017
1314725690810396673
1314725774730104832
1314725863250948096
1314726009372114944
1314726167312846848
1314726294026776577
1314726347495731200
1314726487778451457
1314726582859304961
1314726584105000961
1314726630598746116
1314726668188225536
1314726765529624578
1314726776891990016
1314726848140644353
1314726966071906304
1314727087538925569
1314727137472131072
1314727190127276032
1314727255348703232
1314727277029199874
1314727438669287424
1314727473720983557
1314727491240693760
1314727544592138248
1314727561839226880
1314727594907054081
1314727617392713731
1314727716868956160
1314727737475698688
1314727830568263682
1314727859332603904
1314727986202120195
1314728014333325319
1314728098521374722
1314728282663731201
1314728312661516302
1314728346350243847
1314728358660378630
1314728399953330178
1314728404135051264
1314728465900265474
1314728500935512064
1314728509126909954
1314728602001379328
1314728609618096129
1314728639603396612
1314728672893571073
1314728697983795202
1314728825570430976
1314728861804838914
1314728882440941571
1314729013341020162
1314729067330056193
1314729109524799488
1314729121931460610
1314729206136205313
1314729264177123329
1314729356091166720
1314729419060191241
1314729432746164224
1314729538417459201
1314729549754703878
1314729603655663617
1314729621317844993
1314729639949012992
1314729700921663488
1314729713374560256
1314730065956155392
1314730094858924032
1314730128300224512
1314730140971212800
1314730165759553541
1314730337759637504
1314730514197155843
1314730522350821379
1314730560418439173
1314730581415034880
1314731042301972481
1314731055337943040
1314731151295119361
1314731219498807300
1314731333684547584
1314731446032986112
1314731521505480705
1314731608511934464
1314731626283192321
1314731868948959232
1314731907280703489
1314732108515024898
1314732158091755520
1314732170829795328
1314732246113243136
1314732310030249984
1314732482013650944
1314732498476249090
1314732528427819008
1314732598938095617
1314732654982582279
1314732783487594496
1314732824994500613
1314732988870144002
1314732988962349056
1314733013914222593
1314733056159170560
1314733101717827584
1314733199273189376
1314733216092377089
1314733368916008969
1314733613670424580
1314733651318448134
1314733853131436033
1314733915500806144
1314733964754591747
1314733986774614016
1314734012645203968
1314734067108241408
1314734133545926662
1314734213489463296
1314734230920982529
1314734280321437697
1314734473406078976
1314734507388555264
1314734569812373505
1314734618101329920
1314734910641328129
1314735136907259905
1314735148668157952
1314735249373290497
1314735312736792577
1314735361680171008
1314735433977417730
1314735434627514368
1314735471990374402
1314735563828854785
1314735698969333760
1314735739192643585
1314735757320491008
1314735925281386496
1314736203841835009
1314736222384861184
1314736226445000706
1314736260037013504
1314736336541298688
1314736504355209217
1314736516011307010
1314736686388011009
1314736743011278852
1314736872934068224
1314736944744722432
1314736957247950848
1314736990303248385
1314737023677325312
1314737044346728448
1314737073858007042
1314737145886707712
1314737154325647363
1314737229428936704
1314737275629166592
1314737361461415937
1314737438334562304
1314737455774531584
1314737548267319296
1314737619696267266
1314737908839059456
1314737933946023936
1314738115022553089
1314738324435685377
1314738397110566913
1314738415976341504
1314738554313093124
1314738576517668866
1314738588672614400
1314738593244479490
1314738621543575552
1314738621958828032
1314738637897170944
1314738684521054210
1314738685078798336
1314738889630810112
1314738903262298113
1314738912175288320
1314739217499529217
1314739356314357767
1314739406025228290
1314739452573560832
1314739616470032384
1314739633134153728
1314739704378654722
1314739724410671104
1314739741577936899
1314739741825220613
1314739925821120513
1314739947769823232
1314739989314523136
1314740057060900867
1314740198551556096
1314740215987105793
1314740308328943616
1314740412481826816
1314740459185422336
1314740865676443649
1314740993435095040
1314741151287717896
1314741507430195204
1314741595368022023
1314741696001986560
1314741713550938113
1314741822330155010
1314741845973323776
1314741947526008832
1314741961916641280
1314741995194245122
1314742132612173824
1314742309322395653
1314742316872216578
1314742505766699009
1314742870327386112
1314742874626551808
1314742912530472961
1314742946609070080
1314743041194897409
1314743239715430400
1314743377833816065
1314743533308346368
1314743578741088256
1314743621736951808
1314743696466702339
1314743718520315906
1314743837634551808
1314743938767630336
1314743956639539205
1314743990520930306
1314743995415719936
1314744001090772994
1314744095886192642
1314744329798389760
1314744409607479297
1314744573764173825
1314744607146749952
1314744646850015233
1314744678395326464
1314744774482702337
1314744841558003716
1314744929701294080
1314744963318513664
1314744992708132869
1314745093832634368
1314745215140474882
1314745241833025541
1314745343981031424
1314745462465888261
1314745576072908800
1314745706779938819
1314745953266565120
1314746016588075008
1314746020035735553
1314746090210709515
1314746121063936001
1314746213107933185
1314746360386658306
1314746423687045121
1314746553270063109
1314746696384081921
1314746734296412162
1314746800599789569
1314746847253221377
1314746895462543368
1314746943365677058
1314746981454155780
1314747021413298177
1314747140074164224
1314747156822188035
1314747421902213120
1314747467397836800
1314747618153684997
1314747671727534083
1314747702706610177
1314747757727567877
1314747832386105349
1314748043107893248
1314748156265918464
1314748213803528192
1314748265556897792
1314748344628109313
1314748356602855424
1314748428161875968
1314748453768105985
1314748457492475905
1314748742264852480
1314748754994569221
1314748806450294786
1314748834787057666
1314748880844619777
1314749754090242048
1314749757278089217
1314749779012976642
1314750017748434945
1314750152255705089
1314750181909368837
1314750194001608704
1314750231859408899
1314750454010572800
1314750475137216512
1314750504514154497
1314750516979793920
1314750839953731584
1314751083605110784
1314751117071441927
1314751154144804864
1314751192497614848
1314751397418672128
1314751460685602818
1314751636468891649
1314751741943054336
1314751911669555201
1314752013830361090
1314752072663937025
1314752093551431680
1314752098152583168
1314752115177381892
1314752173213769729
1314752258056187904
1314752324406071297
1314752346040291335
1314752487937671170
1314752518140952581
1314752533387042816
1314752744197099522
1314752760462667783
1314752765365678080
1314752899591921665
1314752970039402496
1314753017342832641
1314753075974934535
1314753139128504320
1314753159575859200
1314753520151728129
1314753579090087936
1314753717401509890
1314753725492273152
1314753767221334016
1314754078640148480
1314754186823729154
1314754196285997060
1314754216347435008
1314754257871089664
1314754598037528576
1314754619936038912
1314754627577864198
1314754635505205249
1314754745136013314
1314754756989145089
1314754778170363905
1314754899696115714
1314754967803133954
1314755037852303360
1314755059306070016
1314755063701676032
1314755076360032256
1314755079891832838
1314755176041910272
1314755267377221633
1314755298494746625
1314755416350494720
1314755472503828486
1314755511766581248
1314755571237769216
1314755789211410433
1314756107521359872
1314756129017204736
1314756133953826817
1314756280754434049
1314756565631631360
1314756581255458823
1314756799883407360
1314756984126820353
1314756984307019776
1314757051403431938
1314757328680484866
1314757388159856640
1314757412419784707
1314757471102218240
1314757495957590016
1314757508251090944
1314757609862377476
1314757734743642112
1314758226823577605
1314758268812701696
1314758299494092800
1314758327054864389
1314758423309942786
1314758456310673414
1314758540246958081
1314758583108530176
1314758658648150017
1314758817025060865
1314758842266386432
1314758850562592768
1314758859785932800
1314758967374090242
1314758968493912065
1314759035741237249
1314759111628795904
1314759116036861953
1314759165521342464
1314759269988802560
1314759308815462400
1314759471483088896
1314759498817589248
1314759605658873856
1314759639964082177
1314759652744196096
1314759659916419072
1314759668603015170
1314759735653085184
1314759770377682946
1314759806847156224
1314759879458873344
1314760042348978181
1314760096245784576
1314760230585217026
1314760260851294208
1314760444775628800
1314760918455078913
1314760948733939717
1314761158247608320
1314761173775134726
1314761308563148805
1314761316767272961
1314761363391217665
1314761367274938369
1314761368071929861
1314761387860807681
1314761388342996992
1314761472631869440
1314761524238413825
1314761611610066944
1314761623031119873
1314761737007173632
1314761829436932096
1314761912953892864
1314762088875618304
1314762102104641537
1314762172858134528
1314762173764317187
1314762198619688960
1314762240445370370
1314762256798953482
1314762311194865665
1314762346120851456
1314762426793881602
1314762429293826050
1314762520406749185
1314762643366907905
1314762776494055424
1314763011320688640
1314763045504077824
1314763053318246400
1314763155181129729
1314763246667067392
1314763300949950464
1314763384647229440
1314763393753022464
1314763410509242375
1314763674066665473
1314763750398984195
1314763884671242240
1314763888991309825
1314763967575842817
1314764081677496320
1314764170110341123
1314764304063893504
1314764622386388992
1314764740623847424
1314764834144047104
1314764885658488832
1314764886912774145
1314764974787567616
1314764982811148288
1314765020694286336
1314765080790290432
1314765159928418304
1314765201502281728
1314765209274388481
1314765322826797057
1314765507103469569
1314765574652792832
1314765742118711297
1314765839640346624
1314765843415220224
1314765877305376769
1314765963955302400
1314766069014425600
1314766069886783488
1314766070238990336
1314766388225957888
1314766538885468160
1314766720389832707
1314766811657695232
1314766828720316416
1314767193469407232
1314767205351878656
1314767247890681861
1314767268501434368
1314767271336779776
1314767319017631744
1314767365725474817
1314767495480389633
1314767549700214784
1314767931990040582
1314767968954454023
1314768234168500224
1314768246206271488
1314768285129293824
1314768310253355015
1314768342633177088
1314768373243232256
1314768426817196033
1314768570346164224
1314768611429543936
1314768753276719105
1314768758221737984
1314768765943341056
1314768951201746945
1314769052204560384
1314769114347569152
1314769341938913280
1314769353980739584
1314769395475001345
1314769483160977409
1314769488391352322
1314769492505960448
1314769550152433667
1314769635531685889
1314769643270221824
1314769768466075648
1314769840507215873
1314769852775763969
1314770041477296129
1314770142237138949
1314770172167647232
1314770192317128705
1314770284281499649
1314770301792784384
1314770561688625152
1314770587286269952
1314770633247596544
1314770680106213377
1314770687710711814
1314770924751802369
1314770926278447104
1314770985153896449
1314771075297873926
1314771085968236546
1314771195175342081
1314771308022951936
1314771345494945792
1314771471676387328
1314771513770418182
1314771714442657794
1314771731303800832
1314771770214318080
1314771787654201348
1314771832424235008
1314771870500237312
1314771890620297217
1314771891366756354
1314771982924292096
1314772021801365504
1314772026083758084
1314772146716061696
1314772398080655360
1314772470705147904
1314772609503055872
1314772834384666628
1314772864701169669
1314772935702347776
1314772944216895488
1314773069848809475
1314773082410643457
1314773108386148352
1314773150014423041
1314773224576622596
1314773263038517250
1314773342482767874
1314773437483814914
1314773543574437889
1314773627691323396
1314773665699987457
1314773724550184960
1314773791688527880
1314773826799054848
1314774017094619136
1314774060145012736
1314774093904961541
1314774336763359232
1314774352882208768
1314774579743686661
1314774714833924097
1314774760769884162
1314774869163167745
1314774882069229568
1314775247397236736
1314775255643312128
1314775279487856640
1314775482022453255
1314775516008898562
1314775520001875968
1314775606937161729
1314775625098555395
1314775632941899778
1314775691024650240
1314775826362060800
1314775859178270721
1314775922399215616
1314776109364502528
1314776199659364352
1314776357935685633
1314776371416182786
1314776504635666432
1314776551532244992
1314776710139740160
1314776760475623424
1314776769300500480
1314776785410646016
1314776996409270272
1314776999915745280
1314777067318247425
1314777134901100545
1314777167373500416
1314777335720157185
1314777451529220096
1314777513109983232
1314777516591243265
1314989190057254912
1314989197627813888
1314989214887489541
1314989218842714116
1314989257602273286
1314989324773990401
1314989337084215296
1314989403161399296
1314989457465135105
1314989512548913153
1314989600813744128
1314989609697325058
1314989621873442816
1314989642060648448
1314989768095141888
1314989797891608586
1314989856418795522
1314989927747051520
1314990108387540993
1314990230357893120
1314990263060713474
1314990367847133188
1314990434842808322
1314990640833335297
1314990662950023170
1314990758399807490
1314990761973354500
1314990888926543872
1314991152165158913
1314991396772864000
1314991453660090368
1314991476204474369
1314991513756147713
1314991537986576384
1314991597008957446
1314991970851459073
1314992025973010435
1314992049658236934
1314992077894086662
1314992187906519040
1314992245955723265
1314992310409715713
1314992427627941890
1314992499086127104
1314992552689504261
1314992575116386309
1314992649527533576
1314992839076401157
1314992909893029888
1314993232829386752
1314993253633024001
1314993278849171456
1314993283140128768
1314993493400576001
1314993538657067008
1314993660535033856
1314993706513190915
1314993715337863169
1314993740239573000
1314993742797959168
1314993837274812417
1314993950575325184
1314994046692139009
1314994289739550720
1314994462440001542
1314994478353055745
1314994495407247360
1314994588201828352
1314994596921843712
1314994672406802432
1314994729935876096
1314994772617113609
1314994881702572033
1314994935792361472
1314994998736289792
1314995111911194625
1314995125060333568
1314995665982967808
1314995782831886336
1314996014269583361
1314996089712513024
1314996122503573506
1314996123052933120
1314996214010609665
1314996236022280192
1314996311914053632
1314996445745905664
1314996483859509248
1314996487647039488
1314996526016495616
1314996529632030722
1314996714349174786
1314996760704544768
1314996777842552832
1314996777825832960
1314996810453266433
1314996844397813761
1314996894305665025
1314996919522021377
1314996994817941504
1314996998496346113
1314997095812739074
1314997306022866945
1314997376537571332
1314997469147656192
1314997509777915905
1314997829782233089
1314997837726453760
1314997875752005633
1314997901039267840
1314997997684490240
1314998065217052678
1314998169269415936
1314998293865402369
1314998572862132226
1314998760620077056
1314998848952049666
1314998949615333376
1314998991549988870
1314999180285415424
1314999214720589825
1314999439052824576
1314999553477705728
1314999569256677379
1314999659178332161
1314999767777325058
1314999780054102018
1314999809569243136
1314999826476654593
1314999930617036800
1315000044458778630
1315000128290336768
1315000140730564608
1315000220820754432
1315000237791088643
1315000295215243267
1315000347027533827
1315000401058553856
1315000442737262595
1315000442892349441
1315000539688640512
1315000640569999362
1315000673684148226
1315000790692638720
1315000826784514048
1315000880412979200
1315001150999937024
1315001156423299075
1315001193412939777
1315001382626381825
1315001391102873601
1315001432907673600
1315001453732335624
1315001566861107201
1315001617201065984
1315001670296764417
1315001673211936768
1315001763712425984
1315002003219722241
1315002070827585537
1315002100129112066
1315002120228175873
1315002170685583361
1315002250499026944
1315002254513131522
1315002392354660352
1315002410151051264
1315002422520094725
1315002548277964802
1315002590740897792
1315002627835531265
1315002632159801346
1315002695569281024
1315002720177270789
1315002783028797440
1315002833473884160
1315002884103254016
1315002925542830080
1315002942441873408
1315003093206142976
1315003178174144513
1315003215642087424
1315003340846174217
1315003424837038080
1315003442163789824
1315003672187863042
1315003701669617666
1315003706790690816
1315003706795085825
1315003719289917440
1315003818904555521
1315003839859306496
1315003898638278657
1315003936449986560
1315003979273650176
1315004049666666496
1315004096546582530
1315034400028004353
1315034517329989632
1315034538314260483
1315034554873401346
1315034664491339776
1315034676487168000
1315034832422887424
1315034844867379200
1315034848952750082
1315034857966391297
1315034887020142592
1315034936513048576
1315034979072716800
1315035038157807624
1315035256240566272
1315035364638232577
1315035578468102157
1315035614190936069
1315035688132198400
1315035708256653314
1315035725708980224
1315035729823580160
1315035741928464386
1315035834740072449
1315035990566735872
1315036040399327233
1315036069495271424
1315036095533461505
1315036158586486788
1315036232934731776
1315036241306554369
1315036396546072578
1315036397078802433
1315036451239731200
1315036488791449601
1315036501022044162
1315036589613961216
1315036757486899200
1315036833168920579
1315036845487648775
1315036917432569857
1315036975439572993
1315036988819595268
1315037012848709634
1315037084017733633
1315037084067880960
1315037101042413574
1315037151529181185
1315037231585787904
1315037251760513024
1315037385994969091
1315037411949178882
1315037701289238531
1315037764308566017
1315037766749650945
1315038195902541824
1315038338001317889
1315038401423380480
1315038434965164032
1315038648618885120
1315038745234726916
1315038833012928514
1315038871655247873
1315038979805200384
1315039055554506753
1315039072814092290
1315039194549555206
1315039282793381888
1315039403471974405
1315039529334706176
1315039555356168192
1315039596246372354
1315039621563265025
1315039743730688008
1315040058265743363
1315040066037833729
1315040107838296065
1315040158950006786
1315040204869296132
1315040209134850052
1315040229577895937
1315040352580104193
1315040665886167041
1315040821247385600
1315041022884409345
1315041118988324865
1315041156829511681
1315041378796175360
1315041627044446210
1315041681335410688
1315041743969148928
1315041786461593600
1315041924940730369
1315041932582834176
1315041970981466113
1315042139227607040
1315042142805536774
1315042184547258368
1315042251765096448
1315042377128529920
1315042465364180996
1315042549925437440
1315042688190750720
1315042825126383616
1315042864083030016
1315042911029878784
1315042918420357125
1315043308930953216
1315043355181502464
1315043372059459587
1315043376035758080
1315043459858792448
1315043501499801600
1315043510278594573
1315043614863626241
1315043618827243522
1315043685919346689
1315043698946826240
1315043783520776192
1315043820132691968
1315043900357255173
1315044193044107264
1315044319749955586
1315044344835997698
1315044348808114179
1315044470774259713
1315044823921950720
1315044854758436865
1315044918822350848
1315045229578326020
1315045355453636609
1315045493878198272
1315045586446561280
1315045586597490689
1315045594201718785
1315045892483944448
1315045909131132928
1315045938436730882
1315046088588488704
1315046220293791744
1315046462644862976
1315046466847600640
1315046518450257922
1315047100392992768
1315047934778576901
1315047958950285313
1315047996363550720
1315048006593503234
1315048031461478401
1315048056866451466
1315048112025743361
1315048249204641792
1315048316330221568
1315048416087597058
1315048488195911681
1315048606064312320
1315048643536224258
1315048710934536194
1315048802756300800
1315048916308680706
1315049026069430273
1315049247595790336
1315049289647828992
1315049360611213312
1315004234530660352
1315004272929628160
1315004398217560065
1315004520179658755
1315004716707913729
1315004792079515650
1315004847230382081
1315004859909898240
1315004889412632576
1315005035781263360
1315005069687840768
1315005190660075520
1315005232510906368
1315005744694009856
1315005799689850886
1315005912780857345
1315006012592619520
1315006054883684352
1315006084537610248
1315006202296885251
1315006316054818816
1315006332450205696
1315006357549051905
1315006470031912962
1315006548549218305
1315006642505695232
1315006686374096896
1315006696755003394
1315006818360406023
1315006956986404869
1315006977924313089
1315007015215927297
1315007032668360705
1315007116608897024
1315007433144700929
1315007434600124416
1315007447183036416
1315007460080447488
1315007489470013444
1315007563700809730
1315007620479102977
1315007660929028098
1315007816114077697
1315007895977639936
1315007921911140354
1315008025988493312
1315008311222296577
1315008349306458112
1315008357200211968
1315008523546181637
1315008562733576194
1315008639422267392
1315008722519969798
1315008781642657794
1315008810097020932
1315008873237897216
1315008898378727426
1315009066477944834
1315009175290814466
1315009368367280130
1315009377351413765
1315009519123132416
1315009540832796680
1315009566204076032
1315009691991375878
1315009704297463808
1315009787441164290
1315009959847960577
1315010006161350656
1315010034955296775
1315010187011342336
1315010249116483586
1315010345308569601
1315010412799115360
1315010522182451200
1315010525496041472
1315010543137288192
1315010571704692737
1315010644001853448
1315010762834948097
1315010773660446721
1315010874017378305
1315011038069297152
1315011125814140931
1315011322560487430
1315011345448939522
1315011360879767553
1315011430308024320
1315011441120878592
1315011525829185536
1315011650190270467
1315011779781693441
1315011801692676104
1315011821372309505
1315011846865391616
1315011876573646848
1315011889756344322
1315012040747081728
1315012329780719625
1315012430213378088
1315012528590794754
1315012642965053440
1315012698724335616
1315012983571968000
1315013051624697856
1315013137234628610
1315013332429045764
1315013361285955587
1315013626068176896
1315013650747330560
1315013739054354435
1315013956482732032
1315014027974791176
1315014157872267267
1315014712355172353
1315014720022212610
1315014736778539008
1315014837970366464
1315014901027536897
1315014955414953984
1315015043109384192
1315015710796464130
1315015710993678338
1315015718555934721
1315015936290762753
1315016041479770119
1315016083829518336
1315016137994833922
1315016343754686464
1315016369201651713
1315016423434063875
1315016712857714689
1315016788283928576
1315016846924558336
1315016847389978625
1315016867875090432
1315016922249920512
1315017048699924484
1315017190714867713
1315017228337598464
1315017241168023552
1315017265952296960
1315017485003808769
1315017943386861573
1315018041302843396
1315018079563247617
1315018213776928769
1315018336284020736
1315018394601570304
1315018561560039424
1315018624390836224
1315018629705019392
1315018780700012549
1315018813788884995
1315019015455154176
1314777675668484096
1314777691984482304
1314777705414623234
1314777808854552576
1314777885765496834
1314777919152103425
1314777939163009024
1314777985220661248
1314778071233228800
1314778121741176832
1314778375240577024
1314778422749491201
1314778526747447296
1314778601502449665
1314778611879215104
1314778614768889856
1314778695656108032
1314778749569658883
1314778791567261696
1314778807438458880
1314778913646628864
1314779005262819329
1314779065010868225
1314779073680375808
1314779293852012545
1314779503500156928
1314779567593345024
1314779738515427328
1314779886381195267
1314779940450119680
1314779973496958982
1314780069873807361
1314780205060435968
1314780250639863808
1314780275927404546
1314780373084184578
1314780534904696832
1314780627661582336
1314780652705853440
1314780889122058240
1314780954603352069
1314781082575929344
1314781084643717120
1314781115127934976
1314781185365536769
1314781485036167168
1314781543173423104
1314781583514259456
1314781607430180866
1314781692830380032
1314781781040656385
1314781876968583168
1314781983688609796
1314781986574213125
1314782024331264000
1314782024645963776
1314782070640701440
1314782142594002944
1314782209941868544
1314782318259773441
1314782406411313152
1314782453249323008
1314782613240938498
1314782636578021376
1314782637186146304
1314782675018768384
1314782762780549120
1314782810230657024
1314782897149218817
1314782905705562113
1314782918099648513
1314783124673318912
1314783165634945024
1314783204230922240
1314783208236556290
1314783353095163905
1314783376151207937
1314783396728627200
1314783463703224320
1314783496230010880
1314783543709650944
1314783586394857472
1314783596968923136
1314783640052625409
1314784005900828672
1314784130459004929
1314784131306467331
1314784403436957696
1314784416334520320
1314784461137928192
1314784731062513670
1314784757490880517
1314784817536327682
1314784855591354370
1314784868824494081
1314784886285193216
1314784952538595333
1314784972134203392
1314784989825826817
1314785032884674560
1314785074001436674
1314785091923726337
1314785099825717248
1314785204825927680
1314785287973806080
1314785479837982720
1314785486427303936
1314785584137805825
1314785589867155456
1314785599363186688
1314785703566487553
1314785799469137921
1314785962535186432
1314786008743972864
1314786198301351936
1314786429487153153
1314786487054012417
1314786626284007424
1314786717849841665
1314786769322283009
1314786897932156928
1314786956702777344
1314787029188739072
1314787045127213056
1314787166292185088
1314787451731283968
1314787523059568640
1314787556500930560
1314787646812676096
1314787654685339648
1314787682418130945
1314787879709806597
1314787926589440000
1314787984387059712
1314788069137100801
1314788090033119233
1314788110996307969
1314788139538378753
1314788199990951937
1314788283554000897
1314788316739448832
1314788342920224768
1314788437267034113
1314788518170898433
1314788593970434048
1314788757586010112
1314788803396218880
1314788861113843712
1314788909344190464
1314788912208908295
1314789041284542465
1314789201330802688
1314789290077904896
1314789479811616768
1314789490557411329
1314789537088897025
1314789808741519360
1314789826525237248
1314789906233860096
1314789999582351361
1314790304512454656
1314790421936054273
1314790455784230913
1314790502714269696
1314790534280409089
1314790576374648832
1314790591125831680
1314790720679469056
1314790903932833793
1314791000125181954
1314791118450688000
1314791283433635840
1314791529844801536
1314791630491258880
1314791700460531718
1314791889607024642
1314791927665975296
1314791947773661185
1314792103298445318
1314792137884676096
1314792266972758016
1314792276212805638
1314792363215200256
1314792394236329987
1314792637849833472
1314792649560223744
1314792676227719170
1314792741763678210
1315064729073836035
1315064766591795201
1315064825559633920
1315064904739483648
1315064976504225793
1315065022834503680
1315065173414215680
1315065173581991944
1315065253680611329
1315065731621384193
1315065748302319621
1315065815461486595
1315066054754869250
1315066264449101824
1315066331868274688
1315066444644663296
1315066480073961477
1315066499388891136
1315066641521278976
1315066804805365760
1315067006291456001
1315067107457986560
1315067275481931779
1315067303936045058
1315067656593125377
1315067665589755904
1315067689937891328
1315067926131568640
1315068138699083778
1315068214347329538
1315068264914051074
1315068289983315971
1315068361370415104
1315068429108310016
1315068520556879873
1315068528957878272
1315068533366304769
1315068633727598593
1315068970119000064
1315069149803163648
1315069250760060928
1315069279239315456
1315069291977347072
1315069324470751232
1315069380087156739
1315069383182626819
1315069498626576386
1315069619552636929
1315069645334941697
1315069770060886016
1315069812511592448
1315069854735577094
1315069949304434688
1315069954920677377
1315070081563602944
1315070210747949056
1315070223398121473
1315070269208375297
1315070370232373248
1315070546808373254
1315070777079877632
1315070907350618113
1315070911729610753
1315070932768169984
1315071032726822912
1315071215946665987
1315071351053459456
1315071418955169792
1315071439733690374
1315071465230827520
1315071536781385728
1315071557643968513
1315071577973809153
1315071582793068551
1315071624555757570
1315071695997202432
1315071880739598341
1315071980840923143
1315071989892222979
1315072195798933506
1315072215164104706
1315072279290748930
1315072355421614080
1315072395921616896
1315072559617052673
1315072664432709634
1315072815444439040
1315072849783201792
1315072917126942721
1315073034047369216
1315073202213842946
1315073252163682304
1315073541973307394
1315073603701010432
1315073625200959488
1315073654355488768
1315073964784447488
1315074002210168837
1315074019255889924
1315074262814740480
1315074263217512448
1315074384688803841
1315074522844930049
1315074795030155266
1315074829381439489
1315074832946561024
1315074896456687618
1315075307444072448
1315075357846974465
1315075483600519168
1315075587908800513
1315075827059523586
1315075973671464960
1315076112112906240
1315076321714696192
1315076359828303872
1315076464635772931
1315076767401627648
1315076821365534720
1315076913191288832
1315077308110311424
1315077324673433601
1315077408333197315
1315077421511499778
1315077463093972992
1315077563589353473
1315077673643773955
1315077685505392641
1315077689372545024
1315077810692784128
1315077828665196546
1315077832188420098
1315077866204393474
1315077970713870337
1315078020512862209
1315078163576221697
1315078214092419073
1315078239497453569
1315078289229189120
1315078583094738944
1315078637322862593
1315078850762637312
1315078871792844801
1315078965246201856
1315078991271784448
1315079072935018496
1315079162051338241
1315079178413379585
1315079341492051970
1315079627220582401
1315049516941279232
1315049583127429121
1315049705370464257
1315049792884682755
1315049915417071617
1315050105834176515
1315050279092404224
1315050282112483333
1315050292057169922
1315050351012315136
1315050376454955008
1315050397933989888
1315050464967192576
1315050631657185280
1315050681687044096
1315050967016992768
1315050975753728005
1315051122755764226
1315051419884453888
1315051445943762944
1315051500033409025
1315051601157976064
1315051622079361025
1315051757274185729
1315051789821984768
1315051852539539456
1315051886282788864
1315051928112435200
1315051962279194626
1315052091560398854
1315052135835262976
1315052146195345408
1315052208904261632
1315052296871579649
1315052444527718400
1315052531991621634
1315052533879013377
1315052565218889729
1315052574563852294
1315052679023005697
1315052800083062784
1315052884032135174
1315052943243051008
1315052997655830528
1315053081642455040
1315053245149085696
1315053412266901504
1315053420701724676
1315053480529129472
1315053681759354880
1315053966431006726
1315053970382086144
1315053987129970695
1315054080138518529
1315054112954707969
1315054259549933569
1315054260795707396
1315054368903888896
1315054385186045952
1315054499095076871
1315054536403288065
1315054560423997440
1315054646021566465
1315054695967338497
1315054700698439687
1315054943590584320
1315055031490617344
1315055044438286336
1315055190874025984
1315055527521595392
1315055552448401408
1315055766319947776
1315055812755283968
1315055904383995906
1315056071887720448
1315056093459083264
1315056140720324608
1315056150329520128
1315056210635296768
1315056223658692609
1315056311336304645
1315056349382758403
1315056356282576898
1315056378600398849
1315056461848993792
1315056488012947458
1315056638781542406
1315056873117110273
1315056918969364481
1315056986678071296
1315057054281801729
1315057179364413443
1315057195910742017
1315057216957882369
1315057221521354755
1315057254798942208
1315057313900765184
1315057360331780098
1315057375846584320
1315057435049066498
1315057704101015552
1315057737370402817
1315057787144200193
1315057896942600192
1315058117072367617
1315058160709890048
1315058198668341253
1315058253781331968
1315058257019404294
1315058329400602625
1315058329526337538
1315058496094699520
1315058579808956417
1315058837813178368
1315058849058037762
1315058907769827328
1315059045976375297
1315059133721309184
1315059314034434048
1315059359898955777
1315059360972918785
1315059397685506048
1315059532209557504
1315059561401856001
1315059565801754625
1315059637880672256
1315059784400265217
1315059801735397376
1315059939392524292
1315059943318282240
1315059968198934529
1315060009957556230
1315060285695287296
1315060589023068165
1315060619066978311
1315060652801585152
1315060836591906816
1315060841096507392
1315061009447481345
1315061210518355969
1315061423987458048
1315061692808794112
1315061721501818881
1315061722508599300
1315061755085811713
1315061763839205376
1315061830549565440
1315061862065745920
1315061964767408128
1315061982362558464
1315062010292432897
1315062015287848960
1315062073647419394
1315062132552204288
1315062266681798662
1315062418574376961
1315062606307172352
1315062611206176770
1315062618806087680
1315062715942088705
1315062782979530752
1315062895923920896
1315062917147000832
1315063001381105665
1315063067659698176
1315063080661987328
1315063118159020033
1315063139508146181
1315063290746159104
1315063348858433536
1315063357217665024
1315063386426671104
1315063559328468993
1315063579499016192
1315063959322492938
1315063986254229505
1315063995271962624
1315063999059365891
1315064010665058305
1315064158812016642
1315064256040034304
1315064330170241024
1315064351535972352
1315019250130710528
1315019300139421697
1315019530213584898
1315019635591438337
1315019649122070528
1315019767506522112
1315019773869207558
1315019870648643585
1315019930161479680
1315020160894459904
1315020218792460288
1315020362091048960
1315020546053033984
1315020562536837120
1315020936702128128
1315020968717422593
1315021033196474374
1315021129187291138
1315021135701053441
1315021292609789952
1315021389431148544
1315021460575080449
1315021737399119875
1315021747402477570
1315021960464670721
1315021980488404992
1315022139800588290
1315022165025140740
1315022203608498177
1315022248978395141
1315022483611807744
1315022513588535296
1315022547168235520
1315022832162811905
1315022836520677377
1315022953197830144
1315023029290766336
1315023117446594560
1315023142029492225
1315023192545726466
1315023217954881540
1315023318806863872
1315023335294595072
1315023431742763008
1315023465372700672
1315023473559785473
1315023587674333185
1315023600408199169
1315023856407633921
1315023951907696640
1315024048112402432
1315024303931490305
1315024387733704704
1315024598849605632
1315024703078256642
1315024807881330689
1315024845172695041
1315025067969970176
1315025072512536578
1315025139390652419
1315025193258156035
1315025206801575945
1315025419683291136
1315025486322511872
1315025644070350848
1315025688697733128
1315025802589691905
1315025814682038272
1315025856637657088
1315026016205762561
1315026103417868290
1315026192131674114
1315026200255885312
1315026317226590209
1315026360272850950
1315026463951785985
1315026648446767105
1315026812813144064
1315026837928472577
1315026908795604993
1315026929863610369
1315027282558418944
1315027353765019650
1315027475634614274
1315027479531200512
1315027546644320259
1315027751611572224
1315027865361031168
1315027949867933698
1315027983078490114
1315028368048431104
1315028390609551360
1315028586282258433
1315028800955187200
1315028814725029890
1315028842969542659
1315028888104382464
1315028893292691456
1315029083240136705
1315029341013712896
1315029384051355648
1315029492860104707
1315029505149333504
1315029689895923713
1315029727208407040
1315029797605642240
1315029886906642442
1315029954489270272
1315030046239789058
1315030051755298817
1315030151546179584
1315030168331784192
1315030235000172544
1315030411345616901
1315030440475009029
1315030574642475009
1315030603864121344
1315030612521086976
1315030678178729984
1315030852523503618
1315030885511696391
1315031128865206277
1315031229280944131
1315031350458626049
1315031359241564160
1315031556432560129
1315031666168131585
1315031719515357184
1315031803388977152
1315032008939061249
1315032021958361088
1315032021970956302
1315032110273626113
1315032131173855233
1315032461777211394
1315032538105221122
1315032554718867457
1315032574989946885
1315032598708736000
1315032928011923457
1315033053601968129
1315033136959574022
1315033146698727425
1315033162385256448
1315033276101390337
1315033469345435648
1315033473636327428
1315033514509848582
1315033601981837312
1315033695720558594
1315033716054515723
1315033836410023936
1315033884036345856
1315033896929566720
1315033921453785089
1315033942798598146
1315033980320833538
1315034072377421826
1315034194767208448
1315034320692682752
1314973964804841472
1314974027119816704
1314974278958436353
1314974395887214592
1314974422122536965
1314974425595469825
1314974462996029447
1314974506226769920
1314974845419962368
1314975067437060099
1314975113666686976
1314975143144435714
1314975302507003910
1314975331590320129
1314975519801257985
1314975524318396416
1314975553741418496
1314975612428333056
1314975645949194241
1314975670972428288
1314975763137921024
1314975868767424518
1314976015010103297
1314976195927175169
1314976203812433920
1314976384477851648
1314976418594316289
1314976430636236800
1314976527495376898
1314976690750148610
1314976690930683905
1314976695376654339
1314976863073099776
1314976918052143107
1314976980731924480
1314977130602614784
1314977613753077767
1314977620925313025
1314977776991117312
1314977777800675329
1314977797983494144
1314977869584642054
1314977965764210695
1314977990439251969
1314978108575944704
1314978208542986240
1314978515003994113
1314978602975289344
1314978645539254273
1314978682314788864
1314978985336602624
1314979026662952960
1314979076751458308
1314979122872029184
1314979224164335617
1314979265474187264
1314979529815994368
1314979710359621632
1314979718613983232
1314979740118253571
1314979768568360967
1314979898545512448
1314979898721800198
1314980008679546886
1314980066519142401
1314980243665453056
1314980251286425601
1314980340063240194
1314980461375115265
1314980490852564993
1314980569818845191
1314980691877064704
1314980708062957569
1314980746302431232
1314980842947727366
1314980903186247680
1314981010715549701
1314981060845789185
1314981090554249216
1314981333324578816
1314981632298774528
1314981660492955649
1314981681648947202
1314981891385196551
1314981996410462213
1314982109954666497
1314982205731549184
1314982282051158018
1314982407532154882
1314982638055161856
1314982755495743489
1314983224981028864
1314983271806033920
1314983309001265153
1314983313103151105
1314983501654044672
1314983501951725568
1314983539608346631
1314983569673117696
1314983644562419714
1314983723956269056
1314983778964721666
1314983829925294080
1314983837936619520
1314983854063542272
1314983854998986752
1314983896061181955
1314984097677275137
1314984127406526465
1314984135874682885
1314984257522147328
1314984387126202369
1314984605326467078
1314984617770979329
1314984621608759298
1314984718312456192
1314984928044605442
1314984944482095105
1314985129929043973
1314985242453630977
1314985301949984769
1314985670503526400
1314985859339505669
1314985964805091329
1314985966747045888
1314986068593315840
1314986098968330240
1314986148679356423
1314986178475483137
1314986182342737924
1314986247098515458
1314986535377399810
1314986712259596289
1314987017172779008
1314987228561575936
1314987231849971713
1314987264372609024
1314987428248256512
1314987482199601154
1314987499253628933
1314987562201681921
1314987767710068738
1314987843568230402
1314988015962423297
1314988040549531655
1314988073667702785
1314988278668500992
1314988430447857670
1314988434608607233
1314988581438599168
1314988623050272768
1314943928618029056
1314943974583435271
1314944025061974018
1314944093110165505
1314944129651167232
1314944251730354177
1314944390612357120
1314944663434883075
1314944685513871362
1314944780581957634
1314944860164685824
1314944936404570112
1314945850225889280
1314945854818615296
1314945945860222978
1314945955133820929
1314946029754740737
1314946109572362240
1314946205923893249
1314946274404315139
1314946316057956353
1314946419845926913
1314946901565865985
1314946987272396801
1314946998643183616
1314947155153612801
1314947221591392257
1314947377422360576
1314947443327463424
1314947594251112449
1314947732969197568
1314947812774248449
1314947999928328194
1314948089204146177
1314948115494064128
1314948155268501509
1314948199052988416
1314948203020726282
1314948232275951617
1314948237015605249
1314948299401515008
1314948345694089218
1314948532856516610
1314948689429843970
1314948752856117248
1314948975158538243
1314948979558408193
1314949037167120384
1314949054049259521
1314949134760189960
1314949247226327040
1314949273046245377
1314949280478703620
1314949352754872325
1314949528605384704
1314949573962608641
1314949800706682885
1314949856318775297
1314949888996646913
1314950009587224577
1314950035918946312
1314950052587204608
1314950111709949955
1314950170325512195
1314950412810825735
1314950433731948546
1314950514715623424
1314950635633115139
1314950647863824385
1314950698132439040
1314950807108771841
1314950908149669893
1314951201532776448
1314951244318793733
1314951254288801795
1314951369204301824
1314951432718741511
1314951508467879945
1314951524884320256
1314951533860184065
1314951806225707011
1314951809618915328
1314951961473683456
1314951982147350528
1314952007325642753
1314952443109814278
1314952577562431489
1314952670260744192
1314952741169627139
1314952786828615680
1314952820395782144
1314952878918901760
1314952888737828864
1314952946170429447
1314952958870786050
1314953009458155526
1314953039342526464
1314953060138057728
1314953088923566080
1314953135425646592
1314953226278498306
1314953248625876992
1314953344650280965
1314953383304986625
1314953483037089794
1314953492008558593
1314953613928734720
1314953626054529030
1314953626822029312
1314953655779561479
1314953672862777345
1314953692563550209
1314953697227608066
1314953705511358465
1314953743280922624
1314953843881328640
1314953919492050944
1314954137554034688
1314954234148814848
1314954301467512835
1314954394484572160
1314954566442590214
1314954635233300483
1314954946886938624
1314954953409134592
1314955035478900737
1314955111123357697
1314955115015491584
1314955223962656768
1314955236931375105
1314955270221713408
1314955324881809409
1314955379688706048
1314955404804268032
1314955566230495234
1314955572840603648
1314955723563032577
1314955769574559745
1314955773772853248
1314955879192522752
1314955937594081280
1314956025246765061
1314956050911686657
1314956080275877889
1314956117676417030
1314956126262263809
1314956172714221569
1314956201969491968
1314956369963827200
1314956423256735745
1314956424254951424
1314956482312638465
1314956541393547265
1314956557461979138
1314956625900257280
1314956701259374599
1314956708825817088
1314956712642834434
1314956726223818752
1314956785359486976
1314956926707531777
1314956960102600706
1314957027454709760
1314957053035712512
1314957074590097414
1314957090516086787
1314957140608651266
1314957268811685888
1314957443626160130
1314957455563030528
1314957585586499585
1314957653022396418
1314957879657533443
1314958003771244547
1314958010045825024
1314958118229434368
1314958139632939008
1314958169081352192
1314958218515406849
1314958311603630081
1314958412149481472
1314958427081388041
1314958521264467969
1314958558086086658
1314958651984146432
1314958655868088326
1314958689074380802
1314958697215528962
1314958805986414592
1314928997768232961
1314929101707280385
1314929154098229250
1314929467048030208
1314929475008815109
1314929516918308864
1314929563433041932
1314929596672946176
1314929718613942275
1314929748686987264
1314929815473004544
1314929940543012864
1314929945106407425
1314929965738201089
1314930059174608901
1314930193761366016
1314930227139678208
1314930260618608640
1314930435009503233
1314930486926606336
1314930944558747653
1314931127149359105
1314931266840657920
1314931270904934401
1314931271349530624
1314931279075315713
1314931388987191297
1314931510080929792
1314931700414152704
1314931735960801283
1314931743984619521
1314931850201108480
1314932009307959300
1314932030401122304
1314932030984028160
1314932079587659776
1314932210412204032
1314932227193466881
1314932264761913344
1314932827465474049
1314932931056599042
1314933002183606272
1314933061159534593
1314933095447969792
1314933137034575872
1314933153782521856
1314933203560398850
1314933232941633537
1314933481202278401
1314933494422831111
1314933564924932103
1314933752578088962
1314933805464145921
1314933842994769920
1314933846278836225
1314933894714621952
1314933900830007305
1314933930475298816
1314933934120001537
1314933946606661632
1314933963165708288
1314934009894440963
1314934042517798912
1314934088801939456
1314934219148324864
1314934531972096002
1314934543124631552
1314934685596704770
1314934836323323906
1314934890908069889
1314934978753560578
1314935091962032128
1314935103806746626
1314935192453353472
1314935464718217217
1314935703994871808
1314935704166838272
1314935762031456256
1314935993602957312
1314935997855985664
1314936089975689217
1314936127288156161
1314936252861353985
1314936475759370242
1314936512618913792
1314936646295453696
1314936995144138759
1314937021471748096
1314937125926830080
1314937142418735105
1314937375877857281
1314937502923255810
1314937506866049024
1314937521369944064
1314937573979062272
1314937587107328001
1314937821791215616
1314937847732989953
1314937852040544257
1314937993963212801
1314938040222199809
1314938190466150401
1314938325229166592
1314938342207823872
1314938480150142976
1314938497434877952
1314938546097094661
1314938618771902466
1314938639697293312
1314938727781851137
1314938870178492416
1314938892278210562
1314938895658696704
1314938958942482433
1314939092766019585
1314939105986445313
1314939142938165252
1314939176475820032
1314939457792094208
1314939549638782977
1314939688944390145
1314939868594810885
1314939972223299585
1314940003601002496
1314940158647570432
1314940271579344904
1314940393008529409
1314940405717188609
1314940716221689860
1314940720202027010
1314940778649706497
1314940799658995714
1314940863131406336
1314940883976908802
1314941072498327552
1314941102189948928
1314941232150446080
1314941353084751873
1314941428632559619
1314941634791038977
1314941676193042432
1314941688993980421
1314941785802711046
1314941890769412096
1314941950576001026
1314942075318595585
1314942142360489986
1314942149121716224
1314942175713660929
1314942267514388482
1314942448154693635
1314942602995793921
1314942640702607363
1314942746168352768
1314942759430615042
1314942848853254153
1314942865236209666
1314942867807375362
1314942930612752384
1314942947377524736
1314943028285579264
1314943342493470724
1314943441877360641
1314943518062907399
1314943521812557824
1314943529735598081
1314943616230600704
1314959028703952896
1314959074371403776
1314959133112631296
1314959280068493313
1314959360334979078
1314959376579547137
1314959443516223489
1314959468560633856
1314959745833459712
1314959754913968128
1314959912938553347
1314959933905879041
1314959973118603264
1314959973055713280
1314959984887844864
1314960018731655179
1314960030790299659
1314960174063460352
1314960189955530754
1314960198482694144
1314960219156418560
1314960223875076097
1314960298936274946
1314960497641492480
1314960513915215874
1314960760628563971
1314960781335834628
1314960844002791425
1314960890437857282
1314960945731563520
1314960949162520576
1314960988039413761
1314961079739600896
1314961171519283201
1314961183817031685
1314961238384930818
1314961242822500352
1314961301735641091
1314961465070157826
1314961470183137290
1314961691260616709
1314961771237724162
1314961943329988611
1314962010816167937
1314962107595722755
1314962144614518784
1314962241230458890
1314962311866507264
1314962363657777153
1314962380053508097
1314962463750680576
1314962565081034753
1314962593690329095
1314962920275668992
1314963256880971781
1314963285574406147
1314963351148003333
1314963390096441345
1314963965408092162
1314964015496548352
1314964070278164480
1314964103832633344
1314964191405629441
1314964191506173952
1314964242685022208
1314964266345279489
1314964283634053120
1314964707355262976
1314964974100516864
1314965059907411968
1314965085337661440
1314965097551462402
1314965144183672832
1314965173736800256
1314965239952281609
1314965266086780928
1314965504898084869
1314965529182994432
1314965672108195842
1314965710758703104
1314965722364338182
1314965794330046464
1314965899129085954
1314965945362927616
1314965953612922881
1314966070290116608
1314966171045724160
1314966389166411776
1314966465376854018
1314966476869206018
1314966514701791232
1314966724769386496
1314966734202380288
1314966808701669376
1314966834093920258
1314966943347216385
1314966955225501696
1314967035567370240
1314967064931573760
1314967093805228032
1314967144044527616
1314967223774187522
1314967336856825864
1314967701018771456
1314967740025724929
1314967840785530880
1314967928366825473
1314968122319876098
1314968129940918272
1314968192360513539
1314968193291649024
1314968293803843584
1314968533948792832
1314968676232290305
1314968746352492544
1314968801100943361
1314968952670351362
1314969064905859076
1314969107356430341
1314969237866209281
1314969296888623105
1314969316559859713
1314969320825516032
1314969502019317765
1314969753082003459
1314969837152563200
1314969841573523457
1314969878814621696
1314969904618049536
1314969965447901184
1314970307384483842
1314970336056672256
1314970440872456193
1314970486745563137
1314970688743235585
1314970697530306560
1314970827599814658
1314970854078332928
1314970886160568320
1314970931392139264
1314971259952869377
1314971263933313025
1314971334980579331
1314971355440443392
1314971372183941121
1314971527251742728
1314971560738988038
1314971577138794496
1314971581945389058
1314971761272909824
1314971787705290753
1314971958967230464
1314972013492985856
1314972127532118016
1314972311750139904
1314972463336312833
1314972511440961536
1314972538326282241
1314972610002776064
1314972664512028677
1314972722431168512
1314972806506074115
1314972878291468288
1314973079081156608
1314973113004642308
1314973197083656192
1314973264268193792
1314973478165139458
1314973502487883776
1314973578010521603
1314973591524515841
1314973782499422208
1314973867673350145
1314973931711991808
1314792766891851776
1314792795564126219
1314792888321093632
1314792926724190209
1314793010782240768
1314793064687267840
1314793153778479105
1314793244715298816
1314793374566752256
1314793462533885953
1314793463343390720
1314793525263900673
1314793568880324611
1314793598181797888
1314793673385795584
1314793702670266368
1314793748933550086
1314794029268324352
1314794075837562880
1314794176479854593
1314794193034735616
1314794229399539712
1314794242582216705
1314794263260000256
1314794286572077056
1314794353479561216
1314794405505556481
1314794731306708993
1314794771060203520
1314794806242160640
1314794822046109696
1314794876513386496
1314794905449963520
1314794914517983233
1314794994612547584
1314795231917862912
1314795254202200064
1314795288494776320
1314795524017451008
1314795878310309888
1314796058396909568
1314796066672386050
1314796302425874432
1314796311179268096
1314796433724252160
1314796650699714560
1314796679397335041
1314796838952873984
1314796889846345728
1314796955957067776
1314796989813452800
1314796990681636864
1314797119652474880
1314797245288472576
1314797472363941888
1314797511530307584
1314797565234180096
1314797597819916289
1314797663020175362
1314797857602371584
1314797866104303616
1314797873347866624
1314798049185554432
1314798242069188608
1314798270556897280
1314798340547043330
1314798390505476096
1314798391310901248
1314798407899324416
1314798499263852544
1314798544545435649
1314798554238640128
1314798827258417152
1314799020427087873
1314799034574331904
1314799051099996161
1314799276367601664
1314799346592825345
1314799368512303105
1314799557977337856
1314799573865566210
1314799687409360897
1314800048786550785
1314800144127270912
1314800299446394881
1314800351405436929
1314800789911564288
1314800792562544640
1314800942513086464
1314801080811892736
1314801104413130752
1314801307895525376
1314801318989529089
1314801381190979584
1314801634963337216
1314801709101834240
1314801788034281474
1314801885455343616
1314801913951522817
1314802007509807105
1314802033342386176
1314802121355780096
1314802204675538944
1314802247096823808
1314802286703472640
1314802408376147968
1314802555789234177
1314802555851927555
1314802601846743041
1314802638156857344
1314802686592577537
1314802783250518016
1314802833963745280
1314802849759424512
1314802989069004802
1314802993401917441
1314803017045151744
1314803085332500482
1314803092387434498
1314803118601768963
1314803156266545153
1314803203867779072
1314803291801317376
1314803304023629824
1314803408554008576
1314803513063616512
1314803538820624384
1314803613760286720
1314803807776251904
1314803880597680131
1314803932040839168
1314804008951771136
1314804100630933504
1314804162756972544
1314804274900148224
1314804399374389248
1314804418202742791
1314804448120590336
1314804498854866944
1314804535198580737
1314804653822009344
1314804655000555520
1314804848936644608
1314804861028847622
1314805073965441024
1314805089026994177
1314805269256458240
1314805291393921024
1314805678813323265
1314805854227529729
1314805856752611328
1314805902587944960
1314806088127197185
1314806138219622400
1314806239390556160
1314806394793598981
1314806435268554752
1314806450405900289
1314806554617696257
1314806731902537728
1314806895027380224
1314806934734733312
1314807138540290049
1314807156458303488
1314807234329747456
1314807320199659520
1314807342899355648
1314807358900633602
1314807476907376640
1314807547375702016
1314807618020335616
1314807674345713664
1314807699511500802
1314807851739574272
1314913578286305281
1314913742161838081
1314913769454141440
1314913776513290240
1314913919329280000
1314913978552901636
1314914090280718337
1314914237622505473
1314914262578585601
1314914316932481024
1314914573892415489
1314914786472148997
1314914879783002112
1314914917116375040
1314915198940123137
1314915420751659009
1314915450715811841
1314915692366372864
1314915851930402819
1314915873073901569
1314916183200522241
1314916339929280513
1314916617529090049
1314916765781176320
1314916803890601990
1314916809544523776
1314916872681189376
1314916922174181376
1314916977048276993
1314917001681350657
1314917182799712257
1314917211245555713
1314917319920025602
1314917329189314562
1314917350911741953
1314917417123041280
1314917455253442561
1314917757562105863
1314917836091916288
1314917888126525440
1314918208986468355
1314918313756168192
1314918335902035968
1314918489946124289
1314918721530494976
1314918851138682881
1314918982407913473
1314919011294081026
1314919069590515715
1314919148489711617
1314919451008081922
1314919480427008000
1314919547967811584
1314919590464548864
1314919593303998465
1314919770576375810
1314919845096554497
1314919857725595648
1314919903804129280
1314919912100560896
1314919937606144000
1314920127499063297
1314920168892624897
1314920327244177411
1314920470194655235
1314920487009492992
1314920528528973825
1314920798491156480
1314920876924702721
1314920910923665408
1314920948831784960
1314921082139275264
1314921430941863937
1314921444325961728
1314921452181680129
1314921535891623939
1314921628904632321
1314921829165797378
1314921837953003521
1314921863483658240
1314921916831084545
1314922005335093248
1314922081721540608
1314922273569230849
1314922387528245249
1314922446580002817
1314922512774500352
1314922546291064833
1314922672841732096
1314922696615092224
1314922763912581120
1314922815603138561
1314922820007198720
1314922840475537408
1314923167400579090
1314923179975102464
1314923218294185985
1314923225512632320
1314923285218500609
1314923385600856066
1314923674965815297
1314923729407930368
1314923750320553987
1314923771279618051
1314923833854435336
1314923872748285952
1314923925302804481
1314924052998316032
1314924101815934977
1314924148838326272
1314924255759470592
1314924299031994370
1314924589504487424
1314924949392560135
1314925117345083395
1314925188757229569
1314925261037727744
1314925289093373952
1314925315551039488
1314925360312733696
1314925472757829632
1314925553204580354
1314925596238061569
1314925797250080769
1314925804812480513
1314925826111143937
1314925873087348736
1314926078079766532
1314926102993920000
1314926473443192832
1314926505940652034
1314926564002455554
1314926640816893953
1314926707447656449
1314926883855888391
1314927140182331392
1314927160868691969
1314927735928623105
1314927759613804544
1314927847388131334
1314928203451060224
1314928224896344064
1314928377279795200
1314928393708740609
1314898567925030912
1314898596651827202
1314898655346864128
1314898820476678144
1314899120939769858
1314899224044146689
1314899369527857152
1314899809686388736
1314899912417574914
1314899947817369600
1314899948215906304
1314900053136478208
1314900325711654913
1314900401821552640
1314900476283047938
1314900530909507584
1314900548013957121
1314900611511525378
1314900924477956098
1314900954463039488
1314901021341216769
1314901180951257088
1314901378637148164
1314901419837792256
1314901701825122304
1314901859614810117
1314901915482890241
1314902145842331653
1314902149680291841
1314902166612701187
1314902296837394433
1314902485174235136
1314902491075678209
1314902644507455488
1314902904415936513
1314903018664587264
1314903038658781184
1314903064394960896
1314903106761756674
1314903155939966976
1314903382449164288
1314903835417210880
1314903857659551745
1314903957035249666
1314904020713172992
1314904104607588353
1314904216553639936
1314904389530910722
1314904423718510595
1314904539900850178
1314904728413900800
1314904808298614791
1314905015161479172
1314905069192577024
1314905078353006592
1314905219181010945
1314905266543095808
1314905345798569985
1314905442129186817
1314905454422691841
1314905476090355712
1314905583061999616
1314905588694999044
1314905663487635462
1314905764344061953
1314905815220989952
1314906008494501894
1314906165197770753
1314906214036275200
1314906410635886592
1314906446035902465
1314906482497015808
1314906570573205504
1314906574855581697
1314906676848451585
1314906797979901954
1314907069674409985
1314907158232928257
1314907195130208261
1314907396259614722
1314907400831369216
1314907408913723392
1314907481500520448
1314907564329644032
1314907660777594881
1314908012893491200
1314908025661030401
1314908110310440960
1314908138626265088
1314908156225519618
1314908177775890432
1314908243156664323
1314908246604476419
1314908393321238530
1314908470500634624
1314908549605199873
1314908781071855617
1314908819261206528
1314908870108753926
1314909074828357632
1314909418291568641
1314909456958980096
1314909590824210432
1314909611078680576
1314909644784050176
1314909717240700929
1314909732914622466
1314909757459828738
1314909778636877825
1314909935055122432
1314910023060017152
1314910031524122629
1314910069381832705
1314910137107320835
1314910211401023488
1314910287678627841
1314910302832676866
1314910463227031553
1314910492348100608
1314910714511986688
1314910966505668611
1314911080200769536
1314911209792180226
1314911393519288321
1314911495075975169
1314911504165150720
1314911998010892288
1314912049210757121
1314912178709901315
1314912379487088641
1314912499850981378
1314912588547923968
1314912837601558528
1314912849651732482
1314913091654742016
1314913113641230341
1314913122650664960
1314913202707324928
1314913280859742208
1314913353383411715
1314913356336238592
1314913370181517312
1314913384152928263
1314913439949651968
1314913508887351297
1314883517239775232
1314883620948054016
1314883725734424576
1314883967825444867
1314883971101020161
1314884078802472960
1314884239582609408
1314884291906752512
1314884299896782848
1314884498136465408
1314884545477439489
1314884601764962304
1314884710435184640
1314884774083858433
1314885008398651392
1314885069878763520
1314885103420547074
1314885207099613186
1314885219594493953
1314885232194183169
1314885279568875520
1314885557642833920
1314885884039192581
1314885919237963776
1314885964628586496
1314886118949744645
1314886322461515776
1314886615609860096
1314886674363682816
1314886845046628353
1314887125188456449
1314887206935371777
1314887215437082627
1314887233946767361
1314887348820291584
1314887462959812609
1314887467523346432
1314887742174552066
1314887951701041154
1314888011075776513
1314888136770682880
1314888168110542850
1314888198963818496
1314888243079503874
1314888363191787524
1314888474642845696
1314888570717392896
1314888614875140096
1314888645938081793
1314888758550949888
1314889082292645890
1314889361582952449
1314889413487398913
1314889570987712513
1314889572346716160
1314889651509956609
1314889996994785282
1314890062748954626
1314890209612488705
1314890334946635778
1314890452659826693
1314890463447445506
1314890502005686274
1314890687679258629
1314890739789291520
1314890741844512769
1314890851294892033
1314890897188945925
1314891035248603136
1314891084351320064
1314891118056742913
1314891132791209991
1314891154748510208
1314891223149281280
1314891240144621568
1314891257550782474
1314891734468431877
1314891782094815232
1314891892077850629
1314892062831992833
1314892112874352640
1314892242809741313
1314892359650353155
1314892415531180035
1314892679197724673
1314892806041874434
1314892872844484610
1314893039224213505
1314893305549860870
1314893341155352576
1314893525700485120
1314893543882862592
1314893581535064065
1314893595200151553
1314893768361869316
1314893773986435079
1314894059572539392
1314894223552937986
1314894303676846080
1314894433515638785
1314894439379279872
1314894618106966019
1314894675921309698
1314894764433534979
1314894823804014594
1314895070571696128
1314895078910025734
1314895167615389696
1314895188700135426
1314895277094916100
1314895484272680968
1314895553969430530
1314895603550179329
1314895727571726339
1314896058900713473
1314896112436748290
1314896119495876608
1314896132514951168
1314896135425794048
1314896194166980608
1314896293563695104
1314896316699475970
1314896387985858561
1314896596182732801
1314896604097372162
1314896605565378561
1314896683910787084
1314896790072815618
1314896794665414658
1314896814722609152
1314896857429139463
1314896874051166208
1314896906808631296
1314896907811119109
1314897047099596802
1314897054695591937
1314897105597546498
1314897221805056000
1314897951211229186
1314898106908016647
1314898253369016326
1314898309107023873
1314807908639539201
1314807928403062784
1314808165901520896
1314808388614643714
1314808477664129024
1314808579107500032
1314808591774253057
1314808674636959744
1314808789099454464
1314808834729279489
1314808888701652992
1314809075713011712
1314809174954586115
1314809244508618752
1314809316952604674
1314809343477510145
1314809347080433665
1314809369184403457
1314809398141751296
1314809648646623234
1314809809791721473
1314809929765548032
1314809948413595648
1314809973021511680
1314810007293243395
1314810051769507843
1314810103229550592
1314810367558717441
1314810656525295617
1314810856606105600
1314810998348546049
1314811163130187776
1314811164275204096
1314811227009409024
1314811349810073600
1314811357058019329
1314811411667787777
1314811444404330496
1314811490961158144
1314811546065866753
1314811613187198977
1314811613967380480
1314811665884405760
1314811679910354946
1314811776328900608
1314811806817243136
1314812100066381824
1314812228974108679
1314812254337019904
1314812257382084608
1314812518829715456
1314812562517618693
1314812715957850112
1314812775479177216
1314812891594403840
1314813168678391808
1314813192430739456
1314813242363977728
1314813343031529472
1314813401961574402
1314813634275467264
1314813881114656768
1314813964283330561
1314813970130247680
1314813970725957633
1314813991542288384
1314814376927404032
1314814385781526529
1314814418203496448
1314814549590241280
1314814582708473856
1314814597665357824
1314814652761726976
1314814792159420416
1314814930541895680
1314815079200821248
1314815119763759104
1314815174558261248
1314815177477386241
1314815309396602881
1314815335116140544
1314815388694261760
1314815444008796161
1314815575709843456
1314815601160855552
1314815692789739520
1314815693271990272
1314815903360581632
1314816001775550467
1314816029902745602
1314816052195454976
1314816221557280768
1314816240238702592
1314816358123663361
1314816403552133120
1314816688521609216
1314816799024717830
1314816824442187777
1314816907049152518
1314817036141424640
1314817150415245312
1314817231956574208
1314817295420542976
1314817384717320193
1314817459191451648
1314817499838533633
1314817529785643011
1314817710463700992
1314817844102782976
1314817919315046400
1314818046322765825
1314818049447428096
1314818531859607553
1314818551824310272
1314818624914370560
1314818645239963651
1314818664026247168
1314819178675789824
1314819272430899201
1314819399275155457
1314819614900092928
1314819707975983104
1314819746798489600
1314819854222983168
1314820158570065921
1314820219752255488
1314820270096609280
1314820343853445120
1314820360353742848
1314820583582920706
1314820617766490113
1314820774138728449
1314820886462164994
1314820897652568065
1314820981245054976
1314821173016846337
1314821178515763202
1314821503838552065
1314821625292836865
1314821668674719745
1314821839424815104
1314821844436881409
1314821853316341761
1314821887717851137
1314821893309038592
1314821908823711745
1314821940608143361
1314822344288935936
1314822423036870656
1314822448026734592
1314822528855019520
1314822542767525889
1314822697491210241
1314822866739892225
1314868284022550529
1314868370026762240
1314868590756102147
1314868620166660096
1314868669009158145
1314868761351028736
1314868995393282050
1314869009595195392
1314869276520529921
1314869321584111617
1314869343981899777
1314869437649104896
1314869467176935429
1314869467546087424
1314869605299412994
1314869877908398081
1314869972246687744
1314870049249820672
1314870057214902272
1314870624590987264
1314870726562897920
1314870792539246592
1314870946164076544
1314871128075177985
1314871218479169536
1314871381851549696
1314871470619725825
1314871630108254208
1314871672336461825
1314871694734094337
1314871945943425024
1314872088822534144
1314872245269921793
1314872532986523648
1314872563827273733
1314872634212077572
1314872664356388864
1314872693418856451
1314872738335481866
1314872744190840832
1314872768975065088
1314872992950816769
1314873042279989250
1314873084227313664
1314873190322262021
1314873346161475586
1314873438633431043
1314873587380170753
1314873644078727169
1314873800228581377
1314873886060679169
1314873964825583617
1314874093712347147
1314874184099672076
1314874230140481537
1314874400223776768
1314874482155163652
1314874606055051266
1314874610710609920
1314874764872179713
1314874802952269824
1314874822049124354
1314874879288709127
1314874950772125696
1314875103214292992
1314875288539586561
1314875410170216448
1314875418076479490
1314875458631200774
1314875725422497792
1314875819983020033
1314875862915964928
1314875982965243905
1314876015261503494
1314876082252926978
1314876114381287424
1314876151421177859
1314876507597152257
1314876520322789377
1314876701688635393
1314876705916452864
1314876840759029760
1314877146175868931
1314877279319851011
1314877328590360577
1314877376979902464
1314877416637161473
1314877436539138049
1314877637052051458
1314877660695326720
1314877695021535232
1314877727770632192
1314877753410433024
1314877771303321600
1314878063671496709
1314878137990340610
1314878314125950976
1314878351241338880
1314878438948376576
1314878524378013696
1314878528878383105
1314878536369541120
1314878717706022912
1314878896010133507
1314878926410350592
1314879012330590208
1314879027132366848
1314879084111986689
1314879126881398784
1314879380892549126
1314879660908589061
1314879873345822725
1314880059447087110
1314880136249061376
1314880157648388098
1314880187734130688
1314880287420153858
1314880305854119939
1314880400532164608
1314880434417926144
1314880457276874759
1314880782704484354
1314880793123020800
1314880920076218370
1314880926883741699
1314881081246711813
1314881151119642624
1314881415146766336
1314881492598874112
1314881597896830976
1314881623570120706
1314881640842358787
1314881677479436296
1314881704054665219
1314881749302870019
1314881800041377792
1314881907470012416
1314881926637985793
1314881980446601217
1314881988399034368
1314882018518487040
1314882067583373312
1314882126018478083
1314882131001311232
1314882339592314881
1314882408500662273
1314882443535699969
1314882507628838912
1314882537425166338
1314882704379346945
1314882754857832450
1314882932692135937
1314883032969629696
1314883111335997441
1314883287303835649
1314883331939598337
1314823095350222848
1314823389924585472
1314823441325928448
1314823480068636677
1314823502860410883
1314823568241299458
1314823736147804160
1314823972656164864
1314824038431113227
1314824150763044864
1314824217754431488
1314824582935740416
1314824652263428096
1314824662128504832
1314824862175645696
1314825039322247169
1314825116782661632
1314825200417091586
1314825285926346752
1314825548145717248
1314825587626713093
1314825678445969409
1314825693260210176
1314825706250043392
1314825752026767360
1314825857681170432
1314826119879815168
1314826202415210496
1314826221159510018
1314826236229689345
1314826250280677379
1314826281691672577
1314826822371213312
1314826836753358848
1314826910166216705
1314827033986297856
1314827370235396096
1314827509138161664
1314827525718065152
1314827701325189120
1314827813195837441
1314827878387929089
1314827968447868930
1314828028006993924
1314828077621407744
1314828104146317313
1314828143186767874
1314828341472620545
1314828460812988417
1314828479754428416
1314828749989277697
1314828915324534785
1314828936992509952
1314829087567798272
1314829183583842305
1314829456599474178
1314829464258449413
1314829687517052931
1314830210202767360
1314830218457214976
1314830471998533632
1314830560913764357
1314830996630577152
1314831015081279488
1314831132500819968
1314831168257179648
1314831538123689984
1314831799881789441
1314831939975536640
1314832023161237509
1314832064487845888
1314832076110213121
1314832082871349248
1314832260382646273
1314832315328147456
1314832829503725568
1314832969761058816
1314833020331978752
1314833096848691201
1314833134030995456
1314833147146665984
1314833239618461696
1314833263790301185
1314833453238702081
1314833570725351425
1314833615784677377
1314833787763662848
1314834090353360896
1314834404804423681
1314834568986464256
1314834573264445442
1314834580994629633
1314834581871190017
1314834625353510912
1314834649244344320
1314834674305437696
1314834735361929217
1314834742391582720
1314834766538117124
1314834784254742529
1314834966212014080
1314835137687883777
1314835305292279808
1314835331204689920
1314835478517092353
1314836397912657920
1314836525255815168
1314836707469070337
1314836872242192384
1314836910976774150
1314836931214225409
1314837063305515008
1314837124726882307
1314837358798270464
1314837761694863361
1314837801159012352
1314837918800703488
1314853175514607616
1314853228039860224
1314853277125824513
1314853345056690176
1314853513156009984
1314853713182248961
1314853755871870976
1314853816966283264
1314853839821058053
1314854176388571137
1314854440684396544
1314854443398115330
1314854560943550464
1314854659643699201
1314854828976242689
1314855090734477312
1314855122657132546
1314855541219364866
1314855687143346176
1314855703195144192
1314855731540230146
1314855833042333696
1314855888323145728
1314855992102969346
1314856210756038657
1314856282948603904
1314856402498846720
1314856465354633221
1314856668526637056
1314856692270747648
1314856721530191873
1314856797816184833
1314856877113581568
1314857060626956288
1314857261022543872
1314857280903483392
1314857339195924480
1314857356245770240
1314857654473289728
1314857721443708928
1314857864968593408
1314858033567145984
1314858106770329600
1314858273322008576
1314859099197255680
1314859244978540544
1314859299194183680
1314859599921635329
1314859619974553600
1314859739302551553
1314860049815216128
1314860400626880513
1314860505123741696
1314860531908587522
1314860656592588800
1314860896678637568
1314860898926784512
1314861042007183360
1314861160265584640
1314861161548935168
1314861253731336194
1314861269531258881
1314861327966302208
1314861404743258116
1314861424988975104
1314861674457976834
1314861815738884097
1314862029568532488
1314862104944443392
1314862106404179975
1314862158023405568
1314862590762180610
1314862992744280065
1314863030258163712
1314863178057211905
1314863277978062848
1314863407120539649
1314863513203085312
1314863725837463553
1314863953567264769
1314864050170400769
1314864206064345088
1314864260816797696
1314864308564582404
1314864316248621056
1314864406761811969
1314864584637976579
1314864675872481285
1314864710160969729
1314864946119946240
1314865000897417217
1314865150562840576
1314865280737144832
1314865373922037762
1314865482462302208
1314865495204679689
1314865651161260032
1314865762331320321
1314865929558339585
1314866098928381953
1314866418203209728
1314866604770054144
1314866624067964939
1314866769933340673
1314866778158239744
1314866982253072384
1314867178294796289
1314867351171534851
1314867467731316736
1314867530528419842
1314867540540219392
1314867837832491008
1314867907189329920
1314868212379660288
1314838146073399298
1314838191954972672
1314838289443151872
1314838370825072641
1314838407667949569
1314838452832215040
1314838465922695168
1314838496415109121
1314838601499381761
1314838664275517441
1314838707547983872
1314838709351542784
1314838895939522560
1314839119818825728
1314839122205446144
1314839226903662592
1314839371279933440
1314839652046692352
1314839750054940672
1314839922994565121
1314839938031071233
1314840094512164865
1314840445046804480
1314840486150955008
1314840581907021824
1314841108568915968
1314841171320074242
1314841274294431745
1314841368129396739
1314841410290372609
1314841473351782400
1314841529425551360
1314841556613038081
1314841568944230400
1314841820103356416
1314841918984130560
1314842073527443456
1314842099616026624
1314842148102078464
1314842215433158657
1314842237281415173
1314842809153679361
1314843069099855874
1314843141648920576
1314843429717733377
1314843523267670017
1314843535674277888
1314843716172091397
1314843839090262016
1314843981927325697
1314844168053719040
1314844186613551105
1314844205739458565
1314844239998656512
1314844295711649792
1314844464683405313
1314844498879377408
1314844703565594625
1314844719415996416
1314845020105695232
1314845071364313093
1314845110622801920
1314845274213408768
1314845387698642947
1314845505869021184
1314845507240550400
1314845802464907264
1314845943347412992
1314846009189695488
1314846193239941121
1314846354427047936
1314846392410660864
1314846415852429312
1314846619242815488
1314846675559616512
1314846832338624513
1314847208592809989
1314847486079623169
1314847743567953920
1314847874425839618
1314848331085025283
1314848339100229632
1314848394859380736
1314848398495944704
1314848485070516224
1314848530150961152
1314848534210904064
1314848637831319553
1314849216322244608
1314849251361533952
1314849315135852546
1314849517250981889
1314849533088673798
1314849588512133122
1314849617784320000
1314849801096376322
1314849853776814080
1314849910668365824
1314849976443338752
1314850103103029248
1314850137613590530
1314851298014105600
1314851325268557826
1314851406436855808
1314851444777005056
1314851617359888384
1314851617703964678
1314851656891277313
1314851725220610049
1314851762554060800
1314851956956049409
1314851960399425543
1314851971627577347
1314852105912344576
1314852458112454657
1314852708315168768
1314852859381456897
1314852946094432258
1314852946769666048