1315804451182125056
1315804453002457093
1315804583105626113
1315804649937612801
1315804696985047042
1315804717809840130
1315804872936091649
1315804884747382785
1315804935338881025
1315805006994575360
1315805052636889089
1315805158203244544
1315805334598905857
1315805342819856384
1315805410545328128
1315805510751465472
1315805636236541955
1315805752389505025
1315805762325798912
1315805829766033408
1315805845926621184
1315805862636605442
1315805883641794562
1315806411553738752
1315806441261993986
1315806445208694784
1315806521410949120
1315806633805578241
1315806735450415108
1315806861002641408
1315806873334042625
1315806935783006208
1315806988320886784
1315807137524838400
1315807263836254215
1315807337941274625
1315807389086609408
1315807450369527814
1315807518824656896
1315807522998034433
1315807527909486592
1315807686462705664
1315807737394077697
1315807863332274176
1315807938347438080
1315807942889873410
1315807992445636609
1315808001337380865
1315808001853358080
1315808072451780608
1315808127057637376
1315808306682707969
1315808362571812869
1315808389071622146
1315808437356249089
1315808450715226112
1315808492100485128
1315808529836650498
1315808675194449920
1315808689693945856
1315808724993351681
1315808760699465730
1315808918199848969
1315809117752057858
1315809167932706818
1315809214024028160
1315809225369501696
1315809368802168832
1315809385474646017
1315809404382519298
1315809410023919616
1315809435491733504
1315809477740949511
1315809598213779461
1315809675313647616
1315809830792245249
1315809914212634624
1315809956013076482
1315810060543483904
1315810128504016897
1315810140227072007
1315810152872894465
1315810173840228352
1315810346033123328
1315810371723317249
1315810431307444226
1315810431953448960
1315810717929439233
1315810723608616960
1315810774179368960
1315810803333832704
1315810834757619712
1315810836754182147
1315811063611494401
1315811118271680518
1315811222722351104
1315811247539904517
1315811329530306560
1315811450737352704
1315811639204163584
1315811691502940160
1315811763741356034
1315811887938846721
1315811956591394817
1315811999020969984
1315812094617497601
1315812296644493316
1315812321290145792
1315812397156794369
1315812442480533504
1315812518992900096
1315812598961573888
1315812733019926529
1315812882018377728
1315812997328232448
1315813048276398081
1315813178379567113
1315813267705454592
1315813269299363840
1315813312366440448
1315813441249177600
1315813449654562816
1315813517472092160
1315813632211587072
1315813748213452801
1315813848130043904
1315813907668373520
1315813928488894464
1315814083095154689
1315814117526196224
1315814137520435201
1315814185402540032
1315814204578951173
1315814234245062656
1315814259062976512
1315814352205885441
1315814372367794182
1315814461748453376
1315814490219442176
1315814616069369858
1315814641767976965
1315814724739780608
1315814897033392128
1315814929094578178
1315814962795814912
1315814972367294464
1315815011428827136
1315815014645653504
1315815077891637250
1315815112729604096
1315815119792697344
1315815211836870656
1315815219445235712
1315815249673551872
1315815282934452225
1315815304027492352
1315815429412139009
1315815463075688449
1315815610702532616
1315815662456012801
1315815702339743746
1315815714972930048
1315815796422127617
1315815852898484225
1315816000328269824
1315816015268384768
1315816117189767168
1315816126354542592
1315816178745593856
1315816197007441920
1315816212794757131
1315816280872620032
1315816624595841027
1315816650487324676
1315816683928317957
1315816696251326464
1315816720951586817
1315816888988033025
1315817061256396801
1315817069368291328
1315817107100233729
1315817128407134208
1315817577495629824
1315817592439922688
1315817690016210944
1315817757577945089
1315817870274818048
1315817980018663424
1315818050978025472
1315818130061635585
1315818377894535168
1315818413600714752
1315818600922411008
1315818646317543424
1315818730329382913
1315818961699823617
1315818977726287872
1315819007727955969
1315819074698477569
1315819129258094592
1315819255007522818
1315819292835762176
1315819447521771526
1315819447697969152
1315819510356533248
1315819552538755073
1315819648785494016
1315819664820273152
1315819808991125504
1315820039921119232
1315820076633862144
1315820273720004611
1315820332826075142
1315820382348349442
1315820403365998597
1315820429030776832
1315820480155316224
1315820543011180545
1315820626414772224
1315820643762548736
1315820694152769536
1315820891381657600
1315820986852421632
1315821327429836806
1315821552928256000
1315821562059202562
1315821658314285056
1315821724768727040
1315821774840434688
1315821846747590657
1315821888275247104
1315821976309596160
1315822111395590145
1315822148968157184
1315822165908959233
1315822337103589377
1315822614120730626
1315822631304691719
1315822635012374528
1315822668718002176
1315822748896124928
1315822911933079557
1315822920426491904
1315823084998361088
1315823143504752640
1315823269212237824
1315823342763483136
1315823354516045829
1315823384446500864
1315823412053327873
1315823431682674688
1315823461361737728
1315823525249396738
1315823536729194498
1315823604227948544
1315823646485540864
1315823726391431169
1315823798927724545
1315823814631133184
1315823903563034625
1315823969459728385
1315824238213894145
1315824262712827904
1315824435207843840
1315824633132843011
1315824702749913088
1315824720571371521
1315824853916753922
1315824875769139201
1315824888389808131
1315824892600889347
1315824917355679745
1315824919763193856
1315824933834981384
1315824979699732484
1315824980089876480
1315825174223167490
1315825189184303104
1315825197715542016
1315825488867266568
1315825619171762177
1315825664633835522
1315825709827457037
1315825868946599937
1315825882032996354
1315825965860368384
1315825984566956032
1315825986521493525
1315826162690449408
1315826183531950081
1315826223025655809
1315826288964235264
1315826423148363776
1315826440336678912
1315826527758581760
1315826628795265024
1315826674446069762
1315827064285671425
1315827190680948737
1315827341529022464
1315827680856739842
1315827765145473024
1315827861731696640
1315827880673198080
1315827987108032513
1315828008490393600
1315828109208358912
1315828122009436160
1315828155400114176
1315828285121736705
1315828457549357056
1315828465187385344
1315828642220572673
1315828998811922432
1315829036816441344
1315829069766778880
1315829161911611392
1315829355369639943
1315829488815665152
1315829639995027457
1315829682688847872
1315829724564934662
1315829798220963843
1315829820543164418
1315829933357387776
1315830030593818625
1315830048318922752
1315830080803926016
1315830092640268288
1315830185577635840
1315830415408717824
1315830491677888518
1315830688701014016
1315830726840012803
1315830756086886412
1315830847648542721
1315830911976435712
1315830998794465282
1315831032596385792
1315831061524492289
1315831162754011140
1315831284002947073
1315831309311254529
1315831406313058304
1315831523288002561
1315831631920340992
1315831761679667200
1315832001744826369
1315832064579567622
1315832068723470337
1315832137682165760
1315832169021964289
1315832257232412672
1315832403831783424
1315832466817593344
1315832592881475584
1315832731486449664
1315832769310863360
1315832831877156867
1315832878647914498
1315832928073658368
1315832974458454018
1315833014853799937
1315833172647653377
1315833188623810561
1315833457398829056
1315833502399594503
1315833703906578433
1315833730343280640
1315833771266990080
1315833829995798529
1315834006395670529
1315834106429595649
1315834153871511552
1315834200491200513
1315834270485749760
1315834279188987904
1315834342514610183
1315834367260987392
1315834370679332864
1316030913612898305
1316030928398016512
1316030983032893440
1316031009700278282
1316031055061680131
1316031863786479618
1316031864214294529
1316031885223571456
1316032088705916929
1316032204040933378
1316032229991092225
1316032241492004865
1316032272492105729
1316032443137159170
1316032459948072960
1316032485474496512
1316032497029984257
1316032975763636224
1316033005400580098
1316033037226909697
1316033071876014081
1316033247952932864
1316033302701187074
1316033453817823232
1316033545941458947
1316033693400535043
1316033782021906433
1316033835130392577
1316033853123952640
1316033856949096448
1316033873298550785
1316033923655233536
1316034003133177856
1316034062516129792
1316034083366068225
1316034212705824769
1316034238945341441
1316034254510448641
1316034440204873728
1316034454306074624
1316034460303986689
1316034578256199680
1316034641321754624
1316034686595084288
1316034739611095042
1316034816547213312
1316035148215967751
1316035202788085761
1316035326238834688
1316035333046382599
1316035370824335360
1316035663364608001
1316035764442988547
1316035773192306689
1316035790661533698
1316035831736410112
1316036164210642947
1316036171835871237
1316036179528089600
1316036281265160199
1316036291121811461
1316036310663147524
1316036425079574531
1316036490745597952
1316036554205417474
1316036577676599296
1316036594038702086
1316036596135673858
1316036688658010114
1316036775392018434
1316036801816125441
1316036914311430149
1316036968803831808
1316037003012571139
1316037060550176771
1316037564587884546
1316037585018531840
1316037589791641602
1316037727788453889
1316037996890787843
1316038009301676032
1316038218316304389
1316038391180353537
1316038390966554624
1316038453843300353
1316038781636472832
1316038805627994118
1316038885202423809
1316038897806254080
1316038995030179841
1316039115096363017
1316039589832908800
1316039627321507840
1316039652994932738
1316039682442944512
1316039771701964802
1316039800345055238
1316039923334602752
1316039997108219906
1316040147708895234
1316040170391703553
1316040181615656960
1316040189517590528
1316040290881490945
1316040292773048320
1316040360292950016
1316040432674111488
1316040437170343938
1316040483181797376
1316040580032606209
1316040618242580480
1316040772513271808
1316040798245453824
1316040898552180741
1316040931846561793
1316040943418503168
1316040948602855425
1316040957091962880
1316041019931140096
1316041083638501376
1316041154614358019
1316041310055268353
1316041364178493440
1316041490058170368
1316041519724404737
1316041692248596480
1316042144914829314
1316042173532573698
1316042370564096002
1316042383365222402
1316042509500379137
1316042517859753984
1316042563548217344
1316042564877905922
1316042565435551746
1316042584892923905
1316042585438408704
1316042718955536389
1316042802636230657
1316042812161511426
1316042920194170880
1316043008396025857
1316043086502531072
1316043251737145347
1316043264475246593
1316043327922417665
1316043331491762179
1316043352530456576
1316043391017381888
1316043407438032898
1316043460969984000
1316043494667038727
1316043567551266816
1316043571171074048
1316043655044452353
1316043772518699014
1316043898460925952
1316044119735762945
1316044153789145090
1316044161343258628
1316044258579685377
1316044341761187841
1316044392457797633
1316044467959476224
1316044476851187712
1316044736315166720
1316044805043040256
1316044929278324736
1316044933346873349
1316045003039354885
1316045109797031939
1316045315137433602
1316045727085162496
1316045815379488768
1316045865375723522
1316045868726968320
1316045948225835017
1316045954680848385
1316045990911193088
1315834656198209536
1315834731443949571
1315834777874780160
1315834786582208513
1315834908527353862
1315835092577607681
1315835159300780036
1315835322018795521
1315835415853629440
1315835419834155009
1315835453220753413
1315835532769931266
1315835633701728256
1315835633840128001
1315835914627829760
1315836044584067077
1315836208233222144
1315836288256413696
1315836305155084291
1315836634676387841
1315836644189241344
1315836682147704832
1315836702842220544
1315836703911735298
1315836745716506627
1315836790918520833
1315836910665895937
1315836959290519553
1315837306763444230
1315837337008508929
1315837581687480320
1315837592131248128
1315837627266891777
1315837650717339653
1315837680064790528
1315837709538254856
1315837756581580800
1315837890010603523
1315837924286459905
1315838053861093376
1315838058584068097
1315838233834524672
1315838326390362114
1315838381235089409
1315838590442639361
1315838602820104192
1315838640359124993
1315838720508125185
1315838727441317890
1315838729395662849
1315838783917641729
1315838863546503170
1315838871314165760
1315838984745033728
1315839051770011648
1315839064315236352
1315839236386455554
1315839329567207424
1315839358193238016
1315839375331205120
1315839475675791367
1315839718681194496
1315839740067950592
1315839785781530626
1315839827720503301
1315839833147875330
1315840049892806656
1315840049536090112
1315840105257472000
1315840192616554496
1315840201432891394
1315840305665630209
1315840407222149120
1315840440541872129
1315840557906890754
1315840596452560896
1315840779668140034
1315840830700019712
1315840847418540032
1315840885398134784
1315840922001838080
1315840939261415424
1315841022962937856
1315841060912988160
1315841064780132354
1315841174477963264
1315841409421901825
1315841476325187584
1315841606256394241
1315841808019197953
1315841837714661376
1315841904630788098
1315841912587206656
1315842029922988032
1315842042149310464
1315842065314525184
1315842103042355200
1315842172730703873
1315842281749073920
1315842370311774209
1315842469859217408
1315842550192799744
1315842583818452992
1315842638877257728
1315842701238005760
1315842731961352193
1315842906331193344
1315842944977514497
1315842977902845953
1315843200028942337
1315843213111029760
1315843418791256066
1315843544167452672
1315843586315804672
1315843683158233089
1315843695606931457
1315844030660521985
1315844038554259456
1315844059735490560
1315844245031395328
1315844278061588482
1315844281966432263
1315844361398161414
1315844379370692608
1315844386823888896
1315844440053833729
1315844571331530754
1315844601052303362
1315844659831332864
1315844832527605760
1315844919886520321
1315845066884354056
1315845079584526336
1315845204688039937
1315845247562387456
1315845396690804738
1315845444006625282
1315845452718239744
1315845465666183170
1315845668339097600
1315845670956339200
1315845733975756800
1315845800652668929
1315845830344167424
1315845985684393984
1315846098318221314
1315846155826327557
1315846158028242946
1315846413746569216
1315846418498826240
1315846434982420480
1315846438329503744
1315846475344154624
1315846537331834882
1315846547712602113
1315846606244261888
1315846656194220032
1315846706626539520
1315846786829803521
1315846794606186496
1315846807210004481
1315846823886479360
1315846936923115520
1315846962587996160
1315847349726597120
1315847378004512769
1315847470383984640
1315847531184746497
1315847718183546881
1315847738769145856
1315847826123833345
1315847826124034048
1315847944579420161
1315848179041161218
1315848401385267200
1315848451540705280
1315848472617197574
1315848506167492608
1315848526564216833
1315848580989558785
1315848916605169665
1315848967180226561
1315848987916681216
1315849013808099329
1315849122595762176
1315849177914466304
1315849244322955265
1315849361205596161
1315849426657849344
1315849500586459136
1315849571407482880
1316136994540486656
1316137011443576833
1316137034109652992
1316137037058265088
1316137271469453314
1316137380080840704
1316137422019796994
1316137430291017729
1316137451359002624
1316137451644243968
1316137534817263617
1316137627909844993
1316137708238983168
1316138064260075521
1316138076708757505
1316138093372612612
1316138173404127237
1316138296389644288
1316138336319352832
1316138432721301511
1316138483132452864
1316138539340365824
1316138638636351495
1316138651299053574
1316139237838733312
1316139447403130889
1316139511794069504
1316139540327944197
1316139625023324160
1316139644266872838
1316139711887552519
1316139829286055943
1316139866028158977
1316139867768791040
1316139902082453504
1316140073306464256
1316140115421323264
1316140130508259328
1316140130701254656
1316140157045739526
1316140190109495299
1316140232916566020
1316140324725690369
1316140328617865216
1316140417339944961
1316140609552420864
1316140673079279617
1316140760434171904
1316140795418808320
1316141090869858309
1316141097056382976
1316141130510209025
1316141155818639361
1316141245559975938
1316141310584201217
1316141406398812160
1316141521528221696
1316141780383956994
1316141951876427776
1316142031908098048
1316142125222948865
1316142170840207366
1316142405339545600
1316142627549519876
1316142741139709953
1316142757367308288
1316142954847834112
1316142997529071617
1316143013505241088
1316143114147393537
1316143226743599104
1316143308331196421
1316143320540872705
1316143402887647234
1316143416540106755
1316143524736315393
1316143575533604866
1316143613206622208
1316143612946780160
1316143709180887043
1316143806035755008
1316143838428307464
1316143949044690947
1316143986353098752
1316144040816119817
1316144304746909697
1316144310207819777
1316144346605989889
1316144530555576322
1316144538130558976
1316144577523269634
1316144595617624064
1316144704472444933
1316144754183340033
1316144805173489664
1316144808881278976
1316144897204903936
1316145133625065472
1316145201556066304
1316145231671164928
1316145379637891072
1316145383387660288
1316145518095917056
1316145538564198400
1316145551080030208
1316145672823873537
1316145715941433344
1316145749227339778
1316145755862691840
1316145818299240449
1316145840109613056
1316145902634045451
1316145952110059526
1316146000281690112
1316146038634246144
1316146057898647555
1316146201226547200
1316146285162848256
1316146322194534400
1316146440679219200
1316146520346054658
1316146538083569664
1316146759106801664
1316146792132640768
1316146792103325697
1316146804598149127
1316146893492285445
1316146960601022464
1316146989176893445
1316147021942845446
1316147073721434112
1316147111696764928
1316147191791132672
1316147275110985728
1316147288104992769
1316147299748401158
1316147384716582912
1316147505063698432
1316147513427193858
1316147515058786306
1316147522281275392
1316147543437455360
1316147579256741890
1316147611972317184
1316147658785001473
1316147824468389888
1316147911328137223
1316148084473200641
1316148117033701376
1316148180296269825
1316148197442482176
1316148214676905985
1316148222658859008
1316148436551512067
1316148478473637888
1316148503488458753
1316148525869146114
1316148578994262019
1316148642286370817
1316148650310094853
1316148786553671687
1316148788482932736
1316148834645442561
1316148868074135552
1316148877335113728
1316148952719187968
1316149099985539072
1316149170122752000
1316149178888675331
1316149245808799746
1316149294966157312
1316149308497027072
1316149326561841154
1316149391145791489
1316149404961775617
1316149448964218882
1316149518530822144
1316149535412977668
1316149653193195523
1316149677851467777
1316149936447205378
1316149993179410438
1316149996086079492
1316150374638784512
1316150554956095489
1316150584890789893
1316150776721530880
1316150863312957441
1316150940332941312
1316150978006179857
1316151071182671875
1316151142376587264
1316151159212707841
1316151267580956672
1316151346861662215
1316151452042133510
1316151566634823680
1316151591209111554
1316151626307043328
1316151649111429120
1315985660612935681
1315985941153148929
1315985946098069508
1315985985151303681
1315986030571315200
1315986070752972802
1315986074846588936
1315986092055826432
1315986192844959744
1315986453227282432
1315986584773165056
1315986759642083328
1315986838704750592
1315986871806119937
1315987275742928898
1315987324610793477
1315987375332503558
1315987413215440896
1315987536762875904
1315987543305973761
1315987576805822465
1315987727574282240
1315987731240095745
1315987765511811077
1315987824311758849
1315987933451747330
1315988008877735936
1315988083553251328
1315988202856087552
1315988323186479104
1315988356321476608
1315988399170433027
1315988403704471552
1315988748224598016
1315988789278498816
1315988805451685889
1315988809226518528
1315988880949116928
1315988915334062081
1315988923580112899
1315989015527653378
1315989019055009793
1315989078169456641
1315989091050229762
1315989165935398913
1315989195882721280
1315989267529822208
1315989526712639488
1315989640642428930
1315989662419353600
1315989665514762240
1315989772020649986
1315990088959000578
1315990116154957824
1315990173939912704
1315990458359832578
1315990575036985346
1315990780960481280
1315990780956348419
1315990785540661248
1315991054198476803
1315991069964808200
1315991096212717568
1315991233542619136
1315991352149258246
1315991569120538626
1315991570328453121
1315991616767885312
1315992145090707456
1315992932256821252
1315992954327248896
1315992989265727488
1315992999386648582
1315993021599547392
1315993047327531010
1315993096862138369
1315993221869297664
1315993373715640320
1315993440769933312
1315993553122856961
1315993586597531649
1315993649520553985
1315993733784129537
1315993842395553794
1315993943155322885
1315994188023050240
1315994253672275968
1315994518542573568
1315994671525498881
1315994694103506946
1315994750600843264
1315994837645168642
1315994871178485761
1315994879546331138
1315995021800243200
1315995223340781568
1315995318811586567
1315995358300983297
1315995436449136641
1315995525636919297
1315995596222849024
1315995613780217856
1315995685318205440
1315995776510832640
1315995822853586950
1315995835214176262
1315995894236549120
1315995939534893058
1315996002449588229
1315996200022151168
1315996255315800064
1315996410492252161
1315996464896770048
1315996476800143360
1315996649227943936
1315996665187364865
1315996666038816768
1315996988551294976
1315997122500722688
1315997336263446536
1315997442295377920
1315997533592866823
1315997614257696770
1315997664010436609
1315997705898950656
1315997941853757440
1315997991942184961
1315998167482036225
1315998318972076032
1315998373137145856
1315998553362386949
1315998605803696128
1315999031110373377
1315999043059879936
1315999375257206784
1315999391715659776
1315999454793785344
1315999752178274304
1315999911788392451
1315999962505924609
1316000021075161089
1316000066231037952
1316000068357496832
1316000122484912128
1316000193196720128
1316000215242018818
1316000403247427596
1316000478455459841
1316000529537957889
1316000621707825152
1316151787859181568
1316151825184292864
1316151938757668866
1316152053954158593
1316152232396558338
1316152300021317632
1316152353712738304
1316152362835283969
1316152391528517634
1316152526148759553
1316152556511469569
1316152667954008067
1316153176261885956
1316153226740273154
1316153327063904258
1316153419149656067
1316153459750703111
1316153486703308803
1316153599332888581
1316153704198803456
1316153718807633922
1316153742618767368
1316153847455211520
1316153918800396288
1316154052317593600
1316154061025153031
1316154174984409099
1316154323802431489
1316154358887661569
1316154375950217216
1316154747657818112
1316154748660113408
1316154760991514626
1316154773972811776
1316154799528669185
1316154870932668424
1316154924871245824
1316155105125773312
1316155180317016065
1316155205910700043
1316155302362968065
1316155583632900096
1316155620337254400
1316155629573074944
1316155789724196866
1316155827661619200
1316155985908596736
1316156041227272193
1316156068830097408
1316156130746413056
1316156153919922177
1316156313718550528
1316156418555346947
1316156615029071874
1316156749548789761
1316156770864201728
1316156795971424256
1316156917006446593
1316156929257992193
1316157005816569858
1316157173869637632
1316157219596111872
1316157245076525056
1316157387468804096
1316157445643726849
1316157533925642242
1316157597125312514
1316157697918742529
1316157701295083525
1316157719066431488
1316157743892508673
1316157814876729344
1316157927900753920
1316158028446605319
1316158154418335744
1316158221480988673
1316158381317644291
1316158414481915905
1316158473550389249
1316158485906817024
1316158557323100161
1316158662491230209
1316158771593310208
1316158792250413056
1316158808603807746
1316158829705396224
1316158854049271808
1316158864123858944
1316158993505619970
1316159245881143301
1316159333089054723
1316159417985892352
1316159517676240898
1316159568116932608
1316159819401752582
1316159957453205505
1316160133827829760
1316160159123681281
1316160398618316800
1316160419657060355
1316160499902484482
1316160696804093952
1316160763183144962
1316160877003853824
1316161384791633920
1316161392198774784
1316161405503123456
1316161497987387393
1316161556846125057
1316161607777443841
1316161686747971584
1316162299024019456
1316162306955509760
1316162604465827840
1316162642763948032
1316162689303863297
1316162877871599616
1316162902647361541
1316162953041842177
1316163213097082880
1316163279748653057
1316163330210508800
1316163333507231744
1316163349005168641
1316163397105455107
1316163506777935872
1316163629130100737
1316163662457958401
1316163674101428228
1316163696041824258
1316163892100431874
1316164307982397441
1316164396427743234
1316164429562609666
1316164551176527878
1316164664254889984
1316164714548797440
1316164862079361024
1316164919751045120
1316164924171665408
1316165055218626564
1316165083802800128
1316165264170344448
1316165507624710144
1316165616156512256
1316165688030044161
1316165719659225089
1316165737871028226
1316165779780505600
1316165859564490752
1316165906104426497
1316166141266493443
1316166190771957762
1316166283604430848
1316166354442035200
1316166365460529154
1316166367171678210
1316166443688394752
1316166531085148161
1316166644415311872
1316166728158769152
1316166784349765632
1316166794600689665
1316001098692354049
1316001158734000128
1316001320059449345
1316001459847168001
1316001513794408449
1316001543943065600
1316001636251103234
1316001761711267841
1316001804035985408
1316002164473556992
1316002188028784640
1316002412474241024
1316002471391698947
1316002592145707008
1316002592233848832
1316002621849849856
1316002688346263552
1316002969603588098
1316003024137940992
1316003060976676868
1316003242741035008
1316003333480476672
1316003435393806337
1316003468772081668
1316003469250179075
1316003511453265921
1316003578423791618
1316003640872763393
1316003823987630082
1316003868262559745
1316004018263597062
1316004039088275457
1316004039801352197
1316004076723867649
1316004156709142529
1316004201588236288
1316004285218516994
1316004291182841856
1316004303702818816
1316004492605820930
1316004530459275265
1316004566471790592
1316004568497483776
1316004699116630017
1316004722655080460
1316004739855908865
1316004802451705857
1316004831367135236
1316004874493071361
1316004915794251777
1316004923851575296
1316004963324133377
1316005305411670018
1316005419316322309
1316005419756728320
1316005674569138178
1316005687269482496
1316005725903237120
1316005981923442688
1316006006611210241
1316006057806880768
1316006094368464898
1316006107597344768
1316006124605169664
1316006182927167488
1316006199683280899
1316006216913518592
1316006258139430912
1316006295527358470
1316006312325545990
1316006320638750721
1316006414188453889
1316006492919791617
1316006673614622720
1316006760897933312
1316006765402755072
1316006774672101377
1316006866837790720
1316006954339307520
1316007143519248384
1316007318929240064
1316007529126801408
1316007579659776002
1316007784899518471
1316007834497277953
1316007951891656704
1316008003125075968
1316008070607118338
1316008083609579520
1316008191679897600
1316008448685993984
1316008514972770304
1316008631553257473
1316008636947353600
1316008661865713664
1316008842174529536
1316008887800168449
1316008938286968834
1316009014321266688
1316009034210848768
1316009052263112704
1316009134819434499
1316009211579559937
1316009241065467904
1316009349458931712
1316009424918634496
1316009495533764610
1316009642896560128
1316009684994719746
1316009782281678849
1316009785708474369
1316009902574194694
1316010046246064128
1316010128869478400
1316010301490442240
1316010309971144706
1316010352677539842
1316010604444946432
1316010697655037952
1316010783512248320
1316011059879112704
1316011169107255309
1316011202615668736
1316011245196111872
1316011273268727808
1316011312695013378
1316011327895171077
1316011446988349440
1316011614005424132
1316011701666422787
1316011806838591488
1316011950455681027
1316012146258399233
1316012230572347393
1316012288856322048
1316012447627571202
1316012478904463360
1316012495115481092
1316012625147252738
1316012655790886917
1316012764091957249
1316012772040171520
1316012844089896965
1316012872254672897
1316013078262112258
1316013090295615488
1316013112051617792
1316013169928597507
1316013346169122827
1316013379727716360
1316013434899582980
1316013571986264065
1316013614302588928
1316013749493407751
1316013749615038468
1316013819798319104
1316014248401629185
1316014261953417219
1316014324435935239
1316014541361180675
1316014730612338688
1316014789231931395
1316014923625852931
1316014941925646336
1316015217315176449
1316015402153963521
1316015495078842381
1316015648955269120
1316015674146213890
1316046196255973376
1316046204887732226
1316046223430778880
1316046439022235648
1316046629607268352
1316046699597422593
1316046746317971459
1316046770493894660
1316046834197032962
1316046897094840325
1316046980481769474
1316046989260402688
1316047086165676038
1316047399974969344
1316047563678679043
1316047656234422272
1316047681790398464
1316047693635092481
1316047723565588480
1316047773561548802
1316047777454059520
1316047886573023232
1316047994844717056
1316048020337721344
1316048133604941830
1316048171211075584
1316048209756782593
1316048294204846080
1316048298138976256
1316048419723472896
1316048540603502593
1316048549721919489
1316048591991963649
1316048688272244736
1316048851426586626
1316049065621311489
1316049186551263232
1316049190867275776
1316049208294731780
1316049296773582856
1316049460141592578
1316049580904022016
1316049642509926400
1316049660696551424
1316049682544689158
1316049748265238530
1316049789939781634
1316049828498083841
1316049894440939520
1316050059721613318
1316050152495423490
1316050163698462723
1316050348650442754
1316050419743940608
1316050490795335682
1316050524182020107
1316050672131825664
1316050768227717120
1316050906446692354
1316050939644526592
1316050999535046657
1316051107714494467
1316051262887006208
1316051308286222336
1316051572866965504
1316051624242999297
1316051644702892032
1316051670623752194
1316051951361159174
1316051985758449664
1316052002162401285
1316052224598929408
1316052227291635712
1316052336922378241
1316052464320290823
1316052712157581313
1316052743660994561
1316052744344670210
1316052804579069953
1316053180275326977
1316053229516525568
1316053343916101633
1316053439709958144
1316053658245771264
1316053788453736448
1316053913464905728
1316054102984581133
1316054137637875712
1316054232160665601
1316054511589511168
1316054559236685824
1316054640065228803
1316054996438462464
1316055012372430848
1316055085085065221
1316055096891969538
1316055134674313216
1316055226206609409
1316055325456252929
1316055335640002560
1316055444599779334
1316055465093206017
1316055465982414849
1316055497934602245
1316055587960975365
1316055763798945792
1316055809864818688
1316055833114017792
1316055876600565765
1316056144855658497
1316056191827673089
1316056384350363649
1316056404805943297
1316056489598033921
1316056513941626880
1316056585094004737
1316056665435918339
1316056682141749248
1316057096438386692
1316057181037326336
1316057240030208001
1316057357269442560
1316057550337564672
1316057725768433670
1316057886439636994
1316057890759815169
1316057898875838465
1316057953196269570
1316057977921601536
1316057999815909382
1316058062155907084
1316058217580036098
1316058267592916992
1316058529992716288
1316058536187555840
1316058656602042369
1316058912668385282
1316058936491958272
1316058981459267584
1316059068839211009
1316059088749387776
1316059207762763776
1316059237215330304
1316059294882844673
1316059324981092353
1316059361786105856
1316059391632781313
1316059509174001665
1316059555868991493
1316059613230510081
1316059689810038788
1316059823981703170
1316059899319791618
1316059902759055363
1316059928252035074
1316059937123061761
1316060032669085696
1316060138130862080
1316060213972090880
1316060271581028352
1316060318540455936
1316060393823895552
1316060540884705280
1316060692034842628
1316060699693592577
1316060938924105741
1316015908695928839
1316015909870301187
1316015925435408391
1316016010382569475
1316016173176164352
1316016174740561920
1316016270878203905
1316016286128771073
1316016446439219201
1316016525879382018
1316016572465471488
1316016580107530241
1316016798349717504
1316016877928280066
1316016890792214530
1316017024380805120
1316017330955010050
1316017353235161088
1316017545707581441
1316017587210219525
1316017670316191744
1316017821575376898
1316017841942925315
1316017884733206536
1316017892756914178
1316017948205613056
1316017960331276291
1316018040236986371
1316018077079748608
1316018081127231494
1316018102467928071
1316018178770694151
1316018204007776259
1316018341572612099
1316018551887556609
1316018593801228288
1316018656543862784
1316018716111298561
1316018827474296832
1316018840933789696
1316018861834006528
1316018865873195013
1316018895921147911
1316018949729837067
1316018991484203008
1316019003446362114
1316019058718859264
1316019302697377793
1316019335194763265
1316019378056359939
1316019479332098055
1316019756277796864
1316019804398997507
1316019872787173378
1316019872715862017
1316020019441012740
1316020091369091073
1316020318113210368
1316020380612456450
1316020504826839040
1316020740932558850
1316020779268464640
1316020782783369217
1316020813041074180
1316020930338983940
1316020955341230083
1316020959753588743
1316021025675517955
1316021152112758792
1316021169321988101
1316021290742935557
1316021294563905542
1316021315774472193
1316021352768303107
1316021595316523009
1316021860853669888
1316021888594833408
1316021919615918082
1316022079993475074
1316022233488265219
1316022410894737415
1316022598635986945
1316022839049220096
1316022864223432704
1316022866136064008
1316022891612233728
1316022901401817094
1316022959278944256
1316022988882337794
1316023080901177345
1316023119207784449
1316023123888594946
1316023174073475075
1316023227970285571
1316023342806102016
1316023480194789378
1316023652094148622
1316023656527491075
1316023744645656576
1316023802833203200
1316023903370661888
1316023923662675969
1316023997679636481
1316024054227234817
1316024066273206276
1316024097340485638
1316024119402528769
1316024252290670592
1316024301674405893
1316024310205542405
1316024335329419273
1316024489939881989
1316024507010703361
1316024842987077632
1316024864411545606
1316024885831888897
1316025018589962255
1316025103088377861
1316025170209898502
1316025191168835587
1316025371255480329
1316025417057275906
1316025627795841025
1316025723576963078
1316025736298258435
1316025852488937475
1316025941798211584
1316025997204963329
1316026210187538438
1316026260917682176
1316026393566744579
1316026558277058569
1316026571866558465
1316026915161956356
1316026941556752389
1316027002713968640
1316027090441891842
1316027095378583553
1316027330175721474
1316027393409052677
1316027644857778176
1316027656991694848
1316027849531293698
1316027866971164675
1316028012375097358
1316028034802040833
1316028072336842753
1316028110865747969
1316028350146793472
1316028382442782721
1316028647187283969
1316028651088027650
1316028759280168961
1316028826011357191
1316028907708063745
1316028928314621957
1316028999814930433
1316029091896848384
1316029196259393545
1316029226311544832
1316029231147622401
1316029339788406790
1316029352350543872
1316029591371173888
1316029678637871107
1316029767326461956
1316030002660429830
1316030077935656962
1316030278918430721
1316030371805396992
1316030468781899776
1316030504991297540
1316030707257483264
1316030712353492992
1316030775071068160
1316030824068739073
1316030837411000322
1315970632220323840
1315970694249877510
1315970842841493504
1315970885321453568
1315970993295327232
1315971004997545984
1315971193221066758
1315971273650913281
1315971361932681219
1315971369826385926
1315971476265238529
1315971520301236224
1315971617235914752
1315971793656721410
1315971949676367874
1315971974540201984
1315972041804328961
1315972061735669760
1315972401725870081
1315972467836350464
1315972587097333761
1315972591547490304
1315972656315928576
1315972850885500928
1315972960482721792
1315973044591001600
1315973077394616321
1315973441468665857
1315973462293442560
1315973635694182407
1315973849146552320
1315973874337476608
1315973914896416773
1315973920319770626
1315974091606810626
1315974322704584707
1315974364597301249
1315974465273069569
1315974474848776195
1315974642666999810
1315974674476564480
1315974738762588166
1315974819423358978
1315974880177860609
1315974960251363328
1315974966781841409
1315975056674217992
1315975071253573632
1315975132519845890
1315975291387420672
1315975317471678466
1315975437848371200
1315975464733769728
1315975472602324992
1315975531108630530
1315975690085429249
1315975718837288961
1315975943526199296
1315976035545034752
1315976146832351232
1315976155145670656
1315976339254632448
1315976444372287489
1315976490765422597
1315976566795534337
1315976755656581121
1315976768319356929
1315976768767971329
1315976849445597184
1315976869024497665
1315977170708320257
1315977242837741569
1315977259401072640
1315977275838468096
1315977298261282817
1315977603359137793
1315977720208252928
1315977796125184000
1315977808263499781
1315977821160906752
1315977926723207168
1315978120021843968
1315978123893039104
1315978160597594115
1315978247511912449
1315978340482912256
1315978359986360321
1315978474700509185
1315978521852903424
1315978534498652160
1315978554795077633
1315978576571887616
1315978612458303488
1315978698936512517
1315978816272113666
1315978936384397318
1315978979652898820
1315979037622194177
1315979275632336896
1315979382754697216
1315979409749278721
1315979410890264577
1315979444465676289
1315979486786187264
1315979798913724421
1315980001867595776
1315980041033900033
1315980068322148353
1315980202854551554
1315980227542224896
1315980393724538883
1315980399043129344
1315980422598230018
1315980476700479488
1315980505700077568
1315980529532010496
1315980610628923395
1315980706623959040
1315980836668350465
1315980996257501187
1315981003622617088
1315981163798892544
1315981194660638721
1315981205154787328
1315981289443520513
1315981435447046144
1315981436781039616
1315981587536805889
1315981637226827776
1315981692830724096
1315981822896070662
1315982254418522112
1315982259397308417
1315982397515718656
1315982400330043393
1315982417690325000
1315982480273539072
1315982568550879232
1315982589308465153
1315982695047061504
1315982778584965121
1315983030104862720
1315983104453025792
1315983142541578241
1315983172656664576
1315983429205405696
1315983461732278272
1315983498956636165
1315983608398708736
1315983638639542273
1315983852922384385
1315983999978934272
1315984007339954177
1315984025966850056
1315984048653623298
1315984153951834112
1315984154383855617
1315984246629072896
1315984291873148930
1315984438900207616
1315984443522248705
1315984518478729220
1315984615992111104
1315984640889552897
1315984704617807874
1315984807944425479
1315984820556705794
1315984851703603200
1315984934369099777
1315984985887780865
1315985076577095680
1315985117630926849
1315985144231194625
1315985595601022977
1315864822169432064
1315864842641846272
1315865039644037120
1315865140701663238
1315865246020456448
1315865334436556800
1315865409355091968
1315865526908981248
1315865745436209152
1315865858602749959
1315866302511185921
1315866345838465024
1315866378856005634
1315866383465340928
1315866563921182722
1315866566341398534
1315866601019727873
1315866632116346880
1315866701012119552
1315866831064887296
1315866878158479360
1315866885561360384
1315866898404433920
1315866902191919104
1315866939948818432
1315867132513513474
1315867160099524608
1315867169775857664
1315867285589045248
1315867627554734080
1315867631488954368
1315867720802500608
1315867921302917120
1315867934636625920
1315868110927298560
1315868214870581249
1315868270373691393
1315868596342579205
1315868769667907584
1315868869878185985
1315868966095474689
1315868995254329345
1315869037520465920
1315869066817490946
1315869070219259904
1315869129233047552
1315869397714718721
1315869560927514625
1315869842319306753
1315870043004174336
1315870045168447488
1315870076873052161
1315870228950118401
1315870279109926913
1315870295618658304
1315870355479760897
1315870551072739328
1315870623478947840
1315870794405171200
1315870816630960128
1315870846490009601
1315871043139956736
1315871189949050880
1315871193065558021
1315871332479963142
1315871373852639233
1315872028717731841
1315872086070571008
1315872120010727425
1315872145071894528
1315872187245625344
1315872325758144513
1315872405794041858
1315872455190212609
1315872471841558533
1315872523121127424
1315872552804249601
1315872694936666112
1315872745692033025
1315872812092002304
1315873065264439296
1315873085724266498
1315873178145693696
1315873189373915137
1315873215097442305
1315873285561819137
1315873407850942465
1315873558111891456
1315873698012975106
1315873949570433024
1315873987143053313
1315874012103208961
1315874135206223872
1315874476924391430
1315874868739661825
1315874897755742208
1315875080904282117
1315875128400662528
1315875157420904449
1315875283530964993
1315875307786821633
1315875391190433792
1315875430453268487
1315875491941814276
1315875514016432130
1315875521419378688
1315875630567747584
1315875707298312192
1315875756485029888
1315875847568588800
1315875878509965317
1315876063692632066
1315876079706402817
1315876091400200192
1315876096949268480
1315876176938831872
1315876260468404226
1315876357369475072
1315876414596550656
1315876435832131584
1315876483244732429
1315876525384896512
1315876642460491777
1315876794315153410
1315876800568983552
1315877023416381447
1315877094606372865
1315877266233016321
1315877295685423104
1315877379609448448
1315877381022846976
1315877442792370178
1315877467996016645
1315877501894361088
1315877598187139072
1315877657083621377
1315877674120892417
1315877701782179840
1315878042716135426
1315878285843152896
1315878331582119936
1315878336053293057
1315878452961120256
1315878492064677888
1315878591293468672
1315878633882357760
1315878693085081601
1315878746545508353
1315878906726031362
1315878940397821952
1315879003698331648
1315879104470831105
1315879401309925376
1315879427318796288
1315879674799632386
1315879821042495488
1316076383341346824
1316076428958597121
1316076474819063808
1316076538362822657
1316076571510349824
1316076676862767105
1316076805669875712
1316077046351777796
1316077066660597760
1316077151255367681
1316077221614956544
1316077289264812032
1316078123373473795
1316078206705958916
1316078215585320964
1316078283184836609
1316078356337766401
1316078446078951424
1316078509870129152
1316078550517256194
1316078643228151808
1316079088575094785
1316079327272984576
1316079386274205696
1316079532957286401
1316079592034242560
1316079733445201920
1316079863946571776
1316079939670638595
1316080116120911874
1316080198325075969
1316080224367329281
1316080259251474434
1316080303748739072
1316080304621326339
1316080333100658695
1316080338058313731
1316080392286416904
1316080435089281026
1316080611321409537
1316080757559848961
1316080819950288903
1316081029866643457
1316081034056945664
1316081085072146433
1316081101052542977
1316081282221129728
1316081310369157120
1316081315448459264
1316081546579845120
1316081588027953153
1316081796899983360
1316081848733380610
1316081877376274436
1316081990836391936
1316082015553413120
1316082032007618560
1316082087104000001
1316082141990653959
1316082364083208193
1316082384564035588
1316082460019642381
1316082569717272578
1316082581692207104
1316082624411185153
1316082724306911234
1316082816254443520
1316083085864128512
1316083127060750339
1316083135713484800
1316083244329295880
1316083303066284039
1316083370326020096
1316083386788667399
1316083647615696896
1316083648295325700
1316083790121496576
1316083831728898050
1316084233857835012
1316084355543052289
1316084443724034054
1316084507032731648
1316084545578586112
1316084576142405632
1316084629107949574
1316084640529219590
1316084700499279878
1316084746368163841
1316084795705827335
1316084821383409664
1316084863875809280
1316084947363360768
1316084969115189248
1316085060404047872
1316085098899537923
1316085190775590912
1316085199315374080
1316085312603389952
1316085324469108736
1316085325236703233
1316085354013822976
1316085370757410816
1316085386112831488
1316085391351525377
1316085397148045313
1316085433755860992
1316085524520734720
1316085593651073026
1316085887227305985
1316085949902794752
1316086034145443840
1316086197408731137
1316086259740291077
1316086549730258947
1316086558370549761
1316086641618907136
1316086716869025798
1316086718475448320
1316086822477467649
1316086864080584704
1316086915175768064
1316086968481206273
1316086993650999297
1316087140745388033
1316087146000908290
1316087283561398273
1316087325496090624
1316087329484800000
1316087425534361605
1316087476822310912
1316087555415142400
1316087578764902402
1316087605755359232
1316087637308923904
1316087648226770944
1316087690618646531
1316087716111581184
1316087867731398656
1316087918604230657
1316087971142017024
1316088039211442179
1316088102222475265
1316088172284010496
1316088177120116738
1316088193947586560
1316088248662462465
1316088378010595331
1316088411355217924
1316088470977249283
1316088496226996225
1316088516489760770
1316088529701621762
1316088576170430464
1316088697230626816
1316088861315923968
1316088873051549696
1316088991343620097
1316089263705010179
1316089376439504901
1316089383922135043
1316089481200623618
1316089501966462977
1316089527606353924
1316089571524841472
1316089749833216006
1316089762533400576
1316089850324451333
1316089972164706304
1316089976090578944
1316090014015483904
1316090114305646594
1316090560000659456
1316090655681122306
1316090705614303488
1316090971768135682
1316090982648160256
1316091017565798400
1316091059441668096
1316091087883247616
1316091197039890432
1316091225838153728
1316091284566740997
1315849760696340487
1315849764823588864
1315849784750678016
1315849865222656000
1315849984265392128
1315850014472769537
1315850044415922182
1315850192873238530
1315850239085998080
1315850644981379077
1315850800082624513
1315850925727264768
1315850926217785346
1315850930680737792
1315851026671468545
1315851123450929153
1315851286672216065
1315851320306413571
1315851329026179072
1315851433636507650
1315851584493039618
1315851605170892800
1315851647726174208
1315851775811956741
1315851790689202176
1315851824533037056
1315852340201771009
1315852431671070731
1315852491603369984
1315852545194168326
1315852574902362113
1315852612319752193
1315852629570924547
1315852674563153921
1315852700752306177
1315852931455946752
1315852944210833408
1315853010996731904
1315853178114641920
1315853228580446208
1315853262596300806
1315853266199236610
1315853308377079813
1315853313397739521
1315853341965025280
1315853346172014592
1315853357546835968
1315853372227022848
1315853417386893314
1315853439092621312
1315853483556270082
1315853602267766785
1315853888101081088
1315853896368230400
1315854029440913408
1315854163704786951
1315854211180101633
1315854290511163392
1315854387005267968
1315854478315266050
1315854727121448960
1315854952103735299
1315854952410083329
1315855002641068032
1315855212985364480
1315855217070616576
1315855304978964481
1315855338512560129
1315855451410571265
1315855687063400450
1315855808538832896
1315856127666515969
1315856155961372674
1315856252019318784
1315856265575378946
1315856474975997956
1315856584938061825
1315856588880531456
1315856602549936129
1315856651027652608
1315856662746591233
1315856878090420224
1315856903205990401
1315856907815407616
1315857038048661504
1315857083477102594
1315857218919694337
1315857348217495552
1315857365246255104
1315857494787325953
1315857511040258048
1315857553444810754
1315857620654268416
1315857641009184770
1315857717433573377
1315857867363307521
1315857868109885442
1315857927115345921
1315858051254169601
1315858061249175552
1315858094677786625
1315858379621969921
1315858462920904704
1315858589903396864
1315858761190379520
1315858858640920576
1315858883349422080
1315859029181247488
1315859134118457344
1315859240083484673
1315859252033060864
1315859535718907904
1315859537908432897
1315859592295874562
1315859612332101639
1315859670733594626
1315859688269914112
1315859864183283714
1315860014800670720
1315860125026971649
1315860196334264320
1315860396582944769
1315860433467854849
1315860447476711427
1315860539160113152
1315860637126361088
1315860808673325057
1315860873441808384
1315860879150387205
1315860904441868289
1315860992757178368
1315861163968610305
1315861315814977536
1315861352964067328
1315861458178068483
1315861474305290240
1315861559726477313
1315861576507944960
1315861579628457984
1315861642345885696
1315861658032504832
1315861735836917761
1315862044839682050
1315862141317062661
1315862214805524482
1315862217460314112
1315862225526063104
1315862309865222144
1315862611947388931
1315862653320003585
1315862707803885579
1315862846211678208
1315862922053251073
1315862935634432000
1315862998511218688
1315863023299551233
1315863284696915969
1315863294813577216
1315863443124043776
1315863463550488577
1315863501039169538
1315863511432597505
1315863542747332608
1315863552318738432
1315863685164929026
1315863706459344897
1315863724251664385
1315863731092545537
1315863799371567104
1315863991265103874
1315864005110620160
1315864235679780864
1315864254751399938
1315864313903624193
1315864356723273728
1315864407503712257
1315864410972401671
1315864448351961088
1315864532766646272
1315864620394000384
1315864629764005888
1315864683317002241
1315864742641180673
1316061191752617984
1316061391648886786
1316061622876676098
1316061685896142850
1316061777529053186
1316061811582664704
1316061895904948226
1316061962481135617
1316062009507622912
1316062025412423691
1316062100951912450
1316062193293684736
1316062218606333952
1316062508285857795
1316062814935621632
1316062839971348480
1316062901619355648
1316062936239157249
1316063460262846464
1316063506253348864
1316063556094234625
1316063585869520896
1316063665053818882
1316063665154646016
1316063711363301377
1316063728945643521
1316063744946913281
1316064133880647681
1316064379599818756
1316064458012340224
1316064483404476416
1316064492363624449
1316064538098364421
1316064566866976768
1316064647955480577
1316064869322559489
1316064890541477888
1316065024591319040
1316065061828521984
1316065141427929090
1316065238039617536
1316065279827423238
1316065285405892610
1316065393958674432
1316065489781628928
1316065758858928130
1316065800697020424
1316065989931536384
1316065999112802310
1316066065802162176
1316066190859657222
1316066199822888961
1316066274364010498
1316066300003676162
1316066325404569600
1316066370946129920
1316066443339980806
1316066874921160704
1316066911826972680
1316067003808055297
1316067083101274114
1316067255936004096
1316067260394606592
1316067318405816320
1316067319731290112
1316067410462425088
1316067626213281793
1316067755695763456
1316067817054253057
1316067863946551296
1316068002933088257
1316068103839596547
1316068144062984193
1316068263189770243
1316068314087665664
1316068330298576896
1316068334614523908
1316068501510123521
1316068727306190849
1316068803223134215
1316068806884761600
1316068839558316033
1316068863122046976
1316068919568994305
1316069232203960323
1316069257449529344
1316069353406767105
1316069396067082240
1316069593140678666
1316069714754502657
1316069738972426240
1316069768357707777
1316069805905018883
1316070124848283650
1316070128811827201
1316070194700312583
1316070212999888897
1316070230016372736
1316070376808554496
1316070426670501888
1316070430776713219
1316070598603399168
1316070624477896705
1316070787003023360
1316070837599055873
1316070944331497473
1316071114632724480
1316071257037664258
1316071299404435458
1316071327783022599
1316071392115220480
1316071442296057857
1316071496171892736
1316071576534646784
1316071643408723970
1316071829082173440
1316071861374070791
1316071940491145216
1316072003942707200
1316072229701115905
1316072301666983936
1316072317861199874
1316072498669195264
1316072578155450368
1316072641057480711
1316072666164391939
1316072692072800256
1316072780077559808
1316072817851596807
1316072897782312963
1316072948105646086
1316073035338862593
1316073119753224192
1316073241916497920
1316073325651664896
1316073328977817600
1316073385844240386
1316073426658848768
1316073526856740865
1316073598281375744
1316073862216454144
1316073907447889922
1316074004181135360
1316074017175023616
1316074050830176258
1316074063224279040
1316074083709263872
1316074105687474180
1316074168467808272
1316074217746558976
1316074519765880834
1316074554503159808
1316074587273256962
1316074601022197760
1316074650464587777
1316074676095979525
1316074687567364107
1316074986407366657
1316075007471165440
1316075040224444416
1316075262640115715
1316075597752201216
1316075766673739777
1316075774953259010
1316075993048715270
1316076000963428353
1316076113769066496
1316091415328423941
1316091586598432768
1316091632924725248
1316091692009873410
1316091722015752192
1316091725040021505
1316091843495460873
1316091959669391362
1316092165542604802
1316092200065871874
1316092250057781250
1316092279258521609
1316092341694935041
1316092517746573312
1316092526181453828
1316092532380426240
1316092690640109570
1316092866343698439
1316092891702288384
1316092958404349952
1316093000922075137
1316093001047986178
1316093017233723399
1316093097584062469
1316093138856030208
1316093147357736960
1316093394272296961
1316093566310113283
1316093579215937539
1316093592553713664
1316093797831409666
1316093860439785472
1316094049242284033
1316094063721021440
1316094166401773568
1316094490248085504
1316094577170935811
1316094716157468672
1316095165426262017
1316095169326915584
1316095307348803584
1316095433312268292
1316095454472478720
1316095639537831937
1316095651239923717
1316095706835410945
1316095941607403520
1316096011270606848
1316096083798290432
1316096175339188225
1316096200538501133
1316096288190918656
1316096310399971329
1316096389768638464
1316096468562980869
1316096507494498305
1316096541787029514
1316096654253142017
1316096792761692160
1316096792891539456
1316096870809309187
1316096914115506176
1316097005496733699
1316097055845224449
1316097069229146112
1316097199571267584
1316097203807584258
1316097224728813568
1316097295021113344
1316097320103149569
1316097353439498240
1316097396275777536
1316097475942457344
1316097487980171265
1316097583618588672
1316097681501106176
1316097706100756485
1316097774035836933
1316098018475683841
1316098067007905792
1316098135702335493
1316098221916278785
1316098277423669249
1316098382222458883
1316098499042131968
1316098516318470145
1316098545469067266
1316098591308603397
1316098625009840130
1316098734170791937
1316098734866997250
1316098914362195969
1316098926605410306
1316099124706582528
1316099137931292678
1316099305233620992
1316099329149501452
1316099682448228352
1316099845602516993
1316099847724900354
1316099889835773957
1316100060510392320
1316100105980858368
1316100202189778945
1316100344816885760
1316100382339203073
1316100395979042816
1316100491818876928
1316100655313031176
1316100801920630785
1316101024180969472
1316101040903782404
1316101112567599104
1316101191080828929
1316101213205786625
1316101226031910919
1316101334442143746
1316101401081262088
1316101465581248512
1316101518643265536
1316101540755566593
1316101682187599872
1316101708024549376
1316101865151569922
1316101892355887104
1316102094164811777
1316102198800113667
1316102340622135297
1316102362679910400
1316102415670800387
1316102660064448512
1316102857532243969
1316102979620044801
1316103246923132935
1316103453433827329
1316103481686720524
1316103855831220224
1316103876643188736
1316104170068422657
1316104317196267528
1316104577020620800
1316104714996510721
1316104749226180608
1316104815404085249
1316104861998551042
1316104911889801224
1316104932681035778
1316105105603735554
1316105130178207751
1316105231160274944
1316105239905402882
1316105260260364289
1316105324256952322
1316105357169692673
1316105642671661056
1316105714151165957
1316105766605123585
1316106069693865984
1316106169954508807
1316106191500726275
1316106334283194371
1316121655500890112
1316121777328840706
1316121899257204740
1316121927942107143
1316121979624267790
1316122054115065864
1316122336408596485
1316122365009551362
1316122427596906496
1316122469225332737
1316122469984501760
1316122641082843146
1316122705146544128
1316122717939269633
1316122761723551752
1316122768119922694
1316122793298231298
1316122972999110660
1316123157204480000
1316123288142258178
1316123304864944129
1316123598315282439
1316123672143372288
1316123703415955456
1316123739759742982
1316123866071064576
1316124193092710408
1316124206803963904
1316124214357749760
1316124293575716865
1316124382226505728
1316124566649884673
1316124575114035200
1316124599835394048
1316124646597681153
1316124731272200203
1316124805196918787
1316124985723965441
1316125094855561217
1316125146302750720
1316125208038707200
1316125238762123265
1316125358974996482
1316125380445601792
1316125443024654337
1316125493654163458
1316125498208997376
1316125515472723969
1316125820860141571
1316125833774366720
1316125870810165250
1316125875981766658
1316125934857023488
1316126031430979584
1316126302840135680
1316126353083826178
1316126374185369601
1316126391478423552
1316126450425180160
1316126488211730433
1316126534764294156
1316126655551868935
1316126701135552514
1316126744303341568
1316126845021036544
1316126882417520640
1316127150689251333
1316127478356668416
1316127635001544704
1316127699685920768
1316127767193239552
1316127817336197120
1316127855273803776
1316127959489544192
1316128072861650945
1316128258283368448
1316128265891913728
1316128286561402888
1316128331683725313
1316128521459294208
1316128543324082176
1316128887861108736
1316128917380620289
1316128971076050954
1316129046334451712
1316129108674449411
1316129273569136645
1316129515811336192
1316129536975667201
1316130070478696453
1316130091131437064
1316130174644224002
1316130510180102146
1316130531214422016
1316130673904812035
1316130950493999108
1316130976129576964
1316131030093316096
1316131180723482624
1316131453378482176
1316131550619144193
1316131683792564225
1316132091399151616
1316132183942352897
1316132217387581440
1316132217689649161
1316132313403740160
1316132569080045568
1316132639120617472
1316132706334502912
1316132754652717056
1316132771207680000
1316132829634482178
1316133118391267328
1316133145423552517
1316133207079874561
1316133357571510273
1316133538777923584
1316133576459448320
1316133835810238469
1316133983005093889
1316134037052895234
1316134251427897344
1316134255089651712
1316134268465229826
1316134389403668480
1316134561680625664
1316134566332190726
1316134709127254017
1316134947338428416
1316135052829364224
1316135069971611651
1316135094730387456
1316135133020213248
1316135178738241539
1316135388570935296
1316135824086495232
1316135912569483272
1316135971251908608
1316136042634903552
1316136130526363648
1316136273556328448
1316136301989556224
1316136399477723136
1316136553962446849
1316106421306523648
1316106615372746752
1316106665343807488
1316106673774383104
1316106804368007168
1316106924983816193
1316107014167240704
1316107026620129280
1316107047180660744
1316107148217196545
1316107153195888641
1316107223651811328
1316107319562952704
1316107365674962944
1316107546273492993
1316107696764907520
1316107739760922627
1316107923639209984
1316107957822607360
1316107990978658304
1316108075472805889
1316108082657800198
1316108179235799046
1316108293518090241
1316108552709177344
1316108633160273921
1316108666890715136
1316108858742525953
1316108871337943047
1316108940325904385
1316109018809630720
1316109110534955009
1316109446418890753
1316109459131822081
1316109539087974401
1316109564161527808
1316109580636749824
1316109663608463364
1316109667031019526
1316109806625853444
1316109879191494662
1316109957658546181
1316110179793022978
1316110264111165440
1316110462027784192
1316110788227031040
1316110826345037824
1316110952765419521
1316110970700410881
1316111002757464066
1316111074182086656
1316111086660325376
1316111107916926976
1316111128792096768
1316111283075182592
1316111372158205955
1316111408552202241
1316111472544698371
1316111543021580294
1316111615217991680
1316111627822026752
1316111782356766726
1316111810932674563
1316112025223753733
1316112267063160833
1316112377600004101
1316112499863846913
1316112674204389378
1316112772208492547
1316112780978778114
1316113259418836992
1316113309465272322
1316113435097260032
1316113627686989824
1316113741579198469
1316113829055455232
1316114069385084928
1316114084681703425
1316114320498008064
1316114341133914112
1316114350378188806
1316114429633802241
1316114505617735680
1316114578833633285
1316114579924176898
1316114593266233344
1316114608323788800
1316114663474704384
1316114731732799494
1316114827413200900
1316114852981747712
1316114881930723330
1316114937304023043
1316114953959616516
1316114999811674115
1316115020934270984
1316115056988426240
1316115276744720384
1316115352154263553
1316115376753782784
1316115494072733700
1316115504617132033
1316115574276063232
1316115691469107200
1316115704555298817
1316115716769226754
1316115767759302656
1316115805621362690
1316115997598781440
1316116019472031744
1316116039751565313
1316116106344620032
1316116170324545543
1316116199189606401
1316116338092507137
1316116391552933888
1316116459991502848
1316116539700064258
1316116593064259586
1316116904835194880
1316116949219377152
1316117082287878144
1316117193805885440
1316117243864940544
1316117448945553409
1316117675769163776
1316117685743255554
1316117718085644288
1316117810490355717
1316117860700303366
1316118015025573890
1316118140976275456
1316118326175768578
1316118388880572419
1316118480526209024
1316118733056880646
1316118866708357126
1316118971826024448
1316119093280419842
1316119197567651843
1316119228383064064
1316119235358347265
1316119269093126148
1316119357265571841
1316119574958538752
1316119692730347529
1316119726775513090
1316119746841137153
1316119748220874752
1316119879464947714
1316119904127459329
1316119949627269125
1316119981717766144
1316120332940517376
1316120384798953474
1316120455879618562
1316120577527230465
1316120615925972993
1316120632921292801
1316120637212065796
1316120785153474560
1316120854351294464
1316121169704165378
1316121172115820544
1316121256790577155
1316121400227356676
1316121408234110976
1315880067864567808
1315880160248332289
1315880249570160642
1315880462129258496
1315880464469557251
1315880562658336768
1315880705700884481
1315880752676958208
1315880761107509248
1315880941731164160
1315880985607770113
1315881037789114368
1315881137265348608
1315881194572087296
1315881402857127938
1315881460276969472
1315881490056531968
1315881585938399233
1315881595551641605
1315881607451095047
1315881650719514626
1315881906077011968
1315882205177024513
1315882237590745088
1315882278682267648
1315882420927819776
1315882607037480961
1315882874982129664
1315882930078650373
1315883090770898944
1315883345088110595
1315883420241866757
1315883429032992768
1315883445583777792
1315883550374158338
1315883658557915136
1315883663121211392
1315883915526262792
1315884112134107136
1315884168400707585
1315884288231997440
1315884318309318664
1315884346092519424
1315884389025284097
1315884499104919552
1315884602683138049
1315884695515590657
1315884737131622401
1315884872142127106
1315885170675707905
1315885436401844224
1315885487073177601
1315885631755649024
1315885709056774144
1315886028134154240
1315886092126740481
1315886233604648963
1315886352639160320
1315886468850683906
1315886477411319808
1315886512492302337
1315886695015944192
1315886744995233792
1315886745997672448
1315886850666459138
1315886895835025408
1315887028597391365
1315887074193502209
1315887106598690816
1315887121744490496
1315887142179155968
1315887206536544256
1315887221497569284
1315887238346166274
1315887690651402240
1315887736579149830
1315887841273020423
1315888000467955712
1315888047607681027
1315888169313853440
1315888281708621824
1315888334313598977
1315888704746127360
1315888768939778048
1315888931024646149
1315889217344602113
1315889392406454272
1315889410496323584
1315889446361993227
1315889459863453696
1315889624645017600
1315889631607484417
1315889908754509825
1315890065046986753
1315890143610441728
1315890271503052801
1315890276565741568
1315890449496920070
1315890503196442625
1315890588743467009
1315890645509181441
1315890883473145858
1315890893317169153
1315890977433739265
1315891082199216128
1315891280325476354
1315891347803365376
1315891396864139264
1315891515038863362
1315891833860390913
1315891885261680640
1315891892551213056
1315891904777781253
1315891906585468928
1315891965100089344
1315892060226908160
1315892084172259328
1315892154183622657
1315892358228193281
1315892365832466432
1315892367254147072
1315892443028615169
1315892546636193792
1315892550734098432
1315892570896113670
1315892610523967488
1315892625963130880
1315892659240742912
1315892660675076097
1315892794838327296
1315892802945912835
1315892851335553025
1315892962677592066
1315893669816340480
1315893822233161733
1315893965749547010
1315894213201014785
1315894233711042560
1315894466738233345
1315894682660945920
1315894768132521986
1315894866761703424
1315894880393138178
1315894959199805443
1315955472550293504
1315955523041230848
1315955580394242048
1315955770781990912
1315955873160859648
1315955944262598658
1315956014928195584
1315956042124197888
1315956045957795840
1315956067378094081
1315956097828749312
1315956354050412546
1315956519394045952
1315956642345820162
1315956661635493889
1315956686524305408
1315956765322866689
1315956815188971520
1315957076582047746
1315957357810253824
1315957547615039491
1315957684806586368
1315957844341149697
1315957845163204608
1315957906274091008
1315958022754033665
1315958030001991685
1315958083894554624
1315958115951611904
1315958163687067649
1315958217793433601
1315958283421786114
1315958283920908292
1315958333958889474
1315958348114780160
1315958441559683078
1315958469820907520
1315958762683932672
1315958889117036558
1315958917134979074
1315959168138870784
1315959208341393411
1315959360393277441
1315959417041555457
1315959532250685446
1315959803324358656
1315959826644643840
1315959875562868738
1315959972925063168
1315960031515377669
1315960254434168834
1315960489785004032
1315960569380339712
1315960574610563072
1315960575197884416
1315960592562151426
1315960954706829312
1315960963166863362
1315960994133229568
1315961116757905409
1315961148123086849
1315961160714326017
1315961212321042432
1315961343904681985
1315961476528713730
1315961614705799168
1315961651502305282
1315961701918015488
1315961705592225792
1315961821585645568
1315961845694566402
1315961892859531264
1315961942918430720
1315962091665272832
1315962174406262786
1315962365322629120
1315962454770438144
1315962479235735552
1315962499347427330
1315962646781452290
1315962663265071104
1315962768143474688
1315962808786444288
1315963066148937729
1315963166891757570
1315963190262542336
1315963266603024384
1315963384316166144
1315963481204629504
1315963548196048896
1315963602663346177
1315963677611356160
1315963744363655168
1315963778618462210
1315963803897671680
1315963960525496320
1315964073473966080
1315964139261628422
1315964249823424513
1315964665474711553
1315964684290359296
1315964749176213504
1315964765445992448
1315964784517492736
1315965237720305666
1315965319643570176
1315965434722693120
1315965625026584577
1315965708535296000
1315965745541656576
1315965839548403713
1315966112299917312
1315966162472140800
1315966206176686080
1315966270785744897
1315966286430699520
1315966479523893250
1315966508804321280
1315966643319775232
1315966739759460352
1315966749486055424
1315966820407545859
1315966988070662149
1315966991971356672
1315967278077411328
1315967381143990272
1315967418544472064
1315967570164494336
1315967574837014530
1315967581845504000
1315967612090675200
1315967616872321024
1315967629895532544
1315967654608408584
1315967993021685761
1315968060797472768
1315968150895116288
1315968162391683072
1315968294961070080
1315968533986123778
1315968599635394562
1315968754690424832
1315968808637652993
1315968878225354752
1315969050443382785
1315969060153196545
1315969253187649536
1315969286251270146
1315969302093275136
1315969366228434944
1315969387145330688
1315969387317387265
1315969486932115457
1315969689126875136
1315969759490572294
1315969814553296896
1315969818907103232
1315970306062848002
1315970352535736320
1315970471867772929
1315895324267999235
1315895395457863681
1315895559581032449
1315895777278013440
1315895901202735104
1315896270955970562
1315896297740800001
1315896358524518400
1315896383954714624
1315896405974802444
1315896443475959808
1315896448303726592
1315896467891027970
1315896656408313856
1315896698514755584
1315896733214310401
1315896822787956736
1315896951531995137
1315897027818074119
1315897156709036035
1315897206503804929
1315897347252027392
1315897424121081856
1315897492005888000
1315897613359562752
1315897696322899970
1315897739390128128
1315897889584013312
1315897962959044609
1315898075114729478
1315898078713573377
1315898246154260482
1315898262717595648
1315898314093670400
1315898377834553345
1315898512085708800
1315898672064786432
1315898781037068295
1315898787345379328
1315898821747109888
1315899064567947264
1315899147866697729
1315899186882187264
1315899298215727104
1315899325076115463
1315899382483415040
1315899409838858241
1315899761942319105
1315899774395006976
1315899938732081152
1315900054604054528
1315900322347446273
1315900441092210688
1315900485690425346
1315900530351169536
1315900565772140545
1315900584143224840
1315900765551169537
1315900787558670337
1315900816998445056
1315900846429929473
1315900868781277184
1315900885348823040
1315901157626318848
1315901224625950721
1315901387574706176
1315901423872245760
1315901506365927424
1315901584845557761
1315901589253693442
1315901595876356097
1315901762482638848
1315901960923443202
1315902038744629254
1315902052762083328
1315902105907990528
1315902148295745536
1315902393071161344
1315902660826996736
1315902864091471872
1315903047852347397
1315903121894252544
1315903172720771078
1315903272054648834
1315903288349528064
1315903380347334662
1315903412593074178
1315903436655861761
1315903887673618434
1315904047522570240
1315904116749598721
1315904375383093248
1315904452407291904
1315904558804152320
1315904583496011776
1315904601262972928
1315904638022045697
1315904710755389441
1315904759220637698
1315904867152601088
1315904887671189504
1315904936249499648
1315904943652507655
1315904974094729217
1315905023109283842
1315905082723119109
1315905087437443072
1315905294543867904
1315905364676681729
1315905397342056448
1315905460931760130
1315905491927613440
1315905657103699968
1315905707196248068
1315905885948899328
1315906242511097856
1315906287088160769
1315906446865960961
1315906727838064640
1315906780887736321
1315906814819491840
1315906837779226625
1315906898890194944
1315907059582410752
1315907290441056256
1315907354148339712
1315907464479551488
1315907529428340737
1315907873751400454
1315907941665447938
1315907951433928704
1315908143910539264
1315908312055996416
1315908386563776517
1315908467438297089
1315908551320260608
1315908809014026241
1315908846108327938
1315908948604547073
1315908959451017219
1315909003122290693
1315909103752032256
1315909356060176384
1315909437287170048
1315909452340453376
1315909465321897985
1315909481121816576
1315909507227156480
1315910014121508865
1315910024573661185
1315910093746114562
1315910207646707713
1315910523544891392
1315910659595538432
1315910676292997120
1315910850604040192
1315910961186959360
1315911026911653889
1315911112169267207
1315911167932497920
1315911215856541697
1315911243178352640
1315911277772828672
1315911473097515009
1315911595826921473
1315911612419592193
1315911873938821120
1315912035759091712
1315912055094939658
1315912202881306624
1315912298469437446
1315912569417334785
1315912576279207937
1315912779505623040
1315913268930637826
1315913275083816961
1315913524225495041
1315914043828379648
1315914065584283651
1315914171456917506
1315914206521159681
1315914551246770176
1315914804222099456
1315914937433092096
1315915016881803264
1315915055897010176
1315915067733561347
1315915076159721472
1315915246708486144
1315915298688688129
1315915771566936064
1315915899547922432
1315915946511532034
1315916027738365952
1315916066846117889
1315916079479234560
1315916168134303744
1315916189877633032
1315916367133114368
1315916471105617920
1315916512838840320
1315916975353151488
1315917279037739008
1315917433903824896
1315917437704044550
1315917445404729345
1315917446633730048
1315917487972610049
1315917512454725633
1315917538136666114
1315917596483620871
1315917601340522496
1315917627202646016
1315917640909676545
1315917811202523136
1315917971529895936
1315918122650607617
1315918146218459137
1315918277441474562
1315919146886914049
1315919271235596294
1315919449044680704
1315919595836899328
1315919630381256705
1315919651512094720
1315919784861593600
1315919843581988864
1315920070103756801
1315920465655787520
1315920501831852033
1315920606798512142
1315920743075663872
1315920789405745153
1315920829373386752
1315920893122695170
1315921041072549890
1315921210572771328
1315921244634652673
1315921298774806535
1315921316713828352
1315921602522099715
1315921833443516416
1315921835511418880
1315921939651756033
1315922175988240388
1315922407279005696
1315922437775732737
1315922824603873280
1315922960184750081
1315922972243189762
1315922995303477248
1315923098437210112
1315923152308822016
1315923255866404864
1315923449127276544
1315923510498414592
1315923681755897857
1315923871057555458
1315923895493550086
1315923926422294538
1315924006181036033
1315924073155899394
1315924239153729536
1315924425620041730
1315924446931087360
1315924501691994112
1315924519249309697
1315924795243061248
1315924852876947458
1315924991209279488
1315925154199789570
1315940323210620928
1315940483462574080
1315941268980080640
1315941464350896128
1315941759176900608
1315941778537754627
1315941895642574848
1315942213252251649
1315942573760942080
1315942679193292800
1315942831186378755
1315943073612996610
1315943075794083841
1315943227749433344
1315943343226908672
1315943344829235203
1315943433274486784
1315943451746332672
1315943517081006080
1315943617664413696
1315943856731496448
1315943993180655616
1315944213637455872
1315944285729030144
1315944287117377543
1315944337344098305
1315944757605142528
1315945127249154049
1315945160383950848
1315945292051742720
1315945387132420096
1315945506850439169
1315945603562692608
1315945801068302336
1315946008975749126
1315946105696382976
1315946244318081027
1315946294863687681
1315946341172940800
1315946347657388032
1315946432608825351
1315946599340679168
1315946689992306688
1315946722011602944
1315946937955364865
1315946988970549248
1315947129651687424
1315947257997426688
1315947352583221253
1315947453271736320
1315947466924199936
1315947610805501952
1315947709258375168
1315947859502665728
1315948016361185280
1315948313544462336
1315948487956140032
1315948506868113411
1315948648098934784
1315948654545506305
1315948863123935232
1315949239525089280
1315949344520978432
1315949403492974593
1315949413383245825
1315949690597376001
1315949750865342465
1315950029874458624
1315950153962983424
1315950197386686466
1315950281876811777
1315950353121259520
1315950387573256192
1315950441159684098
1315950465952038913
1315950560219140096
1315950610416652288
1315950643022974977
1315950644931436545
1315950810723831808
1315951011098292225
1315951012956471297
1315951108825649155
1315951233505660928
1315951467816267777
1315951556274126848
1315951698293161984
1315951835254001669
1315952126372192257
1315952161914712064
1315952240566439937
1315952663956250624
1315952712073334784
1315952798736019456
1315952874275381248
1315952911390773249
1315952964951896064
1315953027589775361
1315953037635211264
1315953252928835584
1315953335250239488
1315953463453417473
1315953485771399168
1315953525676027905
1315953580436869120
1315953599382511616
1315954064237178888
1315954289165115392
1315954347604279296
1315954584368680960
1315954657739636736
1315954667168432128
1315954812014538754
1315954913063518210
1315955025420718080
1315955168014405632
1315955198259605504
1315955224146849797
1315955274860187648
1315955414161293318
1315925243630886918
1315925426884222976
1315925440872275968
1315925718853918720
1315925765607710721
1315925964308672512
1315926069698949122
1315926179560468480
1315926181024157697
1315926467461681153
1315926603160072193
1315926663654453249
1315926846677024768
1315927003292479491
1315927042962096128
1315927064202051585
1315927250366271493
1315927307865874432
1315927458558947328
1315927830916747265
1315928090057617408
1315928465225510913
1315928917199319040
1315928925583880194
1315928982009733120
1315929106928685056
1315929208456085504
1315929782610276353
1315929816881741824
1315929880194760704
1315930092011352064
1315930106183872512
1315930161997647872
1315930190875328512
1315930370366418945
1315930426310119424
1315930476633358336
1315930540969725954
1315930656157831170
1315930688881864704
1315931843594657792
1315931870777864192
1315931951895846914
1315931987161407495
1315932152685629440
1315932152870170630
1315932196029505536
1315932261561368576
1315932303051325441
1315932492562665472
1315932498484920320
1315932507834142721
1315932633197543425
1315932998886457344
1315933254386511872
1315933413086507008
1315933502186029057
1315933503536726017
1315933750862077952
1315933825352912896
1315934021436801030
1315934094480625664
1315934286688776197
1315934299716165637
1315934474803146752
1315934673793683456
1315934706630885376
1315934719960322048
1315934736385105922
1315934783755759616
1315934798528028678
1315935032364670976
1315935286690492426
1315935503057911809
1315935650466627584
1315935687451967494
1315935731815264261
1315935907426390016
1315936188671426560
1315936335371399168
1315936362940555264
1315936385602326533
1315936611964801024
1315936745456766976
1315936825874186241
1315937095836413952
1315937318490927106
1315937399768264704
1315937479955021824
1315937684377014273
1315938144118861824
1315938153274900480
1315938201262002181
1315938318199255041
1315938524948951040
1315938562387443713
1315938632306487296
1315938642704175105
1315938721481412609
1315938725394817026
1315938782324101120
1315938944509530114
1315939213037178880
1315939578675638274
1315939750587506689
1315939823010545664
1315939896738054144
1315939982880595968