1316197035515629568
1316197035914268677
1316197141090533377
1316197195993972742
1316197238738124802
1316197256211636226
1316197388432936960
1316197397219991557
1316197442094723072
1316197501914013703
1316197539398512641
1316197631622811649
1316197786719842304
1316197793984176130
1316197856294756354
1316197946644295681
1316198063476822016
1316198171173937152
1316198181177229313
1316198244209381379
1316198258809745415
1316198273741402112
1316198294251622400
1316198793382158337
1316198823115489280
1316198827276156928
1316198902073262081
1316199007472046080
1316199103727120384
1316199199927668738
1316199220668493824
1316199231544152065
1316199288725106688
1316199341099491328
1316199479817760768
1316199602903711744
1316199669165420546
1316199716527501314
1316199775088173058
1316199839684866050
1316199843736420352
1316199850703294465
1316199997063467008
1316200046862520323
1316200168765652995
1316200248910503941
1316200255805952000
1316200312466743296
1316200323158077442
1316200324361785349
1316200328254062593
1316200397632139264
1316200454347350016
1316200650997411842
1316200713983328256
1316200744102572034
1316200810532012032
1316200831193100289
1316200882946502656
1316200931290120192
1316201112551161859
1316201130133602304
1316201173498490880
1316201217559867392
1316201402188865538
1316201636734345220
1316201691981713408
1316201745995923457
1316201758188859393
1316201922920091648
1316201943451283457
1316201964229844992
1316201969896304641
1316201997499092992
1316202046354337793
1316202179506647040
1316202266311843840
1316202437498359808
1316202526069399553
1316202567916032001
1316202686119903232
1316202765077676035
1316202777933090817
1316202790637764613
1316202814947889152
1316203008380682241
1316203034733670400
1316203100814925824
1316203100949143552
1316203403270381568
1316203407594663940
1316203466025361408
1316203494844493825
1316203528902369280
1316203528793194496
1316203776647327744
1316203835199754242
1316203952053129216
1316203973905448960
1316204065110581250
1316204196077727744
1316204393289715719
1316204443420028928
1316204523027791873
1316204653152002049
1316204723658260480
1316204768537260032
1316204867397001216
1316205081755217920
1316205106287841280
1316205181760086017
1316205231152214017
1316205311062147072
1316205395459878913
1316205537370013698
1316205688574619648
1316205807109767168
1316205859077263367
1316205988308021249
1316206079005597702
1316206080142110721
1316206125071515648
1316206162916700160
1316206255317217285
1316206265065000963
1316206334631653377
1316206455108894729
1316206573816029184
1316206674873667584
1316206740279455744
1316206762505072645
1316206917300166658
1316206951542534145
1316206971758895105
1316207020995997697
1316207039606071297
1316207070824329217
1316207094178156544
1316207190873522176
1316207211467739137
1316207304556056576
1316207333358403584
1316207463272718337
1316207488866430976
1316207572630687744
1316207752570695682
1316207785802170369
1316207819583094784
1316207831331340288
1316207870208364544
1316207874025181184
1316207936671080448
1316207970871541760
1316207979348156416
1316208071543201792
1316208079764160512
1316208111594729472
1316208146159935489
1316208167689150466
1316208293409222656
1316208327425093634
1316208477853884416
1316208528806346752
1316208570409639936
1316208582971588609
1316208666165485569
1316208724038561792
1316208814270554113
1316208877021597698
1316208893073129472
1316208998094430208
1316209010832560135
1316209061541576711
1316209081443520513
1316209098233389066
1316209157616422914
1316209169670823936
1316209526119575554
1316209551797039104
1316209585389096960
1316209598244814848
1316209622718599168
1316209795326644224
1316209975392428033
1316209983953002496
1316210021902901253
1316210042555822087
1316210510178603008
1316210525517144064
1316210625895264256
1316210696472924162
1316210814173540353
1316210930938597376
1316211002455871489
1316211086505385985
1316211345780617217
1316211384569520130
1316211585640214531
1316211632494837761
1316211719253884928
1316211787520450560
1316211960208388096
1316211975920254977
1316212005808857091
1316212072544337921
1316181931890028544
1316182061925965825
1316182099662041088
1316182263042920451
1316182262396977153
1316182326267858944
1316182372144930816
1316182468794425345
1316182485437427713
1316182632984719362
1316182880758968323
1316182919631843328
1316183123357564934
1316183186355810304
1316183235169222661
1316183256899805186
1316183282392989697
1316183335278870529
1316183400055820288
1316183484206063623
1316183502572974080
1316183555580583936
1316183760497451008
1316183844458909696
1316184159564500992
1316184377030828033
1316184386036019200
1316184485596196864
1316184546035941376
1316184596216770561
1316184670824886274
1316184708984836096
1316184797128142854
1316184935103946752
1316184972630212609
1316184989608931328
1316185157091688449
1316185430644187137
1316185449854046210
1316185451942703104
1316185484947869703
1316185564195033088
1316185724354523136
1316185736006180864
1316185899558895616
1316185957704630277
1316186080446689280
1316186151938674693
1316186164383145984
1316186194238152704
1316186227104595968
1316186247874789377
1316186277386104837
1316186348722757632
1316186357363019776
1316186428943015936
1316186474841214977
1316186559515893761
1316186637932478464
1316186654214959105
1316186746808422400
1316186818220564480
1316187103357669377
1316187125256134656
1316187305074397184
1316187514374287360
1316187585673416704
1316187603004092416
1316187741407903745
1316187766179258371
1316187778753933312
1316187783153803264
1316187808449531904
1316187808676052992
1316187824731885569
1316187871892525056
1316187871997353984
1316188076809609218
1316188089786613762
1316188098284449794
1316188395232731137
1316188525902082048
1316188575701008385
1316188621834252288
1316188781607882755
1316188798049497088
1316188869214306305
1316188886578716673
1316188903322329091
1316188906463911938
1316189083471929344
1316189104804044801
1316189146566844417
1316189213809926145
1316189352121315328
1316189372417486849
1316189460804104193
1316189565699477506
1316189612369489920
1316190014397505536
1316190142894428161
1316190299518054401
1316190652284239872
1316190740234502144
1316190837122961409
1316190857414860806
1316190966504595457
1316190988000346114
1316191092224782336
1316191105629720576
1316191138907394048
1316191276912406528
1316191453199118337
1316191457875767298
1316191645889630208
1316192002430693377
1316192040028307457
1316192074178457600
1316192172815929345
1316192375887269890
1316192514773266432
1316192669320843264
1316192715386900481
1316192757862395904
1316192832827387904
1316192854553718784
1316192975421022208
1316193075186851840
1316193092966457345
1316193126218952704
1316193135698030594
1316193232120930304
1316193462702743554
1316193546123190272
1316193714214187015
1316193747592515594
1316193789426499587
1316193819193470982
1316193915561795584
1316193986072186881
1316194074211295233
1316194108050870272
1316194137436291072
1316194242088361984
1316194363987423234
1316194389178437632
1316194490147901440
1316194611207995398
1316194724533866496
1316194831790637056
1316195010015096833
1316195059541274626
1316195063094038532
1316195115451392000
1316195140076072960
1316195211240976386
1316195327804833792
1316195375674392576
1316195476094570497
1316195589525319681
1316195620969881600
1316195668638089216
1316195706403729409
1316195744102187008
1316195781859254273
1316195814532759553
1316195942438035456
1316195957479018503
1316196175221940225
1316196209728643074
1316196334991560704
1316196378968641536
1316196405669634050
1316196452977213442
1316196512221794304
1316196688168718338
1316196783656235010
1316196829986533376
1316196872164237313
1316196934558900226
1316196943169835010
1316196997838372865
1316514112063627276
1316514112843718660
1316514393614684161
1316514406252113920
1316514456675979264
1316514484077305857
1316514528574820355
1316515396506185729
1316515398905401344
1316515421130981378
1316515655739469825
1316515782260555777
1316515811465535489
1316515823838736384
1316515856873070592
1316516021260476416
1316516040462000128
1316516063513849863
1316516075186589697
1316516557921619969
1316516587390763009
1316516620622331905
1316516654478774272
1316516834926096384
1316516889263128577
1316517044779724802
1316517140908969985
1316517287831232514
1316517375433351168
1316517426696200192
1316517447084765186
1316517450821763073
1316517465875263489
1316517518140469248
1316517597681127424
1316517656611024896
1316517677645479937
1316517799586484225
1316517828497993729
1316517841256972289
1316518025663741954
1316518038372581376
1316518042906624000
1316518164247670784
1316518231016759297
1316518273828020225
1316518328169570304
1316518386378182658
1316518403713138689
1316518739127472128
1316518795318628352
1316518923454558208
1316518931163688961
1316518969336049664
1316519259132944385
1316519359909486592
1316519372018638850
1316519388925882368
1316519427035336704
1316519750063841283
1316519757991104512
1316519762881638401
1316519863054147584
1316519871677595650
1316519892552683520
1316520001390641152
1316520064405864448
1316520127274323970
1316520148086423557
1316520164666597377
1316520165299941379
1316520255003545601
1316520336825954304
1316520365934346240
1316520475036651520
1316520525460582401
1316520559589687296
1316520613801062400
1316521112969400320
1316521133068505088
1316521137954852865
1316521272084500481
1316521530789036033
1316521548522688512
1316521749534572545
1316521924449710080
1316521926265888769
1316521989314674693
1316522312334675968
1316522333369176065
1316522413170061313
1316522425593606144
1316522526260957184
1316522644355907584
1316523116999454727
1316523155402489857
1316523184624148482
1316523210092015616
1316523302249263105
1316523331374460934
1316523415180922885
1316523457664827392
1316523532701118464
1316523683897397248
1316523707167313923
1316523717715927040
1316523725676740609
1316523827027865601
1316523830496710660
1316523897236475906
1316523968862461952
1316523973090267136
1316524017939955712
1316524116468531202
1316524157807538178
1316524313177198594
1316524339072696321
1316524442873462784
1316524476478128135
1316524487873982464
1316524493444132864
1316524501992189958
1316524564902490112
1316524632187580425
1316524703440343040
1316524858151497729
1316524908676108289
1316525030897983488
1316525060287598594
1316525236033118213
1316525684529991681
1316525713873272837
1316525911018213378
1316525923517313032
1316526049954496512
1316526057907015680
1316526103989686272
1316526107030630400
1316526107886317569
1316526125049286656
1316526126089469952
1316526205944897538
1316526255500668928
1316526343157215232
1316526351701213185
1316526464162910208
1316526553354981377
1316526633482956807
1316526804367269889
1316526817302532097
1316526888186048512
1316526888383180800
1316526913268187138
1316526951528566787
1316526968070864897
1316527018717175811
1316527055937265665
1316527128054300673
1316527131426525184
1316527219574026240
1316527337467453440
1316527464697393153
1316527689256308737
1316527722869518336
1316527727780876288
1316527828414857217
1316527912183648263
1316527966231433216
1316528045742673920
1316528054580191237
1316528319135977475
1316528394155315207
1316528524086272000
1316528528192671751
1316528603375587329
1316528712746242048
1316528796766527490
1316528922566291458
1316166841379692546
1316166954445488128
1316167042614153226
1316167092324962304
1316167093260374016
1316167176773079040
1316167184771670018
1316167218959351810
1316167277826519042
1316167357375500288
1316167411025014784
1316167420113899521
1316167553933283329
1316167739220860929
1316167807072165888
1316167973372080133
1316168070864474112
1316168074735702016
1316168109200375810
1316168192142831619
1316168296459382784
1316168297373556736
1316168297637990400
1316168611296210945
1316168757992132608
1316168938502250496
1316169030122827777
1316169047415947265
1316169416439201792
1316169428669734921
1316169471271284743
1316169492175749120
1316169495707357185
1316169542499008512
1316169588812517378
1316169718038896642
1316169768932704256
1316170146378133504
1316170179580178432
1316170439887122432
1316170452042223616
1316170489874837506
1316170511907540994
1316170544644075520
1316170576545935367
1316170628832153600
1316170771174100993
1316170809589862400
1316170948249296896
1316170955635544064
1316170963470303232
1316171140734291968
1316171241116532736
1316171299371220992
1316171518393507840
1316171530754293760
1316171568259629057
1316171652099715072
1316171660244987904
1316171661755002881
1316171715391746048
1316171799072108547
1316171807016222720
1316171925329252352
1316171995923578881
1316172008103837696
1316172189150961665
1316172289105330183
1316172318264025088
1316172335762886658
1316172424266870784
1316172444198211585
1316172695818600450
1316172718023290885
1316172764148117505
1316172809656246273
1316172816648200194
1316173040259158016
1316173040544346115
1316173099306545153
1316173183024803841
1316173192206131202
1316173296023597056
1316173400834936833
1316173434137784320
1316173548751388672
1316173589993779200
1316173774920843266
1316173791521918981
1316173833104056322
1316173849726193664
1316173891069513728
1316173928033775616
1316173946224553984
1316174030286839808
1316174068127870976
1316174072011776001
1316174185245413381
1316174424127737856
1316174491064639488
1316174621935370240
1316174827015663616
1316174856833073152
1316174923606360065
1316174931630141441
1316175049087426565
1316175061703770112
1316175084512395264
1316175124878553089
1316175195988733955
1316175229815853057
1316175305288159237
1316175397206159360
1316175494040047616
1316175576751890434
1316175611417767936
1316175666111549440
1316175729240006657
1316175762152538113
1316175943191289857
1316175985348358146
1316176018693074946
1316176248566153221
1316176261853708290
1316176479114399749
1316176605551697922
1316176651143839744
1316176752448884738
1316176764880793600
1316177117009391617
1316177122516324352
1316177144511442944
1316177335809433600
1316177368420057094
1316177372530511874
1316177452255899648
1316177469809057793
1316177477593698310
1316177532341891073
1316177662512033794
1316177692442722305
1316177752081403904
1316177931144769538
1316178019183218693
1316178169913896960
1316178182542946304
1316178296560914433
1316178337547587585
1316178471484301315
1316178513729380352
1316178521870536704
1316178534705115139
1316178723184340992
1316178723633274881
1316178782596870145
1316178842982199301
1316178870224252929
1316179013820395521
1316179117604298754
1316179172184608768
1316179175095533571
1316179413336113152
1316179419363446784
1316179436249796610
1316179437025722369
1316179472727629824
1316179529241686018
1316179541463830529
1316179600037343232
1316179646363373569
1316179692773310466
1316179771995365377
1316179781168361472
1316179792832663559
1316179808863375361
1316179918158540801
1316179943492067334
1316180321994448896
1316180350167470081
1316180443050528771
1316180501531627520
1316180682352349185
1316180702749171712
1316180783539933186
1316180786421403648
1316180904252002304
1316181130266189824
1316181349015846914
1316181399108571136
1316181420071510016
1316181450257965056
1316181470818467840
1316181524912336897
1316181855868198913
1316181903259697154
1316212123148709889
1316212150659149829
1316212255894188032
1316212311087083523
1316212373921947648
1316212483296653312
1316212546425282560
1316212596614328321
1316212618625859584
1316212685260890112
1316212928324931584
1316213226695274496
1316213246664220674
1316213267996577792
1316213272186507265
1316213511824039941
1316213626366169090
1316213669861130241
1316213678966857728
1316213700345376769
1316213701565972480
1316213791902765057
1316213893211934721
1316213980193452032
1316214207218675713
1316214366740586499
1316214379587596288
1316214395911901184
1316214483908546560
1316214563675746304
1316214614779076608
1316214656222912512
1316214753342173185
1316214806400163840
1316214866177404928
1316214969944375297
1316214983156326401
1316215589069713409
1316215805940502533
1316215875792404480
1316215905735434242
1316215994323410944
1316216011385864192
1316216082659762177
1316216207754883073
1316216242840240129
1316216245700620288
1316216283474595851
1316216455113830403
1316216497648345088
1316216513972637696
1316216514102530048
1316216542007361537
1316216573670158336
1316216619547463680
1316216710467379205
1316216714997182469
1316216804566597637
1316216997424791552
1316217063489376258
1316217151380955136
1316217186344742912
1316217483167236097
1316217491257987076
1316217525454204930
1316217550343151616
1316217637924417536
1316217701539344384
1316217794149650438
1316217910545711106
1316218167623127040
1316218338389954560
1316218418282917888
1316218511186972679
1316218556971773952
1316218749524086786
1316218784143769601
1316219002587357184
1316219111261626368
1316219127581814784
1316219215448207360
1316219308377219073
1316219345677230080
1316219362143924225
1316219454884384768
1316219559146401793
1316219635289579520
1316219647767838720
1316219723118329856
1316219739836948481
1316219790386749441
1316219840793722881
1316219894615150593
1316219928819765248
1316219930866409472
1316220021043949569
1316220113918459904
1316220146638303238
1316220251713998848
1316220287340470272
1316220335935586304
1316220570997084161
1316220577749835776
1316220608695406593
1316220776358588417
1316220784105455617
1316220821485039616
1316220838765502466
1316220939512750081
1316220985935384576
1316221035889344514
1316221040108937222
1316221120371023872
1316221341998215168
1316221405021708289
1316221433710862337
1316221572957364224
1316221576321421312
1316221703823843329
1316221723268706306
1316221732957630464
1316221849915723776
1316221889958871041
1316221920933748736
1316221925383905280
1316221981835046917
1316222001086951426
1316222055080062976
1316222097132261377
1316222139742089216
1316222176157106177
1316222189864189953
1316222318948028417
1316222394642567168
1316222427852992512
1316222539622952960
1316222613593755649
1316222630043807744
1316222831672270848
1316222859933478912
1316222864719261697
1316222864358469634
1316222876769378304
1316222965269307392
1316223036492840960
1316223073029423104
1316223111596068865
1316223171146776576
1316223216424226816
1316223308136841216
1316223409777508353
1316223430199566337
1316223444053381120
1316223551825821697
1316223691517124608
1316223702233542657
1316223706197299200
1316223715449999360
1316223739768590337
1316223783359840256
1316223821226012672
1316223874703319040
1316224068216066048
1316224164995518465
1316224357337833472
1316224390711967744
1316224458710024193
1316224476128915456
1316224497008152576
1316224508714512384
1316224739418005504
1316224782749306891
1316224810645630976
1316224835928940544
1316224894430924800
1316224961913204736
1316224967969660931
1316225113797193728
1316225116401958915
1316225164997206017
1316225201047244800
1316225213214982144
1316225296664858624
1316225452579540992
1316225524482691072
1316225536461623296
1316225607517253632
1316225661963509760
1316225675066474496
1316225695950008321
1316225762568015872
1316225779143979008
1316225825562386433
1316225898589249536
1316225915253329922
1316226043208966145
1316226069712826368
1316226345328873472
1316226404917243905
1316226407584985089
1316226815342579712
1316227007827587072
1316227037980487681
1316227238786854912
1316227331300655104
1316227411621494784
1316227448787341312
1316227547059740673
1316227621181677569
1316227638177009664
1316227752077471744
1316227835091021825
1316227943975194624
1316228058337013760
1316228086342574080
1316228123675881472
1316228145352065024
1316228262411018241
1316228555869618176
1316228561494302720
1316228602401222658
1316228649478164480
1316228691219804160
1316228695535673344
1316228715274137605
1316228829208346625
1316229122905968640
1316229269073297410
1316229458106421248
1316229534765797376
1316229564033499139
1316229973804380160
1316230020722036737
1316230071393411072
1316230109670658048
1316230234581196800
1316230242315522048
1316230275609788416
1316230428357926912
1316230431650443264
1316230468476469253
1316230531533561856
1316230641814568961
1316230720688394241
1316230795963650050
1316230918894424067
1316231039048507392
1316231074385727488
1316231119029727237
1316231124457197568
1316231483791638529
1316231525352964096
1316231539051638784
1316231542746750976
1316231618298773505
1316231656651464705
1316231665736327169
1316231761400082433
1316231765309173763
1316231825623257096
1316231840026431490
1316231917272879109
1316231949577580549
1316232025167273985
1316232297222266881
1316232414872694785
1316232439870652416
1316232441577832448
1316232554312163331
1316232885599256577
1316232914703712256
1316232976779431939
1316233271018020864
1316233389230309377
1316233604926599168
1316233605287415808
1316233610807123968
1316233891099930624
1316233904890826752
1316233934452273152
1316234077037617157
1316234205521735680
1316234434207768578
1316234437206708226
1316234487374569473
1316235040842342401
1316235871700516864
1316235896488898560
1316235931469447170
1316235942240296961
1316235966399602688
1316235992773406720
1316236047278170115
1316236177561669632
1316236340296548353
1316236408714145792
1316236521859473408
1316236558459179008
1316236623269380098
1316236709953036290
1316236823903924224
1316236927918501888
1316237188779126784
1316237258542837761
1316237536013037568
1316237692678533127
1316237717684985856
1316237776602361857
1316237868113768448
1316237904914636800
1316237913273724930
1316238056706519040
1316238266715312134
1316238367839854592
1316238413675151360
1316238492716859392
1316238590125338624
1316238665299886080
1316238685491392512
1316238761634791424
1316238857281572864
1316238905012744193
1316238920200253443
1316238983777705985
1316239029722062848
1316239096935669761
1316239305275322371
1316239364364460032
1316239525186764800
1316239584854970368
1316239596426944514
1316239777147031553
1316239793072877569
1316239794419068928
1316240127245516800
1316240267918274565
1316240489750974464
1316240603617787904
1316240700380516352
1316240786229358592
1316240837659881472
1316240881003847680
1316241134990098434
1316241189180497920
1316241377634611201
1316241497298284544
1316241537920126976
1316241595633594368
1316241621533458437
1316241781621751808
1316241837787508736
1316242287987286016
1316242300922667009
1316378289020207105
1316378330518650881
1316378456779677696
1316378581958832128
1316378779334389761
1316378854848704516
1316378912906244096
1316378925619175424
1316378954622799875
1316379102471954432
1316379135879442432
1316379257468313600
1316379815188914178
1316379870151274501
1316379983150043136
1316380083221794818
1316380125471084544
1316380155439325186
1316380276306710529
1316380389401739264
1316380406166491136
1316380431974100992
1316380541667733504
1316380620294098944
1316380762812416000
1316380771922386945
1316380893435637765
1316381052567392260
1316381089817133061
1316381107017793536
1316381509482360832
1316381509679448066
1316381522778300416
1316381535222861825
1316381567254659072
1316381640634105858
1316381698653913088
1316381891268956160
1316381971103145985
1316382000215859200
1316382105052557313
1316382402835607552
1316382441003724800
1316382449543393282
1316382620993957891
1316382659321323525
1316382826842017794
1316382885448945664
1316382914511339521
1316382981817274368
1316383006978904065
1316383178588925957
1316383288345255936
1316383499486670848
1316383644613632002
1316383666239569920
1316383694781734913
1316383824373145602
1316383837014953985
1316383917855911936
1316384095501516800
1316384143836577793
1316384173402345472
1316384327949717504
1316384386506543107
1316384479993229314
1316384546888114176
1316384655906615297
1316384659585069061
1316384680158126080
1316384706049564672
1316384781458784258
1316384899339821057
1316385007519371265
1316385163018817538
1316385242442235905
1316385431223762945
1316385468980719616
1316385535921922051
1316385547456335877
1316385628389478400
1316385745649754114
1316385855473295361
1316385875832590336
1316385888595836928
1316385909646991360
1316385933873360896
1316385943113400321
1316386066342043648
1316386312803549186
1316386400112193536
1316386484673372161
1316386584355311618
1316386633197871104
1316386884055117826
1316386946655162368
1316387021011718145
1316387201060687872
1316387226142625792
1316387470171348993
1316387491725811712
1316387575163162624
1316387772001812481
1316387838548738048
1316387957021061120
1316388468197478400
1316388475176996865
1316388489118834688
1316388585227145221
1316388644345741314
1316388695096864768
1316388774826262528
1316389395415531520
1316389396573233156
1316389403246432257
1316389608847036416
1316389709573173249
1316389749838422019
1316389798270193665
1316389991954747396
1316390016449470464
1316390066625761283
1316390342707478529
1316390414203719687
1316390472613588995
1316390473137709057
1316390490212757507
1316390540250931201
1316390659138363398
1316390791712043009
1316390826101092352
1316390837782294528
1316390863229071361
1316391068129062914
1316391492340969473
1316391584846487552
1316391616475783171
1316391744041230341
1316391861267828741
1316391915689050114
1316392070572126208
1316392129434914820
1316392133918519297
1316392272808808448
1316392301904777219
1316392490514239491
1316392729933418497
1316392745343352833
1316392758333132803
1316392855368134657
1316392930408574977
1316392960125214721
1316392977691009027
1316393021236219906
1316393103067172864
1316393152870195200
1316499096958570496
1316499147160260609
1316499247970349056
1316499319722131458
1316499331763982336
1316499332221349888
1316499407831998464
1316499495925035008
1316499612954497025
1316499698744799234
1316499755464306688
1316499764121407488
1316499973610053632
1316500170968834049
1316500233627475973
1316500392998567936
1316500531548958723
1316500581863886848
1316500615309094912
1316500707957264384
1316500835959009280
1316500876299771905
1316500998760824834
1316501152536711169
1316501244165398529
1316501265690566666
1316501496297672705
1316501558884958208
1316501680410841088
1316501680373010435
1316501710257311745
1316501776875614213
1316502062784544770
1316502118744821761
1316502158129475584
1316502347527327744
1316502437482639368
1316502544487788544
1316502582123270150
1316502582316146689
1316502624431112197
1316502695663095808
1316502758954987520
1316502951171698689
1316502997657059328
1316503153278357504
1316503174128205829
1316503177710239744
1316503211948281856
1316503295331110913
1316503341820768260
1316503426201800705
1316503434217037824
1316503446523183106
1316503645333057536
1316503685405437953
1316503722982346754
1316503724857196549
1316503865857126407
1316503887688478721
1316503907573665801
1316503974875459585
1316504004331999233
1316504050712473600
1316504092601180161
1316504101287419904
1316504146598531072
1316504499314458629
1316504620429123586
1316504620697563137
1316504889107775489
1316504901791494144
1316504943742914560
1316505212484550660
1316505237847375873
1316505292742496256
1316505330092847105
1316505345699782676
1316505363668238336
1316505426146533378
1316505443519229953
1316505462523781120
1316505505729257472
1316505543582810113
1316505560867454977
1316505568882892809
1316505669718007808
1316505749393223683
1316505933837750274
1316505941907517440
1316506034484240389
1316506038535741440
1316506050988781568
1316506151677308928
1316506248003555330
1316506403964686337
1316506449695002625
1316506635364306944
1316506864847335425
1316506919612362753
1316507145555374082
1316507196440678406
1316507322181705728
1316507380616699904
1316507452356079618
1316507468466475011
1316507585986605056
1316507862814928903
1316507934210371591
1316507964254027777
1316508055794847746
1316508060979023877
1316508089265393664
1316508281867841542
1316508328906821632
1316508383294435336
1316508467159425025
1316508487933931520
1316508508792270850
1316508596948160514
1316508676916613120
1316508710173372417
1316508827546718209
1316508907611717632
1316508979342655489
1316509138273345538
1316509184100315138
1316509238764675077
1316509288853110787
1316509289192796161
1316509414736748544
1316509570387320837
1316509657901527043
1316509839342829569
1316509851208437760
1316509897366872067
1316510161318498304
1316510178192228352
1316510253144567808
1316510337957416960
1316510614181863425
1316510719786078209
1316510752803561473
1316510794717310976
1316510821657251843
1316510861679304704
1316510874622976006
1316510992067682305
1316511155511349248
1316511243348463616
1316511348755320833
1316511499385536513
1316511722073542656
1316511814516080640
1316511878311546885
1316512053516005378
1316512087083016193
1316512107479797760
1316512246441410560
1316512281111470081
1316512399676108801
1316512408815493122
1316512485164421122
1316512514730004480
1316512740597530625
1316512751464910851
1316512775955382272
1316512837683085313
1316513025998946304
1316513063877705736
1316513122815864833
1316513269650280448
1316513316035006466
1316513445504864256
1316513445374820352
1316513508364709888
1316513923936509955
1316513938612379651
1316513999475732480
1316393429568495618
1316393627011239938
1316393689367883777
1316393828929220611
1316393849519058944
1316393983778729984
1316394138493874178
1316394327883550724
1316394424465645568
1316394583861932039
1316394608696479747
1316394943188029440
1316394952151248903
1316394972694736898
1316395199548002305
1316395397279936513
1316395472169455622
1316395518713573377
1316395543879471106
1316395611281862657
1316395674338947073
1316395761538605056
1316395769864232962
1316395870816935936
1316396185725304834
1316396357121380352
1316396454018076673
1316396479377014792
1316396491444031488
1316396521248694272
1316396575384580097
1316396579734126593
1316396689431785473
1316396802040496130
1316396827269308422
1316396944449822720
1316396982613704704
1316397024036696066
1316397112410730497
1316397116940578820
1316397241934901248
1316397365503422468
1316397377499140096
1316397422680117248
1316397520042504226
1316397695288967171
1316397917842878464
1316398043873316866
1316398048453550081
1316398069458644992
1316398164866461697
1316398341849182209
1316398475412738049
1316398542672596994
1316398562339483648
1316398588918788096
1316398656476655616
1316398697794727946
1316398702173462529
1316398744246595586
1316398815058956288
1316398991307833344
1316399088590483459
1316399100435353603
1316399297970270210
1316399314625851392
1316399377443815425
1316399452782039041
1316399490581049347
1316399649952071681
1316399747226169344
1316399893603389440
1316399927140986885
1316399990483415040
1316400107282022400
1316400270646018052
1316400317123231745
1316400598313586700
1316400656668930048
1316400677552222208
1316400706761510914
1316401005068644354
1316401042217525249
1316401058013474816
1316401290180808704
1316401293842288650
1316401407780675584
1316401541679587331
1316401801340444672
1316401835087982594
1316401835389845506
1316401898656800768
1316402292577501185
1316402342720282625
1316402464392982531
1316402565228134400
1316402799111016450
1316402938147995649
1316403068024520704
1316403269506396160
1316403307133444096
1316403405963718656
1316403693508534272
1316403743638904832
1316403831417327616
1316404204932665344
1316404217393934339
1316404297911934982
1316404312726212614
1316404352127569920
1316404448198098945
1316404552883752960
1316404562081832960
1316404679274901505
1316404699940171777
1316404703899586560
1316404733553315841
1316404833713299461
1316405014345080832
1316405060830625801
1316405086256607232
1316405132406534150
1316405416721514496
1316405467757903873
1316405669008826368
1316405689812684800
1316405778492862464
1316405806301147143
1316405878967369728
1316405970482819073
1316405984252760066
1316406423702691841
1316406511430754308
1316406571014922241
1316406694679805955
1316406776552591360
1316406899693109248
1316407087124152320
1316407258507550722
1316407262647324677
1316407271090384896
1316407330024513536
1316407354884202497
1316407376262492163
1316407442813534208
1316407606810996736
1316407655829843970
1316407941960998915
1316407950601269248
1316408097347428353
1316408395138727936
1316468822287814659
1316468872581701633
1316468973190307840
1316468990856687616
1316469128325222400
1316469158318534656
1316469221048692736
1316469256993804288
1316469296994820102
1316469330222215168
1316469459746398209
1316469510681968640
1316469573059829762
1316469657264562177
1316469804279111681
1316469887976566784
1316469891835322368
1316469921287561216
1316469932817887232
1316470034823352329
1316470152502804480
1316470235692703745
1316470295000231936
1316470349286998017
1316470432883671045
1316470596318920705
1316470758403702784
1316470768633548801
1316471028445478916
1316471313666584577
1316471314270416896
1316471330993307648
1316471423397888000
1316471598753349632
1316471599437053957
1316471704135368707
1316471720836915200
1316471892983808000
1316471980539998208
1316472030762618890
1316472035418140672
1316472274472570881
1316472358765572102
1316472374741684224
1316472517591265285
1316472852804239362
1316472878133510145
1316473087869812737
1316473134053294085
1316473221970112515
1316473389897392128
1316473411225505798
1316473459472584709
1316473465822679044
1316473528389169153
1316473540917428224
1316473625034264577
1316473662804037632
1316473667216240641
1316473692226940928
1316473773873389568
1316473801224400897
1316473952139579392
1316474182566326272
1316474228586082304
1316474296148033537
1316474362845900800
1316474484518522881
1316474499462725632
1316474522384637952
1316474526662762496
1316474559395098624
1316474615246524417
1316474660977102853
1316474673769701378
1316474732276068352
1316474997318324225
1316475030080020485
1316475080201973776
1316475189702483968
1316475491503747072
1316475545715122177
1316475546369490948
1316475621388632064
1316475619799109632
1316475780944343048
1316475864507453447
1316476124654981120
1316476133458636800
1316476192271273988
1316476308906369024
1316476533721137152
1316476573210484737
1316476573877444612
1316476603107434496
1316476724712894464
1316476750243782669
1316476754215628800
1316476820779421699
1316476950932840449
1316476967877783554
1316477095745388544
1316477097863512064
1316477120009441286
1316477160358662144
1316477416651583496
1316477695551836160
1316477722907082752
1316477755987554304
1316477928000098309
1316477931657494531
1316478092047609856
1316478280711589888
1316478481828585479
1316478737282547712
1316478762976972801
1316478763312590848
1316478792441888770
1316478801266782209
1316478863711506432
1316478896645210113
1316478993466613765
1316479010625458177
1316479035300511744
1316479039549341696
1316479094050164736
1316479151835152390
1316479274765832192
1316479421088489472
1316479601661693953
1316479606141190158
1316479698336206848
1316479757379231744
1316479862991998976
1316479886710714375
1316479963114110976
1316480025562996736
1316480037756063757
1316480071968858112
1316480095830380544
1316480239111999491
1316480289879855112
1316480298360676357
1316480325913059332
1316480491021766656
1316480508096905218
1316480868844597249
1316480893897396224
1316480918572331008
1316481057487716352
1316481149997375489
1316481221094969347
1316481245308547072
1316481434769473537
1316481481104072706
1316481707025940481
1316481804216434688
1316481820423200768
1316481933635854336
1316481937842884609
1316482030327287808
1316482089508761601
1316482315090980864
1316482369843585025
1316482508100456449
1316482688631689217
1316482701499731975
1316483070761955328
1316483099996426240
1316483162881564673
1316483259627429893
1316483267445624833
1316483419199680512
1316483515177893888
1316483586623787008
1316483859689746435
1316483871815405569
1316408579918831619
1316408600798081026
1316408752552185861
1316408778992967682
1316408818826391554
1316408860811448320
1316409120510160898
1316409153342955520
1316409427692527617
1316409431136104448
1316409548198952960
1316409619716157440
1316409707712720896
1316409728659009537
1316409800398442497
1316409897295245322
1316409913820827649
1316410009610260480
1316410039754723335
1316410047535214595
1316410157379842049
1316410169975332866
1316410424930246656
1316410513128075271
1316410605797023749
1316410856884727811
1316410937063038976
1316411142747516928
1316411243289141250
1316411344455901184
1316411381432934400
1316411595019505667
1316411599872196624
1316411666532368393
1316411713412046854
1316411729664933891
1316411935294926848
1316412000960872449
1316412157727256577
1316412199703900160
1316412312681672704
1316412325071450112
1316412518659747843
1316412602541465606
1316412690584100864
1316412698704322560
1316412811396829184
1316412853704814593
1316412954049490945
1316413134379331584
1316413294454935553
1316413319398469632
1316413387899768839
1316413407780716544
1316413755648086016
1316413826661789697
1316413948787388418
1316413952721522690
1316414019109036038
1316414216572530688
1316414325985288194
1316414409443479553
1316414442247278594
1316414808682500096
1316414833265344517
1316415022059282432
1316415244646985729
1316415271662489603
1316415315585110017
1316415320173752320
1316415504639238144
1316415753927696387
1316415797800173568
1316415902666039297
1316415911633596416
1316416091556646912
1316416124658085888
1316416192664530947
1316416280270909442
1316416343655084038
1316416431542603777
1316416439759200256
1316416532734308353
1316416551264845826
1316416612233248769
1316416784115937285
1316416812792283143
1316416942949847040
1316416968749125632
1316416979742457857
1316417043571204096
1316417211473555461
1316417241089531906
1316417476100456448
1316417570661171200
1316417689397743617
1316417697874243584
1316417891022110720
1316417999838957568
1316418046534332417
1316418130399297536
1316418323576479746
1316418337593753600
1316418339619713026
1316418424268963840
1316418445454565376
1316418763684810752
1316418839140212737
1316418855833542656
1316418872661217282
1316418897466146823
1316419219622428675
1316419337331318788
1316419416834355200
1316419426376441857
1316419439282266114
1316419552058761229
1316419753209221123
1316419757130878979
1316419795257040898
1316419883425558530
1316419979680583680
1316420000664760321
1316420122278604800
1316420172681543681
1316420185717432320
1316420210136506368
1316420231200342016
1316420265765675008
1316420357390323716
1316420479725563906
1316420605177212929
1316420650920292354
1316420705517477888
1316420940268478465
1316421049148473345
1316421074423296000
1316421074901512194
1316421108418195457
1316421150033862656
1316421460064440320
1316421664310206464
1316421708040015873
1316421737370673152
1316421883647143938
1316421909500825602
1316422085858734081
1316422091957309440
1316422118855397379
1316422173699997703
1316422203731312642
1316422228423122944
1316422315790471173
1316422417103765504
1316422554664546306
1316422724949094400
1316422731580178434
1316422901118177280
1316422933020053505
1316422945057595392
1316423037126934530
1316423188755165185
1316423193398255616
1316423352521641984
1316423406418616322
1316423465457442816
1316363209725693952
1316363676006391808
1316363683379937282
1316363835339493376
1316363838447644672
1316363855979859970
1316363926586773505
1316364020174270471
1316364044387876865
1316364161744547840
1316364254144987137
1316364548211904512
1316364631481487360
1316364673713926144
1316364706936958980
1316364997274947591
1316365035376177153
1316365084445245441
1316365223721422848
1316365261608452098
1316365517188464640
1316365696763265026
1316365702249492480
1316365724970090501
1316365752522272768
1316365878628245510
1316365881371504640
1316365990540779521
1316366041367314433
1316366217175760897
1316366222112559106
1316366309366456320
1316366422906470401
1316366452044304385
1316366526560317440
1316366645330415617
1316366661629300736
1316366699797590016
1316366792520994817
1316366854928109570
1316366959475335169
1316367006304698368
1316367039104274432
1316367270545944578
1316367564545589249
1316367589388546048
1316367610372521985
1316367815314681858
1316367920654581760
1316368029253464065
1316368119414300672
1316368193309548544
1316368315229646848
1316368544700010497
1316368662031368192
1316369115649638401
1316369161883455494
1316369196079603712
1316369199867068416
1316369384064135168
1316369384336764930
1316369421980577799
1316369452137697286
1316369522903920641
1316369656324784133
1316369703460376576
1316369711127506944
1316369725350383619
1316369728559099904
1316369766492385282
1316369962513113095
1316369987960008704
1316369996122075136
1316370101189439489
1316370212304764931
1316370415472705537
1316370419755159552
1316370503888760855
1316370696684081154
1316370709661192192
1316370879358607360
1316370981716258816
1316371036296957959
1316371401436278784
1316371590544871427
1316371699202486272
1316371796388704257
1316371829112614913
1316371875505807362
1316371906526941184
1316371909315973120
1316371975669985280
1316372265282555904
1316372437601312775
1316372735421939713
1316372944780746753
1316372949352546304
1316372979534577670
1316373142009458688
1316373193192505351
1316373212834398208
1316373276055285761
1316373473741008899
1316373548966047745
1316373720479330304
1316373741971144704
1316373771742314496
1316373975509929984
1316374123241709569
1316374127486341126
1316374270168256513
1316374311884726272
1316375037411287040
1316375102406049792
1316375142109515778
1316375171930955777
1316375219016273920
1316375382220836865
1316375477918064640
1316375533056294913
1316375553843310592
1316375612685246465
1316375646180913152
1316375809385467904
1316375864641191937
1316375939975122944
1316376221001953281
1316376242577432576
1316376345094615040
1316376355307618310
1316376384797904897
1316376460429533186
1316376594613641216
1316376757902151684
1316376909421465600
1316377185159180288
1316377223406989314
1316377252439916544
1316377382492745729
1316377746839404544
1316378166991163392
1316378196942577666
1316423675055230976
1316423720773263361
1316423767095218180
1316423835047071746
1316423868605628416
1316423985169682433
1316424119295115266
1316424380159852544
1316424400904822784
1316424489111089153
1316424567947235329
1316424639942463488
1316425529369808905
1316425535736762379
1316425621669646339
1316425633531080706
1316425704851070976
1316425784689655810
1316425877429854208
1316425948103954432
1316425986448265217
1316426086872481792
1316426552515723264
1316426803720880131
1316426866404794372
1316427018532204545
1316427080129605637
1316427227530231809
1316427362263859200
1316427441729089537
1316427621874319360
1316427706431467522
1316427734973911041
1316427772470984704
1316427816930603011
1316427819103268865
1316427848471773192
1316427853312004100
1316427911604428800
1316427958001774593
1316428141615673344
1316428292698898435
1316428355844165633
1316428569741058048
1316428574400884736
1316428628310347777
1316428642424160258
1316428721432211460
1316428829460590592
1316428851518623744
1316428859210948609
1316428926466621441
1316429094146502658
1316429135724638211
1316429356474888192
1316429412594782210
1316429438733647873
1316429555305979907
1316429580547379201
1316429597332975616
1316429655604424705
1316429710512009217
1316429941278416898
1316429962019307520
1316430042004623360
1316430159407267841
1316430171956805632
1316430218718928897
1316430323253678082
1316430421392068609
1316430704746680320
1316430746819624961
1316430755363532811
1316430868358070273
1316430931201347584
1316431002198257665
1316431019013275648
1316431286941233152
1316431288098861063
1316431437810335749
1316431459364868097
1316431481062002688
1316431904216944640
1316432034622066688
1316432126506684418
1316432194148028417
1316432236112216064
1316432269561782274
1316432327367688192
1316432336880197632
1316432391121121280
1316432403687145473
1316432453460992000
1316432503721332737
1316432531735052288
1316432579143380992
1316432663830556672
1316432688807583744
1316432780914577408
1316432820861100034
1316432915237081088
1316432923759968256
1316433045243736066
1316433057566646273
1316433058417975296
1316433088889618434
1316433107730407424
1316433124549591040
1316433128991449094
1316433137069588480
1316433173694251008
1316433271119581184
1316433343257415685
1316433651891163136
1316433716181381120
1316433807894097923
1316433971723595776
1316434035015647232
1316434337026527250
1316434345289232395
1316434425161416705
1316434496741355521
1316434500436611072
1316434609194897410
1316434621916237826
1316434651599245313
1316434706007683072
1316434760332390407
1316434785116590080
1316434937374027776
1316434945649319938
1316435091892002816
1316435134460112900
1316435138381742080
1316435242606104579
1316435300210466821
1316435382012182528
1316435410290118656
1316435435581845505
1316435469400498183
1316435478271463429
1316435523980976129
1316435553294966785
1316435716734361605
1316435767678234624
1316435826004418565
1316435884334551041
1316435897676705793
1316435964391194624
1316436037564915713
1316436044137537536
1316436047941771265
1316436061254545410
1316436119161110529
1316436245384396802
1316436278909558785
1316436339559104515
1316436364020256768
1316436383674884098
1316436396874371072
1316436442789433348
1316436564902391809
1316436727662247942
1316436736617205760
1316436857639632897
1316437130911059970
1316437244136222721
1316437252143284226
1316437352923963392
1316437374054871043
1316437403301675008
1316437448856154114
1316437537255297026
1316437629672579073
1316437645321478145
1316437734202974209
1316437767929294848
1316437860413825024
1316437864389976064
1316437902491103237
1316438006916550656
1316438468365619200
1316438560879398915
1316438614725730304
1316438900366340096
1316438909052612610
1316438944091983872
1316438988308316161
1316439017941073920
1316439126644871173
1316439155996602371
1316439215283089409
1316439286225530881
1316439290675683328
1316439307494854658
1316439390894338053
1316439517348405251
1316439546645696514
1316439575774916608
1316439734965673993
1316439784131383298
1316440204828385280
1316440368389468174
1316440498660429825
1316440498832240640
1316440506570866690
1316440607569727490
1316440712469241859
1316440880472100866
1316440917704945666
1316440926466826241
1316441035791306757
1316441191081275400
1316441211645898753
1316441211981316096
1316441261562368002
1316441395926896641
1316441412968349696
1316441450327007240
1316441995670421504
1316442091858386944
1316442151576907780
1316442209508614150
1316442238789005312
1316442277242441734
1316442293914791937
1316442340115001345
1316442369420595200
1316442609120882689
1316442622953771015
1316442691949871106
1316442867699789830
1316442919176265728
1316442956438667266
1316442960502951936
1316443006409506816
1316443011006427137
1316443040177958912
1316443044741369856
1316443056082620416
1316443073530953729
1316443119450288131
1316443141029990400
1316443186601037824
1316443312526589956
1316443611039375361
1316443619419713541
1316443757269659650
1316443895740407811
1316443950237069312
1316444029945606146
1316444131242242048
1316444226964672513
1316444487854501892
1316444722492321792
1316444722571948033
1316444777135603713
1316445002973818880
1316445007004471296
1316445099308572675
1316445132833554433
1316445250643202048
1316445498329518080
1316445627673448449
1316445963473608704
1316445989406900232
1316446089537617925
1316446106016940033
1316446320383733760
1316446437144698882
1316446441288630272
1316446454156865537
1316446500877037569
1316446512101064705
1316446739436572673
1316446765088997376
1316446769090359301
1316446907334627334
1316446953119584260
1316447092198584320
1316447224566554625
1316447242442674181
1316447372810035200
1316447389234991104
1316447432293531648
1316447499155111938
1316447520042688517
1316447603404550145
1316447737341247490
1316447758476337152
1316447758828613633
1316447821445369858
1316447951296835586
1316447963565056000
1316447996146577413
1316448027322785792
1316448296374861829
1316448383717044229
1316448521583816705
1316448694242246661
1316448798793773056
1316448824039276551
1316448975323574274
1316449084308426761
1316449197781123073
1316449211752345605
1316449511531835394
1316449514845331458
1316449570784772096
1316449591315902466
1316449650564452352
1316449670961467393
1316449855611506693
1316450011035697154
1316450128316829696
1316450203004792832
1316450405577043969
1316450447142641664
1316450459989807108
1316450556311896064
1316450657415692289
1316450841377861634
1316450904548216832
1316450912668393473
1316450938119315456
1316451030075351042
1316451210296266752
1316451366093627392
1316451407361343490
1316451512881745926
1316451529432403970
1316451621442850816
1316451634566881280
1316451638241120259
1316451701390544898
1316451718608179201
1316451801206530055
1316452120825036809
1316452217096986624
1316452296604213249
1316452297120124929
1316452305374523395
1316452393442332673
1316452703497793537
1316452745310859271
1316452800486760448
1316452946817806342
1316453026480095234
1316453039147016192
1316453102321569792
1316453127395127303
1316453392177225728
1316453403791425540
1316453554983444480
1316453575934050306
1316453614303408128
1316453626211115010
1316453659753025539
1316453668602880000
1316484005508911112
1316484026614591495
1316484043987464192
1316484051755171841
1316484119103238144
1316484313777659905
1316484328872914954
1316484563862982658
1316484584427655169
1316484643215024129
1316484689339863040
1316484743806902273
1316484744268386304
1316484781962670080
1316484869589999617
1316484954944155649
1316484966583341057
1316485017078575104
1316485079523299328
1316485243302555655
1316485456792481793
1316485704168419329
1316485767649087488
1316485862071259136
1316485897811111936
1316485989897064453
1316486057173622785
1316486111246594049
1316486124454338560
1316486203873595394
1316486301424791553
1316486328931016707
1316486635681468427
1316486958839889922
1316486987533225986
1316487046970642432
1316487084413120512
1316487637864128512
1316487684651655174
1316487738573627397
1316487768214835200
1316487847701078018
1316487847659134979
1316487894484291584
1316487915141201927
1316487931763122177
1316488330574430208
1316488584816398337
1316488665569406977
1316488690995142656
1316488703053881346
1316488745789554690
1316488775036530689
1316488837544247296
1316488863016194048
1316489089647075328
1316489110912196608
1316489248883838976
1316489286489907201
1316489294991761411
1316489368836636672
1316489470607273987
1316489513347297280
1316489521328992256
1316489634457636869
1316489727176962049
1316489936313483264
1316490011865300992
1316490057906184192
1316490259585261569
1316490270360383490
1316490339478274052
1316490364652523520
1316490468700704770
1316490478011981825
1316490557280092160
1316490582798209024
1316490611453833218
1316490657763151872
1316490733004697603
1316490836876558336
1316491182785077259
1316491219741085696
1316491312682672130
1316491392550490112
1316491576533811202
1316491581025775616
1316491639544672256
1316491643566977024
1316491739763441664
1316491967644143616
1316492104642650112
1316492167993602048
1316492218153271299
1316492360415612936
1316492461531750400
1316492503193841664
1316492625436909569
1316492679572647938
1316492696136101888
1316492699831238656
1316492868479979521
1316493099112099840
1316493179156389888
1316493183463849984
1316493216728875008
1316493241911369729
1316493300069695488
1316493619705139200
1316493648272527360
1316493745051795464
1316493789494534144
1316493988728385541
1316494113739616258
1316494135340265472
1316494168122945542
1316494210254725120
1316494537112645638
1316494541617274883
1316494609208442886
1316494625884995588
1316494642851000321
1316494793577562112
1316494839039623169
1316494843867213833
1316495020162129920
1316495049329270784
1316495213280583685
1316495267353387008
1316495380482269185
1316495556999610368
1316495703733153793
1316495750298124288
1316495778786037766
1316495846482075650
1316495901087600640
1316495955844313089
1316496039583637505
1316496107317399552
1316496303279542273
1316496336867352576
1316496416945008640
1316496483563175936
1316496689423937536
1316496710634532867
1316496785662148609
1316496799088115713
1316496982337183745
1316497062897348608
1316497129377071106
1316497154450616320
1316497183953358848
1316497272100868096
1316497310101143554
1316497393882365957
1316497444901974020
1316497532671995904
1316497620517482496
1316497743351742465
1316497830433878016
1316497830777774080
1316497889305260032
1316497931185209344
1316498032276451329
1316498107270660096
1316498379522936833
1316498421826703365
1316498522632531968
1316498539015364608
1316498572708212736
1316498585790246912
1316498606808084480
1316498631323770880
1316498694410326023
1316498744599343104
1316453760646873089
1316453802204164096
1316453836383494146
1316453849259933696
1316453903026851840
1316453928880533504
1316453938334367744
1316454017049006082
1316454247278489600
1316454268711313408
1316454301812822016
1316454528607162368
1316454872170938369
1316455047417520128
1316455052995964928
1316455279505088513
1316455287927140353
1316455408899371012
1316455619336044544
1316455803327442944
1316455853550006272
1316455916846411778
1316455950136483840
1316455953940713473
1316456079916703744
1316456201819844608
1316456427905585155
1316456465666920455
1316456520406781959
1316456550018543618
1316456616858980353
1316456805975851015
1316456814410715137
1316456822761549824
1316456990848188416
1316457175146000385
1316457204141228033
1316457275192610816
1316457321971802117
1316457322202292224
1316457339822714886
1316457430486745088
1316457473235181569
1316457481539739648
1316457745202188290
1316457934122082308
1316457950626545664
1316457963813388288
1316458185822175234
1316458253132283904
1316458273957126144
1316458462646349826
1316458478974754822
1316458588257366020
1316458939698085891
1316459033054900224
1316459184402190337
1316459238563041283
1316459666008834048
1316459670219841536
1316459817008091138
1316459947518038017
1316459972293734402
1316460169241538561
1316460181782396929
1316460240636788736
1316460488268578816
1316460559638855681
1316460639083266058
1316460731529752576
1316460760969752584
1316460853357613058
1316460878523293696
1316460966385598465
1316461050322128896
1316461092189736963
1316461129896472578
1316461247957696512
1316461394259304450
1316461394296930304
1316461474076741633
1316461520205869063
1316461613164134400
1316461663277780992
1316461679283179522
1316461813840719873
1316461817250615296
1316461839103021057
1316461905884712960
1316461910561349634
1316461935706157057
1316461972930486272
1316462018963144705
1316462102920429568
1316462113859215364
1316462212064718855
1316462317002010630
1316462342016823297
1316462413756104711
1316462599056363520
1316462669256294400
1316462719495741440
1316462793021886467
1316462883304169475
1316462942125273088
1316463050707275776
1316463172388302850
1316463189710708736
1316463219087732736
1316463269230637057
1316463302885613568
1316463420116361217
1316463420355620867
1316463609019543553
1316463621690421248
1316463831191879683
1316463843653058560
1316463999135952904
1316464019738447873
1316464356050247681
1316464514448187392
1316464514729218048
1316464556575727619
1316464720728260608
1316464766274007041
1316464854518071296
1316464993416642561
1316465031152893953
1316465046575144960
1316465140301094912
1316465303203831808
1316465448502861829
1316465668150231046
1316465684730134529
1316465756322791427
1316465835779780608
1316465856570851328
1316465868524728322
1316465974841835521
1316466041476837376
1316466104919896065
1316466155310198787
1316466179968569346
1316466318825197568
1316466347908493312
1316466502820917258
1316466528330579968
1316466536375300097
1316466671264047105
1316466729061548033
1316466830387617793
1316466972280991745
1316466993743179776
1316467047912570881
1316467292033765376
1316467492978667521
1316467614428917760
1316467878930022400
1316468088557232131
1316468117783154688
1316468343956791296
1316468495031336961
1316468512567689216
1316242317565718533
1316242465947561984
1316242729077104640
1316242868567109633
1316242904948633600
1316242972321562626
1316243021378334720
1316243072779419649
1316243094698954752
1316243269316214784
1316243294884683777
1316243396399333376
1316243405245038592
1316243426048962565
1316243491824046080
1316243526087249921
1316243815250845696
1316243891209662465
1316243942099365888
1316244252972797952
1316244353187221504
1316244377245638659
1316244523538767872
1316244747082555392
1316244869065605120
1316244994370412544
1316245023252459520
1316245077799264257
1316245150906146823
1316245438559932418
1316245467672518659
1316245531715203072
1316245572966375424
1316245575831113728
1316245745633198081
1316245813073522688
1316245825975193605
1316245869759397893
1316245878110392320
1316245900600115200
1316246080820928512
1316246266158833669
1316246402683424768
1316246419267817472
1316246458128125952
1316246717780692992
1316246790879010816
1316246824538329088
1316246863796793344
1316246990859038720
1316247322423103488
1316247335945613313
1316247342861910016
1316247423354716161
1316247514262241280
1316247700086484993
1316247708445945858
1316247736816082944
1316247784547328001
1316247871818272768
1316247944069361666
1316248127431557120
1316248238266224641
1316248294247497728
1316248358361731073
1316248391937142784
1316248514733789185
1316248538599223299
1316248601056534528
1316248652411817984
1316248657453182977
1316248676197691393
1316248994113347585
1316249007556096000
1316249045401100288
1316249050501447681
1316249110769471488
1316249208559722496
1316249482997055488
1316249536629702657
1316249557462740993
1316249576765038594
1316249635619368962
1316249674936975361
1316249724677246976
1316249848648290304
1316249895896969216
1316249939924725761
1316250044949958657
1316250086314131457
1316250368813268995
1316250715870953472
1316250879536709632
1316250945957888001
1316251016858423296
1316251042020028416
1316251068565577728
1316251109447663617
1316251217866059777
1316251294449901569
1316251336808321025
1316251532711522305
1316251538759835648
1316251559169191937
1316251606992719872
1316251806519812096
1316251829911478274
1316252190932111360
1316252221626109953
1316252276722343938
1316252351297130496
1316252415851667456
1316252586299842561
1316252836674535424
1316252858073874433
1316253419741622273
1316253441400999936
1316253526926913536
1316253877742768129
1316253898181505024
1316254048983552001
1316254336494657538
1316254363577274369
1316254421895049216
1316254583019188224
1316254873655152641
1316254976813887490
1316255119101628417
1316255544773160961
1316255644228349952
1316255677954895872
1316255678412066816
1316255779331153921
1316256045572923393
1316256117349998595
1316256189446062080
1316256242260537345
1316256259000147968
1316256319729328128
1316256621337681920
1316256650500603904
1316256715067842562
1316256872027115520
1316257064478404608
1316257104299282432
1316257379525115904
1316348124265213952
1316348178871078912
1316348400690921472
1316348404654657536
1316348421054365696
1316348546199752704
1316348724008845313
1316348730707189760
1316348878766125056
1316349133968543744
1316349243897114631
1316349263786340357
1316349289531138048
1316349331449024517
1316349377913511936
1316349603399303168
1316350068883173378
1316350162621652992
1316350229055234050
1316350311817187329
1316350418641850370
1316350586426716161
1316350619381387265
1316350732392640514
1316350912617746433
1316350991399350274
1316351193313050626
1316351244345114625
1316351253375483904
1316351390017556481
1316351512285675520
1316351605923631106
1316351617969590272
1316351640287535104
1316351743421222912
1316351748307595265
1316351822265749506
1316351918957113345
1316351966012944385
1316352150302195716
1316352304543539201
1316352350592827395
1316352538338381829
1316352573042036736
1316352606277636097
1316352691359154177
1316352698585882626
1316352799500795904
1316352917125902336
1316353182520537091
1316353269141245952
1316353303807221761
1316353496564801536
1316353510363918342
1316353584343248897
1316353664789999618
1316353760181063682
1316354104319447040
1316354116751294469
1316354200884916224
1316354226352615425
1316354246493831168
1316354330937749505
1316354335064961029
1316354478258507777
1316354553340661760
1316354629274341379
1316354858920812546
1316354896510189569
1316354943293497350
1316355141071712258
1316355479510147073
1316355517376323586
1316355647240368128
1316355664369922050
1316355697974673410
1316355769848270853
1316355782464745473
1316355806913323014
1316355827658358785
1316355983061508096
1316356067614490626
1316356075596255234
1316356112799555584
1316356179237502976
1316356248657428480
1316356323060088832
1316356336263856129
1316356494535909377
1316356521089957888
1316356742184402945
1316356989975441408
1316357102957473793
1316357228476198913
1316357405832339456
1316357505514196992
1316357514770837504
1316358001259884545
1316358050954063873
1316358179203284993
1316358377719693312
1316358495093039104
1316358579461423105
1316358827340632065
1316358839789379584
1316359078445285376
1316359099764834304
1316359108640022530
1316359188143050754
1316359267188867072
1316359339494514690
1316359342552158208
1316359356011687941
1316359369043390466
1316359426459213824
1316359494436257792
1316359594088767489
1316359619623690240
1316359632156274688
1316359649499676672
1316359708408786944
1316359724909178880
1316359771147186176
1316359795528683520
1316359830601371650
1316360051842572288
1316360127474102278
1316360152606441472
1316360273712812036
1316360286299918337
1316360357699518465
1316360475945426945
1316360492139638785
1316360504437243905
1316360558753579010
1316360597915738118
1316360803403005952
1316360828204003329
1316360852711370752
1316360924400242690
1316360995896545280
1316361025239814145
1316361180424925190
1316361238184521728
1316361314206314497
1316361398465835008
1316361457207050242
1316361800988848136
1316361846723686400
1316361992903503873
1316362109589106690
1316362161489313793
1316362379685515272
1316362621981995025
1316362631494750210
1316362668513599490
1316362765662117888
1316362819609210882
1316362979290558464
1316333062800789509
1316333162054721538
1316333258355941378
1316333483510304769
1316333486618357761
1316333590989463552
1316333741158080513
1316333788864098309
1316333797336592384
1316333988525547520
1316334031731032064
1316334086496153600
1316334192381231105
1316334252821286917
1316334471600369664
1316334530597453824
1316334562792923140
1316334663271677953
1316334673128284161
1316334686025777153
1316334731982761987
1316335002221768705
1316335318015062017
1316335352190246917
1316335394678595584
1316335545140891649
1316335741878796289
1316336024847441920
1316336081407807491
1316336245245607937
1316336515027533826
1316336593767202816
1316336601572745216
1316336619566313474
1316336731206094848
1316336840685826048
1316336845622517761
1316337108936732672
1316337314252099584
1316337372901134342
1316337492656885760
1316337523707310080
1316337551226146816
1316337595840954368
1316337709397442561
1316337814808735749
1316337906554990593
1316337948653244416
1316338086838775808
1316338397288566785
1316338670652272640
1316338720954556422
1316338872104747010
1316338874516418560
1316338949938442240
1316339281531752448
1316339341950681088
1316339486851321858
1316339612755820544
1316339727566426117
1316339738215804929
1316339773213224973
1316339956290326528
1316340007297318913
1316340008685633537
1316340115732602880
1316340159022018562
1316340292778225665
1316340339343589376
1316340371992072193
1316340384885362692
1316340405978435596
1316340470461628418
1316340486748200960
1316340506150854656
1316340961371447297
1316341009673080833
1316341114232807424
1316341274966925313
1316341324262465539
1316341447054983169
1316341563598032897
1316341618304319489
1316341874777612288
1316341996034895872
1316342062694899714
1316342222334373889
1316342512282341376
1316342692109078529
1316342710111002624
1316342745921974272
1316342759100420097
1316342922900635649
1316342930588741633
1316343207895150594
1316343367102586880
1316343445980577792
1316343572074029057
1316343576704491520
1316343750029910017
1316343803972911105
1316343892065882119
1316343950068912133
1316344185834868738
1316344194533916675
1316344280827465728
1316344386146504706
1316344583081648128
1316344651238891522
1316344701780402177
1316344819560706050
1316345136901693442
1316345189745807361
1316345196586561537
1316345208888602624
1316345212537634819
1316345267621449729
1316345367055806464
1316345389352714245
1316345459762442245
1316345661688893440
1316345669683236864
1316345670492717059
1316345748687130624
1316345852034678785
1316345855746748416
1316345875560574979
1316345917037969408
1316345933236441088
1316345964081352704
1316345966899978241
1316346102203940865
1316346109795676160
1316346159846379520
1316346269875535873
1316346974820593671
1316347128499834880
1316347271773130753
1316347326231965696
1316347518662443013
1316347536014299138
1316347767355310080
1316347978714546176
1316317867219062784
1316317976581242882
1316317989998714880
1316318078976905221
1316318200716562439
1316318248535646209
1316318306568200194
1316318509299896322
1316318612383248386
1316318686374846470
1316318761184526336
1316318789806555136
1316318793870667777
1316318814854950913
1316318844210749440
1316319110024687621
1316319283782148097
1316319409795891200
1316319430226309121
1316319455362899969
1316319490485956614
1316319535134367746
1316319589115060227
1316319867126063104
1316320164938477574
1316320358891499524
1316320501086683136
1316320668598886400
1316320670066778112
1316320730670411776
1316320852951076864
1316320859892703232
1316320913030361088
1316320945506783232
1316320992805810176
1316321048476946433
1316321113857761280
1316321114583425025
1316321164403372032
1316321179662200834
1316321272830328832
1316321302190456832
1316321595078701056
1316321717212475392
1316321743464787968
1316321746832838659
1316322010058895360
1316322052140412933
1316322203730874369
1316322260962160642
1316322375168819200
1316322653666410496
1316322679121567744
1316322729981739008
1316322827306377216
1316322885942808577
1316323116528828416
1316323357277794309
1316323441243574273
1316323448596180993
1316323449581776896
1316323469727010816
1316323848103636993
1316323856144101377
1316323888708677632
1316324016714592257
1316324048314523650
1316324061161586688
1316324115754618880
1316324254275768320
1316324389437177857
1316324532513316866
1316324572535361536
1316324623886233600
1316324627778621443
1316324754819866624
1316324779713015810
1316324831005204481
1316324883475898375
1316325013390274567
1316325038103109632
1316325125512454149
1316325125726199812
1316325325589172224
1316325417851256833
1316325444623519746
1316325464328343555
1316325619219591168
1316325638182252549
1316325747448053760
1316325790200606721
1316326053468672001
1316326154001940483
1316326178953850880
1316326258301702144
1316326379324166144
1316326481434423296
1316326557653360640
1316326619020234752
1316326700347777025
1316326772032536577
1316326809089253377
1316326837174272000
1316327006150094848
1316327130595307520
1316327199713230850
1316327319431254017
1316327321528393729
1316327771539410944
1316327790535471104
1316327858512506881
1316327876917112832
1316327895950929922
1316328373984071680
1316328462211264514
1316328583711748097
1316328782895210497
1316328869490810881
1316328906757201920
1316329005067333638
1316329288501784577
1316329345103863810
1316329389953609729
1316329458773692416
1316329475139801089
1316329681319124992
1316329712910831616
1316329851192848385
1316329951998615552
1316329961976926208
1316330036190994432
1316330213370863616
1316330217913356290
1316330513913839616
1316330621497729024
1316330661800808454
1316330818764062721
1316330824413765633
1316330831351345153
1316330863253053440
1316330867879538689
1316330880915382273
1316330907758981121
1316331264077688833
1316331335326281728
1316331429870080002
1316331442251730945
1316331577949876224
1316331724725514241
1316331828500983808
1316331896331268099
1316332064791310336
1316332123079540737
1316332194927915008
1316332382216245248
1316332393939177472
1316332601691471873
1316332638567895040
1316332655936524289
1316332726925045760
1316332750757081088
1316332751197548544
1316332862065438721
1316257590880264192
1316257667187343362
1316257729128796160
1316257734820532224
1316258183271395328
1316258268990377986
1316258321872158720
1316258450607808517
1316258672587100160
1316258806234378241
1316258876619194369
1316259040322744324
1316259258556657667
1316259380069830656
1316259505798340609
1316259749285912578
1316259777001914368
1316259837068664832
1316259863673139200
1316259885286260736
1316259925228752897
1316259930320506882
1316259948192464896
1316260139226333184
1316260180850597894
1316260216606875651
1316260308852375552
1316260439068741632
1316260515140829189
1316260648112791552
1316260697005674496
1316260836948705280
1316260912345550852
1316260981740371971
1316261099566661633
1316261181259218946
1316261225282654211
1316261378106093568
1316261451707887622
1316261562106220545
1316261566170501120
1316261698764931072
1316261733074259969
1316261749654339589
1316261800350949377
1316261865677295616
1316261997957316608
1316262160222359552
1316262268863213568
1316262275460689920
1316262310214856705
1316262552091922433
1316262636863053825
1316262676805419008
1316262785232392192
1316262811744505856
1316262871479783425
1316262899149672449
1316262932473315328
1316263252175867904
1316263264657969158
1316263433759670272
1316263551217078272
1316263826376060928
1316263949067714560
1316263994747879429
1316264041564700672
1316264077446967296
1316264095071563776
1316264278819704832
1316264300009467905
1316264328874475521
1316264358675128321
1316264380716052481
1316264397589929984
1316264671373000704
1316264735038484485
1316264900734271488
1316264938260684800
1316265019449831427
1316265101192765440
1316265105215037440
1316265113326886912
1316265280276959233
1316265485965709314
1316265565716131841
1316265580056383488
1316265635580526593
1316265677267795968
1316265926958837762
1316266196119941121
1316266405227114503
1316266591739314176
1316266668805419010
1316266721536290818
1316266823583555584
1316266840113389568
1316266934816575488
1316266968836714498
1316266991087362053
1316267323897065472
1316267460685778944
1316267469384740865
1316267625220124674
1316267697462706176
1316267963104796672
1316268041680818178
1316268149441003521
1316268173864427520
1316268192294199297
1316268230416031745
1316268257750519812
1316268305691312128
1316268356094382080
1316268462117969921
1316268481625698304
1316268532213088256
1316268539062431750
1316268568695234561
1316268616896061441
1316268677193367552
1316268682960670720
1316268893204348928
1316268963903475713
1316268997365714944
1316269061018472451
1316269093981364226
1316269267453726721
1316269316531130369
1316269502003245057
1316269870326018048
1316269916127928320
1316270075377188869
1316270353602105345
1316270404110094336
1316270439761616897
1316270462469648385
1316270524704731136
1316270688437784577
1316270924690345984
1316270989655838721
1316271100746182656
1316271167993376770
1316271514413486080
1316271586366812161
1316271597599088641
1316271790478389248
1316271957038563328
1316272032875794432
1316272111850196992
1316272192473239553
1316272448325578752
1316272486846259201
1316302807742517248
1316302822535815170
1316302873647607809
1316303002643226624
1316303320160653313
1316303424137428992
1316303444173520896
1316303461252653059
1316303480265404417
1316303518286970881
1316304146161528832
1316304160845856769
1316304241389113346
1316304374520590336
1316304752100225024
1316304910074380288
1316304928621694978
1316305129356754947
1316305251989966848
1316305326589841408
1316305423893360641
1316305490381598720
1316305544634925056
1316305574137659405
1316305615774334977
1316305829893533697
1316305963075264512
1316305981756764160
1316306267254661121
1316306438990557184
1316306459190325248
1316306614559932416
1316306707950182400
1316307002302377986
1316307010925686784
1316307241356742656
1316307777090998273
1316307783646687233
1316308037469167616
1316308581583646720
1316308605621108736
1316308717521063937
1316308753512370176
1316309101425688581
1316309361409445888
1316309493702156291
1316309570281766913
1316309610609827843
1316309622484066305
1316309630453264391
1316309796107116544
1316309849723023360
1316310316842725376
1316310446308241408
1316310490482724865
1316310569968959489
1316310608678133761
1316310619541377024
1316310708548784129
1316310730572992513
1316310902589677569
1316311008030461953
1316311049210007555
1316311503260262400
1316311785893486592
1316311940868780034
1316311944673079296
1316311951736176641
1316311952872923141
1316311991984807937
1316312017020563456
1316312042895278081
1316312100491464704
1316312105855967233
1316312130405240832
1316312145672499202
1316312314694557697
1316312464510922754
1316312605615685632
1316312628705271808
1316312750965039105
1316313566799114240
1316313682620678147
1316313847804944390
1316313990600044544
1316314024317865984
1316314041917165569
1316314155058712576
1316314207693025280
1316314420683833345
1316314776931246080
1316314807641931781
1316314905239314434
1316315033626796032
1316315076949880832
1316315116288331777
1316315173423022080
1316315304163713024
1316315453690707969
1316315484388839424
1316315531587342337
1316315546028212225
1316315802312691712
1316316005686284288
1316316008509059074
1316316102134292480
1316316180601241600
1316316309832036355
1316316506821726208
1316316532692193280
1316316861466906625
1316316979930845184
1316316990600962056
1316317013661212674
1316317096771551234
1316317141675712512
1316317228665573377
1316317385176088576
1316317442444992512
1316317584036331521
1316317739322048513
1316317757521055746
1316317781663588353
1316272547017756672
1316272603871444993
1316272750428745732
1316272904737349632
1316272920994418688
1316272969925050368
1316272983422500864
1316273213966516224
1316273266420527104
1316273377200549889
1316273514819850240
1316273573854679040
1316273704977018880
1316274364321542144
1316274479937581056
1316274529266741248
1316274775078170626
1316274790651625473
1316274885107343360
1316275151131082753
1316275448633008131
1316275533542551553
1316275658473926656
1316275856071892992
1316275857925853184
1316275978675474432
1316276072980377601
1316276073966034945
1316276150746910720
1316276164881571840
1316276215133634560
1316276278970871809
1316276295408390144
1316276504981053442
1316276624510263297
1316276813765566464
1316276879897227265
1316276881012948992
1316276925753561088
1316277313118498817
1316277653201190913
1316277687112011776
1316277819702349824
1316277911922581505
1316278030277455875
1316278126809362432
1316278328811294720
1316278541307260928
1316278631463821312
1316278775500271616
1316278831804829702
1316278877602283520
1316278886183899136
1316278970233520129
1316279139498950656
1316279228757938176
1316279259602673665
1316279478990123008
1316279525861253123
1316279664810360833
1316279785258209282
1316279875234418693
1316279978615504896
1316279990829363200
1316280135276883969
1316280241619378178
1316280407516762114
1316280567290384384
1316280875479232513
1316281055238926338
1316281074876547073
1316281218787409920
1316281226676723712
1316281430142459904
1316281629275430912
1316281806229065728
1316281919760478209
1316281980103819264
1316281989893242881
1316282286132719617
1316282357737906177
1316282651116859397
1316282773083103233
1316282814258532352
1316282905627418624
1316282980013400065
1316283017103585280
1316283073856704512
1316283101392367616
1316283204912001024
1316283266517872641
1316283305134714880
1316283308419018752
1316283484797722625
1316283710593875969
1316283712967897088
1316283809634156544
1316283950977839104
1316284208092979201
1316284305568460800
1316284471570653184
1316284629796741120
1316284958562873344
1316284997167243265
1316285085574782978
1316285595065360384
1316285659770875904
1316285762372018177
1316285850557263872
1316285892894494720
1316285958250278912
1316286034565632000
1316286047731486720
1316286301046358016
1316286395753787392
1316286543519121409
1316286568311578625
1316286614411173889
1316286682233073664
1316286701732413441
1316287259197440000
1316287516119625728
1316287585082368001
1316287865215545346
1316287951500832769
1316287961495990272
1316288139959234560
1316288259803111425
1316288398563385345
1316288581535756288
1316288619900854274
1316288650964021248
1316288713073156096
1316288888931905536
1316288917583392768
1316289113981681665
1316289128271503360
1316289405779410949
1316289452189380608
1316289490021998593
1316289666400706560
1316289780297146368
1316289895208546304
1316289897620217856
1316290193532628992
1316290325783212033
1316290394175549442
1316290590091476999
1316290744823492608
1316290783843155968
1316290807293501441
1316291012252192770
1316291066803425280
1316291217739657216
1316291606094454785
1316291876450902016
1316292115727609856
1316292247407788032
1316292695577460737
1316292701973872641
1316292754767450112
1316292843380502528
1316292883436064769
1316292983638175744
1316293532525703168
1316293565715152896
1316293626826285056
1316293815054094337
1316293829545332737
1316293880891932672
1316293908406702080
1316294068196921345
1316294120852328448
1316294170651365376
1316294235331719168
1316294346832896001
1316294375761227782
1316295473070735360
1316295498857246725
1316295577999683586
1316295610333458432
1316295769440354305
1316295770044153856
1316295809315504128
1316295873320673281
1316295906782842881
1316296088220037121
1316296092905078784
1316296102371622913
1316296231598141441
1316296579335192576
1316296828263051269
1316296972714868736
1316297054927286272
1316297056122667008
1316297292828340224
1316297358313885696
1316297539579150337
1316297607396773888
1316297782572056576
1316297791967293440
1316297954894901254
1316298151557562369
1316298182897266691
1316298196558123014
1316298208700661761
1316298257027399681
1316298270721945600
1316298504680210434
1316298736398749702
1316298936617967616
1316299076435152897
1316299109435924481
1316299150393176064
1316299310590390272
1316299592154189825
1316299739160174592
1316299768453361664
1316299791379378177
1316300025568227330
1316300150801825793
1316300228291637253
1316300486383996928
1316300696736747522
1316300772129288192
1316300852441878528
1316301050345914369
1316301484284358656
1316301493830594560
1316301544049053696
1316301655638409216
1316301860526055424
1316301901286309888
1316301967120044036
1316301977769381889
1316302060011180032
1316302063479992325
1316302120396746752
1316302267298058241
1316302518746570753