1316589623779438594
1316589626585309184
1316589752859144193
1316589812334256130
1316589862133338112
1316589882643550208
1316590036389777408
1316590046363828224
1316590096179630080
1316590168107778049
1316590210973663232
1316590250869760001
1316590315252445192
1316590499675992064
1316590511575138304
1316590582979067904
1316590691909136384
1316590830577213441
1316590956133658624
1316590968905314309
1316591040812388352
1316591057124159488
1316591074673033216
1316591098291134465
1316591414474493954
1316591481558163456
1316591669509156864
1316591703113990144
1316591707253862400
1316591728141500417
1316591790833754112
1316591911189114880
1316592022556475394
1316592134955429888
1316592156530954240
1316592169482936321
1316592237199982593
1316592297270796288
1316592457992335360
1316592598673362944
1316592676767178758
1316592732677246977
1316592802977976320
1316592877837967365
1316592882170634242
1316592890395553794
1316593057786077185
1316593116644814850
1316593255832784899
1316593352041668610
1316593359646068736
1316593425333002240
1316593435965448192
1316593439262175233
1316593443527782400
1316593523202826240
1316593590382993408
1316593816686608385
1316593888409251841
1316593923247177729
1316593997754712066
1316594022236872704
1316594085193560064
1316594140172484611
1316594345240395776
1316594363703517186
1316594413506764801
1316594462412267521
1316594672412786689
1316594929242714115
1316594991645552640
1316595050089009152
1316595062772359168
1316595244293484544
1316595266808668160
1316595289466253312
1316595294012944385
1316595326757687296
1316595379782258689
1316595528831037440
1316595623018352640
1316595814517608448
1316595918062354432
1316595964438863872
1316596082185367557
1316596151211057152
1316596162145792000
1316596174783221765
1316596196006297600
1316596384531845120
1316596414856654848
1316596481155952640
1316596481684582400
1316596772307980288
1316596778096091136
1316596833578295296
1316596862468722688
1316596893020049408
1316596895737815041
1316597139280138245
1316597198440869888
1316597214706245633
1316597316455890944
1316597340556402688
1316597431920979971
1316597553815670790
1316597570215522306
1316597780329136129
1316597835165392897
1316597916136505345
1316598057224503298
1316598133275521024
1316598183322152961
1316598292369666049
1316598481587322880
1316598505079619587
1316598577624424448
1316598623602274306
1316598703109496832
1316598782717505537
1316598915186266112
1316599068060192770
1316599186473664512
1316599240446017537
1316599374819004416
1316599466661732352
1316599467315920906
1316599514652798977
1316599551013208064
1316599651219369985
1316599660249780224
1316599731288588293
1316599853921841158
1316599978060644352
1316600027029086208
1316600081554923520
1316600147061604354
1316600171283836929
1316600331313319938
1316600369443602432
1316600389563748353
1316600442885988352
1316600461290622977
1316600494295601152
1316600519448842240
1316600617180246017
1316600637258301441
1316600737506504704
1316600766707068928
1316600900991893505
1316600926916898818
1316601010408820737
1316601199592865792
1316601234317611009
1316601270665269248
1316601282136666114
1316601324390113282
1316601328781713409
1316601393160032258
1316601430019579906
1316601438597009408
1316601538375233536
1316601543831949312
1316601577096925184
1316601613834805248
1316601636056379392
1316601770060271616
1316601807246942208
1316601828759400448
1316601969201610752
1316602025237336064
1316602071873847296
1316602084716941312
1316602175183822848
1316602235221151744
1316602331903848448
1316602399092551681
1316602415144108032
1316602524351201280
1316602536904871936
1316602591393054723
1316602611911593985
1316602629577994240
1316602696275767296
1316602708460273664
1316603090544590854
1316603119824904192
1316603154432024576
1316603166952091653
1316603192587681792
1316603379594883072
1316603569580040192
1316603577981427712
1316603619488067586
1316603643060158464
1316604147228123136
1316604161526431744
1316604269055799298
1316604344586862593
1316604470847913989
1316604595993444352
1316604672816357376
1316755758760054784
1316755780088016901
1316756039916834819
1316756082375692288
1316756299787493380
1316756350601494528
1316756363012431872
1316756442637045760
1316756517845118976
1316756702788816899
1316756719804977154
1316756753275551750
1316756828219269120
1316756887317237762
1316757026068983811
1316757067663912967
1316757239512944641
1316757239441620992
1316757264632553473
1316757306915409920
1316757356785528832
1316757461915688960
1316757482547474435
1316757642354847747
1316757901961199617
1316757942109114369
1316758157142753280
1316758220980056070
1316758275350835200
1316758296989233154
1316758325934141440
1316758384838930439
1316758452006522880
1316758538434359296
1316758556520189953
1316758605652254728
1316758782869934088
1316758815048716289
1316758874930593798
1316758921957134337
1316759206964404224
1316759429283540993
1316759441073676294
1316759539891437569
1316759605477740545
1316759655826296832
1316759731281760257
1316759734876278788
1316759772620902402
1316759861540073474
1316760003613728768
1316760041098293248
1316760061981667329
1316760230135558145
1316760511447527426
1316760531680854021
1316760533291405313
1316760569584680960
1316760645946101760
1316760813290450945
1316760822090215431
1316760997236027394
1316761056233099266
1316761190274666497
1316761264950054912
1316761278426353664
1316761308461764609
1316761342133633024
1316761364921188352
1316761396194013184
1316761471280439296
1316761480088481792
1316761555309076480
1316761605535744000
1316761690210525188
1316761769289953281
1316761785744199680
1316761882540285952
1316761955814780928
1316762251525791746
1316762277014536195
1316762469801422848
1316762687137873921
1316762763662970883
1316762784147935233
1316762930935980041
1316762952507289602
1316762966663069704
1316762972677533697
1316762998384586754
1316762998929793025
1316763015157514241
1316763065304711168
1316763065485078529
1316763275955183616
1316763291788730368
1316763300202508288
1316763615370903553
1316763759579402240
1316763811836301312
1316763862293594113
1316764034885181443
1316764051477852166
1316764126538919937
1316764143949615105
1316764164505788416
1316764164904431616
1316764356990963714
1316764378662932480
1316764424536023042
1316764499643453441
1316764646607663104
1316764667608358913
1316764763876143104
1316764874798780416
1316764927701508096
1316765297118867456
1316765406019964928
1316765539914731525
1316765854974062592
1316765938516025344
1316766030631505923
1316766047828025344
1316766152413122563
1316766173590155264
1316766274245066756
1316766290481016832
1316766322911453189
1316766454704939019
1316766626180730880
1316766631071281153
1316766815247380480
1316767171482128385
1316767175898812422
1316767213773230080
1316767247386447878
1316767339820576770
1316767536550207488
1316767671158009856
1316767826263375872
1316767851630321665
1316767872396537856
1316767918047232000
1316767990134657025
1316768014683996162
1316768131885469698
1316768231399583744
1316768248990519296
1316768282419040256
1316768287577890817
1316768290459451392
1316768388077809664
1316768626884702209
1316768710770614273
1316768877859270657
1316768912059621379
1316768950076620802
1316768979336257536
1316769071707369476
1316769138564575234
1316769222723338242
1316769256340627457
1316769285788794880
1316769385659367427
1316769503703949313
1316769530870460417
1316769633660092417
1316769747346681857
1316769863134715904
1316769992499761153
1316770237795229698
1316770300596543489
1316770304274960385
1316770375808823299
1316770406922104835
1316770497162612736
1316770648765673477
1316770715601899520
1316559453026623489
1316559591266807809
1316559628776476673
1316559692160798720
1316559738482507776
1316559787442737152
1316559834423197700
1316559876500357122
1316559914437873664
1316560031970623488
1316560048664064001
1316560321339969543
1316560367032692736
1316560518539341824
1316560576890404865
1316560610499407874
1316560665558081536
1316560740850061313
1316560958605713409
1316561075857494018
1316561130807062535
1316561184179486721
1316561252429099008
1316561260754989056
1316561313527721985
1316561331999383554
1316561335145107457
1316561567224401922
1316561579291242496
1316561625583890434
1316561650573611008
1316561692327727105
1316562509810167809
1316562510728716288
1316562534451810305
1316562757727268864
1316562883979993088
1316562913054916608
1316562922210906113
1316562960995713024
1316563173466615811
1316563194828259329
1316563223836008448
1316563236502810624
1316563546583502848
1316563785512083458
1316563819225739266
1316563853287788545
1316563894278602758
1316564095664115712
1316564155063820289
1316564330721280000
1316564435868299267
1316564603795636225
1316564704270180353
1316564762663227394
1316564784024883201
1316564788013658113
1316564804954456065
1316564863309799424
1316564951146749953
1316565014841622529
1316565035997691904
1316565169850458112
1316565199223128065
1316565215526363137
1316565408934236162
1316565424490778629
1316565429888876549
1316565559547490305
1316565626840850432
1316565673154424832
1316565731849523200
1316565794537435137
1316565812002672640
1316566163988439040
1316566222830555137
1316566357073375233
1316566365554180096
1316566403386945542
1316566700918272001
1316566805742260225
1316566814239854593
1316566830840983554
1316566873098649606
1316567203567857666
1316567224749043712
1316567229509636096
1316567237688516617
1316567346522316806
1316567354806079488
1316567376372985856
1316567497383051268
1316567564600840195
1316567631667712000
1316567653138468866
1316567657072730113
1316567669726949376
1316567673455640579
1316567769144492038
1316567858156122113
1316567884701863940
1316568001345445888
1316568058471895047
1316568092856647680
1316568152466059265
1316568370016399360
1316568680642338817
1316568701521584128
1316568708748378115
1316568852310847489
1316569137582284801
1316569150194675714
1316569361478426624
1316569540587925506
1316569540613091328
1316569607201714177
1316569884575232000
1316569947028492288
1316569968905981952
1316570026615484418
1316570052192133120
1316570064569602054
1316570169192280064
1316570290743320576
1316570777999814656
1316570819687051266
1316570849311428613
1316570878071640065
1316570974482038785
1316571004219600901
1316571087652769792
1316571134125658113
1316571209409220609
1316571365143646210
1316571390397558784
1316571402779217922
1316571407183155201
1316571515677220864
1316571516142718976
1316571586816888832
1316571662230466564
1316571666454138880
1316571713413537794
1316571817721704448
1316571859354374149
1316572023120957451
1316572052497854466
1316572159507156992
1316572195133382657
1316572207888445441
1316572212200120320
1316572220861214722
1316572287559061505
1316572322610937857
1316572358619009025
1316572430731804674
1316572593336524800
1316572648227381254
1316572782281580546
1316572812019146752
1316572992604962822
1316573468100616193
1316573495892086784
1316573705103966210
1316573717942722562
1316573851640360961
1316573859261435904
1316573906572988416
1316573909987274752
1316573910528397312
1316573927620059136
1316573931600596992
1316574015390208003
1316574066128625664
1316574158243991552
1316574167031066625
1316574284026966016
1316574376888803329
1316574459797671936
1316574633018220544
1316574648772030465
1316574719915638787
1316574720368750592
1316574745408794624
1316574787091804165
1316574803780722689
1316574858600349696
1316574896143519744
1316574976288395265
1316574980260454400
1316575068718280709
1316575194937536513
1316575328316391424
1316575563390255104
1316575597343236098
1316575605450711040
1316575709742206976
1316575797231058946
1316575852545662976
1316575936477757440
1316575945516486656
1316575962289537032
1316576225767370752
1316576301768114176
1316576439584477184
1316576440163459072
1316576519347752960
1316576562020593665
1316576632677838848
1316576724797317120
1316576859065286658
1316577180042878978
1316577299832008706
1316577392169832449
1316577442790694914
1316577446511157248
1316577534570565632
1316577543164551168
1316577580607176705
1316577643769323520
1316577728024502272
1316577782449819649
1316577794697068545
1316577937907384321
1316578150864678913
1316578226496569346
1316578411603800064
1316578524719796224
1316578528599605249
1316578566977486850
1316578659449204736
1316578772603162624
1316578776181084160
1316578776352993284
1316579124043870208
1316579286107729923
1316579485446139904
1316579582401810437
1316579602765099009
1316580000695496704
1316580009843200000
1316580057440235520
1316580080919998465
1316580084552212481
1316580131897520128
1316580182770188288
1316580319718453252
1316580377650171904
1316580785470795776
1316580822783332353
1316581104590102528
1316581117051445250
1316581158696747010
1316581187532607489
1316581221221232640
1316581254888935424
1316581310089949184
1316581456332886016
1316581487878139905
1316581599358545920
1316581603456487424
1316581609684910081
1316581611337592832
1316581767005065216
1316581855009878022
1316581909086912513
1316582115283136512
1316582127216087040
1316582164876623873
1316582244861919232
1316582251367342080
1316582253863088131
1316582306723901441
1316582387665469440
1316582395038978055
1316582511561015296
1316582579676606466
1316582591365955584
1316582764876050434
1316582861340905474
1316582890839379968
1316582907692154882
1316582991976525826
1316583012184793095
1316583263771734016
1316583288996151297
1316583335053996037
1316583377785430016
1316583385507135489
1316583611890532355
1316583612045692931
1316583670594121729
1316583758871621632
1316583767868399616
1316583876337131521
1316583983791001605
1316584019048366081
1316584140620398593
1316584181309353985
1316584375430057984
1316584391838236672
1316584430618718208
1316584447525834756
1316584492182786050
1316584530485141505
1316584547610435586
1316584548097032193
1316584636378746880
1316584677423996928
1316584681371033605
1316584799201644549
1316585047139512322
1316585118694285312
1316585256330330112
1316585478116704256
1316585508387139586
1316585579300225024
1316585587667853317
1316585709868773378
1316585722753712129
1316585750788534273
1316585789640241153
1316585864533860353
1316585902282600448
1316585981676523521
1316586075335266306
1316586182927671297
1316586267287736321
1316586304889479172
1316586363962052609
1316586430806872064
1316586464914931713
1316586657039220736
1316586699821064192
1316586733379547136
1316586971846848512
1316586985293660162
1316587210943139841
1316587349011238912
1316587395509182464
1316587500081606661
1316587512853401600
1316587877623529472
1316587882979766273
1316587906878918658
1316588091805630464
1316588116451291137
1316588117755912194
1316588175280803840
1316588188253650946
1316588193311907840
1316588238153355264
1316588347435872256
1316588372274507776
1316588422635675648
1316588573861306368
1316588649622859776
1316588779881332736
1316588792971694083
1316588908327522304
1316588947238256640
1316589081963515905
1316589123734396929
1316589131930116097
1316589144588668930
1316589329565720576
1316589332526968835
1316589391880486912
1316589454090526720
1316589481957502978
1316831234274865156
1316831352810016768
1316831415888216065
1316831420183187457
1316831701411143680
1316831709279793153
1316831726144954368
1316831730364375041
1316831770638073856
1316831839168991233
1316831850921426949
1316831914712469504
1316831969116905472
1316832022904672259
1316832111152689152
1316832119956492288
1316832132552101888
1316832149832572928
1316832276018331651
1316832305151979535
1316832363922575360
1316832439059329025
1316832619183714311
1316832737429458945
1316832770384166918
1316832871630344198
1316832938785476608
1316833148332920832
1316833171825192961
1316833265504972803
1316833265806786565
1316833395553570816
1316833655973609473
1316833903106285568
1316833958068465675
1316833982768721923
1316834020358074379
1316834041690304523
1316834100200845331
1316834469354012673
1316834523867353088
1316834545358921729
1316834576774225920
1316834691954225159
1316834754218598402
1316834821000265729
1316834945923452929
1316835018476523521
1316835073082052608
1316835098495520768
1316835173644881924
1316835370953252864
1316835442675912704
1316835777708519425
1316835798520659969
1316835823648739328
1316835827897577489
1316836046622072832
1316836092486782978
1316836218017996800
1316836264071565313
1316836272980332546
1316836298171314177
1316836301904048128
1316836398922694658
1316836512323887104
1316836612341465090
1316836859708796929
1316837032275124224
1316837048616185863
1316837065728962562
1316837161740632064
1316837170271805441
1316837246146957313
1316837308633550848
1316837350924845056
1316837464162484224
1316837520336916480
1316837586099298304
1316837703107989504
1316837719625134081
1316838269456449544
1316838386464944128
1316838617726287876
1316838693848657920
1316838726677520384
1316838730414526464
1316838822798217216
1316838843744624640
1316838919929962496
1316839057587081220
1316839095679684609
1316839097273516032
1316839137589198849
1316839141754142721
1316839326131642368
1316839372352749568
1316839389251604481
1316839389415178240
1316839422525149186
1316839456415023118
1316839506532691969
1316839531404914688
1316839603983265794
1316839607774871554
1316839708081651719
1316839917889224704
1316839988844142592
1316840082922442752
1316840126849249281
1316840453946445831
1316840459990446083
1316840500398186496
1316840525509648384
1316840613619228672
1316840676861120514
1316840773627727872
1316840890913230853
1316841146472173570
1316841314219167744
1316841398155575297
1316841494586646529
1316841540678021121
1316841741996175363
1316841780151758852
1316841968731918338
1316842048289374211
1316842061082095616
1316842130833321984
1316842213872152576
1316842224420782081
1316842249184055297
1316842262299435008
1316842341890621445
1316842436027715584
1316842505401511936
1316842514113011719
1316842584753356801
1316842597802008582
1316842643998027781
1316842686427680772
1316842731944247296
1316842761308364801
1316842761384062976
1316842828895404033
1316842903826845696
1316842928891985924
1316843020088733704
1316843050535133184
1316843093237399553
1316843317225639938
1316843323554897921
1316843352940306439
1316843512256700416
1316843520217366533
1316843554006654976
1316843571115368456
1316843667055767553
1316843705689673728
1316843751130759183
1316843755291508738
1316843830516342784
1316844040457867264
1316844099081773063
1316844124377681920
1316844137581248512
1316844183513161728
1316844254669365249
1316844257387450368
1316844376266428416
1316844393131765760
1316844402816487426
1316844514921852938
1316844556378279936
1316844586208239618
1316844590478094343
1316844645234606080
1316844668223717379
1316844724146237441
1316844770157711360
1316844816483913728
1316844854115291138
1316844867092447232
1316845001356308482
1316845081123414016
1316845118339514368
1316845231548006400
1316845365757308928
1316845379380412416
1316845588084748288
1316845613892460544
1316845621739831296
1316845621739913216
1316845630917140485
1316845720188657665
1316845739482525696
1316845793840689158
1316845827827085316
1316845866804629504
1316845927940980744
1316845970408255500
1316846063043719171
1316846167632744448
1316846187920621569
1316846202600787968
1316544311811403776
1316544323886948356
1316544476320460800
1316544488010022914
1316544491965341698
1316544500437843968
1316544529562923009
1316544575582818305
1316544617576366081
1316544672718884865
1316544881750310917
1316544986977046532
1316545192846151680
1316545230276096000
1316545305643569152
1316545326451437569
1316545343132233728
1316545343589294081
1316545347594797056
1316545356470063105
1316545450695028736
1316545611525582848
1316545657914748928
1316545689367662598
1316545716685332481
1316545779947970560
1316545852916355075
1316545859446730752
1316546018641469440
1316546018926682112
1316546073024966657
1316546111176413184
1316546123230777346
1316546211806171136
1316546375505645569
1316546450520563713
1316546463049146368
1316546538554834944
1316546593169059840
1316546609824575488
1316546631295217665
1316546702669762561
1316546702829068291
1316546719233052675
1316546769665261568
1316546848891559938
1316546865999958017
1316547000008138752
1316547025748422657
1316547312777392134
1316547374219694080
1316547377415684097
1316547801493405697
1316547939649695751
1316548002518102019
1316548035846045699
1316548245695258624
1316548342508388354
1316548380450054144
1316548430144167943
1316548468165443584
1316548573253828608
1316548648755437568
1316548666006667264
1316548786966102017
1316548874333376513
1316548988070289409
1316549110212767744
1316549138847236099
1316549176642035712
1316549200709062657
1316549319516979200
1316549625617276929
1316549630352596995
1316549671897227264
1316549722656641024
1316549768575844352
1316549772652810240
1316549793292918784
1316549911245189120
1316550208722022400
1316550355656663040
1316550548842139650
1316550641049907200
1316550678320422920
1316550888467566592
1316551127643684864
1316551177870487554
1316551236649394177
1316551278634381313
1316551412742975488
1316551420766752774
1316551458632814593
1316551622651269120
1316551626417737729
1316551664288104452
1316551731485048832
1316551853581176833
1316551940822708224
1316552020908744711
1316552155147497477
1316552289067429890
1316552326883221504
1316552373205192705
1316552380348014592
1316552754869858305
1316552800491450368
1316552813544189953
1316552817776230400
1316552897077940224
1316552935321620480
1316552943596826624
1316553044037836802
1316553047997394945
1316553107334193152
1316553123687796737
1316553203580915712
1316553236841738246
1316553312767008768
1316553589310009352
1316553715357298691
1316553740279742464
1316553744134225920
1316553857317601281
1316554189577674753
1316554218870841344
1316554281185550336
1316554582554804229
1316554704726429697
1316554839221043201
1316554927225802754
1316554927301427203
1316554931847921664
1316555220982226946
1316555237679824896
1316555266842820609
1316555413844787200
1316555543809527814
1316555778896080896
1316555782809440256
1316555833287888896
1316556395379077122
1316557221896032256
1316557246755672066
1316557284215005184
1316557292775628801
1316557317790408705
1316557343178592257
1316557398069456897
1316557535550353408
1316557599484112896
1316557700054970368
1316557771882590209
1316557892384960513
1316557926203559937
1316557993035563016
1316558077722796032
1316558190524264449
1316558290747359232
1316558467151409152
1316558500810682370
1316558559870504960
1316558786371481601
1316558807254921219
1316558951064891393
1316558974594945024
1316559029263630338
1316559113027977216
1316559146649411584
1316559155059138560
1316559293601046531
1316740676156043266
1316740714450112512
1316740839721316356
1316740961888735232
1316741158689673216
1316741234052923394
1316741292576169986
1316741305209360386
1316741334762430464
1316741485707112449
1316741515545382912
1316741636790071298
1316741678687031296
1316742190471639040
1316742245131997186
1316742354280226817
1316742454217830408
1316742496416718848
1316742526217285632
1316742643381133313
1316742756237271042
1316742773412900864
1316742798339641344
1316742911082496000
1316742986869465100
1316743087452872704
1316743130104950785
1316743142255865857
1316743265476108288
1316743402575343616
1316743423546798082
1316743461106847747
1316743478403977216
1316743562256617472
1316743872530337794
1316743876254797825
1316743888657317888
1316743897847148550
1316743926770855942
1316743997939949568
1316744052998467586
1316744090487201794
1316744234934755329
1316744312479072263
1316744337728983041
1316744434311196672
1316744719825862656
1316744761328443392
1316744769574494209
1316744933730996225
1316744971609935874
1316745050907275265
1316745134764101634
1316745193245356038
1316745219036110849
1316745285767507974
1316745310543261697
1316745474393747457
1316745579129532418
1316745767965528066
1316745776668835840
1316745914720149505
1316745936383741954
1316745961394200576
1316746082790109184
1316746095649644547
1316746178998923265
1316746350847983618
1316746396905529350
1316746422310506496
1316746573246853120
1316746632029904900
1316746727903424512
1316746794047504385
1316746904672313352
1316746905033093122
1316746926268665856
1316746951547924482
1316747026458177538
1316747144251027457
1316747156510904321
1316747256977125376
1316747422408814592
1316747508811431936
1316747706006671360
1316747727628390400
1316747744170651648
1316747814764974081
1316747827272388609
1316747907614162944
1316748033179168768
1316748162955128832
1316748184920690691
1316748204881346560
1316748230139482113
1316748259608723458
1316748272380203009
1316748419596124160
1316748707950473216
1316748804826320897
1316748900980719616
1316749010644787204
1316749069033893889
1316749346201841664
1316749417592938496
1316749501194002432
1316749685449789440
1316749710917591041
1316749954140893184
1316749975284482049
1316750058600239110
1316750256395165696
1316750323675873280
1316750444685819905
1316750969183428608
1316750976548827137
1316750990108954624
1316751088083636225
1316751149207355392
1316751199949869056
1316751283630546945
1316751912352452609
1316751912612626433
1316751917100535808
1316752118808817666
1316752218448560130
1316752258235863042
1316752307145641986
1316752495805259777
1316752517410234370
1316752567196545025
1316752831085449217
1316752898420736002
1316752949239054337
1316752953001144320
1316752970202054656
1316753019841597441
1316753133205360641
1316753263052681221
1316753296858599429
1316753305738117120
1316753330559881217
1316753527696486400
1316753950956236802
1316754043839053833
1316754077162917889
1316754203440807937
1316754320365420545
1316754374564163584
1316754525852782593
1316754582526066688
1316754588519800832
1316754725094805506
1316754756384288770
1316754940770103297
1316755180000509953
1316755196651819009
1316755209419456512
1316755306307870720
1316755382136602629
1316755415141552135
1316755435983114246
1316755479599734789
1316755565562003457
1316755614043901953
1316529365799383040
1316529413266300930
1316529509517099009
1316529581474697216
1316529593780785152
1316529597601771520
1316529673451589632
1316529723422498823
1316529763851223040
1316529778376298497
1316529883003129862
1316529971024801793
1316530029615108096
1316530038028804101
1316530244057272322
1316530444960137216
1316530504158642176
1316530667669258240
1316530755674218498
1316530810082799618
1316530860640829441
1316530893708840960
1316530986604257285
1316531116178911233
1316531158574862336
1316531183501537280
1316531279949635585
1316531434832658433
1316531523407945729
1316531547714060288
1316531780099411970
1316531842049339393
1316531964116004864
1316531965546426370
1316531996940664832
1316532064074838019
1316532353519378432
1316532409735753728
1316532447039885312
1316532471014580226
1316532550295269376
1316532630641348608
1316532717559975936
1316532814960041985
1316532817585557504
1316532852092219394
1316532852519993349
1316532894446297089
1316532960934473729
1316533020380323840
1316533119785238529
1316533201561686017
1316533247157899264
1316533398245122048
1316533419468177408
1316533422869762054
1316533456780906498
1316533540679491584
1316533586691084290
1316533670178676738
1316533675169902596
1316533687098408962
1316533880699019264
1316533918414274562
1316533955345223681
1316533959933808640
1316534092066820096
1316534115257192448
1316534132147720197
1316534198551875586
1316534228251627520
1316534270668632064
1316534312200810496
1316534320597614592
1316534362742038528
1316534714728165376
1316534832386707456
1316534832692785153
1316535096221085697
1316535107524722689
1316535149291601920
1316535411288801280
1316535436483923968
1316535491173515267
1316535528423067649
1316535541442248705
1316535558168956928
1316535620651618304
1316535637764304897
1316535654583431169
1316535696497147906
1316535734380224515
1316535754768744453
1316535763203502081
1316535860347564034
1316535939775246336
1316536120474243073
1316536128653099012
1316536220869165061
1316536225101209600
1316536237553983488
1316536334413189127
1316536426473947136
1316536581247897602
1316536623559999489
1316536806486224906
1316537029791027207
1316537080684654592
1316537214298255360
1316537298901561345
1316537349816295424
1316537470633246722
1316537529122918401
1316537596537982976
1316537613222907904
1316537726548746240
1316537818449997825
1316537996590690304
1316538066060763137
1316538096578711559
1316538187766956032
1316538195551481856
1316538221556269056
1316538410266488833
1316538457653731335
1316538510774501376
1316538590688669696
1316538611853127680
1316538632715538432
1316538659617812483
1316538691167412225
1316538720619765760
1316538800097628163
1316538833333346306
1316538858624954370
1316538947007320064
1316539026451488769
1316539097729495040
1316539249043308544
1316539292198539264
1316539345734688770
1316539395760037888
1316539396179611654
1316539519433277443
1316539668100505600
1316539752108220416
1316539932723294208
1316539945004212225
1316539987458838529
1316540246960549888
1316540264517980160
1316540343639187456
1316540431782604808
1316540721386663936
1316540834351927300
1316540867856027648
1316540910163947522
1316540939486334978
1316540981257351169
1316540997573259264
1316541119749029893
1316541291837046784
1316541384103428098
1316541496900935680
1316541656863322117
1316541887025688576
1316541983356141570
1316542047818579968
1316542227573805056
1316542264404041729
1316542281713844224
1316542428539547649
1316542462228226051
1316542583351508994
1316542591895244800
1316542671347953666
1316542700901015553
1316542932262940673
1316542943864541184
1316542969508491264
1316543032498352130
1316543225516224512
1316543262778368003
1316543287809970176
1316543320903090177
1316543397465915392
1316543469880565760
1316543518651736065
1316543665519628289
1316543665670684675
1316543740891353089
1316544202499674113
1316544218966290433
1316544282522648576
1316770997383688194
1316771202401292290
1316771265231847424
1316771353496678407
1316771372329103361
1316771405845925888
1316771424695193602
1316771559449690113
1316771714664001537
1316771915101601792
1316772012124237825
1316772171537158145
1316772196308615173
1316772531911581698
1316772540761747458
1316772561108299778
1316772788485660674
1316772993046138880
1316773064777109505
1316773114920022024
1316773139834077192
1316773207396028419
1316773274278387716
1316773362312437760
1316773370768351238
1316773375000408065
1316773471758753794
1316773799208071169
1316773970981597184
1316774071003238402
1316774096223559680
1316774108638580743
1316774139051601923
1316774192830963713
1316774196840718336
1316774310099386368
1316774423261741058
1316774448956141568
1316774566266634242
1316774608121458689
1316774647359328257
1316774737813663745
1316774742364508160
1316774868013273089
1316774931594711040
1316774994060423176
1316775006165176321
1316775048925966336
1316775149509791747
1316775324995268612
1316775551898718208
1316775678969348096
1316775685852033024
1316775703623487494
1316775803561086976
1316775987326181376
1316776118020644865
1316776185150533635
1316776205698310151
1316776231338156033
1316776302570016770
1316776323499524096
1316776340704694273
1316776348589977604
1316776390243614725
1316776459239915522
1316776638303162374
1316776738618130432
1316776747371651072
1316776948857700352
1316776965530099716
1316777028474023936
1316777103828946944
1316777141200187392
1316777297102467072
1316777397572730881
1316777548303544327
1316777582310969344
1316777648807243776
1316777762498187264
1316777925866393610
1316777972200742913
1316778257463869440
1316778315928096768
1316778336815902721
1316778365974573056
1316778664109973504
1316778701707771906
1316778718614831104
1316778957535014913
1316778957673574400
1316779077487992832
1316779213685321728
1316779478262198280
1316779515432054785
1316779515931242497
1316779582394191874
1316779985085124609
1316780035416752128
1316780155147173888
1316780258046234624
1316780488359469056
1316780622795415553
1316780753112440838
1316780950425079808
1316780987808985089
1316781088027619335
1316781377862344707
1316781427942359042
1316781516236742656
1316781893191446529
1316781906910826502
1316781990021038081
1316782002788462593
1316782040612831240
1316782140537933828
1316782245957435393
1316782255059034112
1316782258896936960
1316782371681820673
1316782389113348102
1316782392716165121
1316782426484506631
1316782523557568512
1316782572324745217
1316782707582459904
1316782757352153088
1316782782979485696
1316782828965650432
1316783110709800964
1316783160676421632
1316783358202974208
1316783378197352450
1316783466697162752
1316783491779096579
1316783495503642624
1316783566915805185
1316783654077693953
1316783668376014849
1316783823661813761
1316784104030056449
1316784192345255936
1316784255045971975
1316784377070858240
1316784460768047105
1316784584353222656
1316784653244592128
1316784771062738945
1316784942957948928
1316784947043033090
1316784955532275712
1316785014135291904
1316785039666012160
1316785060813643776
1316785127658323969
1316785294864248837
1316785341534269441
1316785627053133825
1316785638893662209
1316785783999737857
1316710569454559240
1316710594955939840
1316710645727780866
1316710743648202752
1316710763155857408
1316710897256222721
1316710930063847425
1316710989040156672
1316711022699458561
1316711061287043074
1316711094627577857
1316711219391332352
1316711260503920640
1316711270058467329
1316711328711573507
1316711412484517890
1316711547515924480
1316711622921125888
1316711626742157312
1316711651886788608
1316711663240974341
1316711756631355393
1316711865616138240
1316711941826588672
1316711996188962816
1316712046264750086
1316712122244530181
1316712276288843776
1316712431637458946
1316712439979872257
1316712495445422082
1316712687665963011
1316712964209225728
1316712965295480832
1316712981510709250
1316713073470853120
1316713103221022722
1316713241280733184
1316713245344964610
1316713346381484032
1316713363293065222
1316713476153389058
1316713510022377473
1316713531534970881
1316713615181971457
1316713661587755009
1316713669359628289
1316713899807444995
1316713981701226497
1316713996356063237
1316714138563940354
1316714466634018816
1316714491594366977
1316714700927913984
1316714743550410753
1316714831542652929
1316714995011538946
1316715016301707264
1316715063802236929
1316715070726995968
1316715132739817488
1316715145276526592
1316715228864770055
1316715266961674246
1316715271349039104
1316715292597407745
1316715372406550533
1316715401145974785
1316715544339517440
1316715767262576640
1316715812594556928
1316715879439179776
1316715942676758533
1316716063590055936
1316716079939551233
1316716101506662401
1316716105822597121
1316716136394821632
1316716194502672384
1316716240539463682
1316716253109792770
1316716311700033536
1316716567556624384
1316716601429970953
1316716647575506944
1316716755872624644
1316716962421051392
1316717006192865283
1316717044767883268
1316717096684851203
1316717099859898368
1316717171347615745
1316717171364499458
1316717330848796676
1316717413560451073
1316717663004037120
1316717674974662658
1316717734118522880
1316717869057671168
1316717955837820929
1316718129305849856
1316718173769654273
1316718176940556288
1316718207370252288
1316718337133613056
1316718363184422914
1316718367798185984
1316718438891618309
1316718579530821632
1316718597323075586
1316718731972800512
1316718735730921473
1316718757297913858
1316718799408836608
1316719067793895427
1316719363303636992
1316719394345693186
1316719427677806598
1316719604413194240
1316719608657715200
1316719779965698049
1316719977387393026
1316720183491297285
1316720447262785537
1316720472999034880
1316720476270534657
1316720505894981639
1316720514518441984
1316720577298731009
1316720609695461376
1316720707267555329
1316720723981930497
1316720748896100353
1316720753589583873
1316720809835220994
1316720867540373505
1316720996209090561
1316721143395618816
1316721319799652355
1316721327877824516
1316721332533551104
1316721426838290434
1316721491237638144
1316721598674677762
1316721621663723521
1316721705101012995
1316721768007110656
1316721777268207617
1316721814945566722
1316721835799646208
1316721985565663232
1316722037004607496
1316722045560987648
1316722073797120000
1316722242118717441
1316722259181133824
1316722514706477057
1316722623968051200
1316722649138159616
1316722657782648834
1316722661595127810
1316722672072613888
1316722813118578689
1316722909436694530
1316722980542722048
1316723001900118016
1316723194624057344
1316723243185831936
1316723471221747712
1316723572115677184
1316723588192501780
1316723702004932618
1316723706262155266
1316723802605326336
1316723861384290304
1316724087956344833
1316724146219503621
1316724288733446144
1316724468933427200
1316724481369530370
1316724847016378374
1316724876682629126
1316724943183257601
1316725035730710529
1316725040516395009
1316725195365810176
1316725291545513984
1316725362668249089
1316725635331616769
1316725644135337984
1316725850683904002
1316725870367735809
1316726025859063809
1316726050970165252
1316726092409921536
1316726134701273088
1316726364796596226
1316726394999762944
1316726428659052549
1316726709866172432
1316726713863139328
1316726831559606272
1316726906130108418
1316726994936029187
1316727016314597377
1316727066218373120
1316727093766623235
1316727191942696961
1316727208468197376
1316727304802852864
1316727334377074689
1316727342547570690
1316727452006309888
1316727464597614592
1316727716176113664
1316727808647888899
1316727905129558026
1316728156905242624
1316728240187281410
1316728450615570432
1316728550934839300
1316728655385710595
1316728689250504704
1316728903491375106
1316728911321944064
1316728974991478784
1316729024719314944
1316729040846442496
1316729247172636672
1316729313740443648
1316729469487513600
1316729515058630656
1316729628778790912
1316729640589946882
1316729679320158208
1316729833922195457
1316729918454145024
1316730010066190336
1316730017552965632
1316730127682863104
1316730173404966913
1316730271492784129
1316730454775603205
1316730618638561281
1316730643284291584
1316730711202648069
1316730732014972928
1316731087914233856
1316731159599108097
1316731281263128576
1316731285453238273
1316731350221828097
1316731550524997633
1316731666950483968
1316731751184642052
1316731784516767744
1316732157973463041
1316732182988230657
1316732371824250881
1316732586023149569
1316732601831493632
1316732627836194817
1316732673256194048
1316732678058717185
1316732866194145280
1316733118401871879
1316733164245659648
1316733269464023041
1316733281421987842
1316733462854995968
1316733498028298241
1316733567062466563
1316733655323234305
1316733722000060416
1316733814140366856
1316733819110686721
1316733914732531713
1316733929085374464
1316733982449561603
1316734129375854594
1316734154692874240
1316734273651703808
1316734297563430913
1316734305608052739
1316734363984371727
1316734523183423492
1316734552577105921
1316734779161747462
1316734867850383361
1316734980639186944
1316734988587393025
1316735169588494338
1316735273762463745
1316735320138887171
1316735399792799744
1316735588414832640
1316735601144725506
1316735601354342405
1316735681033646081
1316735701661167618
1316736005366374400
1316736079567958018
1316736095422484484
1316736112841289729
1316736134861422593
1316736448670957568
1316736566849613824
1316736645731946496
1316736657748488192
1316736670000181251
1316736779924377600
1316736973365796865
1316736977329434624
1316737015145279488
1316737104123252736
1316737195198226433
1316737216010485764
1316737333887107074
1316737383732178947
1316737395555995648
1316737417576095744
1316737439130550273
1316737476044746753
1316737565492420609
1316737683922714625
1316737807050825729
1316737849312440320
1316737905960923137
1316738142905475072
1316738251844210688
1316738277475581953
1316738281174859776
1316738314662293511
1316738356835835904
1316738679705137153
1316738889399312385
1316738935423463425
1316738964963889152
1316739115795218432
1316739141363589125
1316739317499408385
1316739322045894660
1316739350403649537
1316739405265219587
1316739435237703682
1316739460189560832
1316739548244738048
1316739653270007808
1316739791740907520
1316739967658479616
1316739976000921600
1316740147698831360
1316740181177896961
1316740191625924608
1316740282176602113
1316740437319720960
1316740437516996611
1316740441878999042
1316785899431026689
1316785953487245314
1316786012341915648
1316786151131209729
1316786608058904576
1316786612563566594
1316786759544582146
1316786763457794050
1316786780587339782
1316786847624900609
1316786943120809986
1316786964364918784
1316787078286528513
1316787170393415681
1316787464309219334
1316787547670888448
1316787589748330499
1316787623025881095
1316787912072212482
1316787946624888835
1316787992409841665
1316788034759778310
1316788130893033473
1316788168633520128
1316788420325380102
1316788595907153920
1316788601317883907
1316788625439424513
1316788651028750336
1316788774190428162
1316788776333701126
1316788881442955264
1316788935184576513
1316789110611247105
1316789116307206146
1316789200755347457
1316789317428293632
1316789346876391426
1316789422101327875
1316789539805986821
1316789552753844224
1316789590657691649
1316789684626956292
1316789745360527360
1316789849450582018
1316789896510664709
1316789927330410496
1316790155601117186
1316790441908432896
1316790466575171584
1316790487739781125
1316790689234063361
1316790789889044481
1316790899108655104
1316790990938742785
1316791066385944580
1316791188427481089
1316791414651383810
1316791465276825601
1316791970082312197
1316792061153218561
1316791691932774402
1316792098755162112
1316792275951849473
1316792278489292800
1316792312278777856
1316792341378801666
1316792405010522113
1316792480558444545
1316792532848713729
1316792580621971460
1316792586003079169
1316792601429905410
1316792602277089285
1316792639891660801
1316792828270317568
1316792857374711810
1316792865838698496
1316792979517059072
1316793101097160705
1316793306349596672
1316793316873207810
1316793319486300163
1316793411379359759
1316793612441653249
1316793625351786503
1316793805304066048
1316793906797961219
1316793961168633861
1316794338026745856
1316794535457050624
1316794640620761091
1316794644219539457
1316794745469825025
1316794778433056770
1316794825262465025
1316794857344528386
1316794858787483648
1316794925501964288
1316795206491156480
1316795378071678977
1316795672004300800
1316795877789327361
1316795881648250880
1316795914934251520
1316796070903582720
1316796124716359680
1316796138603806727
1316796200868294662
1316796402056474631
1316796477549707270
1316796649264513025
1316796670567493633
1316796703668940800
1316796906572521477
1316797055889801220
1316797059945713665
1316797093957300226
1316797202635739136
1316797244574703619
1316797983380451328
1316798037847666689
1316798054327037952
1316798091618643968
1316798121440092161
1316798171939565568
1316798339665612808
1316798436331716609
1316798494691258370
1316798515616518145
1316798574664003586
1316798608470085633
1316798772148604930
1316798830273323012
1316798905531719680
1316799191440666626
1316799215863988224
1316799316808339457
1316799329722609664
1316799358843715585
1316799434517143553
1316799572669276163
1316799740261040128
1316799895370493952
1316800038052519937
1316800172811333634
1316800214385205250
1316800242877112321
1316800373764562945
1316800742800400386
1316800881648492545
1316816270868742150
1316816320319553536
1316816370588356608
1316816442394841090
1316816479531261952
1316816601627398147
1316816748071526407
1316817029383499778
1316817050522791939
1316817146819690496
1316817227090407424
1316817306518007808
1316818246197112832
1316818253864472579
1316818346067845121
1316818354674556928
1316818430658453504
1316818513986609152
1316818610548019200
1316818682497167362
1316818724373049344
1316818829083897856
1316819323508404226
1316819411576270850
1316819420417753088
1316819583840464903
1316819650672578560
1316819810248986624
1316819873742299137
1316820028432416768
1316820170778701824
1316820254635499522
1316820443328770048
1316820531233071110
1316820557275574273
1316820595166806019
1316820644521283584
1316820644831653892
1316820674686513153
1316820682458660865
1316820741451464704
1316820791288266754
1316820980157702145
1316821139985960966
1316821206687977472
1316821433587314688
1316821437857050625
1316821494652178433
1316821512893001728
1316821593117659137
1316821698004561922
1316821722843283461
1316821728119721991
1316821781018181646
1316821920264851456
1316821957317455872
1316822150498582528
1316822200486432771
1316822226197458944
1316822330912448519
1316822352869679104
1316822368648560641
1316822422927151108
1316822473434902528
1316822691576524800
1316822710534770690
1316822787831496709
1316822897399345152
1316822909659291650
1316822956048289793
1316823056476762119
1316823152878661634
1316823429744558080
1316823472027312128
1316823480420249600
1316823592101965825
1316823655964442629
1316823723744395264
1316823740093784066
1316823748851441664
1316824009049219074
1316824012752814080
1316824159448694790
1316824180327886850
1316824201450356739
1316824625213370369
1316824751302737922
1316824839592828928
1316824906076741634
1316824947914833922
1316824977799286787
1316825031935176704
1316825040906784768
1316825094560387077
1316825105293602817
1316825153066557442
1316825182770733058
1316825200042835968
1316825225103839235
1316825270783864832
1316825354833735681
1316825376207761408
1316825468147036162
1316825506147307522
1316825598078201857
1316825606416457732
1316825719754887168
1316825728609128448
1316825732354437120
1316825761567797248
1316825778647183363
1316825795252359168
1316825799635472391
1316825807885611009
1316825841779834881
1316825934046154753
1316826005819060229
1316826210354176000
1316826300493918209
1316826362221535232
1316826450029432833
1316826609677029376
1316826673778749442
1316826969921720320
1316826978159267841
1316827058077655040
1316827129397432320
1316827133298212864
1316827238340362243
1316827251317538817
1316827280585486336
1316827334603927552
1316827385581506560
1316827410676019200
1316827565487685641
1316827573809156096
1316827716113641476
1316827758455074816
1316827762192273408
1316827863400751104
1316827921693241344
1316828001871581185
1316828027347763205
1316828056091193344
1316828089687646209
1316828098105663495
1316828144511275008
1316828173561065472
1316828332860768262
1316828382877765632
1316828383423143936
1316828438255284226
1316828492672241668
1316828509201932293
1316828576025661442
1316828647530074119
1316828651799928832
1316828655671275522
1316828668547670016
1316828726894555136
1316828857308250118
1316828890795577346
1316828953974243329
1316828978913574912
1316828999939653633
1316829012098871297
1316829062875275266
1316829184958763009
1316829352328273921
1316829364516986882
1316829486457946113
1316829550198702080
1316829767971340290
1316829885046894594
1316829893695623168
1316829998045515777
1316830019121934336
1316830048893116416
1316830094522900480
1316830186806050817
1316830283304296449
1316830296348725251
1316830388090736642
1316830421603164161
1316830513768943617
1316830514305695746
1316830547663036416
1316830555837624321
1316830660536020992
1316831126120550400
1316604725387767810
1316604773752360962
1316605057828233216
1316605066690924544
1316605103743225858
1316605147196190720
1316605176275324929
1316605290280878081
1316605318852476930
1316605380844154880
1316605452654989312
1316605457352421377
1316605477216755713
1316605561434185728
1316605687678431232
1316605717219028992
1316605749536141313
1316605909368414215
1316605959544938497
1316606378560163840
1316606539373871104
1316606665337245703
1316606668604547075
1316606668843692032
1316606676578054144
1316606774196142080
1316606874221867010
1316607042774167552
1316607076009947136
1316607084369186817
1316607192707997696
1316607345762287619
1316607364909330432
1316607365685276672
1316607411793223683
1316607549286752256
1316607566236061697
1316607600234950656
1316608145444270080
1316608240663302149
1316608300545236992
1316608356228960262
1316608388692811777
1316608427007770624
1316608443566891008
1316608489418977281
1316608518456311809
1316608758349475841
1316608771246878722
1316608840599826433
1316609013602308096
1316609067222274048
1316609102265556992
1316609106002800641
1316609151431213056
1316609156720349184
1316609186122272768
1316609189578379265
1316609202073337856
1316609218502258693
1316609262601162753
1316609286055833600
1316609332042178561
1316609458298998784
1316609714017505281
1316609756111478785
1316609764621578240
1316609899476869120
1316610036878241793
1316610087310548992
1316610170265329664
1316610268718276608
1316610280357584896
1316610363782291456
1316610620276592641
1316610854717026305
1316610855073714178
1316610909465387009
1316611134909304832
1316611139221032961
1316611231986450433
1316611267247763456
1316611387125305344
1316611605270982656
1316611639161094145
1316611764667195392
1316612099905253376
1316612127013117955
1316612229735751680
1316612243237277696
1316612466684702728
1316612586054414337
1316612591091843073
1316612604639539200
1316612655357067265
1316612667289808898
1316612897041125377
1316612922999738368
1316612926896173057
1316613068521005056
1316613114889027585
1316613257814188034
1316613391478329345
1316613408712732672
1316613540011073538
1316613555756638209
1316613601805979649
1316613668952514565
1316613690213363718
1316613773906505732
1316613911718907905
1316613934074523649
1316613935592812545
1316613997274300416
1316614129961119744
1316614142258745346
1316614176341590016
1316614209728380929
1316614479073992706
1316614567649144832
1316614705637666816
1316614884696625154
1316614990070128646
1316615015609311232
1316615167560482816
1316615279926030336
1316615396166791168
1316615408728838145
1316615715315539968
1316615719430152193
1316615775076052992
1316615795074424832
1316615857859112960
1316615876011945987
1316616064420253697
1316616094594015232
1316616223363264512
1316616342498414592
1316616416951496707
1316616626142355459
1316616664285356032
1316616680093745159
1316616773165371392
1316616876940820480
1316616936151633921
1316617058625490944
1316617125067325441
1316617130830422016
1316617158508642304
1316617250837803008
1316617434871128064
1316617595244744705
1316617633933021187
1316617745992167425
1316617762404352001
1316617855174017024
1316617871514984448
1316617873079459845
1316617938330320896
1316617955417837568
1316618038335148032
1316618362445869056
1316618463536975872
1316618543287336960
1316618546986721281
1316618554620276736
1316618644261134337
1316618958938632193
1316619003742175235
1316619061195870209
1316619209636491264
1316619292821975040
1316619306646544389
1316619372882993153
1316619397939769345
1316619620917235717
1316619671731224576
1316619681692745728
1316695337604702214
1316695358966304769
1316695399739121666
1316695399936208899
1316695411529265153
1316695444664139776
1316695454428680193
1316695597290844160
1316695612658778112
1316695621332500483
1316695638793428994
1316695646661939201
1316695718980022274
1316695920176701445
1316695935972454400
1316696181028855809
1316696200368848902
1316696262813659137
1316696309479493632
1316696364458414080
1316696367864131585
1316696406447489026
1316696497853874176
1316696589885464577
1316696601730199552
1316696656541351944
1316696661561876480
1316696719795654657
1316696883838939136
1316696888406691847
1316697109966528513
1316697189909966848
1316697362874724352
1316697429840887819
1316697529334018051
1316697566877229056
1316697659848167426
1316697730312536065
1316697781109751809
1316697795550683136
1316697877910040576
1316697978225201152
1316698003839815680
1316698322015408131
1316698653008986114
1316698678984409091
1316698741877989380
1316698779601436675
1316699342758203392
1316699392724922368
1316699446437130243
1316699480109051905
1316699563382710272
1316699563458211843
1316699614104387587
1316699635319267328
1316699652121653248
1316700063838724096
1316700327614148608
1316700411789824000
1316700437643321344
1316700449932742656
1316700498804830209
1316700528722632706
1316700592081973248
1316700620376739841
1316700852183281664
1316700876426313729
1316701018760060928
1316701057054056449
1316701065853636609
1316701140688531456
1316701242392031235
1316701288437108736
1316701296540495876
1316701410025766913
1316701509623721984
1316701720454615040
1316701796228837377
1316701807591124992
1316701841934213122
1316702050806358016
1316702060545531905
1316702131336994827
1316702157014478848
1316702198550597633
1316702265823113218
1316702277449773056
1316702357854588928
1316702386312933376
1316702412107902976
1316702461323890688
1316702542156492800
1316702650579197952
1316703009397780486
1316703046034915328
1316703142218797058
1316703226637561856
1316703414894555137
1316703418405224452
1316703422234726400
1316703481504423946
1316703485476380672
1316703581861548033
1316703817312894976
1316703959105646594
1316704025853726720
1316704077414244353
1316704224802004992
1316704332629368833
1316704375084126208
1316704504893575171
1316704562946940928
1316704580076535809
1316704584421855232
1316704757080297474
1316705000005959681
1316705080272396289
1316705084554850310
1316705121229852672
1316705146869633024
1316705205485006851
1316705541163491329
1316705569743478784
1316705669316259840
1316705712781824000
1316705910404919298
1316705919204556801
1316706048133210112
1316706073169010688
1316706103384825856
1316706145290121219
1316706484923830272
1316706489604677632
1316706564204527616
1316706581803868161
1316706601315770369
1316706756916064256
1316706790436933633
1316706807071596544
1316706811467239426
1316706992119930881
1316707020884582407
1316707189550133254
1316707243920887815
1316707360992305152
1316707541922050048
1316707691956498432
1316707738718797824
1316707765486669824
1316707838597697539
1316707893706731520
1316707951982247936
1316708036241756160
1316708107314135045
1316708305167941632
1316708338600738816
1316708418720337920
1316708481563459585
1316708686333698048
1316708707644866560
1316708778612580353
1316708795024801793
1316708979498778624
1316709060373368832
1316709123195535360
1316709151926628354
1316709180154273792
1316709269169819650
1316709307090694144
1316709386581151745
1316709433402155020
1316709513089646594
1316709596782891008
1316709714798039041
1316709793755611136
1316709794212982786
1316709852576612352
1316709893932548097
1316709918301466625
1316709984428863489
1316710008416014336
1316710049872568320
1316710301107138560
1316710340860706819
1316801036137398273
1316801053262843904
1316801087307804672
1316801103233773569
1316801124284981248
1316801145633943552
1316801212516237312
1316801262835433477
1316801585645838336
1316801624237641729
1316801661029896192
1316801674334232576
1316801728206045184
1316801754017783808
1316801765967233024
1316801846049148929
1316802079944568832
1316802102178406400
1316802135502143494
1316802369846468608
1316802722579046401
1316802902925684736
1316802911255572482
1316803142428876800
1316803150624428032
1316803271764463625
1316803482163318784
1316803511217278977
1316803666112901121
1316803716499025926
1316803779459649536
1316803813131644932
1316803812900835329
1316803942953648128
1316804064831836166
1316804287016529920
1316804325121941504
1316804379681394688
1316804409272213505
1316804476381073408
1316804664780902400
1316804673731465217
1316804681713299458
1316804853021257734
1316805041722974208
1316805067337609218
1316805138183606274
1316805184815800320
1316805184975142915
1316805201957974016
1316805290336100354
1316805335710138368
1316805344228708356
1316805611405811712
1316805797641367553
1316805813751611392
1316805830398939136
1316806049660313602
1316806119872884736
1316806141096189953
1316806326031470593
1316806342452146176
1316806451923427329
1316806807910785024
1316806900302974977
1316807055051837440
1316807105605754882
1316807537774276609
1316807541926645762
1316807688488189953
1316807822735216640
1316807844402954242
1316808045939380232
1316808058098647040
1316808120434393089
1316808372172337153
1316808422340333575
1316808443605458945
1316808523666386944
1316808619845980160
1316808648895602688
1316808741937770496
1316808767120576512
1316808854819274753
1316808938554380290
1316808980572774400
1316809018355200000
1316809140048551936
1316809286496907264
1316809286593523712
1316809330142769152
1316809450607398912
1316809496556044288
1316809593285009408
1316809646993223680
1316809660532502531
1316809798495674368
1316809802878599168
1316809827633430528
1316809894683717637
1316809899612008449
1316809928300920832
1316809962249691136
1316810011117576195
1316810096286994432
1316810109016633344
1316810209575284736
1316810314776801281
1316810339678216200
1316810415188320256
1316810611863379968
1316810683145547777
1316810733619867649
1316810809830445056
1316810901916442625
1316810964528844800
1316811074822430721
1316811199409946626
1316811218020171776
1316811249523527680
1316811297527222273
1316811333346766854
1316811450820763650
1316811451152191489
1316811644102737921
1316811656714887168
1316811869991174144
1316811882959831040
1316812059343032321
1316812080348094464
1316812461727789057
1316812633928921088
1316812637901119489
1316812683673509894
1316812864078966788
1316812914557423616
1316813011441659906
1316813166299373573
1316813204186562560
1316813220800274434
1316813322100957184
1316813499272634368
1316813657435779073
1316813695289180163
1316813892555857920
1316813912520757248
1316813988458569736
1316814072357236739
1316814093701971968
1316814110038740993
1316814227374583810
1316814295125164032
1316814365937418240
1316814420455104512
1316814445771882496
1316814597005991936
1316814626538098688
1316814752144920577
1316814793974652928
1316814822865072128
1316814827722100741
1316814970068381696
1316815029187031044
1316815141598638087
1316815288516710400
1316815313837719553
1316815367906365440
1316815624807559168
1316815837731278849
1316815930417205249
1316815967964418050
1316680349922062336
1316680574174625792
1316680603459301376
1316680846640852992
1316681005852393473
1316681030204559361
1316681346467553281
1316681507583537152
1316681785917440000
1316681935146622986
1316681972530450432
1316681979581128704
1316682042298388480
1316682092676145153
1316682149194608640
1316682171596275713
1316682358528126976
1316682385422012416
1316682493886595072
1316682505211310080
1316682527583670273
1316682595510480902
1316682633506623491
1316682938055098369
1316683017327435776
1316683071966662656
1316683395238223872
1316683500788035587
1316683525035188229
1316683677380808704
1316683914996572161
1316684044491464710
1316684176557518860
1316684205850591234
1316684264440647680
1316684343142764544
1316684649733804032
1316684680201228289
1316684749084254208
1316684792105177091
1316684794152071168
1316684976298110984
1316685047752265729
1316685061090152448
1316685107592388609
1316685116396240897
1316685141872271360
1316685336685080576
1316685379047616512
1316685535470071809
1316685677363421193
1316685694908203008
1316685736876310528
1316686008147206144
1316686084672286721
1316686120860692480
1316686159934885889
1316686290268585990
1316686640757252097
1316686654137085952
1316686662316027907
1316686746243993606
1316686842482302976
1316687039463673858
1316687047785144320
1316687074989350914
1316687124905824258
1316687215800578049
1316687291948109825
1316687484932284417
1316687601240334338
1316687657406259205
1316687723613188097
1316687758262493185
1316687884594950147
1316687908947058688
1316687975527387136
1316688029537378304
1316688034788782081
1316688053700829184
1316688378453139456
1316688391631667201
1316688431691583488
1316688437307727873
1316688500096479232
1316688601384706049
1316688889805971457
1316688944432545796
1316688965920063489
1316688986849652737
1316689048308797441
1316689087080865792
1316689138393837570
1316689266953641984
1316689314135318533
1316689360306270208
1316689469030969344
1316689511166939136
1316689803782557700
1316690160998907907
1316690329345691648
1316690400166387712
1316690476267982853
1316690501345607681
1316690529929789442
1316690572376244227
1316690684250853376
1316690761665085440
1316690806644912128
1316691009200418816
1316691016162906113
1316691037549715456
1316691087231258632
1316691292286603264
1316691317641146368
1316691687788273664
1316691720252338181
1316691774757273600
1316691854591766530
1316691921692131335
1316692097911582720
1316692350484189185
1316692371489214465
1316692941574942721
1316692963330752517
1316693050824036352
1316693406161293321
1316693424645562372
1316693578572234753
1316693593290022913
1316693872391618560
1316693901336612865
1316693960115589120
1316694124247080966
1316694419043647488
1316694522970112000
1316694665941245952
1316695096662855683
1316695195040309248
1316695231891472391
1316695232336007170
1316876550596296704
1316876980533424130
1316877098779254784
1316877201296355329
1316877281965432837
1316877309505200129
1316877405038862337
1316877831389868032
1316877871864897536
1316877962570944513
1316878172135145474
1316878436548272128
1316878494144503808
1316878860445601793
1316879065341517824
1316879141291978755
1316879440140357632
1316879444775112704
1316879465889185794
1316879631216066563
1316879872262729729
1316879880168980481
1316880057625800704
1316880312836755456
1316880417778184193
1316880435100540928
1316880459863937024
1316880498438922241
1316880544316248070
1316880758095507456
1316881181137317889
1316881202108915713
1316881294219907072
1316881354311819271
1316881433156218880
1316881533718786048
1316881697934315520
1316881730746331136
1316881837977907201
1316882007784263680
1316882078881861633
1316882267428487168
1316882316183113733
1316882322738741253
1316882390296428545
1316882452044972032
1316882494826942465
1316882549105479680
1316882565685497858
1316882657297444864
1316882669888823296
1316882687588614146
1316882787849375749
1316882792299532291
1316882863074193408
1316882959937368064
1316883005814808578
1316883182629826560
1316883328449040387
1316883371272753152
1316883555054624768
1316883588743311360
1316883622020804608
1316883703658766336
1316883710663245824
1316883806616506369
1316883918952501248
1316884171873308673
1316884255331450880
1316884284980961281
1316884477654798338
1316884482222395394
1316884490317402113
1316884558068023296
1316884637210214400
1316884726091743240
1316885060814065664
1316885073350725632
1316885153772425216
1316885178686541824
1316885195388235781
1316885215932010496
1316885275096862720
1316885279194583041
1316885419112472576
1316885492986793984
1316885568232411136
1316885786332102656
1316885820696047616
1316885870352318464
1316886059691724802
1316886382762201089
1316886420426956800
1316886546922893312
1316886566397149184
1316886596700966912
1316886668159352832
1316886684089249794
1316886705039790080
1316886725793337344
1316886873139253251
1316886957155373057
1316886965174915072
1316886999173861377
1316887066324631552
1316887133177733120
1316887208125734912
1316887220922601475
1316887371883769856
1316887401156038657
1316887610803986432
1316887845106147329
1316887951045877760
1316888073267933186
1316888248707436547
1316888343330885638
1316888353724338183
1316888769149210624
1316888811574579201
1316888922484596737
1316889095751323653
1316889198780174336
1316889276026654721
1316889498228150274
1316889507673772032
1316889725035139072
1316889745838940160
1316889754487738374
1316889826403074053
1316889900608880646
1316889967419949056
1316889968170749953
1316889980979953670
1316889993764286465
1316890044100169731
1316890110659645441
1316890203160670210
1316890228032999430
1316890237134643200
1316890253916078083
1316890311596060681
1316890325261008896
1316890367283785728
1316890388297183233
1316890421432213504
1316890630908465153
1316890701985058818
1316890723577483264
1316890840292347905
1316890849607929857
1316890916704210950
1316891029312733185
1316891042537328640
1316891054428188674
1316891105238126592
1316891142047338498
1316891332170801153
1316891357001191426
1316891377960054784
1316891445001936897
1316891515776462848
1316891541831618565
1316619952640544768
1316620052569808896
1316620148866985984
1316620373283295233
1316620376336560128
1316620480397357057
1316620633116225537
1316620684060106752
1316620692172005378
1316620883436371970
1316620928848195584
1316620983973838848
1316621089213120512
1316621149623652352
1316621371636674560
1316621430390312960
1316621462535630851
1316621562506813440
1316621572384321536
1316621584292081665
1316621631029084160
1316621898495791104
1316622212514770944
1316622246903906310
1316622289673302016
1316622440970227712
1316622638446305280
1316622922379923457
1316622978784923650
1316623145118437376
1316623413528543232
1316623493103063040
1316623500984029185
1316623518537142273
1316623630013530114
1316623740197896192
1316623745188990976
1316624009509908480
1316624213491412993
1316624273872687105
1316624394022658048
1316624424976740352
1316624453724377089
1316624498616082432
1316624612772507649
1316624718418640896
1316624810718396417
1316624852133044225
1316624882101178369
1316624993426448384
1316625308498485248
1316625581119684609
1316625632231477249
1316625786401505280
1316625788045725696
1316625863765618688
1316626199280447488
1316626263545729025
1316626408693735424
1316626534082412545
1316626654681157632
1316626663942299648
1316626701464600579
1316626890933886983
1316626943274553345
1316626944314597376
1316627053777768449
1316627099118112768
1316627234883547138
1316627283852038146
1316627317356027904
1316627331193212928
1316627354471538689
1316627422289174528
1316627438529581058
1316627455973576704
1316627929007353857
1316627976390287360
1316628084989267968
1316628251796811777
1316628300131753985
1316628428209090560
1316628545649676288
1316628601823870976
1316628865830117376
1316628990011092992
1316629057576955906
1316629222463606785
1316629490471182336
1316629523945844736
1316629708050632704
1316629726702841858
1316629763566432258
1316629778737369089
1316629951056146432
1316629956605218816
1316630246431625216
1316630410793684992
1316630490175029248
1316630620429139969
1316630625336668160
1316630806782185472
1316630863023616001
1316630953410912259
1316631012495982593
1316631258709987328
1316631267983552512
1316631357527928834
1316631378491043841
1316631469461245952
1316631675124822016
1316631744049754113
1316631794985263106
1316631919157805056
1316632253716406272
1316632309840445440
1316632317494951937
1316632330342199297
1316632333672427520
1316632392703062018
1316632493240520704
1316632518074929152
1316632590921547777
1316632800574017537
1316632809038139395
1316632811772751873
1316632890860539904
1316632998029164546
1316633001799888897
1316633022268092416
1316633064085377026
1316633080824766465
1316633114307964929
1316633115700465664
1316633256981397504
1316633264493273089
1316633315940732928
1316633431187521536
1316634164284645376
1316634323722870785
1316634472205430784
1316634529637953537
1316634728267571200
1316634746596651008
1316665188137996288
1316665410490642433
1316665498722078720
1316665599947407365
1316665614170112003
1316665695674011649
1316665811885527040
1316665858006151168
1316665913983238145
1316666072049897472
1316666104354402305
1316666205630009352
1316666275725221888
1316666347682701313
1316666374589231104
1316666377856602112
1316666399075508225
1316666428301467650
1316666682274971649
1316666846712664065
1316666967726661632
1316666986970185729
1316667012416970752
1316667047208783872
1316667092410658817
1316667142926983168
1316667407864217602
1316667696314900480
1316667895028555777
1316668036414398464
1316668198511620096
1316668199262453763
1316668259966607362
1316668382008107008
1316668389021155329
1316668443639181312
1316668475860017152
1316668523436019715
1316668577844428800
1316668644072488970
1316668645167321088
1316668695297523712
1316668710443257856
1316668804328558592
1316668833831108610
1316669126920687616
1316669251139375104
1316669275197837313
1316669278712557568
1316669535165075457
1316669577233944576
1316669727448674307
1316669785564905481
1316669899230580737
1316670172346941442
1316670196489297920
1316670246141521921
1316670343730266112
1316670403020910592
1316670631669309440
1316670874905440256
1316670958032351233
1316670963900010496
1316670965137408001
1316670984578117632
1316671361499226113
1316671369283731456
1316671401064046592
1316671529585836032
1316671560120500224
1316671574775197696
1316671627715850241
1316671763745517569
1316671900014317570
1316672044029947904
1316672082835636224
1316672134811271168
1316672138498146305
1316672263106723841
1316672288423636992
1316672339677978624
1316672394384211968
1316672523149299712
1316672547979575296
1316672634717954049
1316672636315992064
1316672837789184006
1316672931230035968
1316672959013105664
1316672979649073154
1316673137380032512
1316673156871081984
1316673269882208257
1316673313104695296
1316673582064381953
1316673687739801600
1316673712704434178
1316673792379416576
1316673917206003714
1316674022587817984
1316674100849500161
1316674161201250304
1316674243380350977
1316674316738719745
1316674353925369858
1316674381871935488
1316674554631057408
1316674679986294785
1316674751826288641
1316674872974757888
1316674875952521217
1316675330887778305
1316675351196688384
1316675419823845379
1316675438635216898
1316675456670859265
1316675942622867456
1316676034373144577
1316676155253104640
1316676357602996224
1316676445784223744
1316676483352387585
1316676585018126336
1316676876962869248
1316676932273090562
1316676977810722816
1316677048652435457
1316677065157095424
1316677274893246464
1316677307482996736
1316677451267874818
1316677553084600321
1316677564749025280
1316677638375845889
1316677817422114817
1316677821880774656
1316678123111489537
1316678235535613952
1316678274404290564
1316678434526048256
1316678439034933249
1316678446253330435
1316678479753162754
1316678483716845569
1316678497750966273
1316678526255456257
1316678898290167809
1316678970201591813
1316678992355708929
1316679066246934528
1316679076770271233
1316679217975717889
1316679368618528768
1316679473501175813
1316679544657440774
1316679717525708802
1316679742326702080
1316679778993348608
1316679853350027265
1316680044031467522
1316680054496284673
1316634972770295808
1316635009596481539
1316635027128557569
1316635100159696901
1316635124969213952
1316635124025315329
1316635239108681728
1316635472089608193
1316635551043399680
1316635613102104576
1316635618999377920
1316636080116953088
1316636167505408001
1316636219799822336
1316636352465649664
1316636509546647553
1316636583198687238
1316636721845596167
1316636794172190720
1316636930717569025
1316636963386978305
1316636981351387136
1316637190911332352
1316637316686008321
1316637447862837248
1316637698526834688
1316637727593562113
1316637788658372608
1316637815355125760
1316637839073767424
1316637878353616896
1316637882531143680
1316637903112548352
1316638096989937664
1316638140141101058
1316638176581242880
1316638272307818497
1316638407095914497
1316638487848783872
1316638621558956032
1316638675611066368
1316638820373155841
1316638900387942400
1316638969862533120
1316639091996463105
1316639177237319680
1316639197050986496
1316639220644052993
1316639373916467200
1316639449749557250
1316639565696757761
1316639569526153217
1316639708517076992
1316639745301118976
1316639761973477376
1316639815299862531
1316639881880313859
1316640020040683521
1316640184746860544
1316640295996526593
1316640303558795266
1316640338237296640
1316640585940373504
1316640674683318273
1316640715024130050
1316640826420867072
1316640853163749377
1316640913041494022
1316640941424480256
1316640975377199104
1316641304772841472
1316641316235870208
1316641486725804032
1316641490844622848
1316641609858068481
1316641892159950848
1316642015724085248
1316642062352121857
1316642109156286464
1316642145860833280
1316642163929874439
1316642350681280513
1316642373040959488
1316642401725931520
1316642431929114625
1316642455614304257
1316642471451848704
1316642746216583170
1316642812171960320
1316642982209089536
1316643018212995072
1316643102291943424
1316643184399716358
1316643189000933376
1316643196764647424
1316643364373102592
1316643538738786305
1316643566882557952
1316643646255566849
1316643659975098369
1316643714358419456
1316643756586737665
1316643999986327552
1316644268019265538
1316644473380708353
1316644658324234242
1316644734148907010
1316644754910838791
1316644784371650561
1316644884460310535
1316644900537094145
1316644995001020416
1316645027397939200
1316645050831507457
1316645374530994178
1316645385352499200
1316645512037138432
1316645520656326657
1316645675199795200
1316645744120524800
1316646008764461056
1316646087856402433
1316646194240794624
1316646219054280704
1316646238813650945
1316646276440756224
1316646302571065345
1316646349408854016
1316646402064351232
1316646481168752641
1316646512735125505
1316646531991252992
1316646582746411008
1316646590682148864
1316646620629532672
1316646670461935616
1316646730608324608
1316646737818206208
1316646948003176450
1316647018023063552
1316647052097585152
1316647115536437250
1316647146871898112
1316647315382231041
1316647364753592321
1316647544072466432
1316647646375874560
1316647724025032706
1316647902303977472
1316647948978135040
1316648109548634112
1316648385814949888
1316648435320270848
1316648471152254976
1316648491968462848
1316648549187301376
1316648705219596289
1316648934933176320
1316648998044938245
1316649109688913920
1316649173232558080
1316649509619818496
1316649577781616640
1316649586862088194
1316649771860398081
1316649938231721985
1316650010050801664
1316650085623779328
1316650165185413120
1316650410854150145
1316650449957728257
1316650536607911936
1316650551086649352
1316650562419593216
1316650604782026755
1316650705306804226
1316650952540258306
1316651029526708224
1316651045108375552
1316651058949615616
1316651072635711489
1316651099185704961
1316651597439660032
1316651608000798721
1316651675755700224
1316651783888859136
1316652089343344641
1316652218469285888
1316652235544170496
1316652404713099264
1316652505556824064
1316652564767801345
1316652642928652288
1316652698087772160
1316652742564225024
1316652768740798464
1316652802689527808
1316652990581731328
1316653111176433664
1316653128050122753
1316653372884344832
1316653523719909376
1316653541847691265
1316653676627464200
1316653762669404163
1316654010062036992
1316654017443921921
1316654212332224513
1316654673445748741
1316654679955329024
1316654907060097025
1316654987813019649
1316655378185232386
1316655397625831425
1316655495822880768
1316655524889337856
1316655835913826304
1316656062695497729
1316656181901811713
1316656254832513024
1316656289439776770
1316656299359133696
1316656306447499265
1316656455647399936
1316656505358356480
1316656932644687873
1316657054715572226
1316657096721674242
1316657168310046720
1316657203236012032
1316657212807426049
1316657294051094530
1316657316201197568
1316657471558160385
1316657570057269248
1316657606753021952
1316657757064433664
1316658008051646469
1316658271219052545
1316658406757928960
1316658410297851906
1316658416513933314
1316658417818382338
1316658452198875137
1316658474877583361
1316658496885022720
1316658548609216513
1316658553378213889
1316658574462873600
1316658587897397249
1316658739978608640
1316658875366600704
1316659007826862081
1316659027997126657
1316659141545463809
1316659887120678914
1316659989964943360
1316660145271631872
1316660278197714945
1316660310388998144
1316660329003315200
1316660432137007105
1316660481256501248
1316660570167349255
1316660684449611779
1316661029364011009
1316661059730780160
1316661156174413825
1316661276043440129
1316661319550922756
1316661357098364928
1316661409967747072
1316661539072598017
1316661691070009344
1316661720572600320
1316661765933989889
1316661781440483329
1316662031206948866
1316662230679793665
1316662232562896896
1316662319682854912
1316662393603203072
1316662512859848704
1316662705382719488
1316662729516544000
1316663044756340737
1316663154508734464
1316663166835752960
1316663188818030592
1316663271735341056
1316663315414896640
1316663397056942080
1316663554221780992
1316663610903584768
1316663703069249537
1316663751161122816
1316663901941952513
1316663921080594432
1316663943297810432
1316664006136918016
1316664062445449216
1316664204317741056
1316664357317685253
1316664373843300354
1316664418219028480
1316664433389850625
1316664656711364615
1316664707714088963
1316664813762818053
1316664944771903491
1316665000401014784
1316846313615446016
1316846809180856322
1316846901015183365
1316846934955642880
1316847119215493122
1316847132070928384
1316847207090454532
1316847408416878593
1316847639460225027
1316847706812411905
1316847727200796672
1316847809681862657
1316847962602065920
1316847966452318210
1316848062459973633
1316848136833425411
1316848138469044224
1316848197344669697
1316848209864474626
1316848247588167680
1316848297890504704
1316848310695624706
1316848470121164801
1316848562563616770
1316848709309784068
1316848759301644292
1316848760568213504
1316848796828078080
1316849089523273728
1316849351126331392
1316849375994359809
1316849472593371138
1316849539597377537
1316849627413573638
1316849698645315584
1316849845911642112
1316850004968058881
1316850072374644738
1316850177441890304
1316850215178194950
1316850252146765825
1316850256500400131
1316850320195104769
1316850449333596168
1316850512902397952
1316850537787281409
1316850697346850816
1316850734596599809
1316850837772099584
1316850927954006016
1316850994983047168
1316851070547746816
1316851078818717696
1316851184041250817
1316851263259250689
1316851376543150080
1316851498245066753
1316851716478906369
1316851846351220736
1316851859156619264
1316851963691057152
1316851970645393410
1316852119295741952
1316852269611126785
1316852392147607552
1316852471675998209
1316852517527937024
1316852524624867329
1316852743689183233
1316852790359134210
1316853003333312512
1316853090352418817
1316853096597782528
1316853130131374080
1316853185869475844
1316853310809415683
1316853341314408449
1316853373115670528
1316853382221455360
1316853402152828928
1316853478447144960
1316853458591535104
1316853544851591168
1316853545270874113
1316853688250507265
1316853861399756800
1316853863605968899
1316853943335481345
1316854053633060864
1316854264350687232
1316854348031295489
1316854480260882432
1316854490088185856
1316854604219379713
1316853600237375488
1316853510529576961
1316854257946107906