1319277337075011584
1319277340602478594
1319277477647138819
1319277546312060934
1319277597474258956
1319277618894569472
1319277781495103493
1319277793402707970
1319277844397060100
1319277919923888128
1319277965838962688
1319278007714861056
1319278075469656064
1319278268176973825
1319278276284538881
1319278352046288897
1319278465099546628
1319278608146288644
1319278738035544066
1319278751251795969
1319278829702004744
1319278845833326593
1319278864045010952
1319278888548102144
1319279220506329089
1319279290974785536
1319279484227391498
1319279517995683849
1319279522806599680
1319279546969960451
1319279610559754246
1319279738062471168
1319279853972017156
1319279966601662466
1319279991444520960
1319280004723740674
1319280071685722113
1319280134868725762
1319280301424558080
1319280448544014336
1319280524699955205
1319280583294341131
1319280654580760584
1319280733848891409
1319280738303242258
1319280746494791683
1319280918897410048
1319280977856720898
1319281124548382725
1319281221319311360
1319281229091385344
1319281296523186178
1319281308481118209
1319281309643014146
1319281313392676864
1319281396628635657
1319281464110845958
1319281694277447681
1319281766343995392
1319281804365316104
1319281879871205383
1319281904315629572
1319281967754477570
1319282026134958081
1319282235573293059
1319282256473550850
1319282303160385544
1319282353848512514
1319282571193139205
1319282840215851009
1319282903541411842
1319282965814235137
1319282978120318981
1319283164326494209
1319283185985875972
1319283208534388736
1319283212879720448
1319283242852179968
1319283289169915910
1319283406337830913
1319283486147047426
1319283645719347200
1319283733543829510
1319283775113580546
1319283888632467470
1319283966382202881
1319283976888930305
1319283991460016131
1319284013941493760
1319284204694167553
1319284233844649985
1319284302467661824
1319284303331610624
1319284613651386370
1319284618705600514
1319284680886087681
1319284710242095106
1319284744387874825
1319284747869143040
1319285004417912834
1319285066925707272
1319285083442827268
1319285188124266496
1319285213344616448
1319285305636048896
1319285429145751554
1319285444819861507
1319285653767548933
1319285708788436999
1319285788677292032
1319285926569242626
1319286002423222272
1319286052167708672
1319286157293703171
1319286383869980673
1319286409228816387
1319286493056176130
1319286539529023490
1319286627399733251
1319286718118252551
1319286866806411264
1319287033945227264
1319287160369868801
1319287218821713920
1319287361184825345
1319287461512531970
1319287462028476417
1319287512393682946
1319287553975988228
1319287659181699073
1319287667859701779
1319287747429814274
1319287873007304709
1319288002808406017
1319288053517570052
1319288111638007811
1319288182962147333
1319288207964397569
1319288376021823491
1319288414051602438
1319288434712702980
1319288489276420100
1319288510050758661
1319288542569218054
1319288569232408582
1319288673691521027
1319288694734426112
1319288795271839748
1319288824871092225
1319288963320852486
1319288989451317248
1319289080656523264
1319289270067097603
1319289305257308166
1319289341202460675
1319289353089150976
1319289395132837889
1319289399356477447
1319289462875058184
1319289500569202691
1319289508903280641
1319289608971014151
1319289613794512899
1319289649001492481
1319289684799803394
1319289709722435588
1319289843977875456
1319289881684701187
1319289902614278146
1319290040527187969
1319290096089092099
1319290138346754049
1319290150837387266
1319290238775164930
1319290300951453696
1319290397542150145
1319290460792254468
1319290476529266689
1319290587116236800
1319290599187435524
1319290653944131590
1319290674613678082
1319290691437031438
1319290754573815818
1319290767269974016
1319291140655308803
1319291169826693126
1319291203796439043
1319291219609083904
1319291244707627008
1319291425771507719
1319291614477512713
1319291622853492741
1319291664523931650
1319291685579321352
1319292175952211975
1319292190783229952
1319292297515724800
1319292369380884480
1319292490399191043
1319292612067553281
1319292687535714304
1319292772545929216
1319292793206890501
1319293044777246720
1319293086657171456
1319293300440993797
1319293350734749699
1319293363082817538
1319293442602786816
1319293513998139392
1319293694084706305
1319293707326267392
1319293740825997324
1319293812406009861
1319293870761410561
1319294004870189056
1319294046670499842
1319294214899929088
1319294215084494849
1319294239864475648
1319294282193195011
1319294328305401860
1319294432475217921
1319294449336238089
1319294604827557889
1319294858926776323
1319294898529390598
1319295112036249605
1319295175789735942
1319295229497909248
1319295251366825989
1319295280135614470
1319295338432188417
1319295405885108224
1319295493193740289
1319295511338377216
1319295565172109313
1319295784077070340
1319295825089093633
1319295892801847296
1319295950456823808
1319296269706088452
1319296517224730624
1319296526494191616
1319296635109888002
1319296706140393473
1319296760376942592
1319296840056057862
1319296840580386816
1319296882041081856
1319296978593804288
1319297130138198016
1319297171947048960
1319297194504212480
1319297377967235073
1319297679025864705
1319297696390434816
1319297701058588672
1319297737981104128
1319297822022197255
1319298002020777987
1319298010912882688
1319298195021705216
1319298257802072064
1319298396197445632
1319298471929630721
1319298484772589570
1319298517655932929
1319298547498381313
1319298565613694976
1319298589642862592
1319298651919974402
1319298658664353800
1319298726201098245
1319298769863593986
1319298849400303622
1319298924763635712
1319298941545074688
1319299029843406848
1319299100777598985
1319299381871464448
1319299407100014592
1319299591896993792
1319299805789773826
1319299879361863680
1319299897795989504
1319300040578551819
1319300065630904320
1319300078348103680
1319300082349473792
1319300107863511041
1319300111567126528
1319300124439384066
1319300174590533634
1319300174842310657
1319300381780869121
1319300397358514181
1319300406074314752
1319300720433115136
1319300863765118976
1319300915921301504
1319300963568668672
1319301135660912642
1319301152110907393
1319301223946817536
1319301244406632455
1319301261573853185
1319301265151713281
1319301454298075138
1319301478423646209
1319301521222361098
1319301593016225792
1319301739443441666
1319301760465334272
1319301856556875778
1319301970226761729
1319302020092788737
1319302443654676481
1319302582163197952
1319302741949337600
1319303110473506823
1319303199505838081
1319303303780589568
1319303324332507136
1319303438447017986
1319303463193485312
1319303572207636484
1319303589009911808
1319303626779578370
1319303769486548992
1319303954346496000
1319303962030374915
1319304158953000960
1319304540768800775
1319304545197932544
1319304585337401345
1319304621064675331
1319304725204996096
1319304935691911168
1319305082387693569
1319305246062018561
1319305292128157699
1319305340039630849
1319305417365749760
1319305442665914369
1319305568507625477
1319305673323274241
1319305690758959105
1319305727639392257
1319305732295168005
1319305736439189504
1319305837136039937
1319306080430817287
1319306168154554369
1319306341157056520
1319306378213617665
1319306419766726657
1319306449705721858
1319306550226395136
1319306621525307394
1319306714534023168
1319306751548837888
1319306781030567936
1319306890380234752
1319307019162103809
1319307045028483072
1319307150464778242
1319307276176429057
1319307397421322241
1319065947966242819
1319066205186031617
1319066274987708416
1319066279131680768
1319066351500222464
1319066383234248707
1319066484698697729
1319066640319979521
1319066707525185536
1319066845123588097
1319066996676431873
1319067035926626304
1319067101789884417
1319067154294231043
1319067206035099653
1319067256710639617
1319067298808946688
1319067340949082114
1319067470448136192
1319067487086968832
1319067772635303936
1319067818663477258
1319067982031704066
1319068040949096454
1319068074478370817
1319068133227978752
1319068212890390529
1319068439483420674
1319068561126674433
1319068620023091201
1319068678147559425
1319068762017058817
1319068771257098247
1319068850420416513
1319068879704961024
1319068880195756033
1319069181816418304
1319069194789539840
1319069252838584321
1319069281829568512
1319069328977911809
1319070263762472966
1319070263904854016
1319070289058148352
1319070540750094336
1319070679388590081
1319070712540299269
1319070724783570946
1319070764969218048
1319070998352842753
1319071022885208064
1319071052971069441
1319071065621073926
1319071410359328768
1319071669244338177
1319071706925989890
1319071744284569601
1319071786399600644
1319071996001615874
1319072060241567748
1319072240185606145
1319072348629356544
1319072527847546881
1319072633531650050
1319072696446103553
1319072717992349699
1319072722199007234
1319072742965153794
1319072804617277442
1319072897839714304
1319072965674360833
1319072990487695361
1319073137347133453
1319073170662576128
1319073185308930049
1319073401282138113
1319073417937768450
1319073422450839553
1319073564767580160
1319073636385423362
1319073687069446146
1319073749501607936
1319073817210257410
1319073837867278336
1319074219099971584
1319074277828841475
1319074421697581057
1319074429557755905
1319074471240761344
1319074796605304832
1319074907137998854
1319074919594983424
1319074936762339329
1319074982610243586
1319075335309320194
1319075359757914113
1319075368226127873
1319075374068793344
1319075490033029121
1319075501240012800
1319075523373531136
1319075649361973248
1319075725173981184
1319075796431048706
1319075821638832129
1319075825677860864
1319075838483177472
1319075842476154881
1319075943462350850
1319076039599951872
1319076069555818498
1319076195271671808
1319076253597601793
1319076291816153089
1319076354592280576
1319076588110204929
1319076912409563137
1319076933271957504
1319076941132156933
1319077088146632706
1319077341310689288
1319077352853409792
1319077557711622146
1319077734010716162
1319077734098886657
1319077796711464962
1319078065398571015
1319078124273995776
1319078148601008128
1319078204338995207
1319078228980568065
1319078241429262342
1319078346362396672
1319078467862974467
1319078954393726976
1319078992406667265
1319079022177943552
1319079051252932609
1319079147411558401
1319079177384058880
1319079264654925826
1319079307357007872
1319079382426812418
1319079541764165637
1319079566934044672
1319079579613626372
1319079587721207808
1319079692683546624
1319079693098897409
1319079763986755589
1319079839345872897
1319079843712073729
1319079892286406657
1319079998699913217
1319080040781533192
1319080207958069249
1319080238110941185
1319080346902810625
1319080381228945409
1319080395107930114
1319080401424449536
1319080410148720640
1319080477530140672
1319080514972733440
1319080548724211712
1319080623961755648
1319080787388567552
1319080841759293443
1319080976606257152
1319081009774813190
1319262396775542784
1319262896581447680
1319262929842278402
1319263151343403008
1319263164480036864
1319263303072387073
1319263311653949445
1319263361494880257
1319263365336883202
1319263365382967296
1319263386429878273
1319263387210125312
1319263474929651713
1319263530839871489
1319263625975050240
1319263637886758912
1319263759974662146
1319263860168142848
1319263944922419202
1319264133058121730
1319264146353868801
1319264221650165760
1319264225185927170
1319264250838327297
1319264293238546432
1319264310309388288
1319264368610213894
1319264406266695681
1319264490911911941
1319264494573527050
1319264590434340866
1319264724404604928
1319264866796961792
1319265112407015425
1319265149186985989
1319265157185523714
1319265269496401922
1319265362630803457
1319265420860379137
1319265508944973830
1319265517912424448
1319265538166632448
1319265807487148032
1319265886256177155
1319266024806637569
1319266029026086913
1319266105031086080
1319266226011594752
1319266314788196364
1319266452847865856
1319266776333549568
1319266897343467522
1319266993703428100
1319267044458717184
1319267047805755394
1319267136053800960
1319267144484458499
1319267182082166785
1319267245768511490
1319267333316247554
1319267387728941057
1319267397036052481
1319267545468313605
1319267757557452800
1319267837106552832
1319268025929928704
1319268138622406656
1319268143055966209
1319268181521776643
1319268277735071745
1319268394445701120
1319268395439718400
1319268395502755842
1319268747069317123
1319268911230058496
1319269116218347521
1319269213152989184
1319269233855852549
1319269644302102533
1319269656838823936
1319269703639060480
1319269728372838400
1319269732487516160
1319269783276310528
1319269837189844992
1319269979896860672
1319270038910750720
1319270458265456648
1319270495599067136
1319270789418418182
1319270802337026048
1319270844221296641
1319270869764612096
1319270906703826947
1319270941013098496
1319270999980990464
1319271159490199553
1319271204830826496
1319271356446306305
1319271364365185032
1319271372602904577
1319271573342224385
1319271683295907841
1319271746315366400
1319271993905188864
1319272005842079749
1319272048175181826
1319272144078032897
1319272149501313024
1319272153397796864
1319272215850921984
1319272311619346434
1319272319810818049
1319272454863376384
1319272534290976768
1319272547339259905
1319272748913283072
1319272860536303618
1319272892371247104
1319272912172380163
1319273009111130116
1319273029927456770
1319273310824267783
1319273339802693644
1319273390071398402
1319273440310906883
1319273448690970624
1319273696880517120
1319273700127084545
1319273763435925504
1319273860450054147
1319273872256974852
1319273989777154053
1319274104331980800
1319274141317357569
1319274266299432960
1319274306933698570
1319274469983047684
1319274482758922242
1319274518104264708
1319274531375075333
1319274569341911047
1319274602292408320
1319274619757416454
1319274622748028930
1319274698941763586
1319274735901896706
1319274738485583875
1319274842131030018
1319275072775831553
1319275140518014976
1319275265365659649
1319275466973347842
1319275499781189633
1319275566504112128
1319275571713486848
1319275692362588163
1319275701581721603
1319275726235865090
1319275766111059969
1319275839138091008
1319275873476898816
1319275949045628929
1319276040556998664
1319276141631262723
1319276225097912321
1319276259529011200
1319276318068895751
1319276381042143239
1319276414487515138
1319276599083061251
1319276644561907721
1319276674878296065
1319276904784957447
1319276921306320897
1319277136176271362
1319277269978787842
1319307514962341889
1319307622273568768
1319307636182028289
1319308002189508619
1319308009995194370
1319308034833674240
1319308231240519680
1319308265767927810
1319308270230646786
1319308357669367808
1319308374622625793
1319308383288057856
1319308441458978817
1319308580533592064
1319308613811376129
1319308676818210817
1319308861581479938
1319308953382051840
1319309108697309185
1319309122156830728
1319309255170686976
1319309301576585218
1319309457076178951
1319309506455703552
1319309515662082048
1319309528316325889
1319309741433090048
1319309745979822081
1319309817278849025
1319309884840681474
1319309918135005186
1319310086204960777
1319310207244247043
1319310270615859202
1319310274499911680
1319310552510836736
1319310559695818753
1319310576858877952
1319310580784766979
1319310619120525312
1319310685361344513
1319310698413916161
1319310761454350337
1319310815904759810
1319310870002925569
1319310958070796288
1319310966857793539
1319310979021348866
1319310996549324800
1319311121833054208
1319311151302385664
1319311209930362880
1319311280797343744
1319311457469739010
1319311575598178305
1319311608313688065
1319311713045520384
1319311780162768896
1319311982173052928
1319312006265135105
1319312097428242432
1319312098967642114
1319312225304219650
1319312481001623552
1319312719724580868
1319312774556770305
1319312795851259910
1319312833125941249
1319312854118518794
1319312912670806017
1319313281794924544
1319313332369850370
1319313353475383297
1319313382751744000
1319313495628939264
1319313554592456710
1319313621940305921
1319313739527671809
1319313810281422848
1319313861015601152
1319313885506248704
1319313961154539527
1319314154138832897
1319314225286635522
1319314553067417600
1319314574093488129
1319314599133343744
1319314603352813568
1319314817287675907
1319314863110430720
1319314980999729152
1319315027321552896
1319315039111860224
1319315064453697536
1319315064734863370
1319315161077944322
1319315274495975425
1319315370201780224
1319315610304733196
1319315785710473217
1319315798847049729
1319315815968219136
1319315911711608832
1319315920104243201
1319315996063260678
1319316054041006080
1319316096688635904
1319316205690187784
1319316260170203137
1319316323227357185
1319316436259655680
1319316452487368706
1319316989542830082
1319317103380410369
1319317337825333253
1319317413633011712
1319317446701056002
1319317446889701381
1319317541018202122
1319317560110813184
1319317639538348034
1319317774376837121
1319317814851768321
1319317815958986754
1319317854085435392
1319317858116132864
1319318038609489924
1319318084734406656
1319318101595279360
1319318101440212992
1319318134457761792
1319318168486117376
1319318218549252098
1319318241131569152
1319318315601436672
1319318319803949056
1319318419775344640
1319318625929539586
1319318697161322496
1319318789620727808
1319318831156875265
1319319153954742279
1319319162079137797
1319319200024973313
1319319225312382979
1319319319977824256
1319319389221588992
1319319493412331521
1319319619203727363
1319319896782589952
1319320081734615040
1319320171366985729
1319320273871536128
1319320323553112067
1319320534044364800
1319320575907663872
1319320815196831744
1319320940472221698
1319320957379661824
1319321054347730946
1319321171163291649
1319321183922360323
1319321214016512008
1319321234153197568
1319321339199537153
1319321460901441537
1319321549330001922
1319321561686474753
1319321649402044417
1319321666011467776
1319321725146988544
1319321780163629058
1319321838544183296
1319321880269029376
1319321880130506752
1319321982626910210
1319322086179958784
1319322122733424640
1319322237032386561
1319322278686040068
1319322333560119299
1319081026451206146
1319081031455092737
1319081068188893184
1319081261487542273
1319081269834223617
1319081311806644224
1319081332564262912
1319081442270416896
1319081492421566465
1319081546771582976
1319081550865076229
1319081643127156737
1319081886296100865
1319081954042470406
1319081983130005504
1319082002776207361
1319082054185816064
1319082137757286402
1319082138604572672
1319082280959287297
1319082301914009608
1319082314111078400
1319082444268720128
1319082486429831174
1319082523662577664
1319082527865307137
1319082594030399488
1319082616654614530
1319082683096535041
1319082734036389889
1319082786154811392
1319082825686020096
1319082843117477888
1319082997430341633
1319083085678469120
1319083123762556928
1319083250174799873
1319083333930856448
1319083354080350211
1319083581206134791
1319083611010650117
1319083618560471041
1319083618610806786
1319083631281868802
1319083727910219776
1319083748957294598
1319083811301326848
1319083849549164544
1319083891743846401
1319083962250219520
1319084010996404225
1319084114104889344
1319084234494148608
1319084255989944321
1319084272565760002
1319084378048352256
1319084390278901763
1319084545828859904
1319084556037820417
1319084562094321664
1319084570604548097
1319084599675322375
1319084646701871106
1319084688728821760
1319084748485152769
1319084964751822851
1319085070116945921
1319085284500279297
1319085322362290177
1319085401290821633
1319085422199382018
1319085439387664384
1319085443758043137
1319085456219377669
1319085552277344256
1319085715515293697
1319085762600722432
1319085795651719168
1319085821383856129
1319085887398027266
1319085963042144256
1319085968088092673
1319086130822893568
1319086130986442755
1319086185554321409
1319086227237240832
1319086239832748034
1319086328756187141
1319086500215074816
1319086579667914752
1319086592116621315
1319086667890917376
1319086725956763658
1319086739424710657
1319086762149449731
1319086835935662080
1319086835893665793
1319086852872261632
1319086903250112514
1319086986460803072
1319087003535892481
1319087137929580544
1319087167067611136
1319087456717778948
1319087523386327041
1319087523860258817
1319087960155918341
1319088102200098817
1319088167887261696
1319088200334311427
1319088413186772992
1319088513321664513
1319088601435602945
1319088639406649345
1319088747917574149
1319088823721132032
1319088841140076546
1319088966356717568
1319089051706789889
1319089168232947712
1319089293395152896
1319089322763616256
1319089360512421888
1319089385900560384
1319089507635920896
1319089818282975235
1319089826457583617
1319089868321030144
1319089918887460864
1319089965012307969
1319089969173090305
1319089989687275521
1319090115218710529
1319090426339418114
1319090585014337536
1319090790992232448
1319090887771738113
1319090925784715266
1319091151836573696
1319091406049218560
1319091457894932481
1319091517080948736
1319091562354069504
1319091701454168069
1319091709196660736
1319091747289325573
1319091918723317762
1319091923026546688
1319091961299689477
1319092028530171904
1319092154371837952
1319092242380980224
1319092325843308544
1319092464389685249
1319092599030886402
1319092640508465152
1319092690600947713
1319092695328038915
1319093089307414531
1319093135515942912
1319093152226045952
1319093156449669120
1319093240386232320
1319093282241064960
1319093291036610560
1319093395864813568
1319093399824236544
1319093466887016448
1319093481550348288
1319093567600603136
1319093601511657472
1319093684705656833
1319093977560252416
1319094109072723970
1319094137833115648
1319094141544849409
1319094263976583168
1319094624758030337
1319094654806204416
1319094716827250688
1319095014476050433
1319095136433934336
1319095270009937920
1319095354730663936
1319095354973917186
1319095362586628096
1319095652253564929
1319095668619825154
1319095698118352896
1319095844704899073
1319095971297591299
1319096197248856065
1319096239045083137
1319096360730300418
1319096483149467648
1319096679576915969
1319096755150049281
1319096809814249472
1319096822854541312
1319096851853881346
1319096998843351041
1319097032246726656
1319097151763501056
1319097191470821376
1319097698587475969
1319097753943801859
1319097864908394496
1319097962753118214
1319098005497131010
1319098036761493509
1319098156492247040
1319098269511897088
1319098286247215104
1319098311836655616
1319098424298475520
1319098499779145728
1319098596600446977
1319098638644269057
1319098650593808384
1319098772396400646
1319098906979028995
1319098927417856000
1319098961895002112
1319098982073880577
1319099062231003137
1319099372391596034
1319099372894887938
1319099385339432960
1319099397817266183
1319099426984632320
1319099502406606848
1319099557238788098
1319099595016818688
1319099749853704192
1319099829474201601
1319099855055298562
1319099955710144512
1319100253014953984
1319100291334230016
1319100299731152897
1319100471873863680
1319100513414041602
1319100593181356032
1319100676488761345
1319100735443759104
1319100760999821313
1319100828117094401
1319100853295304705
1319101024691494913
1319101134464712706
1319101331341074432
1319101343043375105
1319101486081736707
1319101507942440965
1319101532969832449
1319101658702467072
1319101671356641280
1319101754978414592
1319101935115366401
1319101982028763136
1319102010721857537
1319102166372679680
1319102228972666881
1319102325617758209
1319102392395198465
1319102501908434944
1319102505825914882
1319102526667386880
1319102552051417089
1319102627502870528
1319102748764286976
1319102758352572416
1319102858734731265
1319103029426245632
1319103117598752769
1319103318208270340
1319103340194762753
1319103357139800064
1319103428623302656
1319103440681775104
1319103528355377152
1319103650950746112
1319103781041106945
1319103806098018307
1319103823407874058
1319103851849539584
1319103881054285824
1319103893989707776
1319104044619583488
1319104334194446336
1319104431326113794
1319104531674771456
1319104645286027264
1319104703720927232
1319104992561618946
1319105064686923776
1319105148304551936
1319105349178314753
1319105377045254150
1319105643656192001
1319105668050276353
1319105760211632129
1319105974406434824
1319106046103711744
1319106175795974144
1319106733600657411
1319106741401866240
1319106755239071744
1319106859110989825
1319106922633695233
1319106977323245569
1319107065135177728
1319107740208431104
1319107740309082113
1319107748173328384
1319107966386249733
1319108071931731969
1319108113904111621
1319108168039890946
1319108373468598274
1319108398957228032
1319108453462396928
1319108745566261249
1319108818425577472
1319108876868964358
1319108880912150529
1319108898373025792
1319108952400035842
1319109078799601664
1319109220793339908
1319109258684723201
1319109271028629506
1319109296492335107
1319109518270230528
1319109976024096768
1319110076708376576
1319110110116007936
1319110248183918592
1319110374441033728
1319110433039581185
1319110604192423939
1319110667568357377
1319110672089714688
1319110826771427328
1319110856966246400
1319111061929426944
1319337810890031105
1319337827344199681
1319337843697852423
1319337948953800705
1319338032957448192
1319338067342274560
1319338087600820225
1319338137408073728
1319338228445532160
1319338280354258945
1319338544800776192
1319338598781640707
1319338703999946752
1319338784077582339
1319338796572307456
1319338800175321088
1319338885013336064
1319338939010830337
1319338984548438017
1319339001111826439
1319339111145242625
1319339206234329092
1319339266401570816
1319339278284062720
1319339504440905728
1319339694019219456
1319339751887941632
1319339904191561728
1319340042146414593
1319340092251607041
1319340125214674944
1319340218214961152
1319340344165781504
1319340387878711296
1319340411169705986
1319340507613417472
1319340662857367555
1319340754775515138
1319340779752493057
1319341010447716352
1319341073370697728
1319341195672375296
1319341195789783043
1319341228543021056
1319341295706513409
1319341589974687744
1319341648149647367
1319341687274078211
1319341711164903424
1319341794773987328
1319341883051675650
1319341975355551751
1319342080049713154
1319342081182138368
1319342118150746113
1319342118352007174
1319342164321632257
1319342239332618248
1319342304155619328
1319342411781304320
1319342499727511552
1319342545864982528
1319342705143545857
1319342726333202434
1319342729999077378
1319342767621861377
1319342855836622849
1319342902879817729
1319342990524059649
1319342998786719744
1319343011269136384
1319343216479580161
1319343255293575168
1319343296246738944
1319343300336259073
1319343442959298560
1319343464727838722
1319343485397336064
1319343552455999489
1319343584512888832
1319343631740928002
1319343674283573248
1319343682978459654
1319343728490893317
1319344093856628736
1319344219429847040
1319344223032725505
1319344499852599296
1319344512666304513
1319344554567471111
1319344831173361664
1319344856838361094
1319344915785093120
1319344953391198208
1319344969744875521
1319344986803130369
1319345050132705280
1319345070504660992
1319345087906676736
1319345133285003265
1319345171079757827
1319345192298713088
1319345200863563776
1319345301770113051
1319345387111550976
1319345577998602240
1319345586198503424
1319345682256437248
1319345687146889216
1319345696231870474
1319345801202642944
1319345900851003395
1319346060754563073
1319346107126865920
1319346295803465728
1319346530504052738
1319346588767064066
1319346722854809605
1319346810905718785
1319346861233328136
1319346985628061697
1319347042045595648
1319347113126408194
1319347129614274568
1319347243929960450
1319347523639672832
1319347591428059136
1319347624709947393
1319347713150840832
1319347721422196737
1319347748211130368
1319347940578758657
1319347989907795968
1319348044865810432
1319348128026365959
1319348149069164544
1319348170099314688
1319348195583905792
1319348258733514752
1319348342002839552
1319348371828568064
1319348400727363585
1319348493107023879
1319348572865785858
1319348647956545538
1319348807696515073
1319348853712343040
1319348908854812672
1319348959127556096
1319348962822819841
1319349089285382145
1319349246907342848
1319349332408209410
1319349520371642368
1319349529565556738
1319349575421841408
1319349843911970821
1319349860982808578
1319349944331890689
1319350036698980352
1319350334762962948
1319350451549179907
1319350486017998848
1319350534705278976
1319350564753297408
1319350607099031552
1319350623654076417
1319350750271721472
1319350932597960704
1319351026852483074
1319351144775405577
1319351311293468673
1319351554919419904
1319351655356387331
1319351722297356288
1319351911993098240
1319351949465038848
1319351970092691458
1319352121725231105
1319352159184498691
1319352288771788801
1319352297508511744
1319352381541289984
1319352414722510850
1319352658663141376
1319352671300616193
1319352700010696704
1319352766846959616
1319247280692731904
1319247322652405761
1319247348652978176
1319247389929148421
1319247477699207173
1319247558464733185
1319247612319617024
1319247780330807297
1319247780536373250
1319247864657215489
1319248388680867840
1319248405277872130
1319248479978401794
1319248732378939395
1319248912151085056
1319248971974406148
1319249076429312001
1319249109920825344
1319249130041020419
1319249261251465216
1319249416251990016
1319249608577552385
1319249709496754181
1319249872634085384
1319249898093641729
1319250242110476289
1319250251283300353
1319250272066162691
1319250502392139776
1319250707137036288
1319250782584213506
1319250832689225729
1319250857863581698
1319250925605761024
1319250993134161920
1319251081134854144
1319251090429366273
1319251096829833216
1319251194385256451
1319251529220509696
1319251705100460032
1319251806254399488
1319251831592243200
1319251844452016134
1319251877993893894
1319251931836092416
1319251935959126021
1319252053051478023
1319252167346278400
1319252195800481792
1319252317691138048
1319252356308045824
1319252397789646848
1319252489775075330
1319252493948375040
1319252623992696833
1319252753252831233
1319252765915435010
1319252809418756096
1319252917258432514
1319253097689059328
1319253328807841792
1319253459460382725
1319253466796228608
1319253487872520192
1319253588728815617
1319253773437587457
1319253911539154948
1319253979264679937
1319254000441720832
1319254029042593794
1319254101373247488
1319254125276692480
1319254142603374600
1319254147724697602
1319254192800792579
1319254264049532929
1319254446543687680
1319254536654114816
1319254544908509184
1319254733564108801
1319254746901958657
1319254809325785089
1319254881727819777
1319254918331584513
1319255077534732289
1319255174586793984
1319255317599879169
1319255350776893441
1319255413842276352
1319255527449415680
1319255690553266176
1319255740196978690
1319256026558808064
1319256084683472897
1319256105319542787
1319256134910435330
1319256436166193152
1319256470798688256
1319256488855089152
1319256730904178689
1319256734133710851
1319256851909726213
1319256989642510337
1319257254663606274
1319257288331448321
1319257292014047232
1319257355524083712
1319257759590813703
1319257812166475776
1319257933880971269
1319258038524661761
1319258274219331587
1319258417463136268
1319258555330027521
1319258759764627462
1319258799044202497
1319258903733964800
1319259209561788416
1319259260098912258
1319259351815696384
1319259746340319232
1319259762454908929
1319259846374555651
1319259859410427904
1319259901345017856
1319260001425383426
1319260111194513408
1319260123148079104
1319260127346761731
1319260244841811969
1319260265909784576
1319260268317138944
1319260303633403906
1319260404485296128
1319260450635337731
1319260593614774273
1319260644026294272
1319260672694251520
1319260719452307456
1319261017344479232
1319261071241138178
1319261282026115073
1319261302246834179
1319261398652903425
1319261424196194309
1319261504269479937
1319261595659218944
1319261612558209025
1319261775641088005
1319262069443670016
1319262158572703744
1319322622887419905
1319322752617115648
1319322836838776832
1319322966371553282
1319323155102683136
1319323325747892226
1319323327450628097
1319323339689758720
1319323394941374464
1319323423470985216
1319323444828319758
1319323511815458816
1319323682926448647
1319323733870465026
1319324022258176003
1319324031774904320
1319324180203057153
1319324480636944385
1319324509795717124
1319324560580349952
1319324664578166786
1319324682580070400
1319324820799094791
1319324854592720898
1319324916831977472
1319324953418911745
1319324993067667465
1319325029910405120
1319325160416137216
1319325202149445632
1319325211066572802
1319325273578496000
1319325357879808000
1319325508161720325
1319325592207183872
1319325592572039170
1319325622179684353
1319325634464808961
1319325739158700034
1319325860500017153
1319325941009534976
1319326003467067392
1319326057972072450
1319326141803646976
1319326305486213120
1319326472805507073
1319326481156362242
1319326540627398656
1319326741433757696
1319327026743070720
1319327030672908289
1319327047274082306
1319327140077137920
1319327171312275456
1319327316024020994
1319327320444825600
1319327426728644609
1319327442465673219
1319327559826460679
1319327596794970112
1319327618433310722
1319327706597740545
1319327756279136257
1319327765150171136
1319328008142925824
1319328096026198016
1319328109393567745
1319328256546529282
1319328595408527364
1319328621065101314
1319328834769084418
1319328880700887041
1319328972933492736
1319329140496093184
1319329162004344832
1319329208175259648
1319329216639438851
1319329279650349056
1319329292376035333
1319329379818811393
1319329417852747777
1319329425171730432
1319329446340497414
1319329530578833408
1319329556386414593
1319329710938214401
1319329945064251393
1319329991763677190
1319330059526627328
1319330126572781568
1319330252179402752
1319330268830789632
1319330290163122176
1319330293543702528
1319330328826253320
1319330390214103040
1319330436317937664
1319330449236226048
1319330511907639297
1319330780900954112
1319330814237249537
1319330864686374916
1319330977827581953
1319331199966392325
1319331242643521537
1319331283709927426
1319331338839838720
1319331342258229248
1319331414169485314
1319331414362423297
1319331582264659969
1319331668851818496
1319331930123472901
1319331942253404161
1319332005339975680
1319332144267907072
1319332231777640448
1319332412556480513
1319332458463174658
1319332462326091780
1319332495888875523
1319332634091282433
1319332662226620416
1319332667452616706
1319332741960314880
1319332890304532481
1319332907635281922
1319333049608392705
1319333053660090372
1319333075642241024
1319333117191245824
1319333398176010243
1319333703978348545
1319333733695012864
1319333770659532801
1319333951673036802
1319333955884240897
1319334128169308160
1319334337050005504
1319334551546572801
1319334824587517960
1319334853532418050
1319334854761140225
1319334887183233025
1319334895840362497
1319334962894700546
1319334995400511488
1319335097120718856
1319335117349937157
1319335142490574849
1319335147074891776
1319335205690290176
1319335268319678464
1319335398783381504
1319335554350260228
1319335742552891394
1319335750777749504
1319335755160969219
1319335856159686656
1319335922635190273
1319336032534433794
1319336056978722816
1319336141011570688
1319336207877394433
1319336220334456833
1319336258217398273
1319336279784460294
1319336433358786560
1319336485229912072
1319336497275949058
1319336523003760641
1319336702557782016
1319336720140259329
1319336992082198529
1319337106121043969
1319337131366600706
1319337143098089476
1319337143668539393
1319337155932659712
1319337306722095106
1319337407368613890
1319337479242211329
1319337503963385858
1319383004356268032
1319383058156384256
1319383293331197952
1319383399346302977
1319383415263776768
1319383535946530816
1319383541139099651
1319383641580077056
1319383704901398529
1319383943532118021
1319384002101432320
1319384152832155651
1319384342070661120
1319384358604525568
1319384744384221185
1319384777800118272
1319384844887994369
1319384941935824897
1319384948470497280
1319385105727705091
1319385206566969344
1319385281427066881
1319385562835525637
1319385574868983808
1319385789285998594
1319385809875881987
1319385973122355200
1319385998371950592
1319386040373837824
1319386082815938561
1319386321744322560
1319386351754743808
1319386388396212225
1319386674321887232
1319386678406963201
1319386802831151105
1319386879549075456
1319386971450626048
1319386992766013441
1319387043345084418
1319387072390545408
1319387173259534337
1319387189957042187
1319387290653892610
1319387323935719424
1319387332202663936
1319387450037460994
1319387462540681221
1319387726454509568
1319387822957101056
1319387919845593088
1319388183906316288
1319388268044189698
1319388486563233792
1319388593761275904
1319388699893915649
1319388737265143813
1319388959844323330
1319388968010477570
1319389035073327112
1319389085795045378
1319389098621063168
1319389316490121216
1319389384614043650
1319389547508174854
1319389593129480192
1319389710045777920
1319389722968510467
1319389765200994304
1319389924903297034
1319390012849479685
1319390108974501891
1319390117438590976
1319390231037181952
1319390277312757760
1319390382115876864
1319390574433107968
1319390742960373767
1319390768059076611
1319390842986090498
1319390863848579072
1319391228883013632
1319391300777553921
1319391430218076168
1319391434194276354
1319391501714075659
1319391711379021828
1319391829238804480
1319391916748800000
1319391950743588864
1319392315308388352
1319392336875540480
1319392516580532224
1319392718095876102
1319392730502565888
1319392756888895488
1319392802338492416
1319392810152333312
1319392990968877057
1319393238176780288
1319393283802529794
1319393387057995782
1319393397916995584
1319393573884841987
1319393607724445696
1319393677974867969
1319393758279061505
1319393824930750470
1319393909693448192
1319393917884899328
1319394014022520832
1319394030904639489
1319394093747871745
1319394261406601218
1319394287411494912
1319394416625389573
1319394445905674240
1319394454315388929
1319394515661324288
1319394684586938370
1319394714362195968
1319394949348118531
1319395045393522691
1319395159386312704
1319395167992901632
1319395360763203586
1319395473115934720
1319395519823794177
1319395604007628800
1319395805275586561
1319395818156232704
1319395821100609536
1319395909462069248
1319395927065612293
1319396249611665408
1319396325566390272
1319396342167384064
1319396362417393664
1319396384089530371
1319396710788091909
1319396832494145536
1319396912794054657
1319396924814991362
1319396937859293185
1319397050879016961
1319397259444932611
1319397262867501065
1319397302277083136
1319397394228805632
1319397490932604929
1319397512449388545
1319397638178066439
1319397688610205696
1319397702829039616
1319397725725753345
1319397747099881473
1319397788527022081
1319397881372053504
1319398007306158080
1319352838334664706
1319352884472008705
1319352944081371136
1319353198994460673
1319353316564889600
1319353342326439937
1319353346143232001
1319353381492838403
1319353425604194305
1319353761672892425
1319353982360408064
1319354029592481792
1319354059455930370
1319354214301089794
1319354243241766912
1319354424209428480
1319354428680437761
1319354457466019840
1319354515942895617
1319354545923817472
1319354570884239360
1319354662718443520
1319354768268165124
1319354910761209856
1319355090671644675
1319355098871615491
1319355275120267265
1319355308758753281
1319355320750247937
1319355417647079424
1319355577261264898
1319355577596841984
1319355581875036167
1319355745473888259
1319355799924281347
1319355862280962048
1319356001481609218
1319356474682900480
1319356479174922240
1319356630522159104
1319356634259283969
1319356654303866880
1319356722591518721
1319356818834022400
1319356839784378369
1319356956964945921
1319357053194936320
1319357355793014786
1319357440375357440
1319357485380259840
1319357519005929474
1319357816776380418
1319357854973911040
1319357901341904896
1319357946745114624
1319358044216635393
1319358085723402247
1319358347263594498
1319358526662258691
1319358534631542785
1319358558937534464
1319358584979939330
1319358715095617536
1319358715288555520
1319358828123623424
1319358882444152832
1319359062346063872
1319359067236741121
1319359156822958080
1319359276469637123
1319359305867579395
1319359382187016200
1319359503586869248
1319359520053800967
1319359557974609920
1319359654573625347
1319359716774965248
1319359821779488768
1319359868466307075
1319359901466914817
1319360140609347584
1319360434672025600
1319360460320288768
1319360482017357824
1319360690633601025
1319360795638140936
1319360904618741760
1319360996855742466
1319361072705449985
1319361197519548418
1319361427518476289
1319361545994969088
1319362011873030145
1319362061755912195
1319362095364931588
1319362099777204224
1319362288239988739
1319362288785281025
1319362326093533185
1319362359190867973
1319362430867300352
1319362510282252288
1319362564627845125
1319362615072751616
1319362620319780864
1319362636228722688
1319362636715380742
1319362678507425799
1319362875165638656
1319362904773349377
1319362913275056128
1319363030791106561
1319363160491487232
1319363370991190018
1319363383355969539
1319363387281686529
1319363481364320256
1319363689124855808
1319363705679863809
1319363886831734784
1319363995376246785
1319364054121676805
1319364447119511552
1319364649981280257
1319364763332284417
1319364766876446722
1319364872371658752
1319364905666052113
1319364956127514625
1319364988092514306
1319364993318608902
1319365060653887491
1319365362194862080
1319365539249164288
1319365849405325313
1319366066938720260
1319366070868742144
1319366104737873929
1319366268961554432
1319366326985523200
1319366343565725696
1319366411253264385
1319366621161418755
1319366700458897409
1319366879090192384
1319366902452551681
1319366936422092800
1319367149186592770
1319367304388341760
1319367306078789639
1319367456151031809
1319367501701054472
1319111393132544000
1319111439647375361
1319111489580535814
1319111557746393090
1319111594501091328
1319111714626035712
1319111855219105794
1319112131229315075
1319112152473604097
1319112245436141568
1319112328869195776
1319112404584828934
1319113323275866112
1319113330821353472
1319113420084490242
1319113431568572416
1319113507225337858
1319113587798036481
1319113687840542722
1319113758720086017
1319113800461635584
1319113902395805696
1319114392215023616
1319114477212585988
1319114488604360707
1319114643965661184
1319114707148492801
1319114861654298626
1319114924635885569
1319115072212508672
1319115214160232449
1319115294045069321
1319115478397235201
1319115563281465344
1319115591765028867
1319115629593546752
1319115675550552066
1319115676318093313
1319115705753583617
1319115713366298624
1319115772514455552
1319115818886664192
1319116007001247746
1319116158872662016
1319116225511870465
1319116447369601025
1319116451815542790
1319116506152697856
1319116523114475521
1319116603112321024
1319116712193761280
1319116739741765632
1319116745550905345
1319116817013506048
1319116993052602369
1319117035071156225
1319117261043585024
1319117315821211648
1319117345600786432
1319117466383966209
1319117491986173952
1319117508499009536
1319117568486027267
1319117626992398336
1319117866076151810
1319117890038255617
1319117972045221888
1319118092606341121
1319118104941780992
1319118154744909830
1319118264082059272
1319118364376133633
1319118655402246145
1319118700201476097
1319118708954910727
1319118825317715968
1319118888681037824
1319118963809284097
1319118980913586177
1319118989470146560
1319119258496823296
1319119261974089733
1319119413417807872
1319119434724888577
1319119459366457350
1319119895750152193
1319120029938552835
1319120126076223488
1319120196175564801
1319120239813165058
1319120276374913024
1319120332419117057
1319120344242933768
1319120402917064705
1319120415290200070
1319120465407901699
1319120495757938689
1319120516830081024
1319120546358042625
1319120595733389313
1319120687878078467
1319120710019764229
1319120809730797568
1319120851074240512
1319120948046462977
1319120956959358983
1319121082088030209
1319121091890208778
1319121095027404801
1319121124098097153
1319121141450088448
1319121161612124163
1319121165986623488
1319121174253563904
1319121209041121280
1319121312669810689
1319121388641320961
1319121606845878272
1319121703566495744
1319121771421982720
1319121866926247936
1319122039429627905
1319122109675786240
1319122424844136448
1319122433094410243
1319122516913328131
1319122592280776708
1319122594533154817
1319122709335293957
1319122722472022016
1319122752725397511
1319122810187415553
1319122865233580032
1319122890743115776
1319123053687771136
1319123061782859776
1319123214203637760
1319123259850412033
1319123263780433921
1319123371943223296
1319123431762296832
1319123518865498114
1319123545180508160
1319123573710020608
1319123611253395456
1319123620111785984
1319123666169262080
1319123695546355712
1319123863603716096
1319123914409365504
1319123917987074049
1319123976459698177
1319124035360284672
1319124051508379648
1319124119405748224
1319124198518788097
1319124203308797953
1319124207100399617
1319124223441268736
1319124282539151361
1319124421160808448
1319124458255298562
1319124526077272064
1319124551234510850
1319124572298498048
1319124588622712838
1319124639688380416
1319124769464172545
1319124949097869312
1319124958715498498
1319125091825848320
1319125159740133377
1319125386358292480
1319125511537258498
1319125520194351105
1319125628575166465
1319125650385534976
1319125680081096704
1319125729330671616
1319125825640333312
1319125926526017537
1319125940098813954
1319126039541415936
1319126074022739970
1319126173851525120
1319126175281721345
1319126208840257536
1319126218113941504
1319398120485122050
1319398603027304453
1319398702864343041
1319398757524512768
1319399051826221056
1319399063637417984
1319399101595852800
1319399148160942087
1319399180905963521
1319399299260755968
1319399332173484032
1319399395998060544
1319399475203497984
1319399479792066561
1319399500134350848
1319399592237158406
1319399722990317570
1319399756167340034
1319399789327491074
1319399953509253121
1319400007582310400
1319400452459532288
1319400624451211265
1319400759247601666
1319400762657693706
1319400763005849602
1319400770815614978
1319400875819855873
1319400984548880386
1319401161363877889
1319401198835912705
1319401207606202368
1319401324392435712
1319401487726972935
1319401508941615104
1319401509159915522
1319401559386517504
1319401697999990791
1319401718577180672
1319401756581822465
1319402331277004801
1319402429113303042
1319402495442124800
1319402553919012865
1319402587561644033
1319402629236219905
1319402646344749056
1319402695736766464
1319402722135715840
1319402973974433794
1319402989791174659
1319403060846858242
1319403241419853824
1319403296323489792
1319403334361620482
1319403338048430084
1319403387889328133
1319403392603742210
1319403422295220234
1319403426455879681
1319403438896148481
1319403455979585543
1319403505560424449
1319403529421946880
1319403577094393864
1319403707423952896
1319404018750394368
1319404029835956225
1319404172530360320
1319404319393841154
1319404373861126145
1319404458086977541
1319404562973941760
1319404575191949314
1319404659862347776
1319404931741339648
1319405170795700225
1319405170971783168
1319405225363542016
1319405460102021120
1319405464220729345
1319405560949841920
1319405598438510593
1319405720320856065
1319405942639833091
1319405980376072192
1319406114371489792
1319406463014621184
1319406492085354496
1319406596972285958
1319406611996266497
1319406844096450565
1319406966368862208
1319406970449833986
1319406986618875904
1319407037311221761
1319407050061824000
1319407285395914752
1319407314185629696
1319407318535000065
1319407461225406471
1319407507656314882
1319407657741156353
1319407795935084545
1319407810250067968
1319407951333896192
1319407968081895430
1319408014504452096
1319408086097022976
1319408106913280001
1319408194611970050
1319408333296562176
1319408358248636417
1319408358936481797
1319408425323892736
1319408559705231360
1319408572384628737
1319408606291267584
1319408639820599297
1319408924508893185
1319409013042327553
1319409156076589058
1319409344077705217
1319409449379885056
1319409478203330561
1319409637574270977
1319409751566864385
1319409868659396608
1319409884878819331
1319410195647262725
1319410199875125250
1319410258708750336
1319410279361511424
1319410342947131394
1319410363637575682
1319410555900317696
1319410586107740161
1319410719679377408
1319410841620516864
1319410917327646721
1319411130901630976
1319411172521603072
1319411185628909568
1319411282483814401
1319411389883006977
1319411450071420929
1319411575791456258
1319411646041780224
1319411651213430788
1319411680049303553
1319411773166866432
1319411961025671169
1319412121541758976
1319412162620755971
1319412272146644994
1319412288806395905
1319412384885317636
1319412401725444097
1319412402430091264
1319412469627031552
1319412489721835520
1319412574195101696
1319412905574424578
1319413009962459136
1319413089763209216
1319413093580132353
1319413098428559360
1319413194444607488
1319413518010077193
1319413563987955712
1319413623001960448
1319413773761974272
1319413858046496769
1319413873817026561
1319413940808343553
1319413966334914568
1319414247227559936
1319414256207527936
1319414415712833536
1319414439947403264
1319414481865396226
1319414481865195520
1319414494464864257
1319414528346484736
1319414537347477505
1319414683581857792
1319414696336855041
1319414705530703873
1319414725558624259
1319414733678759938
1319414805518745600
1319415011438186496
1319415027917606912
1319415279420641281
1319415299846905856
1319415362820124672
1319415409666330624
1319415467581243392
1319415468193701888
1319415509608169472
1319415601710944257
1319415694895828994
1319415706795069440
1319415761505406976
1319415765972430850
1319415825367957507
1319415992024350721
1319415996969615361
1319416218843967488
1319416298439401475
1319416473513766913
1319416545626542080
1319416643043328001
1319416683833024512
1319416780289429505
1319416851621801984
1319416902742134786
1319416919070474243
1319416999085285376
1319417103296987138
1319417129104494597
1319417456025190401
1319417791980724224
1319417820669562881
1319417887938019329
1319417926190092289
1319418504425111555
1319418555364945920
1319418609693650944
1319418643185270787
1319418727461314562
1319418727641829382
1319418781630930945
1319418802405335049
1319418819316641792
1319419250881298433
1319419519270481920
1319419603299217409
1319419628725174272
1319419641391972354
1319419691501117440
1319419720714551296
1319419784140914692
1319419812984934400
1319420048184954881
1319420070615945217
1319420215969497088
1319420257581355008
1319420266007724033
1319420341978984448
1319420446677360641
1319420492806324225
1319420501119406083
1319420614793433088
1319420715083378688
1319420932738396160
1319421006147162115
1319421016511254528
1319421050392752128
1319421255523631105
1319421264524500992
1319421335857188864
1319421364412026881
1319421469709959168
1319421478643945473
1319421558197190656
1319421586105982977
1319421612211437568
1319421658931863558
1319421737696677888
1319421843447574529
1319422199216934914
1319422233593352192
1319422333799550977
1319422418000162816
1319422606219579392
1319422610606784512
1319422673366167552
1319422673634664449
1319422770451795972
1319423000941309952
1319423139256897537
1319423206323879938
1319423258991624192
1319423407478407170
1319423512898134016
1319423558515294209
1319423688530448384
1319423743005986816
1319423759971983360
1319423764539428864
1319423940394188802
1319424179637157888
1319424262906777601
1319424267105280000
1319424300898783238
1319424327184506882
1319424384977801220
1319424720224149505
1319424745708847105
1319424850138640386
1319424892970860544
1319425093924212736
1319425102291869699
1319425231983906816
1319425257468579840
1319425290532233217
1319425332668256256
1319425672251609091
1319425676383014912
1319425748416036865
1319425769035173888
1319425785682341890
1319425945019797504
1319425978968387587
1319425995582177281
1319425999994560514
1319426184229302272
1319426213488873472
1319426389553000448
1319426444381032454
1319426561653821440
1319426746576474112
1319426901417598983
1319426948024549376
1319426977275744262
1319427052286709763
1319427107471110146
1319427165625122818
1319427249574203393
1319427324790583298
1319427526251499520
1319427560074317825
1319427644019134464
1319427711362715648
1319427929043013633
1319427950400491520
1319428029353922561
1319428046298906624
1319428235541839872
1319367921370451968
1319367988559138817
1319368017466195968
1319368046327287809
1319368139247935488
1319368177365770244
1319368264808542209
1319368319712043009
1319368407930834948
1319368499639312386
1319368630111367168
1319368721970941952
1319368722176507905
1319368784877178882
1319368827541467137
1319368856792715265
1319368932449550336
1319368961708929024
1319369011457626118
1319369296544296960
1319369342740533250
1319369443705749505
1319369460478840832
1319369497988522002
1319369510579785728
1319369532046233605
1319369556876378112
1319369623976857600
1319369678473445376
1319370006833094660
1319370047719170058
1319370085333688324
1319370101951520772
1319370153180672002
1319370182716866562
1319370194284929036
1319370275071418369
1319370517321834504
1319370538721095680
1319370575580725249
1319370811564822529
1319371171943636992
1319371352521007121
1319371359999434753
1319371596063125504
1319371604388802560
1319371725994418179
1319371947403345921
1319371973361885192
1319372134288941068
1319372186528997383
1319372250026373120
1319372287246692352
1319372287636717568
1319372417861496832
1319372543598284800
1319372777930051593
1319372815980781591
1319372870586281985
1319372903872385024
1319372971211882496
1319373164087021572
1319373172982968320
1319373180914466816
1319373356890808320
1319373546011938816
1319373575112036354
1319373646197043200
1319373696155385857
1319373696587452421
1319373713511309312
1319373802170683402
1319373847905193984
1319373859984969740
1319374132866330625
1319374325951172610
1319374338903126017
1319374355575435264
1319374581694558208
1319374649545940994
1319374673755459584
1319374863102963712
1319374879687380995
1319374993361457152
1319375357456297991
1319375453862416385
1319375609148149768
1319375660104749058
1319376101119004672
1319376104570949641
1319376259084742656
1319376397618434049
1319376419135361038
1319376624522039309
1319376636781989890
1319376696726913027
1319376947055611905
1319377018488639488
1319377094833541125
1319377190786633740
1319377219697901568
1319377312790564864
1319377337700569088
1319377425575366656
1319377509205626881
1319377551412895746
1319377588708642821
1319377710876139522
1319377857278316576
1319377857295024128
1319377899665895425
1319377937146195968
1319377983157772288
1319378079484153864
1319378130692235264
1319378146940993536
1319378284883357696
1319378289346031616
1319378310279856135
1319378377921359873
1319378385597042699
1319378411417206784
1319378446158602240
1319378494963568641
1319378578987831296
1319378591340130304
1319378692007657478
1319378797083258880
1319378822349918211
1319378897717387267
1319379087014625282
1319379157898280960
1319379208272023556
1319379284113256449
1319379376069349380
1319379436320350208
1319379545796055081
1319379669116878849
1319379686590451712
1319379716520833024
1319379766265450501
1319379803594739714
1319379921261760519
1319379921739739136
1319380114187161605
1319380126761684992
1319380341078036487
1319380357062496256
1319380533718224919
1319380558443499520
1319380940217585690
1319381111890448403
1319381112318267402
1319381158560489477
1319381343046930433
1319381393143697428
1319381490313154560
1319381645242163200
1319381683649581075
1319381699923464193
1319381804214849549
1319381980195229696
1319382136328171522
1319382177482739735
1319382374531145730
1319382391891382274
1319382471218286593
1319382554693304327
1319382576147140628
1319382588910305280
1319382706229215233
1319382777188540417
1319382844674871307
1319382899347476480
1319382924731551757
1319126385139552258
1319126417263779840
1319126584456998912
1319126614349914112
1319126619185942529
1319126765860573184
1319126828091469824
1319126937927929856
1319127089128361989
1319127114814156800
1319127169155682304
1319127433077878784
1319127646790352896
1319127742508453889
1319127776839061504
1319128062584184833
1319128288414019584
1319128318344560640
1319128562386063361
1319128724814524417
1319128745899294721
1319129063999537153
1319129227468414976
1319129509069815808
1319129659410448384
1319129697091940352
1319129705317097475
1319129769074634753
1319129819624464384
1319129874892689408
1319129899026706432
1319130083672588289
1319130112554532865
1319130221686214657
1319130230720745473
1319130252094955520
1319130322169032704
1319130359653666817
1319130666865446912
1319130746351747074
1319130801699758081
1319131132047380482
1319131237382975488
1319131261995159553
1319131418362966016
1319131656880611330
1319131786937569280
1319131921528590340
1319131953661157376
1319132012637163525
1319132092224180225
1319132399402250240
1319132431694417921
1319132499251924994
1319132545448087552
1319132546597269504
1319132730806980609
1319132805029384193
1319132818040098817
1319132864173264896
1319132872943558658
1319132898310586369
1319133094537035776
1319133136966635520
1319133296542953472
1319133442466926592
1319133459663769600
1319133502248525824
1319133779688968192
1319133858537771011
1319133895762219014
1319133935922794496
1319134072245870593
1319134428627517440
1319134442204479489
1319134450123526146
1319134537658605569
1319134634865688576
1319134835798016005
1319134844484423680
1319134873265803264
1319134923484266496
1319135016283230209
1319135095475896321
1319135289189797888
1319135410182905856
1319135468773101581
1319135536217526277
1319135570564681729
1319135700143403009
1319135724436766722
1319135791768064001
1319135846256312320
1319135851293663232
1319135871044648961
1319136206626738176
1319136219985440768
1319136258283765761
1319136265279664128
1319136328554926080
1319136430568968193
1319136727735373824
1319136783226064896
1319136807313956864
1319136827928817664
1319136891623641088
1319136932333375488
1319136983730499585
1319137114466910210
1319137164043735040
1319137210961170433
1319137322303107072
1319137364464160768
1319137662159089664
1319138027910975491
1319138199051096064
1319138267862794240
1319138343389745157
1319138370904330240
1319138397282205697
1319138439225331716
1319138555436945408
1319138635963199488
1319138682255925248
1319138888208781313
1319138895926362115
1319138917766074368
1319138967766372353
1319139178966183937
1319139202756378624
1319139585012731904
1319139617753468928
1319139677354549248
1319139759936122881
1319139826457735168
1319140008218005507
1319140272266235904
1319140296152748035
1319140888774230017
1319140909947195392
1319141001252884480
1319141370511097856
1319141391792959488
1319141550195150850
1319141566850748416
1319141853267218433
1319141881977196544
1319141940856717312
1319142108742168576
1319142412338384896
1319142519553380354
1319142667259789313
1319143116826357760
1319143220488466432
1319143254609244160
1319143256853102592
1319143362616717313
1319143640682344450
1319143719417753602
1319143793929580544
1319143848594079744
1319143866365140992
1319143929338494977
1319144247870803968
1319144280879923200
1319144348009832448
1319144512401231873
1319144714357133312
1319144756149104640
1319145044167872512
1319145203924520960
1319145262678376449
1319145497223987212
1319145501179011072
1319145518073720832
1319145648768233472
1319145841622396928
1319145849352560642
1319146005837692928
1319146274520768512
1319146392552615936
1319146412945395715
1319146440858488832
1319146483845836801
1319146533892259846
1319146768207020032
1319147231312809984
1319147254603657216
1319147354696679425
1319147422065561600
1319147508124295174
1319147620472741888
1319147801364709376
1319147834952749056
1319147953714569216
1319148148686647299
1319148230974664704
1319148443487657985
1319148500978978816
1319148510151798784
1319148653315907587
1319148702951526402
1319148783142359040
1319148884027789312
1319148898812874752
1319148921361293313
1319149033013846016
1319149037694582784
1319149114425298944
1319149218926227461
1319149269811691520
1319149469196169217
1319149633042567169
1319149680777809922
1319149885023727617
1319149922575290368
1319149957392154625
1319150049516027904
1319150054666571776
1319150161717768194
1319150286817165312
1319150568212959232
1319150657568448514
1319150695082229760
1319150901144227840
1319150907666280448
1319150916277338114
1319150992382803968
1319151077309153285
1319151177594859520
1319151545284513792
1319151559041843200
1319151647919165443
1319151676117270529
1319151694052294657
1319151717343166471
1319151784363986945
1319151788381986817
1319151940580888577
1319152019807064064
1319152103164608512
1319152343519166464
1319152384468156416
1319152436599246848
1319152649275465729
1319153006907109376
1319153047415758849
1319153186611949568
1319153207277441025
1319153244346568704
1319153319445733379
1319153334234849280
1319153357769089029
1319153379508166656
1319153546147864577
1319153636715483136
1319153644659408897
1319153684194930688
1319153755741409281
1319153831855280128
1319153911262044160
1319153924734021633
1319154092623630336
1319154123204366342
1319154356768231424
1319154617926574081
1319154737279766529
1319154871497523200
1319155061277126656
1319155166520672258
1319155177438334977
1319155698220077056
1319155750799872000
1319155888008081408
1319156096913887233
1319156223539892224
1319156317009883136
1319232173086445569
1319232278757822465
1319232379727368192
1319232622111956992
1319232625588908032
1319232734489923586
1319232895261806592
1319232949041115136
1319232957534568449
1319233158878007304
1319233205069897728
1319233263362318337
1319233373198381057
1319233436276711424
1319233669714894848
1319233730251141124
1319233766154354688
1319233868868845568
1319233880700768256
1319233896068845570
1319233943179128832
1319234224365371394
1319234559494467585
1319234597297836032
1319234642541748226
1319234802244112384
1319235008087904257
1319235307150151683
1319235368378601472
1319235541901205504
1319235825993981954
1319235909829627904
1319235918386089987
1319235935742103552
1319236053249740801
1319236170652504067
1319236175249481728
1319236454854242304
1319236668608573440
1319236728427773952
1319236857859899395
1319236891053535232
1319236920950558721
1319236966865653760
1319237088433311744
1319237201721438209
1319237298026762242
1319237344067788802
1319237374837227521
1319237491149303809
1319237818972016640
1319238103924568065
1319238157943164930
1319238317817344004
1319238318580584448
1319238401665581057
1319238753068720134
1319238820194377729
1319238972254670851
1319239106073972736
1319239228354605056
1319239240069357569
1319239278547947523
1319239474849730564
1319239529958678529
1319239531024076800
1319239647168528384
1319239693406511105
1319239835698319360
1319239886608752641
1319239919957626883
1319239936403451905
1319239957983170560
1319240029286313985
1319240046113902593
1319240066095632386
1319240554199150594
1319240603876626432
1319240717408022529
1319240892713070593
1319240943439065088
1319241074230120448
1319241195634233344
1319241253855309824
1319241523159011329
1319241652641263617
1319241723210567680
1319241895307104257
1319242172084985857
1319242205748494342
1319242394190159872
1319242415006535681
1319242452570603526
1319242466432675846
1319242645387022337
1319242650902552576
1319242947821527042
1319243116264738817
1319243199962120198
1319243334154596352
1319243338718056453
1319243526459297792
1319243584894390272
1319243677303250946
1319243737583661058
1319243988210225152
1319243997156659200
1319244089305518084
1319244113447997440
1319244205856903169
1319244419631988736
1319244491887398912
1319244542772715520
1319244671802101761
1319245011125325825
1319245066368475138
1319245074572709888
1319245087595954176
1319245091194765314
1319245150695116801
1319245254642597890
1319245279531569158
1319245355112947712
1319245570377121792
1319245578501541891
1319245582192594945
1319245662253273088
1319245774782402560
1319245779014385665
1319245799952470021
1319245843308961792
1319245859788185600
1319245893128900608
1319245896513703937
1319246038918746113
1319246047198236673
1319246098469367809
1319246219160522752
1319246970339397633
1319216934810980353
1319217088712626176
1319217149592981504
1319217357131231232
1319217378341744641
1319217632881577984
1319217865069920257
1319217956694446080
1319218062420111360
1319218075623845888
1319218162601234433
1319218282747039745
1319218331052802048
1319218387743068163
1319218585215131648
1319218688063582214
1319218761363120128
1319218834851663872
1319218863670788096
1319218866636181505
1319218889226670081
1319218920163840001
1319219182794309633
1319219353007448065
1319219478891237378
1319219499359522818
1319219524319797253
1319219560814313473
1319219606993702918
1319219658227003392
1319219929963442176
1319220229533302784
1319220435251286016
1319220581464723456
1319220751723982849
1319220753137500161
1319220816198930432
1319220941579235329
1319220949011501056
1319221005722685440
1319221037985398786
1319221088069574656
1319221144659070980
1319221213021888512
1319221214423011331
1319221268323979266
1319221282097987584
1319221381020733440
1319221412012359682
1319221716405682176
1319221844822487041
1319221871297048579
1319221873247473664
1319222141934620673
1319222183722405889
1319222341956763649
1319222400664338434
1319222519480672256
1319222802239639559
1319222827350921216
1319222878139809792
1319222981055422465
1319223043374415872
1319223279496953856
1319223532069507072
1319223617985695744
1319223625120141315
1319223625715777538
1319223645655498752
1319224037403406343
1319224044865097731
1319224078121787393
1319224210955341824
1319224243293388801
1319224258053242882
1319224313690677248
1319224455189725184
1319224595212324864
1319224746311991296
1319224786447458306
1319224841539670016
1319224845868191745
1319224976248086529
1319225002424750080
1319225056090882048
1319225112093200385
1319225245421735939
1319225270281342977
1319225361884942336
1319225362287558656
1319225571214282753
1319225667440037888
1319225694170324994
1319225717134135297
1319225881664118785
1319225900412485633
1319226017240809472
1319226062249906177
1319226344144732161
1319226453448339457
1319226478320640000
1319226562009509889
1319226691768754178
1319226800652812293
1319226880403382273
1319226944307814400
1319227027833212930
1319227104127569921
1319227143620939777
1319227170351468545
1319227348806402050
1319227478787981313
1319227552385335296
1319227677744746501
1319227681150558210
1319228154234523649
1319228174102908928
1319228244369920000
1319228262665564161
1319228282387288064
1319228784491532291
1319228876694917121
1319229002033340417
1319229212591607809
1319229303884795905
1319229342686248961
1319229446784778240
1319229745859645440
1319229804592451584
1319229850830385155
1319229924738215936
1319229941771272192
1319230154678427648
1319230190417891332
1319230336765775872
1319230442835501056
1319230454244016128
1319230533075898370
1319230718543876096
1319230722247413760
1319231036459536384
1319231151442153475
1319231192261066753
1319231359223795713
1319231364227620864
1319231371567648771
1319231405528879106
1319231410452992001
1319231425644810253
1319231452727382018
1319231829866590208
1319231905577996288
1319231930626396162
1319156508559511552
1319156521280864256
1319156667012026369
1319156823526567937
1319156933194969088
1319157003915329536
1319157185394429952
1319157209851437056
1319157249542029322
1319157326247567368
1319157523123892224
1319157535916675074
1319157758277513216
1319157794818277385
1319157813994717184
1319157889202872326
1319157914028789760
1319157914536341504
1319158032379441152
1319158271459033088
1319158353097072641
1319158417416736768
1319158424869851136
1319158898830368770
1319158988441702400
1319159042485460994
1319159178787774464
1319159338607456261
1319159413769269250
1319159553590726656
1319159629692231682
1319159770427908097
1319159802304491521
1319159821447262208
1319160036304834568
1319160165036326913
1319160300608905216
1319160558088802309
1319160586622545920
1319160651542122497
1319160678909833216
1319160702515384320
1319160743271563264
1319160747927261186
1319160768508678145
1319160968367267840
1319161012193349632
1319161050130903041
1319161146562252800
1319161284617752576
1319161366171713536
1319161504076386304
1319161557339807744
1319161705545555969
1319161784973037568
1319161856951504896
1319161983913033728
1319162071859146752
1319162115836530688
1319162275597516800
1319162352214880258
1319162470406230021
1319162474705285120
1319162615046787072
1319162652350885890
1319162669316902913
1319162723142258688
1319162791320760326
1319162929137225729
1319163098356346881
1319163211619299328
1319163219383037952
1319163255852584962
1319163505673670656
1319163596472025088
1319163638633144320
1319163752546242560
1319163781331734528
1319163841666674690
1319163870674481152
1319163905071960064
1319164241765597184
1319164254260498433
1319164428030332933
1319164432287633409
1319164556795629568
1319164849637576709
1319164976829886466
1319165024741380096
1319165073277870080
1319165110015975426
1319165128953139200
1319165320217542656
1319165342266998784
1319165373892251650
1319165405269684224
1319165429764575233
1319165446873034754
1319165728692424704
1319165797881741312
1319165967381872642
1319166003427876864
1319166089130016768
1319166172538015744
1319166177986400256
1319166185146023937
1319166359213920256
1319166540961488899
1319166569482575872
1319166654560034816
1319166669944623104
1319166725904986113
1319166771027476481
1319167024522694656
1319167304261791744
1319167519257710592
1319167711663054848
1319167788649504768
1319167810656894976
1319167840939892737
1319167944824410112
1319167962121633793
1319168057231740928
1319168094196162562
1319168117134794754
1319168454453317632
1319168465832497160
1319168594916278273
1319168603984375809
1319168763024080897
1319168836885606400
1319169113139388416
1319169191102967812
1319169303179124736
1319169330433552385
1319169348158750720
1319169385773199360
1319169414038720512
1319169461694283778
1319169514379104262
1319169628392796160
1319169646423994368
1319169699066818560
1319169706692087811
1319169738178809856
1319169786459324417
1319169848165994496
1319169853647826950
1319170071353303041
1319170143893807105
1319170177758580736
1319170245874061314
1319170277557694464
1319170452842053633
1319170504062849026
1319170692949180416
1319170799635361797
1319170880992387074
1319171071434698752
1319171117571948545
1319171288351543298
1319171582363840519
1319201834830090240
1319201874428514307
1319201900697366528
1319201966459793409
1319202152573816832
1319202426658971648
1319202500411576320
1319202628560166912
1319202702941954048
1319203098569674752
1319203177934323713
1319203189510471682
1319203409535201281
1319203601152155648
1319203685264744448
1319203777065385984
1319203868266422273
1319204151377575936
1319204193618423809
1319204295821189120
1319204312925560832
1319204326464753665
1319204375517167617
1319204487651856385
1319204772977672192
1319204864224759809
1319204881329233922
1319204895438884866
1319204912186691584
1319204942779994112
1319205494788026370
1319205508142616576
1319205583094992896
1319205702397734913
1319206035371053057
1319206176018604032
1319206193953427456
1319206370328121349
1319206484849258497
1319206554395181057
1319206639594033152
1319206698909896757
1319206750373949440
1319206778412945408
1319206817382137856
1319207026707337216
1319207154486685696
1319207172123877376
1319207443621171201
1319207602883002370
1319207624466837507
1319207772630753280
1319207865412968450
1319208134930534401
1319208141360402433
1319208363079700480
1319208848528449536
1319208855847510018
1319209096634077185
1319209183179427840
1319209594095390720
1319209613343051776
1319209723070156800
1319209756549144576
1319210092890255360
1319210339133722625
1319210468561608704
1319210544533000193
1319210585049960449
1319210597372825600
1319210603928457217
1319210770442452993
1319210826423627776
1319211292666757121
1319211421729632256
1319211467896401920
1319211541707821056
1319211577975861250
1319211589166354432
1319211675594227712
1319211696578330625
1319211871656763393
1319211971485536256
1319212012484833280
1319212170538868736
1319212443168575489
1319212720701513734
1319212865216237568
1319212868710092800
1319212876704382978
1319212877635448832
1319212912364355586
1319212935634444288
1319212959663558656
1319213013795278848
1319213018941706241
1319213039984455681
1319213052919795714
1319213209711161345
1319213353701675008
1319213488515010560
1319213508723154945
1319213626885013510
1319214395831050244
1319214502613819392
1319214659224899586
1319214792809324544
1319214828104372224
1319214845586264065
1319214955544141824
1319215005276000256
1319215093352140800
1319215206350860294
1319215558651486208
1319215588808531977
1319215682404421632
1319215804622262275
1319215848406585345
1319215885119348742
1319215937380405254
1319216066443284481
1319216213235503105
1319216243216449536
1319216286451273728
1319216301831819264
1319216553611636736
1319216754133000193
1319216755768762368
1319216840942505985
1319171617784725504
1319171741504004096
1319171943162142720
1319171970232176640
1319172296351731712
1319172409044443136
1319172419878309888
1319172442607259648
1319172533925675010
1319172578754383872
1319172664175529984
1319172829640704000
1319172887857623040
1319172986927284224
1319173038148112385
1319173202044661760
1319173220621291520
1319173243777945600
1319173306944155648
1319173368038395905
1319173518416752640
1319173675682156544
1319173694384672769
1319173742325493762
1319173756229767169
1319173991815237634
1319174044407611394
1319174155313598464
1319174297659854849
1319174362520555521
1319174495412776966
1319175138848419840
1319175256146386945
1319175299968413696
1319175534551560192
1319175550066360322
1319175643653787648
1319175909493014528
1319176198510022657
1319176282584788996
1319176305338875904
1319176411525992448
1319176612349431809
1319176615272865792
1319176739151663106
1319176838267179008
1319176839559086080
1319176918084644864
1319176931842150403
1319176979967430657
1319177045893652483
1319177061559394304
1319177263431122944
1319177383803555841
1319177574774411264
1319177642638278656
1319177643716186114
1319177687634644993
1319178061066231808
1319178404038643712
1319178434593976321
1319178557147500550
1319178644430913537
1319178756204957696
1319178849175863296
1319179037126918146
1319179241661984773
1319179338974171137
1319179476593479681
1319179525633175552
1319179568448585728
1319179575885115392
1319179656084525056
1319179812280258560
1319179897026211841
1319179928718409730
1319180138567880704
1319180188387889154
1319180327915409408
1319180444886274050
1319180532429848576
1319180632736616449
1319180643461435393
1319180786843766784
1319180889860038659
1319181044533395456
1319181202151100416
1319181493579776002
1319181661570031616
1319181680876335105
1319181822438289408
1319181830634000384
1319182035252998144
1319182215897645057
1319182383220887552
1319182495863214080
1319182555594121217
1319182565165715456
1319182852018348032
1319182916388331522
1319183204058710016
1319183326016487424
1319183369217970176
1319183452323876865
1319183529897590784
1319183567805685765
1319183611430621185
1319183623229157377
1319183651196882945
1319183754238148609
1319183811771584514
1319183846298898433
1319183848446504960
1319184027706937344
1319184238483263488
1319184239817052161
1319184336957050884
1319184470080192512
1319184711583997953
1319184807423856642
1319184969017810944
1319184982288568321
1319185121698721792
1319185436313587712
1319185475408515072
1319185558216740864
1319186034849177600
1319186092512272391
1319186184493584384
1319186269214330880
1319186307587817472
1319186365288939520
1319186415117340673
1319186437728763904
1319186449720315905
1319186680658731008
1319186768541880325
1319186915589980162
1319186939057143812
1319186987501301761
1319187052982718464
1319187071219634176
1319187597944553472
1319187849737048065
1319187916128649217
1319188183465164800
1319188263807164419
1319188273915260929
1319188439342993408
1319188553176330240
1319188690346758145
1319188854587445250
1319188870966161408
1319188887646982146
1319188921612468224
1319188974670262273
1319189137107419136
1319189166819889154
1319189352187121665
1319189369048109057
1319189646358827008
1319189690872836097
1319189723609321477
1319189878941179904
1319189984419606531
1319190089885364225
1319190092414504962
1319190364272488448
1319190499090116608
1319190559962091525
1319190737020477443
1319190887499329537
1319190923767631873
1319190945288622080
1319191128533553153
1319191177837514753
1319191318443143169
1319191654377684992
1319191904823595008
1319192125678944257
1319192248622354432
1319192675053174784
1319192682254663680
1319192729637834752
1319192733584707584
1319192809107189760
1319192848399556608
1319192853042573314
1319192948647612419
1319193456955346949
1319193485539528704
1319193539809509376
1319193729761247234
1319193744021819393
1319193791941795842
1319193817963204608
1319193971525079040
1319194021760323584
1319194067453005827
1319194129327443968
1319194240551976962
1319194272772640769
1319195294953766913
1319195318748065794
1319195391561256960
1319195426076188673
1319195575116533766
1319195576009973760
1319195609933377536
1319195673435246593
1319195710827433985
1319195887265058816
1319195890389819392
1319195899038519296
1319196015820369921
1319196360676171777
1319196585914413061
1319196720824262656
1319196793691901953
1319196794501386240
1319197019878064128
1319197082591371269
1319197246986989568
1319197311587602432
1319197479284305921
1319197489132691458
1319197642375692288
1319197821896065024
1319197849033330688
1319197860269752322
1319197871908900864
1319197912124063744
1319197923968778240
1319198133419712512
1319198358439927808
1319198556260093953
1319198692277055489
1319198721423380482
1319198766067580929
1319198924339556352
1319199172935979011
1319199304356159489
1319199328838320128
1319199349616766981
1319199552323358726
1319199666395701249
1319199739959824385
1319199968775839745
1319200174393221122
1319200247915003904
1319200327837515776
1319200374880980998
1319200518099656709
1319200932463165442
1319200941573349377
1319200984489463808
1319201092006252545
1319201261485522945
1319201295929049089
1319201356041887746
1319201365789265921
1319201435452661767
1319201438464094209
1319201484203040768
1319201620719185922
1319201802663899136