1319443435468640257
1319443435632365568
1319443590448357376
1319443665979428866
1319443724712239107
1319443749945135106
1319443930027593729
1319443941683585024
1319443997564293120
1319444080875786246
1319444132104908800
1319444257510281219
1319444467535892481
1319444479645016071
1319444563661127681
1319444689460686848
1319444848819265538
1319444991471738881
1319445008051679232
1319445092206166018
1319445113177686016
1319445133805355016
1319445159113682946
1319445817564905472
1319445855267516416
1319445859612884992
1319445952437125121
1319446094296875009
1319446220344070145
1319446350145216513
1319446375445286912
1319446389286445061
1319446467782668288
1319446535000616960
1319446719353020416
1319446845219770368
1319446910239985664
1319446959703339009
1319447021225267205
1319447084815187969
1319447089533706240
1319447096932663296
1319447239501271049
1319447294039580672
1319447428152676352
1319447520456695809
1319447524785127430
1319447591604670471
1319447600324640776
1319447604242059267
1319447608214028288
1319447683808055297
1319447750421979136
1319447965040300032
1319448036225863680
1319448069969113089
1319448145303142400
1319448166408818690
1319448229419810816
1319448283954151424
1319448489349218315
1319448505493168129
1319448543707467776
1319448578604097536
1319448731209633793
1319448940798857219
1319448992539836417
1319449034613022720
1319449043358130176
1319449170344841216
1319449186883014657
1319449204104646657
1319449206856232964
1319449228758765568
1319449267443040258
1319449370312495104
1319449441594724355
1319449584146411520
1319449659278913538
1319449696868421633
1319449797888180225
1319449873272524800
1319449884852850691
1319449898534699009
1319449919481016320
1319450108107362304
1319450135844315137
1319450198024855552
1319450199081709568
1319450490405593100
1319450497875546112
1319450553026576386
1319450584437620736
1319450616305942530
1319450620009549824
1319450867519623168
1319450926269202435
1319451039385354240
1319451060600123394
1319451152149286913
1319451291089801217
1319451500884774912
1319451559592247296
1319451643339886593
1319451781739368448
1319451857387950080
1319451907593818112
1319452016729575429
1319452247290486784
1319452272439549955
1319452352345264128
1319452402571935745
1319452486521049089
1319452569673019392
1319452721267822592
1319452880663838720
1319453005578633216
1319453061111308290
1319453207781728262
1319453304380850177
1319453308046684160
1319453358696980480
1319453396588351488
1319453501559394307
1319453512758185984
1319453589534855168
1319453719533133825
1319453849611063298
1319453962865676289
1319454034097590273
1319454059171119104
1319454231255044098
1319454272925265921
1319454289899651072
1319454348674502658
1319454366353575938
1319454402927710208
1319454428332761090
1319454533316128770
1319454558242918403
1319454659115876352
1319454688501288960
1319454830587498498
1319454860513824775
1319454940201472000
1319455074431586307
1319455099484254209
1319455126441152512
1319455136171917315
1319455166580596741
1319455170703593473
1319455216933179395
1319455246213632002
1319455250508546050
1319455321534976000
1319455325972500482
1319455347367677954
1319455372126654464
1319455388933259265
1319455481061060609
1319455506331701248
1319455622769856513
1319455665522417665
1319455699190059008
1319455710674124800
1319455778860900354
1319455825166032897
1319455900567031814
1319455955143147522
1319455967818416129
1319456061859004419
1319456072642433026
1319456118725201922
1319456135485771776
1319456152246194177
1319456206839218176
1319456219212505088
1319456550788976640
1319456578634981378
1319456609509249024
1319456622050201600
1319456643445190659
1319456814946287616
1319456993686347777
1319457001957675008
1319457041371459585
1319457062376583170
1319457525524320258
1319457540573310977
1319457641257562112
1319457712464404480
1319457829946871809
1319457945357340673
1319458018715525125
1319458102559731712
1319458363126784000
1319458404579069954
1319458605930745858
1319458652022067200
1319458740127584256
1319458807098019847
1319458983384678400
1319459000153407490
1319459029572345857
1319459100795703296
1319459159331508225
1319459296468455429
1319459335924293632
1319459507622301697
1319459507748114440
1319459574701805571
1319459621006938122
1319459721636663296
1319459738493571072
1319459897818447872
1319460149287964672
1319460187137314816
1319460396932227074
1319460464028336134
1319460518357323777
1319460539555340288
1319460568831463425
1319460627572817921
1319460694635520000
1319460786910203909
1319460807906893825
1319460858205032448
1319461080440164353
1319461185327108096
1319461558989299712
1319461781090217989
1319461792402280448
1319461885989801984
1319461952960147457
1319462002167828481
1319462074586640384
1319462116399656962
1319462204622753793
1319462347124211712
1319462389289488389
1319462408964825088
1319462586451046400
1319462879981150208
1319462896674459649
1319462900981993472
1319462938592378880
1319463022390370304
1319463202376290309
1319463211196993538
1319463395696037895
1319463458547654656
1319463592937205763
1319463671274360833
1319463685123796992
1319463718594531328
1319463752224342022
1319463773233709058
1319463806712598528
1319463886425329665
1319463894822326274
1319463974618820608
1319464028582735872
1319464121469964294
1319464205423095811
1319464226134523904
1319464326953054211
1319464403427799041
1319464708592852994
1319464733800648705
1319464897235746816
1319465060931129346
1319465115507458049
1319465129491169282
1319465241323995136
1319465260433231879
1319465270256168960
1319465274765201408
1319465295585697792
1319465295849938945
1319465308441268225
1319465346194178049
1319465346693120000
1319465513848811525
1319465526385664000
1319465533868265472
1319465782271602688
1319465899817140225
1319465945870585859
1319465991949017088
1319466142755414017
1319466155631874062
1319466214335401992
1319466231267610624
1319466243792011270
1319466245654282241
1319466403066511363
1319466421550800896
1319466457726656512
1319466516308439041
1319466637477761024
1319466658944212992
1319466734735286273
1319466830906281984
1319466876863500289
1319467254623469568
1319467376094621698
1319467522886754304
1319467858548740096
1319467946603851777
1319468047367798784
1319468064887296001
1319468173050191874
1319468194147586048
1319468294609489922
1319468307339186177
1319468340813836288
1319468470921199616
1319468638655684611
1319468646188679169
1319468823196667904
1319469162968895490
1319469200696639489
1319469230232928257
1319469322427895808
1319469510924079106
1319469641140490240
1319469788054380547
1319469834086789120
1319469876138868741
1319469950826938368
1319469972435992577
1319470089847099394
1319470186471149568
1319470203181256705
1319470236672851970
1319470245233463298
1319470337889894401
1319470568085852160
1319470648159330305
1319470815620968448
1319470849179660288
1319470886873976832
1319470920197672960
1319471012824580096
1319471079707074560
1319471167883935745
1319471201484406784
1319471230769049602
1319471332158021632
1319471453171953665
1319471482330877952
1319471583136829440
1319471700615045123
1319471817195569152
1319471952269086722
1319472203897860101
1319472269396234243
1319472271094894597
1319472346491650050
1319472375877062656
1319472468147556353
1319472619335208960
1319472681918648326
1319472789368107009
1319472912815001601
1319472946281435136
1319473003814584324
1319473046516686848
1319473088803803138
1319473134429372416
1319473171230195713
1319473319578656768
1319473336334884865
1319473588064366593
1319473627696402438
1319473768301948928
1319473817484480513
1319473844034375683
1319473894135246849
1319473961164472320
1319474157927731200
1319474259081764864
1319474313406205953
1319474363926708225
1319474435448016896
1319474447791853568
1319474510903599111
1319474535230558208
1319474540234375172
1319474812641738752
1319474825270706176
1319474875560566784
1319474900868841474
1319474943428415489
1319475787335045120
1319475789918838785
1319475810852634630
1319476046014590978
1319476176054849537
1319476209231777793
1319476218484477952
1319476259647270914
1319476477868625921
1319476498781343744
1319476528229584901
1319476537356288001
1319477090249564162
1319477123220996096
1319477158088220672
1319477199339126787
1319477400019795969
1319477463400022016
1319477635093843968
1319477742442872832
1319477908168204288
1319478004867911681
1319478063483244551
1319478087470313472
1319478090318348290
1319478109263982597
1319478166428188673
1319478256140247048
1319478321596502016
1319478344677609472
1319478486692581376
1319478518464434178
1319478533069197312
1319478746995322880
1319478759762919434
1319478767849537542
1319478902146912256
1319478971298447361
1319479019696476160
1319479078437720065
1319479144720207874
1319479166102896641
1319479531493732353
1319479592424513542
1319479732598116354
1319479740949057537
1319479782942380034
1319480093308223489
1319480185620750336
1319480194130939906
1319480210736123915
1319480244575883270
1319480567549874181
1319480575875481600
1319480581583892481
1319480680674291713
1319480689121779712
1319480709858414593
1319480823394029568
1319480890171576321
1319480955086790656
1319480978285326340
1319480982538493957
1319480995226087424
1319480999168872448
1319481091527380992
1319481175040208897
1319481204882722821
1319481318368051201
1319481372696825862
1319481410432847874
1319481464552030209
1319481989225795585
1319482010046320640
1319482014475628548
1319482156926836737
1319482433788588033
1319482446426112000
1319482660281110532
1319482840573186050
1319482840862486530
1319482907950448640
1319483192949280768
1319483255905603585
1319483277099544578
1319483361119830018
1319483373639901186
1319483482364661760
1319483608168476672
1319484107450101760
1319484150332727296
1319484182855372800
1319484209325576193
1319484308613074946
1319484341932707841
1319484430302531584
1319484472354484226
1319484552293724162
1319484713816514560
1319484740752297984
1319484753226117120
1319484757739245569
1319484868762402816
1319484870750593024
1319484942057902080
1319485021674213376
1319485025784524800
1319485076179193856
1319485181460439041
1319485227174121472
1319485390915399682
1319485420330274816
1319485533349883907
1319485570641547266
1319485583597719552
1319485587787780096
1319485596738355201
1319485666770612224
1319485738652753921
1319485814481498112
1319485978323681282
1319486033055055873
1319486168551968768
1319486200382709760
1319486389336051712
1319486879721508864
1319486909500944384
1319487127407759360
1319487142477914112
1319487278612238337
1319487286791360512
1319487336904876032
1319487337236148224
1319487338272092160
1319487357528178689
1319487362024591360
1319487446304714752
1319487500604346368
1319487593134714880
1319487605361131520
1319487722868846592
1319487819467862017
1319487907023982593
1319488087957725184
1319488104332394496
1319488175891386371
1319488176336011266
1319488204546899982
1319488246955581440
1319488264051503104
1319488322612436997
1319488358800736256
1319488440279334912
1319488444502921216
1319488540720328705
1319488670588497922
1319730388718108672
1319730610596884484
1319730644268863488
1319730649322967041
1319730745963769856
1319730833364664321
1319730886531813389
1319730967641231360
1319730976654823426
1319730993889239040
1319731245077700610
1319731321195954179
1319731449948504064
1319731454142783490
1319731526058299396
1319731638805422082
1319731726827081728
1319731854795296769
1319732167128326145
1319732280525373440
1319732371931959302
1319732418983546881
1319732419684163584
1319732502404227072
1319732509459046400
1319732544552734720
1319732605391114243
1319732687448371200
1319732738140835841
1319732750086246404
1319732889265803264
1319733092693757954
1319733165267718149
1319733341990551553
1319733446776741888
1319733450417557504
1319733488090779648
1319733576208961540
1319733685235666952
1319733685881606148
1319733686070202368
1319734008218112000
1319734156205539328
1319734335939833856
1319734427182825473
1319734444404637696
1319734811301453824
1319734822537850880
1319734865504423938
1319734889055387659
1319734889932050438
1319734937373859840
1319734986027696128
1319735119901503490
1319735172632350722
1319735560345321473
1319735594155610112
1319735862331101187
1319735874838536195
1319735912461438976
1319735937522454538
1319735969071808512
1319736001267331072
1319736055440965635
1319736201658683393
1319736240632025088
1319736382974234626
1319736390754684928
1319736395762728960
1319736580085633024
1319736684485853184
1319736743566794754
1319736973347573761
1319736986299715589
1319737028024672256
1319737113026330625
1319737120680931328
1319737124652945408
1319737179808071683
1319737267695607810
1319737275689824256
1319737397991571456
1319737469194174465
1319737481785450496
1319737666196426759
1319737769128824837
1319737799931670528
1319737817258340352
1319737905082978307
1319737922535497728
1319738185811939328
1319738211082461184
1319738257442140160
1319738303592026112
1319738311611731969
1319738546345869312
1319738546391900160
1319738606005702656
1319738698015989760
1319738709768429569
1319738818501685250
1319738928279310336
1319738962525757443
1319739091991232512
1319739133825265664
1319739327530885124
1319739344144470019
1319739385206636544
1319739402000752640
1319739444157612038
1319739482048901121
1319739502672465927
1319739591260340232
1319739632679030787
1319739637204594688
1319739751021379585
1319740006416764936
1319740078181105664
1319740215972515842
1319740434327965703
1319740467399913473
1319740539114344451
1319740547603496961
1319740673042632704
1319740685969461249
1319740711252668416
1319740752910569472
1319740828563214337
1319740866521649152
1319740946121060372
1319741042418196481
1319741148102074370
1319741235620270080
1319741273595695104
1319741332508839943
1319741403019268096
1319741436582047745
1319741629587226624
1319741672020975619
1319741708733681665
1319741948001964034
1319741961469833221
1319742191321804800
1319742326395293696
1319742372566192129
1319742480905097216
1319742493903089664
1319742863060594688
1319742870945996807
1319742892110479365
1319743093806161921
1319743127318532096
1319743131797975041
1319743215864586240
1319743235993047040
1319743244230512641
1319743302888001536
1319743438099800067
1319743470777569284
1319743533302112256
1319743718967136256
1319743814433734657
1319743970386247680
1319743986664259586
1319744116985614342
1319744166692257794
1319744326902087681
1319744377250598914
1319744385840533505
1319744402101833734
1319744619748339712
1319744620520038400
1319744691370340363
1319744759494144000
1319744792469929989
1319744959789043712
1319745076965396481
1319745140450336769
1319745144296329216
1319488729786925063
1319488737789632513
1319488754948534278
1319488758933295104
1319488796795219968
1319488867188281344
1319488880408621057
1319488943230865408
1319488993982033921
1319489048608604166
1319489140510117891
1319489149108445185
1319489161510875136
1319489178602631171
1319489304465387520
1319489333745909760
1319489392436781056
1319489647907487744
1319489765729882112
1319489799108071428
1319489900002070531
1319489967089909760
1319490172489089026
1319490195889115138
1319490289833304064
1319490290072375297
1319490420049661952
1319490680205574144
1319490926683762689
1319490981880889346
1319491003103969280
1319491040936628224
1319491061635481601
1319491124260720640
1319491497549533184
1319491552339726340
1319491573336322049
1319491602952368128
1319491720246153216
1319491782946611200
1319491854027587584
1319491979936518144
1319492051570987008
1319492105924915200
1319492131250003973
1319492206718222341
1319492483265531904
1319492821678784512
1319492840448086017
1319492869137158144
1319492873381961728
1319493133596491776
1319493259362586624
1319493305495744512
1319493314215702528
1319493339826171906
1319493343345246209
1319493439805939712
1319493552636768256
1319493649651044352
1319493896997654528
1319494073292607488
1319494085976199173
1319494105798299649
1319494198907834369
1319494207506018304
1319494286841421824
1319494345335078913
1319494387915739136
1319494500801273858
1319494555775926273
1319494622587084803
1319494736030404608
1319494752644042752
1319495416728018944
1319495658533908480
1319495734228561920
1319495767720136704
1319495767942418433
1319495868316254208
1319495889262501888
1319495968891482115
1319496106691133441
1319496145140215808
1319496149364080640
1319496187280502784
1319496380226953222
1319496429295955969
1319496446895222784
1319496447029440512
1319496476599332864
1319496510476791815
1319496560095494145
1319496661052411904
1319496665129275392
1319496758519427072
1319496971267158016
1319497042801184770
1319497139169312769
1319497177547329536
1319497504199761920
1319497512428793861
1319497550127386625
1319497575905415168
1319497675960705025
1319497747339399168
1319497852343754752
1319497982358716418
1319498267907018752
1319498456487108608
1319498548430426112
1319498653044772864
1319498704106106880
1319498926064652288
1319498967642669058
1319499215287029760
1319499341405384704
1319499358312726532
1319499462708842497
1319499577792278528
1319499626236440576
1319499643529711617
1319499756457033728
1319499882265128960
1319499972698488832
1319499987034714113
1319500075240845312
1319500092475310080
1319500154806931457
1319500213401362432
1319500272343842817
1319500314224021504
1319500314400096256
1319500419241025541
1319500527999254530
1319500561624879107
1319500671423447040
1319500700431384576
1319500738192605184
1319500947517771777
1319500952047652864
1319500981319524352
1319501141055590400
1319501148915728384
1319501182897848320
1319501199721324550
1319501296127401984
1319501341484613634
1319501388016177152
1319501392294432768
1319501472078450689
1319501689016045568
1319501752706752512
1319501778203906049
1319501914325848064
1319501916737593345
1319502038234025984
1319502054734336001
1319502063387201536
1319502160237789186
1319502193964318721
1319502222644969472
1319502226872619008
1319502272800256001
1319502290160500738
1319502340123205633
1319502378127790082
1319502418028224512
1319502449330311168
1319502463624310784
1319502587440267266
1319502658902831104
1319502691157090304
1319502793426698241
1319502864864083968
1319502881347850240
1319503074608574464
1319503103285207041
1319503107743641600
1319503107282317312
1319503116673363968
1319503204376317952
1319503273699741697
1319503308898304000
1319503346701635584
1319503409502949376
1319503451861168128
1319503544035299330
1319503644895662082
1319503662096502784
1319503678215258112
1319503774319316992
1319503783320113152
1319715339521974272
1319715352109002752
1319715356148174848
1319715364624912385
1319715394328940545
1319715444924755969
1319715490890121218
1319715553343307776
1319715780230041605
1319715897213394947
1319716124360134656
1319716165401411584
1319716245772484608
1319716266681184256
1319716291662516225
1319716304106999808
1319716572483780608
1319716623423516675
1319716656965406720
1319716685780295681
1319716753258254337
1319716832996188165
1319716841539948545
1319717009261621248
1319717009521840128
1319717067994533888
1319717109929226241
1319717122357010432
1319717218909851650
1319717398782435329
1319717479053205509
1319717491602558976
1319717570593890306
1319717625853857793
1319717642270351361
1319717663761928193
1319717739196567552
1319717742518407172
1319717759706664961
1319717810386460674
1319717893840326656
1319717914791038976
1319718053849030664
1319718082999353345
1319718393323335681
1319718460843347968
1319718464236507137
1319718921738555393
1319719139813040131
1319719173962919936
1319719400098779136
1319719504771993601
1319719596564369410
1319719638805192704
1319719750780489728
1319719831512489985
1319719852161064960
1319719978359279616
1319720070709350400
1319720196286812160
1319720326842994689
1319720356123430915
1319720397672239110
1319720423265869828
1319720549023711233
1319720880235229184
1319720888451932160
1319720930508181504
1319720981435457542
1319721031251050496
1319721035613208577
1319721056274423812
1319721184318152704
1319721509342957569
1319721676859465730
1319721890949320707
1319721991750873089
1319722030061834245
1319722532413403136
1319722587874877442
1319722650042851329
1319722692627599360
1319722831471587329
1319722839658823681
1319722878368010240
1319723041455280129
1319723044726857728
1319723077962485761
1319723136682582017
1319723250314772482
1319723331386544130
1319723409295708161
1319723540132790273
1319723669443235840
1319723707070357504
1319723753098629122
1319723757724893184
1319724126525968384
1319724168586428416
1319724183694180352
1319724185904533504
1319724249624551426
1319724279777341447
1319724286400188422
1319724373868269575
1319724375185235968
1319724432743608320
1319724445414662149
1319724516868849664
1319724545843056640
1319724617473327104
1319724873476866054
1319724990565175301
1319725011788288010
1319725016020385795
1319725124866760704
1319725444095221760
1319725473300176902
1319725532188213254
1319725825399377920
1319725942990917633
1319726164248768512
1319726164609552389
1319726169076518912
1319726450296164353
1319726467568132096
1319726497234563078
1319726643506806787
1319726772909273089
1319727004703465481
1319727008771903490
1319727059233636352
1319727633127624706
1319728368468672513
1319728388270100481
1319728421287714816
1319728427218268160
1319728450622660616
1319728472097492992
1319728522101968896
1319728635264327680
1319728778306871298
1319728840969752576
1319728942199177216
1319728975007002624
1319729033785962496
1319729113805037571
1319729218268389378
1319729313781063686
1319729516101562368
1319729553829408768
1319729616744075266
1319729872869076992
1319730024258437120
1319730048895778821
1319730104277192705
1319730191745183745
1319730225199140864
1319730233675780098
1319685065689886721
1319685102415319045
1319685208346677255
1319685321399861257
1319685497501908992
1319685564266958848
1319685614741213186
1319685627219247104
1319685653995585538
1319685790482378753
1319685820215922688
1319685929083219969
1319686441299968000
1319686495142252544
1319686596178788352
1319686689401589761
1319686730090377216
1319686758565662720
1319686872495513600
1319686977277595655
1319686994256142336
1319687015743586304
1319687120907190272
1319687195658211333
1319687288528556034
1319687330089881602
1319687338872639489
1319687455889555461
1319687602405068800
1319687636403908608
1319687653164535809
1319688030496706560
1319688030727204865
1319688043520020480
1319688056211861504
1319688086964609027
1319688160360734720
1319688214811127814
1319688397435277312
1319688472165310466
1319688496609521664
1319688596706758656
1319688881697075200
1319688919798120451
1319688928270700544
1319689091923857408
1319689129693728771
1319689292810231814
1319689351312322560
1319689376822157313
1319689440290344963
1319689465074487297
1319689632511152129
1319689738148667392
1319689947478069249
1319690085890248704
1319690110724702208
1319690136041345024
1319690262524747776
1319690274973638656
1319690358406565890
1319690533955129344
1319690580285415433
1319690606575276032
1319690761068269570
1319690820149272577
1319690915900948485
1319690983102033925
1319691092191752193
1319691093131350016
1319691113565949953
1319691139075768326
1319691213746900997
1319691327299293185
1319691339714408454
1319691436581945345
1319691603834032129
1319691684330958849
1319691882662928384
1319691922823245825
1319691990288814082
1319692002922012674
1319692087395319808
1319692212247187456
1319692338269163520
1319692362952495104
1319692379910266886
1319692405340315649
1319692435111510016
1319692449858670593
1319692598475448320
1319692887236423680
1319692984296873985
1319693084331024385
1319693198621626368
1319693256553267200
1319693541640146946
1319693612901433347
1319693696653234176
1319693892141404160
1319693919517540355
1319694188502396928
1319694213039202304
1319694305313763329
1319694522624991235
1319694594926313472
1319694724312215553
1319695278883151875
1319695286466326528
1319695303180611584
1319695412551426048
1319695483762176001
1319695538854547457
1319695627048177665
1319696298036035591
1319696298250031106
1319696306055663616
1319696523828002816
1319696632775135233
1319696674793623553
1319696729382383616
1319696937709338626
1319696964351627265
1319697018642628608
1319697308502601729
1319697384151146496
1319697443244691462
1319697446507892739
1319697466942541825
1319697518494613509
1319697644101472256
1319697786246397953
1319697824423038977
1319697837194526720
1319697862415028227
1319698084683722753
1319698541376196608
1319698641985044482
1319698675665424384
1319698810252218368
1319698939583627265
1319698997595021315
1319699166633877505
1319699229246410755
1319699233306480640
1319699384121085953
1319699414147944448
1319699615642456071
1319699867187482630
1319699883268296704
1319699896442753027
1319700003791593472
1319700084456476672
1319503820792233987
1319503836852125696
1319503879143211008
1319503954972004352
1319504001151520769
1319504232546848768
1319504278839562243
1319504374301773824
1319504445667852288
1319504454585036800
1319504458212986880
1319504530078339072
1319504617584152581
1319504728968122368
1319504812212277250
1319504866113445890
1319504877589090309
1319505082988126213
1319505280170942464
1319505339289534466
1319505495103766528
1319505636632219648
1319505687051948033
1319505717309702144
1319505812935610369
1319505939062378496
1319505981538185217
1319506101365329920
1319506253643616256
1319506342093049856
1319506366734753793
1319506594707640320
1319506656405999616
1319506778346967040
1319506778506276865
1319506807677767681
1319506874245537793
1319507164751417345
1319507222540464129
1319507260528336897
1319507285069053952
1319507449280299010
1319507540938469377
1319507646085476353
1319507683427405825
1319507683687452673
1319507726414827520
1319507797449519104
1319507860447916035
1319507965343399938
1319508052639424512
1319508099376373762
1319508258068041728
1319508279475699712
1319508279878471681
1319508317513932800
1319508405149704194
1319508452033630209
1319508539149352960
1319508548141912064
1319508560892624898
1319508760612712450
1319508799661707264
1319508837842493440
1319508842288381953
1319508981728030722
1319509005648252929
1319509025881387009
1319509092759707649
1319509122308505600
1319509168416542721
1319509211076722688
1319509219704328199
1319509264692461568
1319509626094678016
1319509747549097985
1319509747993923585
1319510020342468610
1319510033315528704
1319510075266924544
1319510347523497986
1319510374388060160
1319510431174709249
1319510468625637377
1319510481934143489
1319510498883362816
1319510561684475904
1319510581792051200
1319510599425052672
1319510641384824832
1319510681977262082
1319510699643580416
1319510708095209472
1319510809169506304
1319510892120297472
1319511077273669632
1319511085460779008
1319511177974714368
1319511181946736641
1319511194655404032
1319511295645880321
1319511392009924609
1319511555017478146
1319511601758629888
1319511789692882949
1319512016764194816
1319512075232825344
1319512305780969476
1319512360193806337
1319512486874370050
1319512545665843200
1319512621104680961
1319512636942217216
1319512753577422848
1319513036139409409
1319513107354558464
1319513140757921795
1319513233045204993
1319513240922165248
1319513267027542017
1319513460233793536
1319513509692989440
1319513564386893824
1319513647861932032
1319513668644671489
1319513690320715776
1319513778917011457
1319513862287347713
1319513895883558912
1319513924752928768
1319514016881008640
1319514097134653440
1319514172628094976
1319514331902439425
1319514376278364160
1319514432926552064
1319514483073626112
1319514486680612871
1319514613394833408
1319514771939594240
1319514860204421121
1319515050034380800
1319515062164459521
1319515108264075264
1319515380289863681
1319515397217947649
1319515480885923842
1319515573609443328
1319515879424413696
1319515998043672578
1319516034722897920
1319516081405427712
1319516110853566465
1319516156366082048
1319516169376845824
1319516299634958337
1319516483139948545
1319516576513667073
1319516697246625792
1319516861881462785
1319517110247124994
1319517213452283904
1319517284453339136
1319517474694463488
1319517512300593152
1319517532814966784
1319517687320514560
1319517724591026176
1319517853121433602
1319517863586267136
1319517948952735744
1319517981316161536
1319518228482174976
1319518241291550720
1319518269875912704
1319518337999753216
1319518543046561793
1319518584473751553
1319518647908470784
1319518810219708416
1319518861461393409
1319745509838491649
1319745510056538112
1319745589026951175
1319746071090941952
1319746084399403008
1319746151520870402
1319746392617869314
1319746601208852480
1319746667298672641
1319746814350942210
1319746834735181826
1319746977374957568
1319747136876052481
1319747337225490432
1319747442586324996
1319747610526187520
1319747635826225152
1319747984574304262
1319747996083388418
1319748014064455681
1319748248664526848
1319748458417287168
1319748533721960448
1319748587484532736
1319748613757566976
1319748684649738241
1319748759740424192
1319748847992598528
1319748856708464647
1319748861292806144
1319748964946726913
1319749301157900292
1319749477339697154
1319749582247596035
1319749607371403264
1319749619358834688
1319749653420634112
1319749708139593728
1319749712400896000
1319749829459804161
1319749946510245888
1319749972330377216
1319750094103642113
1319750136042586113
1319750178065293314
1319750270176366595
1319750277759700992
1319750403815317507
1319750529791250434
1319750542650789888
1319750588456968194
1319750692211429376
1319750869479346176
1319751096953425921
1319751230197882881
1319751234442625024
1319751255544086528
1319751356027121666
1319751540928819202
1319751678879477761
1319751749335457792
1319751770910953473
1319751796747726848
1319751868176805888
1319751910128111616
1319751914607824898
1319751959822229507
1319752031037493249
1319752215603539968
1319752313125302272
1319752325100167168
1319752534576168960
1319752551475171333
1319752614964154368
1319752694173749248
1319752732803293184
1319752899409399810
1319753001154846722
1319753151742832640
1319753188858339329
1319753255996588039
1319753374015934476
1319753545332162561
1319753595802152960
1319753885825814528
1319753947821768709
1319753968843689984
1319753998908444674
1319754309756723206
1319754347039748096
1319754363557076993
1319754607485087745
1319754610261684224
1319754732349628416
1319754871243968513
1319755143240470528
1319755177151246336
1319755177700839424
1319755243941486592
1319755651883683846
1319755705323147264
1319755831118684160
1319755932537151490
1319756173252431875
1319756322062172166
1319756460956524544
1319756674912104449
1319756712862117888
1319756817493229568
1319757119466459136
1319757170037133317
1319757261749678081
1319757656035258368
1319757669192880129
1319757752713900033
1319757765695340544
1319757807596589056
1319757907513298944
1319758017076879362
1319758029533843456
1319758150954725376
1319758171397816320
1319758172375052289
1319758208869728257
1319758309990215682
1319758499644010497
1319758549799608322
1319758578283122688
1319758624911216646
1319758919107932161
1319758973650767872
1319759186620628992
1319759206933762049
1319759300286279681
1319759325875851264
1319759405445832705
1319759497158627335
1319759514187583488
1319759969584111616
1319760059702923266
1319760126509780997
1319760252745732097
1319760340557557760
1319760466944602112
1319670066053582851
1319670242071744513
1319670246312202240
1319670255019528192
1319670314486226944
1319670342692999169
1319670364587307008
1319670435194298371
1319670607756275712
1319670661720215552
1319670955648581633
1319670964536344578
1319671118907789312
1319671425284833280
1319671454888300550
1319671509514944513
1319671617816088576
1319671638997151745
1319671779124625408
1319671811802476545
1319671874654068737
1319671911178227715
1319671953838440449
1319671987590103047
1319672125645467649
1319672179760431104
1319672242951815170
1319672331401388035
1319672486175379458
1319672570304671744
1319672574092185600
1319672603523493888
1319672612880936960
1319672721148620800
1319672843127443456
1319672930733875200
1319672992520130562
1319673048123977729
1319673132379262980
1319673300365303808
1319673472386134016
1319673480930074626
1319673748828479488
1319674042660552704
1319674046599073793
1319674063342784515
1319674160046657536
1319674339965489152
1319674344256249856
1319674453345841157
1319674470022434818
1319674621688487944
1319674650297651202
1319674738789199873
1319674789137580032
1319674797245214720
1319675043941699584
1319675132995043328
1319675149348646920
1319675296744955904
1319675644498841600
1319675669639462912
1319675888305205248
1319675938414755840
1319676030563483649
1319676202228043776
1319676223610650625
1319676270175801344
1319676278694432769
1319676341139230721
1319676353948585984
1319676442595254272
1319676483711995909
1319676488174751744
1319676513185193986
1319676597696294913
1319676626196725761
1319676781377605634
1319677020301856770
1319677066766372869
1319677137796956163
1319677204939206656
1319677331049312260
1319677347088322565
1319677368869523458
1319677376666562561
1319677410246275078
1319677469616648193
1319677519365349376
1319677532069908480
1319677595009634306
1319677871527526401
1319677905035694087
1319677955501658113
1319678068747915264
1319678295101886470
1319678379545821185
1319678437955637249
1319678438425309184
1319678513952247811
1319678513876795394
1319678681913135104
1319678769553166339
1319679037715918848
1319679046704369664
1319679109379731456
1319679252212711426
1319679340758654980
1319679528252342276
1319679571235639296
1319679574880538625
1319679608925675527
1319679750642819075
1319679776664264713
1319679782192336896
1319679859660996609
1319680009657724929
1319680027710074881
1319680170123513856
1319680172812095494
1319680195939414016
1319680240604545025
1319680526366601217
1319680837533782016
1319680867204100096
1319680904478994432
1319681093293887488
1319681097421213696
1319681273787568130
1319681482844065793
1319681701111599106
1319681978250133504
1319682007505522689
1319682007517990913
1319682041579999233
1319682053265190917
1319682120151977985
1319682154138378241
1319682258874339329
1319682276465270795
1319682301777817605
1319682308757245953
1319682367926095872
1319682430832238593
1319682565347938304
1319682720625287168
1319682917409447937
1319682922136391681
1319683022745206784
1319683089682059266
1319683203217592320
1319683227892801544
1319683312118542336
1319683378669563904
1319683391751483400
1319683429752033280
1319683454758318082
1319683610069401601
1319683668168699904
1319683676901289984
1319683706253156352
1319683886301917185
1319683903402160128
1319684205413097479
1319684225759645699
1319684234663976960
1319684243438485505
1319684356345155586
1319684436296757249
1319684494727761920
1319684511668391937
1319684675044929537
1319684716958781441
1319684909770797057
1319760496225144832
1319760512637255680
1319760630421753858
1319760637778681857
1319760734721613826
1319760797292265477
1319761032303108096
1319761090666852352
1319761233763946496
1319761418518990860
1319761434713128961
1319761817422319616
1319761846770012170
1319761913585295361
1319762010201096192
1319762018069610499
1319762173913108480
1319762270449291264
1319762341467164672
1319762621613117443
1319762634326069248
1319762844343128064
1319762865264406529
1319763020940267520
1319763049482518531
1319763088535670791
1319763133850816513
1319763368346030080
1319763398675079168
1319763432191725568
1319763720675987458
1319763724744462341
1319763842872889344
1319763918642802689
1319764010393165824
1319764031968862210
1319764110687469568
1319764208377077760
1319764224982343681
1319764323468603392
1319764355160866817
1319764362811195392
1319764480117542912
1319764492788682754
1319764749148708865
1319764844980088833
1319764941331681282
1319765201177219074
1319765285700853760
1319765504089784320
1319765608305545216
1319765713595367426
1319765748231950342
1319765968969748483
1319765973830897665
1319766041011113987
1319766092471029763
1319766107411066880
1319766321387638785
1319766388479827971
1319766552263143429
1319766598400548864
1319766715857776646
1319766728298123266
1319766929595375616
1319767017428119552
1319767109845614593
1319767117995167744
1319767232088506369
1319767277609250816
1319767379879092228
1319767563681882114
1319767731655348225
1319767756833759232
1319767827465687046
1319767848605130758
1319768212460859392
1319768284271570944
1319768409593303041
1319768413951172614
1319768481265553408
1319768686845046784
1319768800942841859
1319768887936823297
1319768921843617794
1319769311959986178
1319769337104838656
1319769534354624512
1319769753091702786
1319769768577163269
1319769794833416192
1319769840387825666
1319769848516284416
1319770039986388992
1319770298397331456
1319770344589119488
1319770456891838464
1319770468992323585
1319770654581919744
1319770692108341250
1319770763340242947
1319770855191334914
1319770922715414538
1319771015149473795
1319771023227654145
1319771122926194688
1319771140772909056
1319771207370235906
1319771384227180544
1319771413817982976
1319771551512788992
1319771580822503426
1319771589416800256
1319771656462630912
1319771833609129984
1319771866349830145
1319772114719825921
1319772214489608192
1319772336279613441
1319772344437571588
1319772545479069697
1319772655600369666
1319772709224579075
1319772793722945537
1319772999696961536
1319773013269794817
1319773015253553153
1319773103535255554
1319773124473257984
1319773451910025221
1319773528384819200
1319773546919460874
1319773564799754240
1319773589965623301
1319773917565849600
1319774039582408705
1319774123069849602
1319774135564881922
1319774148156063744
1319774265391144965
1319774472136699906
1319774475987095552
1319774517368074240
1319774609940557825
1319774709949616130
1319774730812084226
1319774857333190656
1319774907916402688
1319774923607445504
1319774945426042880
1319774970021515264
1319775011754938368
1319775105891901440
1319775238675140610
1319775368757194752
1319775414856916994
1319775477255622657
1319700231987089411
1319700348911616004
1319700374446510080
1319700378271862784
1319700412446969857
1319700458043265025
1319700790546698240
1319701008608456704
1319701054095765504
1319701087121702915
1319701242646495234
1319701271662690304
1319701455910166529
1319701460469403654
1319701489728761857
1319701548423913485
1319701581928038402
1319701607165165570
1319701695815950337
1319701804641218560
1319701947532808194
1319702128483467264
1319702136041725952
1319702312508661763
1319702349619843073
1319702359073820678
1319702455152570368
1319702614892711937
1319702618990612482
1319702786230005761
1319702840449912837
1319702900273102853
1319703046679658496
1319703520422092801
1319703524603842561
1319703679251836928
1319703679755120641
1319703700449992706
1319703768313769984
1319703865017700353
1319703889139159040
1319704006587871232
1319704099580006400
1319704404388384775
1319704492820946944
1319704535569412096
1319704572483436544
1319704871453388801
1319704911362334722
1319704958976053252
1319705105504079874
1319705143340838912
1319705407980507141
1319705591825170434
1319705600058675202
1319705621944365056
1319705651036196865
1319705780417855488
1319705780514414593
1319705890283454466
1319705945643995137
1319706125210734593
1319706133142130689
1319706221922963458
1319706342639140865
1319706372175527936
1319706450189557760
1319706574026383366
1319706590161686529
1319706628577546240
1319706724824158218
1319706787604500481
1319706892567007234
1319706942487494656
1319706975983357953
1319707215486398464
1319707517035769856
1319707542495264768
1319707563412365315
1319707773014319104
1319707878262001664
1319707991029919745
1319708083946389504
1319708159209070597
1319708284652343302
1319708515611643905
1319708633433735168
1319709094161403906
1319709140407578624
1319709174570405891
1319709178252857344
1319709367407538176
1319709367654965250
1319709405198372864
1319709438177992704
1319709509259005964
1319709644017680385
1319709694663946240
1319709702574329857
1319709715346169857
1319709719381090309
1319709757028986882
1319709958556925952
1319709988101685249
1319709999950712839
1319710118221664256
1319710247808847872
1319710461823074304
1319710474380873728
1319710478617223168
1319710573798453248
1319710785048924162
1319710801146474496
1319710985603538945
1319711095104393221
1319711153858203648
1319711547653017600
1319711753505308673
1319711866759880709
1319711976046514177
1319712009479462912
1319712059475382272
1319712092958691333
1319712093663227904
1319712164194627590
1319712467048669190
1319712651161862148
1319712969777872897
1319713188020183040
1319713191916613635
1319713225986863104
1319713395952787458
1319713451929784320
1319713468837232640
1319713536126439424
1319713750325301259
1319713830113628162
1319714014507765760
1319714039514206210
1319714072758259712
1319714290975342594
1319714450153349120
1319714454410493953
1319714605900263425
1319714651576455169
1319775773063106560
1319775821582782465
1319775871981400065
1319775943519576064
1319775980790206469
1319776102802313217
1319776249020096515
1319776530684235776
1319776555179048962
1319776648464637953
1319776731755122688
1319776811127959552
1319777743287029760
1319777750492844036
1319777841722974209
1319777851512684548
1319777927488278531
1319778010602426368
1319778104022368257
1319778175220666368
1319778216974876672
1319778322050670593
1319778816198348802
1319778904714940416
1319779076173893633
1319779141097562117
1319779299336069120
1319779365442473986
1319779516554924032
1319779655910625280
1319779739293388801
1319779928401866752
1319780017555922950
1319780045746044935
1319780083394138113
1319780132912070656
1319780133469884418
1319780163438206976
1319780171457679360
1319780231469826048
1319780280283049991
1319780469458743296
1319780628020211714
1319780691685613580
1319780918307926017
1319780925887123457
1319780980417232896
1319780997123145728
1319781080711520256
1319781193462796291
1319781219572371456
1319781227444998152
1319781299176046593
1319781479761797120
1319781524925972481
1319781752928309248
1319781811606720522
1319781844993396742
1319781966204592130
1319781991148113921
1319782008550248448
1319782070802055173
1319782129757159424
1319782372770938881
1319782393843048448
1319782477544603648
1319782599217221632
1319782611540152327
1319782659132968961
1319782768004501505
1319782872488738817
1319783170393444354
1319783216228818945
1319783224609017856
1319783341965660162
1319783408856403968
1319783484135702529
1319783500959109121
1319783785605615618
1319783786989686787
1319783941495246849
1319783963062394881
1319783987447910400
1319784431595511812
1319784570364067841
1319784663678763008
1319784731031048198
1319784772445634560
1319784805609967616
1319784860542795787
1319784872601251840
1319784926959419392
1319784939567632389
1319784986011181058
1319785036472877057
1319785062557241344
1319785107683790849
1319785196103761920
1319785219428405248
1319785313107988484
1319785351511199744
1319785447279689728
1319785456003911680
1319785577353543680
1319785586828414976
1319785590284558336
1319785619439190016
1319785636262338560
1319785653417234434
1319785658261569536
1319785666075557893
1319785703698583553
1319785800326877184
1319785875576848384
1319786089184284675
1319786185229815814
1319786248979054592
1319786341350187010
1319786509168529408
1319786579519557632
1319786885678551041
1319786891345088512
1319786974807527424
1319787049889693697
1319787053685456897
1319787163609976842
1319787179485396992
1319787209369804800
1319787264168415232
1319787318857912323
1319787343499460609
1319787502811623425
1319787511263186945
1319787661138272263
1319787704725479424
1319787708223467520
1319787813500416000
1319787871763574785
1319787956169682944
1319787984900788224
1319788010662096896
1319788047496601600
1319788056711360512
1319788102743982086
1319788131495837696
1319788299867869192
1319788350602031104
1319788354393772034
1319788412748980224
1319788471477821443
1319788485591650306
1319788555804286978
1319788631142199296
1319788638960570368
1319788639686045696
1319788656094334976
1319788715523407873
1319788857102139394
1319788891361234944
1319788958553812992
1319788985745436673
1319789005123309568
1319789021342695424
1319789072009826305
1319789201206906880
1319789373827747841
1319789386033225729
1319789513275654145
1319789809372745728
1319789931527626752
1319789939496833027
1319790045264568321
1319790069276954624
1319790098846633984
1319790145017532416
1319790241306300421
1319790338647543808
1319790355244584962
1319790449759047680
1319790484802293761
1319790581271437313
1319790585465614337
1319790618646925318
1319790627001929728
1319654837177507840
1319655323213377537
1319655419736969216
1319655474682183690
1319655776085020686
1319655784888684549
1319655826278105089
1319655872616931328
1319655902543110151
1319656023796424706
1319656053542424585
1319656119690694656
1319656195511046144
1319656199793659907
1319656220681121793
1319656309193465856
1319656443067334657
1319656472972767232
1319656505730166785
1319656677600362496
1319656728745525248
1319657185446604800
1319657361435492353
1319657500229120001
1319657500262780928
1319657508445761537
1319657617250189313
1319657726335717378
1319657906925522944
1319657944502370304
1319657953075580931
1319658070532739077
1319658238040805377
1319658258706071553
1319658259226284033
1319658309696344065
1319658452059328514
1319658469230862336
1319658507293999104
1319659089505472518
1319659187031445508
1319659253506936835
1319659312407584769
1319659346687647744
1319659387804213248
1319659408255782917
1319659454716137474
1319659484315373570
1319659740289433601
1319659756093583366
1319659828155998208
1319660015473524738
1319660071203278850
1319660109342167040
1319660113423118337
1319660159703146497
1319660167483588610
1319660197569331200
1319660201759240192
1319660213914333190
1319660231090184193
1319660280650043392
1319660302703656960
1319660352322347008
1319660482702311425
1319660801247072258
1319660809996455941
1319660955912097792
1319661106999250945
1319661161684480001
1319661249550925824
1319661355104935937
1319661456099627011
1319661736325251072
1319661983814291457
1319661983952719872
1319662042333274115
1319662277415620609
1319662281563598849
1319662377894203394
1319662415848505347
1319662541660934145
1319662806145339392
1319662940367323138
1319663292638392320
1319663322267062277
1319663427539841024
1319663443755081730
1319663678317236225
1319663804267991041
1319663808676155392
1319663824899887105
1319663875374125058
1319663888472829952
1319664131042050049
1319664156862083079
1319664161245351939
1319664308020793344
1319664358163709952
1319664508894244864
1319664648061411329
1319664667862749185
1319664807046414337
1319664823534276610
1319664873077415936
1319664945018097671
1319664966123700227
1319665054074241025
1319665193354326021
1319665217811394561
1319665221405986816
1319665288670007300
1319665422896041984
1319665435977998336
1319665473156452359
1319665506740326401
1319665792032489472
1319665880364613637
1319666023273058307
1319666211844771842
1319666320770797573
1319666346020528128
1319666496507838464
1319666601931788288
1319666711596027906
1319666723902115840
1319667021383159809
1319667024944123906
1319667080057245696
1319667097539104768
1319667159447052288
1319667180296916993
1319667361004331009
1319667516545916929
1319667632182800386
1319667709324513282
1319667914929246209
1319667956222078977
1319667969216159746
1319668061633433600
1319668166281318401
1319668225496547329
1319668346665615367
1319668413371944960
1319668418052644865
1319668443386433539
1319668535484841984
1319668716024496129
1319668874913120256
1319668912297070592
1319669022045057024
1319669038470094850
1319669126902677504
1319669144082591754
1319669147408699393
1319669210801410054
1319669227561865218
1319669311565385728
1319669634312900608
1319669734992994312
1319669814340820998
1319669814915297285
1319669823140450306
1319639715239297024
1319640039345819650
1319640084476428288
1319640140512325632
1319640291465449472
1319640375116460033
1319640391222607872
1319640454573469696
1319640480125231116
1319640760552202241
1319640769314127875
1319640928462770176
1319640950197682177
1319640991154892800
1319641003981156352
1319641038168952839
1319641050038833155
1319641193039470592
1319641218020671488
1319641238740545536
1319641243459055617
1319641318444822529
1319641520455241735
1319641536586461184
1319641784289558531
1319641805017722881
1319641868007804929
1319641914593869824
1319641972684959744
1319641973452668928
1319642014938443776
1319642103266377730
1319642195226341376
1319642207775870978
1319642262280744960
1319642325577093122
1319642501297352704
1319642727554764800
1319642984049233921
1319643055390183424
1319643155940200448
1319643193764433920
1319643290581356546
1319643361880477697
1319643415928213504
1319643432835534848
1319643516142866434
1319643620862009349
1319643646409515009
1319643972973826050
1319644300817297409
1319644329770700800
1319644393347960833
1319644434095656960
1319645000729350144
1319645051463651329
1319645105683222528
1319645139086655493
1319645223169949697
1319645223501369344
1319645277331070976
1319645298705256448
1319645315423784961
1319645735198089222
1319645999590244358
1319646083618832389
1319646112454791168
1319646124983021569
1319646171439288321
1319646204427292674
1319646267560120321
1319646293631717376
1319646532103073792
1319646556807663619
1319646699661524994
1319646740174282752
1319646750198542337
1319646825230512133
1319646926858498050
1319646972316270593
1319646980826693637
1319647094852943873
1319647194933231623
1319647413259337729
1319647492930142213
1319647542678851585
1319647748719783937
1319647761025957889
1319647836326146048
1319647861668184064
1319647971001225221
1319647983282065409
1319648066836844549
1319648096213737477
1319648121052225536
1319648171933503489
1319648251600056320
1319648364657401858
1319648729507442688
1319648763821031426
1319648864182390785
1319648951977562113
1319649144798171136
1319649149202190337
1319649212041170944
1319649212523577346
1319649313455263744
1319649555814764544
1319649698433667076
1319649765718740996
1319649820466909184
1319649975358337031
1319650081142812672
1319650126609219587
1319650257324691457
1319650315411574784
1319650332536754176
1319650336722866176
1319650520538189830
1319650764399104002
1319650848377655299
1319650852227805184
1319650889582432257
1319650915352195072
1319650973745336320
1319651309872709632
1319651338502967296
1319651439141146625
1319651482157772800
1319651691180994568
1319651820914921473
1319651845988638723
1319651879815729153
1319651921809100804
1319652261673472001
1319652266257883138
1319652341193297922
1319652361501995009
1319652379239813120
1319652538103332869
1319652571661824000
1319652588711776257
1319652592914485250
1319652777765765122
1319652807004147724
1319652982615625728
1319653037284130819
1319653152619220995
1319653338997194752
1319653490780561413
1319653540944556033
1319653570065715200
1319653641834278913
1319653698675552256
1319653756745768960
1319653842762387459
1319653913801359360
1319654115232940033
1319654149273886720
1319654236641087488
1319654304534376448
1319654522004885506
1319654543764881408
1319654622554918918
1319654639529267200
1319428339862482944
1319428424251953152
1319428491817984003
1319428520351834112
1319428550072684545
1319428642355773446
1319428683984089088
1319428768293883904
1319428826427019264
1319428918621966338
1319429007205609474
1319429140806680576
1319429229394669568
1319429229780586497
1319429292565168129
1319429338505355265
1319429447515328513
1319429525848100864
1319429812503666689
1319429858196393985
1319429963347611648
1319429979747323906
1319430015554039808
1319430030368227328
1319430051243413505
1319430076337917955
1319430143585226756
1319430194256629762
1319430525564616712
1319430567398723592
1319430601150267393
1319430617902317568
1319430672394629126
1319430701557710849
1319430710285881344
1319430793513623553
1319431036984582144
1319431059935776769
1319431095511908355
1319431334968918023
1319431691245674496
1319431871982260224
1319431879972605952
1319432114966827008
1319432123401449473
1319432240758181898
1319432454449528832
1319432635471495170
1319432686037921793
1319432751985078273
1319432785615093760
1319432786168590336
1319432912513781762
1319433034345611264
1319433263983767553
1319433298049904643
1319433356203835392
1319433386000175104
1319433453167923202
1319433645946335233
1319433654553223168
1319433662841192448
1319433835042537472
1319434023769427969
1319434052919685120
1319434123975426050
1319434170247094272
1319434170381307904
1319434187221454851
1319434279273877506
1319434325314633728
1319434333590007808
1319434602344116229
1319434794896445440
1319434807915515904
1319434824432578560
1319435046667866114
1319435117836681216
1319435139030618112
1319435328009240579
1319435344639528960
1319435458087161858
1319435818944135168
1319435915211665408
1319436074272382976
1319436125526757381
1319436565144326145
1319436569569316864
1319436720711127041
1319436858946932737
1319436883508723713
1319437085686681600
1319437097997111303
1319437157518327808
1319437412658040833
1319437487601864706
1319437563996729344
1319437663699488768
1319437693109989378
1319437786110431232
1319437814925320198
1319437899344105472
1319437983183929344
1319438025194176512
1319438062858940416
1319438184460079104
1319438334918381576
1319438334859464704
1319438414714785792
1319438461208842240
1319438557891743744
1319438611981500416
1319438628699971584
1319438767401410561
1319438771734065154
1319438796375707650
1319438863664705538
1319438871457923073
1319438897177350147
1319438932686172161
1319438980870557698
1319439069164744706
1319439081432989697
1319439186122792960
1319439291500711936
1319439316767133696
1319439392277032960
1319439585294884872
1319439656564314112
1319439710746533893
1319439786327871489
1319439879114293250
1319439941605076999
1319440054519881729
1319440176624640005
1319440197201911808
1319440226608099329
1319440277170421766
1319440314445254657
1319440432305229830
1319440432078725120
1319440637939232770
1319440650656501765
1319440868349071361
1319440881016016896
1319441061308227584
1319441082719977474
1319441468529008640
1319441644513443840
1319441644937236481
1319441690906808323
1319441875137400833
1319441925427134465
1319442026107228160
1319442181153841152
1319442219665739776
1319442236166311936
1319442341111959552
1319442516895240193
1319442676043993089
1319442713956306945
1319442911457587201
1319442928176168961
1319443007574134789
1319443091682623488
1319443128940716037
1319443141682921474
1319443262550249473
1319443330711883776
1319624595843043330
1319624650352168961
1319624675899494401
1319624826785615873
1319624856284090368
1319625023389192196
1319625052518842368
1319625057522601984
1319625203798986752
1319625263257391104
1319625375773724674
1319625527133638656
1319625552022671360
1319625606393483267
1319625870592610304
1319626081171886083
1319626177041104896
1319626214353534976
1319626496202444800
1319626721876971521
1319626751631306759
1319626990492811264
1319627150413254657
1319627171544051713
1319627489367543809
1319627649665306627
1319627934303485953
1319628081804562435
1319628119012159488
1319628190361423877
1319628240999297026
1319628295151980546
1319628320565329920
1319628505035001857
1319628534181171200
1319628642352353280
1319628651869147138
1319628676489711618
1319628743967604736
1319628780990849025
1319629084335419392
1319629167332380672
1319629221870866432
1319629549479616516
1319629657101291521
1319629679729414145
1319629834570637313
1319630073520099328
1319630203874836488
1319630338000388096
1319630367616368643
1319630427666206721
1319630506204516353
1319630811952369666
1319630842096922625
1319630912338919425
1319630954403594240
1319630958254018560
1319631138592260097
1319631210746990592
1319631223325601800
1319631269504950272
1319631277545426944
1319631306360238080
1319631499524648961
1319631541623029760
1319631697823019010
1319631843826728960
1319631860553531392
1319631902794485765
1319632178762944513
1319632258895122432
1319632292860624896
1319632334153396224
1319632468916449282
1319632825226768387
1319632838052831233
1319632846189899776
1319632933901172739
1319633030508666882
1319633227909230592
1319633236524498944
1319633265393868800
1319633315628974082
1319633408247693312
1319633487662620672
1319633676846682113
1319633794123649024
1319633853271674880
1319633920145711104
1319633957315436550
1319634083647942658
1319634108306366465
1319634175595630592
1319634226363289600
1319634233967759362
1319634251583791107
1319634582795288576
1319634598897307649
1319634637019320320
1319634645164511233
1319634707609456640
1319634808490905600
1319635097436352518
1319635153120100354
1319635174120894465
1319635195071504386
1319635257923129344
1319635296674324488
1319635349916635136
1319635479520858112
1319635526299865088
1319635572701364224
1319635682038587394
1319635723788652544
1319636021345054721
1319636387516321792
1319636558102827008
1319636629011705857
1319636701128642560
1319636726114111491
1319636754765406208
1319636794154115077
1319636901813366784
1319636981538787330
1319637023825793031
1319637224707792896
1319637232911847425
1319637253635796993
1319637300867964928
1319637505537429504
1319637527490449409
1319637899835486208
1319637929476620290
1319637985588031496
1319638064076099584
1319638130585145346
1319638306758529024
1319638558861393920
1319638580042543105
1319639154423050240
1319639175621152769
1319639263663869953
1319639620242399234
1319639641205735424
1319609597733314562
1319609899677089792
1319609928781340672
1319609987711311873
1319610155038814209
1319610456529604609
1319610558740652034
1319610704211705862
1319611141207871490
1319611241699180544
1319611278932037632
1319611279154229248
1319611380354437122
1319611652770131968
1319611731593859074
1319611803471589377
1319611857557127169
1319611874783223808
1319611937471238144
1319612247497449474
1319612277088309249
1319612342888431617
1319612502838304769
1319612696959066112
1319612738902106113
1319613019954040832
1319613175386558464
1319613233762881541
1319613463988232193
1319613464797741056
1319613482933813248
1319613611698876417
1319613799549157376
1319613804305592320
1319613955514523648
1319614215448125446
1319614332129452035
1319614349678432256
1319614375112605697
1319614417001119744
1319614466762235904
1319614693292396544
1319615150354096128
1319615172156231680
1319615271670321153
1319615335348244481
1319615422493315072
1319615532245655552
1319615707659776001
1319615737972068358
1319615854883921920
1319616040310013954
1319616123294437376
1319616332745396225
1319616384314298368
1319616395689168898
1319616531135774720
1319616659850731520
1319616756747481088
1319616769678606336
1319616790876532738
1319616899383054341
1319616903715811329
1319616979137855489
1319617079679479809
1319617129994457090
1319617323150397443
1319617481758199813
1319617529074024449
1319617725983944704
1319617763946745856
1319617800730804224
1319617889440321543
1319617894091665408
1319617998555144192
1319618122958180352
1319618396632223744
1319618484641263616
1319618519240183808
1319618720101257223
1319618735993442304
1319618811721621507
1319618895507001350
1319618991975845888
1319619348680658946
1319619361506791424
1319619449234796544
1319619474690084864
1319619491874152448
1319619579702902784
1319619583540666371
1319619730261626889
1319619810012073984
1319619889368367107
1319620121166598149
1319620158781009924
1319620210895261697
1319620418425204738
1319620763037650944
1319620803919548416
1319620938237988870
1319620955379937282
1319620989655789570
1319621064847228928
1319621080743628800
1319621101920669696
1319621123722575872
1319621282984505347
1319621371039764483
1319621378912518144
1319621416996700160
1319621487427452930
1319621559343042561
1319621634895024129
1319621647771619328
1319621810816753664
1319621840294318081
1319622062793773056
1319622318264586242
1319622431904940034
1319622562163396610
1319622750613368833
1319622853063561216
1319622863637368832
1319623362985906176
1319623413795794949
1319623547036168192
1319623748283207680
1319623866696691718
1319623958547763200
1319624213582336001
1319624226744262657
1319624469686616064
1319624490624532482
1319624499696947200
1319624583117459456
1319594556980158464
1319594657991589890
1319594758139006977
1319594988498505729
1319594992948576257
1319595098003234818
1319595253335207936
1319595304082132992
1319595312206344192
1319595509691023360
1319595555585077248
1319595612866793473
1319595719058059264
1319595781507219457
1319596011401011200
1319596071077605376
1319596103919128576
1319596205085741057
1319596217773375489
1319596229878317058
1319596276254707712
1319596548796280833
1319596872483377153
1319596909162528768
1319596952263282688
1319597106865315847
1319597306577063936
1319597597007425538
1319597652552679424
1319597823181135872
1319598096045821952
1319598176236670977
1319598184444952576
1319598201633198080
1319598314623504385
1319598427962003457
1319598432416301056
1319598701023776768
1319598906544738305
1319598968557297664
1319599091404492802
1319599123507675138
1319599152855220225
1319599195855216643
1319599312830140416
1319599422091579392
1319599517734457344
1319599560352616448
1319599703525412864
1319600022498004992
1319600298332200960
1319600349657923589
1319600504725475328
1319600508076756992
1319600586099027975
1319600927519756288
1319600991189274631
1319601141261438988
1319601267577180162
1319601387966267393
1319601397185138688
1319601434975825923
1319601623396564992
1319601674617606144
1319601677729673221
1319601787351990272
1319601832704999424
1319601968046891010
1319602017338359808
1319602051257696256
1319602064729776128
1319602085734866944
1319602152646545410
1319602169541165056
1319602189178843138
1319602660123824130
1319602709725544448
1319602818722955264
1319602987044581376
1319603036839444486
1319603163104747525
1319603280239001602
1319603335436079110
1319603591796170752
1319603717105123331
1319603783438114816
1319603947473076224
1319604245360947200
1319604429587419137
1319604446645477376
1319604481860923394
1319604497036021760
1319604665412165632
1319604672936673280
1319604957759393792
1319605121509019648
1319605201192497153
1319605328288382976
1319605334818914304
1319605512095342592
1319605570647805957
1319605658833031168
1319605717435908097
1319605960789401601
1319605969429663744
1319606057803653121
1319606078334771200
1319606170282348544
1319606372133183493
1319606443327172610
1319606493851824129
1319606618816995328
1319606946396327936
1319607000653828098
1319607008853741574
1319607021428244481
1319607022405455876
1319607081234780163
1319607180685869056
1319607204463390720
1319607277557583872
1319607483615379458
1319607491680964608
1319607495313268736
1319607571804815361
1319607676633010176
1319607680751833089
1319607701660487680
1319607743817318401
1319607760133091331
1319607793381498881
1319607793956040705
1319607932246499328
1319607940228222977
1319607990631223296
1319608103852232706
1319608829999460352
1319608984962203648
1319609131527852035
1319609188255936514
1319609384058589184
1319609404262551552
1319519041711583234
1319519256413810688
1319519343802257409
1319519440745234432
1319519453344923649
1319519534341042176
1319519650011643904
1319519693082771456
1319519746623262720
1319519932179189760
1319520028060954624
1319520095727542272
1319520166082793473
1319520190787428352
1319520195254255617
1319520216301395969
1319520242729545728
1319520488721272832
1319520648771743745
1319520766216466432
1319520783668895749
1319520808172163074
1319520842297057280
1319520887381475329
1319520934743736321
1319521194702295043
1319521478786863110
1319521673771626496
1319521811638349824
1319521974272442369
1319521974524100608
1319522036826267648
1319522155307085824
1319522162974330880
1319522217227554817
1319522247447490560
1319522293563985920
1319522347724910599
1319522414049411072
1319522414464692225
1319522465463369728
1319522479157620742
1319522573802262528
1319522603783147520
1319522889146585088
1319523013755346944
1319523039076405250
1319523040158429184
1319523293293170689
1319523334065934337
1319523484519723008
1319523542665465857
1319523656607821824
1319523925651488768
1319523949999435781
1319523999865622528
1319524097374572544
1319524157055508480
1319524382696325120
1319524621893459968
1319524705724821504
1319524712779862016
1319524713287340033
1319524733314977793
1319525107409195008
1319525115592232960
1319525148588847104
1319525275634335744
1319525307527909376
1319525320714719232
1319525372174753792
1319525506513915904
1319525639641206789
1319525782440546304
1319525820461887488
1319525871015743493
1319525874966941696
1319526000338894848
1319526024841887745
1319526075655950337
1319526130433441792
1319526256791195649
1319526281281634304
1319526365587189760
1319526366010855425
1319526563763777537
1319526655447175170
1319526684106891265
1319526704889565184
1319526861781815296
1319526881327239168
1319526991155089414
1319527036415782912
1319527307548254208
1319527410325311488
1319527434878812160
1319527514616729600
1319527636171980801
1319527741247672320
1319527820096397312
1319527879697420288
1319527963281420288
1319528035708669959
1319528073499377666
1319528101710278656
1319528271017578497
1319528395332554753
1319528466493165568
1319528588484304902
1319528589428215809
1319529046615547905
1319529067172012034
1319529134868094977
1319529154233159680
1319529172285313024
1319529657830551552
1319529746502438912
1319529868309254144
1319530072861298688
1319530161377808384
1319530199105572865
1319530297189232640
1319530586864717825
1319530644158951424
1319530690166153218
1319530761259675648
1319530777663647744
1319530987114684421
1319531018244808704
1319531163719852033
1319531265834553344
1319531277289201664
1319531353080238080
1319531534039252994
1319531538598428672
1319531844367306752
1319531956774764544
1319531998029836288
1319532159284097024
1319532163612770306
1319532171120365575
1319532204188381184
1319532208277708802
1319532221515091968
1319532250556293120
1319532619630084101
1319532694074687488
1319532716786855936
1319532791458050048
1319532803940257793
1319532943505715201
1319533096841216001
1319533201782702081
1319533273262006272
1319533449410039809
1319533509522980864
1319533584743477248
1319533777685745664
1319533790281293824
1319579306675363842
1319579343354462208
1319579361457090560
1319579436661039104
1319579460933455873
1319579461285826560
1319579578738720774
1319579817268924416
1319579897736712192
1319579961179635712
1319579968339202048
1319580438315368453
1319580527524020226
1319580580992806912
1319580715260981249
1319580947357093888
1319581085425192962
1319581160289218560
1319581296117620738
1319581329437167616
1319581348408020992
1319581558349725697
1319581684875075587
1319581818656591872
1319582070205796353
1319582098920005632
1319582162056871936
1319582187675652096
1319582212279382016
1319582250732802048
1319582254952255488
1319582275399503872
1319582470103273472
1319582513925394432
1319582549618814976
1319582646322843649
1319582782629306368
1319582859942834176
1319582996605796353
1319583047864492032
1319583190839922688
1319583269759950849
1319583341138616321
1319583462928601090
1319583547011813378
1319583589147668480
1319583743871508480
1319583819058585604
1319583932594225157
1319583937191174146
1319584072251867136
1319584107924422656
1319584124982747136
1319584176824217600
1319584241244622855
1319584376280272903
1319584540080259073
1319584648939380736
1319584654324846593
1319584691100463104
1319584935317966848
1319585019946557440
1319585061335859201
1319585171675385858
1319585199584350209
1319585258283565057
1319585287945801728
1319585320153665537
1319585644998426624
1319585657472405505
1319585829166190592
1319585949580480513
1319586231664189441
1319586353336750080
1319586400132648961
1319586445330436097
1319586482500390912
1319586499868971010
1319586684174991360
1319586705750503425
1319586737979412480
1319586768232960001
1319586792279068674
1319586807986651136
1319587077990776834
1319587142012706816
1319587305934458880
1319587342403907587
1319587425895747588
1319587506086694912
1319587510708805633
1319587518308896768
1319587682775859200
1319587854989885441
1319587883267883008
1319587959600009218
1319587974858698753
1319588026918588422
1319588067653582849
1319588307718819840
1319588572106731522
1319588773571760128
1319588957076770816
1319589029374025730
1319589050471403522
1319589079273656320
1319589179068645380
1319589195086655493
1319589285302046720
1319589317648502784
1319589339475726342
1319589662021849088
1319589671060557824
1319589792846315521
1319589800916209664
1319589951852478464
1319590021913927680
1319590278580244483
1319590353842864128
1319590455621935104
1319590480376627201
1319590497187516416
1319590533879287808
1319590559544188928
1319590604981080064
1319590652208971776
1319590756739403776
1319590774409973765
1319590823722389504
1319590832106688512
1319590861638950913
1319590907822432256
1319590965833728001
1319590970430791686
1319591175515525120
1319591243026993159
1319591276241653760
1319591336660459520
1319591368424001538
1319591532106690566
1319591579196207104
1319591753737998337
1319592103542968321
1319592145783681025
1319592297214865408
1319592563880435715
1319592611120926724
1319592644671098880
1319592665730736128
1319592723196874759
1319592874988752896
1319593097773436929
1319593160306233347
1319593265054662657
1319593327461892097
1319593651203264512
1319593718291247104
1319593726893789184
1319593907353755649
1319594066183684096
1319594136941584385
1319594212313055232
1319594288217468928
1319534129680207872
1319534165788774402
1319534263818244096
1319534275490942977
1319534314615431168
1319534410857762817
1319534649761288194
1319534725934043136
1319534742417539072
1319534754933460993
1319534768745189376
1319534795991506945
1319535271227117568
1319535283252199424
1319535348074962945
1319535454853578753
1319535752305430528
1319535876414820352
1319535891094761472
1319536051661275137
1319536150567071744
1319536209207517184
1319536284562378752
1319536335930249216
1319536378686783488
1319536406042034176
1319536440234119168
1319536629359529984
1319536739933851650
1319536755532390401
1319536995044085760
1319537141014200320
1319537158517104640
1319537291405082624
1319537372686499841
1319537614857396231
1319537622822289408
1319537811372949506
1319538256992763904
1319538262130757633
1319538484579885056
1319538563663482880
1319538935345958914
1319538953184305155
1319539048806043649
1319539078715432960
1319539385281376256
1319539607361318912
1319539724755849216
1319539793294888960
1319539829105831936
1319539838643744768
1319539846134771712
1319539994378252288
1319540041316708352
1319540455630143489
1319540572244197376
1319540614032199680
1319540682185449473
1319540716159307782
1319540726984658944
1319540806806573062
1319540827329159170
1319540983349039105
1319541075665686528
1319541112634105857
1319541503094640640
1319541760482287616
1319541889758982144
1319541894116880384
1319541901285085185
1319541902157312001
1319541936412348416
1319541957849436160
1319541980431552512
1319542028271800320
1319542032965070848
1319542053563437056
1319542065752100865
1319542218772738049
1319542354269794304
1319542480660885504
1319542500676104192
1319542611728691203
1319543345232764929
1319543449859731457
1319543601425227777
1319543730253131787
1319543761416978432
1319543777690669058
1319543881495707648
1319543931193954305
1319544126111612928
1319544461463113728
1319544490508472320
1319544582502289408
1319544701091893248
1319544742062006273
1319544779378728963
1319544831455027202
1319544955862458368
1319545097810251776
1319545127388499968
1319545170421895169
1319545185953406981
1319545425616011266
1319545618310877186
1319545619971739648
1319545703123877888
1319545776469520384
1319545895063531520
1319546082729263104
1319546105869324288
1319546415140401158
1319546521679990784
1319546532312436737
1319546552638164993
1319546632766095369
1319546674570842112
1319546754145177601
1319546907547533313
1319546960689377280
1319547097486508033
1319547243062546433
1319547261194416128
1319547282166001664
1319547340890492929
1319547396259520514
1319547533593632768
1319547678288732160
1319547694352826369
1319547739571630080
1319547752431407104
1319547971462103040
1319548020493488128
1319548122918432768
1319548255353499649
1319548310504558593
1319548433343152128
1319549036547002368
1319564241741885441
1319564283123027970
1319564504213041152
1319564517857165319
1319564604943618048
1319564843754676225
1319565113045598209
1319565191768571904
1319565309972484096
1319565494844858368
1319565495952052225
1319565611995807744
1319565701426876417
1319565703452762119
1319565772151193600
1319565784482447360
1319565830082920449
1319565888924884992
1319565905001676800
1319566089991356418
1319566196413517824
1319566370548269057
1319566429490835456
1319566430120140801
1319566470813200386
1319566808316215297
1319567114743828480
1319567144418480128
1319567256947466241
1319567334638538758
1319567436941807616
1319567520571871233
1319567691271864320
1319567872620941313
1319567952845393925
1319568070969643009
1319568115336990721
1319568153165385728
1319568159058333696
1319568233662382080
1319568374024654848
1319568448259821568
1319568476202295296
1319568658293608453
1319568700232654849
1319568820332363776
1319568922698342400
1319569000356024320
1319569088390246401
1319569098884481024
1319569220309536768
1319569308847132672
1319569441361960961
1319569578872041472
1319569832807960576
1319569978539073537
1319569996381446144
1319570115919302656
1319570122009432064
1319570293472567296
1319570452889653248
1319570594468384768
1319570687246409733
1319570738718871552
1319570746386022401
1319570990251298816
1319571045410635780
1319571285911998465
1319571388311736320
1319571425389400064
1319571498533879809
1319571560211021824
1319571590368165888
1319571636627120128
1319571657208496128
1319571740851396608
1319571786779025409
1319571817254838273
1319571819439980546
1319571962197381121
1319572141516476416
1319572142657241088
1319572222189707266
1319572336585170944
1319572542114283521
1319572622221389824
1319572751749910534
1319572875725148160
1319573136275345408
1319573166541463553
1319573237408452610
1319573629273698306
1319573677202079745
1319573754067013633
1319573823600156672
1319573854356996096
1319573903447150592
1319573963198976001
1319573972468596736
1319574165700157442
1319574241143103488
1319574357845262336
1319574378527494144
1319574415454195712
1319574466259714048
1319574482084859904
1319574908041596929
1319575112295698432
1319575165760487424
1319575388918583298
1319575456782405632
1319575464587919361
1319575599539802112
1319575692116451328
1319575799872299008
1319575933498556416
1319575959784177664
1319575985747038208
1319576030898737152
1319576160716705799
1319576183495888896
1319576331974184967
1319576341726068736
1319576560513462273
1319576597477920769
1319576625315516416
1319576751526260737
1319576837215797250
1319576923006140416
1319576923622821893
1319577142045380609
1319577246504341505
1319577296546783232
1319577439614455808
1319577556622819328
1319577586167697409
1319577603611701248
1319577749686812672
1319577791386484736
1319577905161293829
1319578183319126016
1319578388416266242
1319578568322633728
1319578669384298497
1319579020820926465
1319579027129053184
1319579068463972353
1319579134687956992
1319579167307026432
1319579246746980352
1319549471630516224
1319549496846581763
1319549543432802304
1319549694771539970
1319549704913518592
1319549747020038144
1319549767618351107
1319549896840663040
1319549938175516672
1319549977761255426
1319550026826223621
1319550114331987968
1319550138398879744
1319550981328220161
1319551000861155328
1319551061485481984
1319551088505348096
1319551214141526016
1319551214342885378
1319551244109795329
1319551293522755584
1319551322744565760
1319551465371828224
1319551469855490048
1319551477594075136
1319551576445493248
1319551845807747073
1319552030684270592
1319552144073129984
1319552206614528000
1319552207335821312
1319552392149553154
1319552442976141312
1319552584168951808
1319552636258013184
1319552773852176384
1319552781871685632
1319552906237038597
1319553054723633158
1319553078320791553
1319553087418159110
1319553096125607936
1319553131672342528
1319553142111887360
1319553315169050626
1319553500418723840
1319553659752095744
1319553775795916801
1319553801079181315
1319553835346644993
1319553962194784258
1319554169657753601
1319554275958312960
1319554296694800384
1319554314252263425
1319554485400854528
1319554581643276291
1319554641366077440
1319554833192464386
1319555000419246080
1319555058959372288
1319555121261342720
1319555276383653888
1319555614100639744
1319555620849258496
1319555655536156673
1319555742995677185
1319555894925930496
1319555923996667905
1319555975565570048
1319555982444384256
1319556042661953538
1319556043999903745
1319556087494836225
1319556204193075200
1319556398246658049
1319556665520181248
1319556799947665408
1319556858240262144
1319556916226498560
1319556984249700352
1319557244711849985
1319557278383677442
1319557302379180032
1319557460244500480
1319557591530459136
1319557688544690179
1319557693485580288
1319557783784615937
1319557908858896385
1319557912449220609
1319557942874673153
1319558050823491586
1319558094133858304
1319558156830281729
1319558162966564864
1319558310450794496
1319558326699520000
1319558422426046466
1319558430881841153
1319558549245231105
1319558571240062976
1319558902384627712
1319558905664589824
1319559040863711232
1319559054168129536
1319559200188616706
1319559451804749824
1319559546797318145
1319559557094453249
1319559565071937537
1319559750116274176
1319559886544506880
1319560154409553920
1319560178245787648
1319560246692634624
1319560289034055680
1319560301281411073
1319560729519849472
1319560836906504193
1319560880535801857
1319561021011464192
1319561082432868352
1319561191568642050
1319561285378297856
1319561316114272256
1319561325614419969
1319561427389120515
1319561445890265088
1319561490232377344
1319561492203819008
1319561507492012032
1319561523392475137
1319561620901617664
1319561803769155584
1319562114810478593
1319562442758828032
1319562676259844100
1319562681909760000
1319562801971646464
1319562869839699968
1319562911115870208
1319562924323753985
1319563019286958080
1319563071912873984
1319563105127497728
1319563276297142273
1319563473974554624
1319563598180605953
1319563675515183104
1319563717072330753
1319563766934216705
1319563914624073729
1319563931619295232
1319563964234170369
1319564084493180928
1319564109634015232
1319564145990246400