1320092710062182400
1320092713371553796
1320092852177629184
1320092919987044352
1320092977478467584
1320092999062327296
1320093163172712448
1320093175336341507
1320093226284568578
1320093304936189961
1320093350888833025
1320093391405809664
1320093464030302208
1320093658046189568
1320093666518597632
1320093745761705984
1320093859645329408
1320094002167779328
1320094131742453765
1320094144438718464
1320094223308361728
1320094240576172033
1320094258267852802
1320094282552725505
1320094614234255361
1320094681385009153
1320094877263290373
1320094912352669696
1320094916190507008
1320094940496580608
1320095004312875008
1320095130230132736
1320095247817465856
1320095364649635840
1320095387886157824
1320095402138476545
1320095473466834944
1320095536251203584
1320095699288150023
1320095826639835136
1320095885049692162
1320095931686146049
1320095990066663424
1320096057007767553
1320096060958801923
1320096068856614918
1320096204131356672
1320096249371152385
1320096362378178563
1320096442942357504
1320096447107223552
1320096505181671425
1320096514417561601
1320096517475192833
1320096519635243008
1320096589264936960
1320096643551723520
1320096836649021441
1320096899651649538
1320096933101395970
1320097000394665984
1320097021404086273
1320097076047278080
1320097126442041347
1320097311523885056
1320097331426021377
1320097374316851201
1320097420051681281
1320097612289245184
1320097855957131264
1320097914908254208
1320097973255213057
1320097982822469632
1320098158613983232
1320098179539492864
1320098200536018944
1320098207909748746
1320098234623090688
1320098287622512641
1320098426739187712
1320098515511611392
1320098695103287296
1320098788346896384
1320098833578287105
1320098955347316736
1320099037752733698
1320099051233304576
1320099064378052609
1320099088726044673
1320099291051003905
1320099324538355712
1320099395182919685
1320099395577253890
1320099714826670080
1320099722162483200
1320099782019395585
1320099814714036234
1320099849321304064
1320099852567613441
1320100113201700866
1320100175063416833
1320100189315661824
1320100293623861254
1320100318831546369
1320100414646153216
1320100542115401728
1320100557927960580
1320100771589984258
1320100829374926848
1320100913281859585
1320101052423770120
1320101128151928832
1320101177716080645
1320101287124500482
1320101514191400960
1320101542368665605
1320101623297867777
1320101673595961344
1320101761340919811
1320101853288263681
1320101999992541184
1320102163935334406
1320102293275029506
1320102348119625730
1320102494199009280
1320102591410429952
1320102591750197251
1320102641679126529
1320102679520153608
1320102780732796928
1320102790916493312
1320102864174403587
1320102989328252935
1320103111734775809
1320103161885913088
1320103217393364992
1320103286591148035
1320103309164699649
1320103472860172291
1320103510101426177
1320103530666098689
1320103585070215168
1320103603034484736
1320103639449554944
1320103664867004418
1320103769837719558
1320103790750560256
1320103891208339456
1320103920564404224
1320104058951139328
1320104084997812224
1320104177037553664
1320104366318227456
1320104402053746692
1320104437512204288
1320104449164103686
1320104491388030976
1320104495771193347
1320104561873506307
1320104596941910017
1320104605209022464
1320104705398288386
1320104712792952837
1320104745382543360
1320104781340307456
1320104806271377411
1320104940686036997
1320104978497851393
1320104998865391616
1320105137709395973
1320105195783716864
1320105240562225152
1320105254701191168
1320105342664118273
1320105401904496648
1320105498042093568
1320105564928659457
1320105578606120960
1320105690774450176
1320105703147622401
1320105757719859200
1320105778712354816
1320105796252782592
1320105863034667008
1320105875659341824
1320106257609535496
1320106286936133635
1320106323799724032
1320106336806490112
1320106362525929473
1320106547171774464
1320106739308679175
1320106747885981704
1320106786729414657
1320106810934620163
1320107309884973056
1320107323587690502
1320107431888867328
1320107506882969607
1320107628727390208
1320107750647476224
1320032324545699845
1320032404329930752
1320032424466763782
1320032651957293058
1320032689425006592
1320032887006265354
1320032935886704641
1320032946305273856
1320033024633786368
1320033092137062400
1320033264686518272
1320033280775852032
1320033310006038529
1320033377718816769
1320033436225208320
1320033566693027840
1320033607382159371
1320033771538817024
1320033773803720713
1320033796851458048
1320033839045963777
1320033884575305730
1320033981551824896
1320033997569839106
1320034153694453763
1320034400122396674
1320034438143758337
1320034644130136070
1320034705916317696
1320034757061844995
1320034778209370112
1320034805426290689
1320034858048065536
1320034924645199872
1320035008258650114
1320035029100081153
1320035079947780096
1320035286345240580
1320035323179663363
1320035387184615425
1320035440431423489
1320035747173466114
1320035985804152833
1320035996646293504
1320036103391510534
1320036170890346496
1320036222425878528
1320036299978440707
1320036300825612289
1320036341946576896
1320036434972127233
1320036579126185988
1320036618812706818
1320036635547844608
1320036790649094146
1320037063475875840
1320037080500764674
1320037084791439361
1320037118446608386
1320037200738746368
1320037365981859842
1320037374483664898
1320037542373318656
1320037602188169217
1320037734975766528
1320037809688924162
1320037823047663616
1320037856430198784
1320037890156417025
1320037910620622850
1320037940488261632
1320038016505860099
1320038026441965569
1320038103801712640
1320038150509527040
1320038242008223744
1320038321679142913
1320038338775158786
1320038435378196481
1320038510263369728
1320038809505943554
1320038836932612102
1320039030562717697
1320039252676255752
1320039326764457988
1320039345722568704
1320039492611354624
1320039518452523011
1320039533937938436
1320039538006331392
1320039563730051080
1320039565105782784
1320039580658065408
1320039630859726848
1320039631333646337
1320039844400119808
1320039858035937282
1320039869373161474
1320040188375142400
1320040329681211395
1320040378419040257
1320040419934220290
1320040578239909889
1320040591602888704
1320040657860296704
1320040675228983303
1320040691645313024
1320040692106858498
1320040868653486080
1320040893148065792
1320040934675890176
1320040999029248007
1320041137508356097
1320041157427138560
1320041246031740929
1320041350864265220
1320041383588220929
1320041397567696899
1320041786966855681
1320041916164091904
1320042069788770304
1320042310344769538
1320042419589533696
1320042503702253569
1320042591929380864
1320042612548489218
1320042717272068096
1320042738360983552
1320042840341254144
1320042855717429248
1320042887107792897
1320043020763451393
1320043195783401473
1320043201298923523
1320043386787692544
1320043745048326144
1320043749976702981
1320043787725492225
1320043824966733828
1320043922392055809
1320044122896429059
1320044262134865921
1320044420192964608
1320044445933264896
1320044466833588226
1320044512681418753
1320044588174856193
1320044612073947136
1320044731250868224
1320044832295845888
1320044852244062208
1320044886134018048
1320044891255279616
1320044897345425411
1320044995102052354
1320045233896378371
1320045314779213826
1320045486527647752
1320045523240423424
1320045561991458826
1320045592832299012
1320045691297726467
1320045759018971136
1320045851192946690
1320045888262332416
1320045918054305793
1320046027014049793
1320046157007970306
1320046183130255362
1320046290852564992
1320046413389201413
1320046534319366145
1320046670332203010
1320046928869150723
1320046996191875072
1320046999660580865
1320047072054312961
1320047105076088833
1320047201368891396
1320047360601358338
1320077617010098176
1320077728272535552
1320077861030678530
1320077895209938944
1320077953598918656
1320077996489723904
1320078039246643204
1320078084469555200
1320078122083966976
1320078158901592064
1320078268628934662
1320078281996025856
1320078531213332482
1320078571038179328
1320078713501978624
1320078767356784642
1320078796637306880
1320078847631568896
1320078918414643200
1320079114003513349
1320079217233711105
1320079267120676869
1320079316818952192
1320079388671619074
1320079397240688641
1320079464873807872
1320079489993445379
1320079493063585792
1320079762006691840
1320079774279069696
1320079824333893633
1320079850007396355
1320079892734742534
1320080739212398595
1320080739644432384
1320080763325472771
1320080990845476865
1320081117182107649
1320081149826387968
1320081159364096000
1320081197016506370
1320081410334560257
1320081431339651072
1320081460699824131
1320081470459944962
1320081784269275137
1320082023822884864
1320082056446083072
1320082090541670400
1320082131268370438
1320082328861933570
1320082391398903808
1320082559741513729
1320082664175665156
1320082828525228032
1320082929435934720
1320082987795378176
1320083008842584064
1320083012802019333
1320083032716595200
1320083088383348738
1320083179869450242
1320083244109484034
1320083268751024133
1320083407146151936
1320083440323145729
1320083453673615360
1320083662625361920
1320083679054458880
1320083683538329600
1320083817521205248
1320083888551723008
1320083935355781120
1320083993832902656
1320084057514967053
1320084078113312769
1320084442455658501
1320084501511294976
1320084636257538049
1320084644268666880
1320084685884719104
1320085000625090561
1320085105747070977
1320085117885435904
1320085135388180480
1320085178115641346
1320085516658814982
1320085537865203715
1320085545410686976
1320085550565556224
1320085662914183168
1320085672250634240
1320085695466229760
1320085813808431104
1320085882309890049
1320085952182665216
1320085973712228354
1320085977990373380
1320085990745247750
1320085994192908291
1320086089089060864
1320086179069513728
1320086208404480000
1320086325446496257
1320086380287037441
1320086418018926594
1320086476986540032
1320086695530823681
1320087012641128448
1320087034346733568
1320087039149178880
1320087184611942402
1320087470638333954
1320087483552583681
1320087706127519744
1320087891163422720
1320087894158118912
1320087959878594560
1320088242897752065
1320088302167490572
1320088326477664256
1320088385403301888
1320088410770399232
1320088423437316096
1320088528580009984
1320088654363168777
1320089151824367616
1320089191250800640
1320089223588839424
1320089249404866562
1320089346477871104
1320089379176652800
1320089463264104450
1320089507509796864
1320089584827535360
1320089740117495815
1320089765262315526
1320089777698385920
1320089783905906688
1320089890860589056
1320089891472982016
1320089962725900289
1320090037409648640
1320090041641648128
1320090088907460608
1320090193337094144
1320090235573817346
1320090399977897994
1320090428746682368
1320090537278451715
1320090574263885826
1320090586934874112
1320090591410245633
1320090600553631745
1320090667264200704
1320090704589299713
1320090737866952707
1320090810046533632
1320090969585389570
1320091024111235073
1320091161672011776
1320091191711617025
1320091376047017985
1320091845356064768
1320091874770681856
1320092080958562311
1320092096859197445
1320092229525000193
1320092236822974464
1320092282180096001
1320092285569257473
1320092286043127808
1320092303923548161
1320092307086053376
1320092390716329984
1320092441215553536
1320092529736417281
1320092541635575808
1320092655955697666
1320017248950640640
1320017325467291655
1320017488738828289
1320017501351129088
1320017565360427008
1320017568682381313
1320017590350008321
1320017628321243138
1320017644272181248
1320017695018975232
1320017731035549698
1320017807359299586
1320017810110676992
1320017892235223042
1320018008060944391
1320018135555211264
1320018361829515265
1320018394989592577
1320018403118153728
1320018504368771073
1320018590901338113
1320018641581232131
1320018718341017602
1320018729355399169
1320018746921025537
1320018990123544580
1320019060806111233
1320019187901865989
1320019191504699392
1320019263265099777
1320019309192728576
1320019375982718976
1320019460825206785
1320019590122962944
1320019897045471232
1320020013579993090
1320020105972023303
1320020154240086017
1320020156538605569
1320020236884725761
1320020245562691584
1320020282166345729
1320020341083832322
1320020420720877568
1320020475418800132
1320020484193460230
1320020622102032385
1320020827874709505
1320020903066013696
1320021081655181312
1320021188136095745
1320021189310468096
1320021226522378248
1320021318234820609
1320021427123326976
1320021428087914496
1320021428327092224
1320021763313598464
1320021918808879104
1320022110807289857
1320022199768469504
1320022220102483968
1320022610193731585
1320022622776819712
1320022668884635650
1320022690359615488
1320022694142840840
1320022744080257028
1320022793107443719
1320022931632803842
1320022987895046144
1320023389659156480
1320023424102768641
1320023704655585280
1320023717443928065
1320023755633065984
1320023781130137600
1320023814521163776
1320023847786217472
1320023905696886784
1320024056855465985
1320024099079540736
1320024245251002368
1320024250556661761
1320024254998585344
1320024258551140352
1320024426793082881
1320024519562522624
1320024576601083906
1320024795690487809
1320024807753220096
1320024845434802176
1320024929904087040
1320024937588023296
1320024939534143488
1320024996744409089
1320025081137987585
1320025089094545408
1320025210540773380
1320025281982287873
1320025294145802244
1320025475255762946
1320025575763988481
1320025605140844544
1320025625399193600
1320025714582802438
1320025734467874818
1320025989867393024
1320026015394127872
1320026061720195073
1320026106859298816
1320026112903303169
1320026339794128896
1320026341048242177
1320026401303478272
1320026490386329600
1320026502059143177
1320026608586133509
1320026718514630657
1320026753813811206
1320026875905925121
1320026917852958720
1320027115136319489
1320027131812958208
1320027173256876033
1320027190310981634
1320027232631279621
1320027270887649280
1320027290894565376
1320027291548897280
1320027379444666368
1320027420779597824
1320027425204400128
1320027542347223048
1320027794085015553
1320027865761652736
1320028004182085632
1320028222067773441
1320028255643144193
1320028326828920833
1320028335322300422
1320028460929220609
1320028473738424320
1320028498501783552
1320028537257152513
1320028615128436741
1320028653581864960
1320028729792397319
1320028826366316549
1320028931592982529
1320029018704531466
1320029053416394752
1320029112384172032
1320029178826313728
1320029216184827904
1320029409173274630
1320029455109230594
1320029488537849856
1320029727277678595
1320029740993028097
1320029967053426693
1320030105159278594
1320030151363731456
1320030259987841029
1320030273246023683
1320030642202157056
1320030647642185729
1320030671281283072
1320030872725188608
1320030906392973313
1320030910352338944
1320030994217533440
1320031012949196802
1320031020650057728
1320031077977755648
1320031199977443329
1320031224786804736
1320031280529027074
1320031443435900928
1320031526667603968
1320031661787144193
1320031675586404353
1320031796181061634
1320031838409285634
1320031971523874819
1320032009503313922
1320032017644335105
1320032027782139904
1320032210263724032
1320032211131944960
1320032269801648129
1320107833942310914
1320107863801561088
1320108027572174848
1320108141112164359
1320108203561177090
1320108207528923136
1320108475108806658
1320108480380821504
1320108497288286211
1320108500622729223
1320108538962845700
1320108602246500353
1320108614917320704
1320108677030961152
1320108727337451521
1320108781712203777
1320108866445651968
1320108875014656000
1320108887047983105
1320108903611453440
1320109021731368966
1320109050227531790
1320109105105801218
1320109171656826880
1320109340334895105
1320109457255387139
1320109483645915138
1320109583453519874
1320109646376386561
1320109843152171008
1320109864287232000
1320109952678219776
1320109953399595011
1320110074778570752
1320110321357459459
1320110556133687299
1320110607144681472
1320110628388917249
1320110665055432704
1320110684546322432
1320110741060399106
1320111085802950657
1320111137078259713
1320111157022093312
1320111185740652546
1320111290707304449
1320111348836192256
1320111412123979777
1320111529958739971
1320111596216053760
1320111646816260101
1320111670035992577
1320111740248596480
1320111923766153219
1320111991017689098
1320112306077007875
1320112326238928896
1320112348229558272
1320112352935747591
1320112561161981952
1320112602840780801
1320112716820959232
1320112760676622336
1320112770931621888
1320112795300614144
1320112796097458180
1320112888057483264
1320112994244722688
1320113085311520776
1320113315943677957
1320113479567769604
1320113492393820161
1320113509414412293
1320113597016662016
1320113605384105985
1320113676863508480
1320113732073230336
1320113773575811072
1320113877942702080
1320113929314619394
1320113992321347584
1320114100983287808
1320114113859801105
1320114616094105600
1320114721320767491
1320114940016054273
1320115014703996929
1320115044261257216
1320115044684713985
1320115132895318017
1320115153313157121
1320115228349222912
1320115355478614018
1320115392476569601
1320115396377104387
1320115434495107073
1320115438211100672
1320115610198523905
1320115652271599616
1320115669061554182
1320115668956504066
1320115698404872198
1320115731963457536
1320115777349971968
1320115799105961985
1320115870467751938
1320115874594983937
1320115967603650562
1320116173346922497
1320116240048967680
1320116329479696384
1320116369468379144
1320116676046848001
1320116684334661632
1320116718480592896
1320116743403008000
1320116836030173185
1320116906100219905
1320117003563118592
1320117124975656960
1320117393121812480
1320117569819414532
1320117656423419905
1320117757543895040
1320117804050255872
1320118006031278080
1320118047579934720
1320118281345400833
1320118396562931715
1320118413004603394
1320118508668309504
1320118617640374273
1320118629732618245
1320118660367851520
1320118676683542528
1320118781042188288
1320118899069710336
1320118986890162178
1320118999984730112
1320119083157889026
1320119099704344578
1320119154796597250
1320119209230278658
1320119265433931783
1320119305506328576
1320119306038865922
1320119405662162944
1320119506941992961
1320119540408373249
1320119654187237376
1320119691646521349
1320119746386366466
1320120019007799296
1320120027690008576
1320120061512896517
1320120254043967488
1320120262088658945
1320120304006582276
1320120324705271808
1320120432121516033
1320120480670621696
1320120535406284804
1320120539134951424
1320120630927380480
1320120874884911104
1320120945323880448
1320120974684180486
1320120991553671174
1320121042409586688
1320121125859373058
1320121127881101313
1320121268331479040
1320121289294622721
1320121301789515777
1320121428503633922
1320121472317296640
1320121507637440512
1320121512242733056
1320121578974269441
1320121603779301378
1320121667138404352
1320121717990318080
1320121770268102657
1320121810692632576
1320121827453247488
1320121978104152064
1320122065123373056
1320122100892401664
1320122223521312769
1320122300981792770
1320122321131073536
1320122539151134723
1320122565461864448
1320122572818829315
1320122572747558913
1320122585175236608
1320122681782685697
1320122699658661888
1320122757816999937
1320122795075031040
1320122836715962373
1320122902746890245
1320122950608162818
1320123048041844736
1320123160818257920
1320123180980314113
1320123196142739458
1320123302615142401
1320123311729225728
1320123462111928320
1320123470861172736
1320123475906973698
1320123487021719552
1320123512640647169
1320123559260336128
1320123601132130305
1320123658719776769
1320123860767879168
1320123961825427456
1320123986127278085
1320124164661915648
1320124200926007297
1320124275643351040
1320124293468991488
1320124310565117953
1320124313635155968
1320124315027664896
1320124326281003008
1320124419210170368
1320124577188556804
1320124624634433536
1320124654535704576
1320124683057025024
1320124746470723590
1320124821305479168
1320124829459165185
1320124985617375233
1320124988792373249
1320125039841300481
1320125081104928769
1320125093478125575
1320125179960451072
1320125345836785665
1320125420986109953
1320125431991930880
1320125504876212224
1320125560236904449
1320125576540205058
1320125597457276929
1320125668781395969
1320125668839940097
1320125685399248897
1320125735890108416
1320125815095517186
1320125832342458370
1320125966258155521
1320125993093419008
1320126280482828290
1320126340457181185
1320126343556689921
1320126764274823170
1320126905534894082
1320126968428437505
1320127002179928066
1320127211278655492
1320127308443897856
1320127345982763009
1320127392401293320
1320127433857642497
1320127535804485632
1320127610488295425
1320127630704889856
1320127748178923521
1320127833365237764
1320127946649198593
1320128070712479745
1320128097358893056
1320128134738550787
1320128159849672704
1320128277286092805
1320128587685527552
1320128594149101574
1320128634527637509
1320128685006008320
1320128730568839168
1320128735002099713
1320128754656661506
1320128876828262400
1320129183536865281
1320129338084413440
1320129538387550208
1320129631681449985
1320129666104119296
1320129883742326785
1320130131449577478
1320130185971322887
1320130243898888192
1320130286525517824
1320130421317865473
1320130428938878982
1320130466142441474
1320130633885274117
1320130634791223298
1320130676218351619
1320130743197179907
1320130862965374976
1320130950555205632
1320131033627529221
1320131175126601728
1320131309113659393
1320131347453825030
1320131397068181504
1320131402453626880
1320131792180043776
1320131838514376704
1320131855254016000
1320131859385253888
1320131939504881665
1320131980965543936
1320131990142713856
1320132093721124867
1320132095197515779
1320132161446547458
1320132177980391424
1320132261346381824
1320132295060316160
1320132375993602048
1320132665039679489
1320132794605924354
1320132820195594240
1320132823622258690
1320132942136528897
1320133289693380609
1320133319447744518
1320133383901663232
1320133696041717760
1320133821950545920
1320133957011136512
1320134049235636225
1320134049361498119
1320134056684605440
1320134358787887104
1320134372704411648
1320134404686204931
1320134552329850882
1320134682852425736
1320134924460986368
1320134929053847553
1320134979742011394
1320135562855124992
1320136342676729856
1320136363165925378
1320136397131374592
1320136405771800582
1320136427364143106
1320136451514826752
1320136502161121282
1320136620205625346
1320136681526210560
1320136771254980608
1320136837910777857
1320136946648231937
1320136980299014144
1320137043339546624
1320137126252548099
1320137236122394625
1320137339461656578
1320137550317617154
1320137589077266432
1320137655938617344
1320137902924464129
1320137924390903813
1320138058021437445
1320138095992471554
1320138217564344320
1320138334862299136
1320138519847817218
1320138590815281152
1320138645798531072
1320138658721181696
1320138687624216576
1320138829714653185
1320138859909238784
1320138973709152256
1320139012430991361
1320139510018150403
1320139564653158400
1320139673541357568
1320139769699942401
1320139812104523776
1320139841649213440
1320139958313771009
1320140067877289985
1320140084302131200
1320140109639987201
1320140222517137410
1320140297716846593
1320140394307473410
1320140436976160768
1320140445255667713
1320140566563295233
1320140700650885120
1320140721505095683
1320140756200411136
1320140776106561536
1320140856456810501
1320141166201982988
1320141166508183552
1320141179619508227
1320141191761907712
1320141224821489665
1320141296439263234
1320141350642143232
1320141388932173825
1320141536651345921
1320141615365804034
1320141644331687936
1320141744944476160
1320142035211284480
1320142076349210626
1320142084658126848
1320142249489879041
1320142290044833792
1320142369639989248
1320142450355220481
1320142512351305728
1320142538507014146
1320142605150089216
1320142629699452929
1320142797572194305
1320142907752484867
1320143104331100162
1320143116687437824
1320143255711838208
1320143280332369920
1320143305510879233
1320143432057294848
1320143444602486784
1320143528429838336
1320143703693053954
1320143750123892745
1320143776212537344
1320143926313955331
1320143988771356673
1320144081373306880
1320144148935180288
1320144257227829253
1320144258012221440
1320144278551547904
1320144303696580609
1320144378824806401
1320144492138201095
1320144502628167686
1320144601836027905
1320144761827721216
1320144845432885248
1320145042850353152
1320145067148009472
1320145082222366721
1320145150203449344
1320145163340099586
1320145243761618946
1320145367514624000
1320145493612179457
1320145515825319936
1320145533332197376
1320145560008097793
1320145587593834496
1320145600982208515
1320145751360622597
1320146036141088770
1320146132635389952
1320146232292085762
1320146342967214080
1320146400840212483
1320146681757880320
1320146752754900992
1320146836724846592
1320147029906042880
1320147055889756165
1320147323448709122
1320147345401647105
1320147436757798912
1320147651074183169
1320147721903329283
1320147847845715973
1320148406711570433
1320148413997002754
1320148430568759296
1320148532024774657
1320148595245486082
1320148653084868614
1320148737738629120
1320149391454470144
1320149391580286976
1320149399255740417
1320149609864433669
1320149718702456833
1320149760569872386
1320149814554873858
1320150017924096001
1320150045396787202
1320150099352195073
1320150389484933121
1320150464944508928
1320150524126179328
1320150527649280001
1320150545408077827
1320150598910705665
1320150721711362048
1320150859787997187
1320150896999866372
1320150909360373760
1320150934572298240
1320151149668859904
1320151605899972608
1320151706433409024
1320151740109508608
1320151871114399747
1320151996800839680
1320152055483346947
1320152222810935296
1320152285977006080
1320152290263732225
1320152441225158656
1320152471310901248
1320152675405672448
1320152927571501057
1320152943874641921
1320152956889669632
1320153061252386816
1320062544434860036
1320062581172805633
1320062599472549893
1320062648298446848
1320062736924102657
1320062788274847745
1320063047759745029
1320063098250653696
1320063202739118081
1320063278773530625
1320063291130077190
1320063294720233472
1320063378589532160
1320063429537861633
1320063474890903556
1320063489432576005
1320063597402296323
1320063689848967169
1320063751907803146
1320063760439062536
1320063979419385856
1320064195916926978
1320064260085583873
1320064435797389313
1320064531213783042
1320064587497115650
1320064645047197698
1320064678786142208
1320064775733194752
1320064913855926280
1320064959716405253
1320064985003819008
1320065086690521088
1320065253762191363
1320065349853786112
1320065375095132162
1320065622030479361
1320065685960249344
1320065816218398720
1320065816239353857
1320065849340891136
1320065920669261824
1320066226882793474
1320066286093799425
1320066327349002240
1320066352929861632
1320066440372903939
1320066528948023296
1320066625719107586
1320066738076176384
1320066738701111297
1320066776189775872
1320066777003495424
1320066823602176001
1320066898155859969
1320066969022857216
1320067078603288581
1320067170295029761
1320067217397063680
1320067384288235520
1320067405712941059
1320067408233545728
1320067447370715137
1320067535988002816
1320067586281803776
1320067678007152647
1320067686341148672
1320067698936680448
1320067912514867200
1320067951320387584
1320067992470867970
1320067996467986434
1320068144048857088
1320068169483079680
1320068190022496261
1320068260579213313
1320068290702618625
1320068338777690112
1320068382889283586
1320068391923818496
1320068437742407681
1320068814361534471
1320068940509360130
1320068941050531852
1320069222089764864
1320069236501381120
1320069280034115584
1320069561677467649
1320069590710444032
1320069649619247104
1320069687267500033
1320069703776280576
1320069721056813057
1320069787620433922
1320069807442542593
1320069825809494021
1320069871598788609
1320069910089838594
1320069930608459781
1320069939173130245
1320070045309915137
1320070131532189696
1320070325913055232
1320070333722918915
1320070434038124545
1320070438488256513
1320070450970566657
1320070555781955591
1320070655732232193
1320070819939233792
1320070869339824129
1320071062441332746
1320071297209040896
1320071354964652032
1320071494483914754
1320071582723825665
1320071633646833667
1320071762831396871
1320071818271752193
1320071893592928256
1320071909875142656
1320072028314079233
1320072124485275654
1320072241657249792
1320072312348053504
1320072383760388096
1320072414814818304
1320072507832107008
1320072514463277058
1320072543517040640
1320072741442056192
1320072790880419841
1320072846190759938
1320072929728659461
1320072951077765120
1320072971969507328
1320073000645898240
1320073033881706496
1320073063376080897
1320073147778011137
1320073180950585344
1320073207332937729
1320073302744784896
1320073385880309761
1320073458500423681
1320073622136868864
1320073667666214912
1320073725568557056
1320073776592203782
1320073777552740354
1320073906498211841
1320074066456244224
1320074154784206848
1320074350847033348
1320074359915118596
1320074406735925248
1320074683035824129
1320074703197761536
1320074786966560769
1320074880239439872
1320075186104717312
1320075307563556868
1320075344792014848
1320075391621648392
1320075424194465792
1320075467165069313
1320075483602513920
1320075617123979264
1320075793905704960
1320075886385942529
1320075998327676930
1320076142468943872
1320076368416284672
1320076463220137989
1320076527644540929
1320076682808709122
1320076703243202565
1320076715343908866
1320076808885313537
1320076830569881600
1320076911754637312
1320076918247444480
1320076977357860866
1320077002054008839
1320077181561806849
1320077190692622337
1320077211387441155
1320077261907857409
1320077413133537280
1320077446130130944
1320077465516204035
1320077496214224896
1320077560311468033
1320047428272345090
1320047475881697288
1320047629330513922
1320047629728845826
1320047705478017026
1320048174350831616
1320048190889074693
1320048258211844102
1320048493281640450
1320048699045777408
1320048762933268480
1320048854469873667
1320048874585792514
1320048908488364032
1320048929015214081
1320049067934818305
1320049227440001024
1320049424719138821
1320049528888852487
1320049691225149440
1320049715141087234
1320050056372826112
1320050065965199361
1320050086966157313
1320050317438808064
1320050519176478723
1320050593570881536
1320050641612476417
1320050668669931521
1320050736806363138
1320050803759927296
1320050892662603778
1320050901562765313
1320050907279708160
1320051006164639752
1320051337351004160
1320051510076555264
1320051613428535298
1320051638942507011
1320051651441377280
1320051685016760320
1320051735910518784
1320051739924594693
1320051853510541316
1320051970200121345
1320051995693240320
1320052117206388738
1320052159552114689
1320052201557929987
1320052293190914048
1320052298006056961
1320052423549964290
1320052490025521152
1320052549706223627
1320052561873981442
1320052607407149056
1320052709035106305
1320052884399136769
1320053111558471682
1320053241636360193
1320053248661749760
1320053270392561664
1320053367415201792
1320053551142416384
1320053683682332672
1320053752255098885
1320053773637738496
1320053799294205952
1320053870698106881
1320053892353241095
1320053911705800704
1320053916596269056
1320053959197851650
1320054030010179584
1320054214119297027
1320054314606395392
1320054323745746944
1320054532685127685
1320054549630111747
1320054612770967552
1320054688365105160
1320054726193446914
1320054893403688962
1320054995207647232
1320055145288302592
1320055182630264834
1320055246383648771
1320055364243591169
1320055531709628417
1320055581735047169
1320055870181560320
1320055929577013252
1320055950636711938
1320055980235714560
1320056288437387264
1320056324512690179
1320056343785558016
1320056587935830016
1320056588305051648
1320056710497665024
1320056852483330050
1320057121371615232
1320057158659198979
1320057158915022848
1320057225688219648
1320057636969132041
1320057687690956800
1320057812874121218
1320057913725992961
1320058153069756416
1320058299203620868
1320058434478313472
1320058644873007104
1320058684358184967
1320058786153975808
1320059084901527552
1320059134629322752
1320059224748064768
1320059608166244353
1320059621436948482
1320059704274505729
1320059717176201217
1320059755856056324
1320059855277674497
1320059961188085760
1320059973129232384
1320059977294336000
1320060090884395010
1320060111784652801
1320060115354066944
1320060149164363776
1320060246082134018
1320060295436447746
1320060438269157376
1320060488571625472
1320060513162825730
1320060560478597120
1320060849491501057
1320060900313845762
1320061105629179906
1320061126583877632
1320061218539905032
1320061244062183425
1320061247866478593
1320061322910785536
1320061411758833666
1320061428817158147
1320061592030105600
1320061881814568964
1320061973803958274
1320062036475195392
1320062162501419008
1320062247012569090
1320062372778668033
1320062441061978112
1319820973261131778
1319821149770043395
1319821154203308032
1319821163028271104
1319821224864813056
1319821250605289474
1319821275104219136
1319821342145974275
1319821514221457409
1319821564997632001
1319821863825047555
1319821875019644929
1319822024005615616
1319822328159735808
1319822357318434816
1319822411462807562
1319822512520351744
1319822533466619904
1319822667927719938
1319822700387422208
1319822756049874945
1319822789239504899
1319822823217651712
1319822856948047873
1319822981917478918
1319823020333019138
1319823028394577922
1319823085747331072
1319823166248603648
1319823302047784960
1319823380116328448
1319823384553885696
1319823410021761025
1319823419198853121
1319823515097403392
1319823624488927234
1319823703451045888
1319823761974046721
1319823809143316482
1319823887979450368
1319824043135164416
1319824199201021952
1319824207174316032
1319824265655451648
1319824455393267713
1319824731382665217
1319824735652425729
1319824752006103041
1319824840849850369
1319824870235013120
1319825012036165632
1319825014397542401
1319825116822384642
1319825130575564805
1319825242731274245
1319825276675776513
1319825300025430016
1319825381856215040
1319825431403679744
1319825436021501958
1319825666825723904
1319825750111997958
1319825763105988608
1319825902071541760
1319826225301475328
1319826250311974914
1319826455199711232
1319826497750827010
1319826585541804032
1319826748523991041
1319826770040778753
1319826815968477184
1319826823920947200
1319826882699943936
1319826895383519233
1319826979613511680
1319827017441800192
1319827022005161984
1319827043694137347
1319827123255840768
1319827151370190848
1319827298518970368
1319827525250449408
1319827570708414468
1319827637976563712
1319827704816885760
1319827826292391937
1319827842754965504
1319827864263495682
1319827868550049792
1319827902540599298
1319827958165635074
1319828003585708038
1319828017330475008
1319828076071702528
1319828338945425408
1319828372541689856
1319828419056721920
1319828527966015488
1319828744887013381
1319828788100788224
1319828825593712644
1319828881306779650
1319828883617705986
1319828955457794050
1319828955269124096
1319829118616260609
1319829202275864576
1319829458652639232
1319829470673588224
1319829530014568448
1319829668619575296
1319829755949101056
1319829933200347138
1319829978586951682
1319829982659620864
1319830016117542912
1319830149790113793
1319830176109395969
1319830180735713280
1319830255473836032
1319830398654840832
1319830418418446336
1319830557560274949
1319830561850978304
1319830586391818240
1319830627961667587
1319830901497397249
1319831199490203651
1319831229223452672
1319831265701285890
1319831447851524096
1319831451563663361
1319831623299485696
1319831828300288001
1319832039210663936
1319832309869256706
1319832336708653056
1319832339334135809
1319832369734451200
1319832378144010240
1319832444711862278
1319832474646708225
1319832575138037761
1319832594012319745
1319832617760509953
1319832624974589952
1319832680092127235
1319832742167719937
1319832872279281664
1319833023697678336
1319833208414928896
1319833215981490177
1319833220775514112
1319833321317240832
1319833384831602689
1319833497490628608
1319833519141605382
1319833602717306880
1319833668685234176
1319833681645633543
1319833719323136000
1319833740915388416
1319833891579039744
1319833946205532160
1319833954627747840
1319833983761473537
1319834156277198849
1319834175927668737
1319834436914061313
1319834550453743616
1319834575657406464
1319834584935206918
1319834588462669824
1319834600684855298
1319834743693844480
1319834843434418176
1319834915463192576
1319834937369849857
1319835137228591104
1319835187170185216
1319835418154749952
1319835520042733575
1319835535548895232
1319835653803286529
1319835658563665920
1319835757817827329
1319835820740599813
1320002147073732609
1320002205731225600
1320002352720547847
1320002544924409858
1320002561735352320
1320002952661270531
1320002985242599425
1320003052770938880
1320003154344378370
1320003161629859841
1320003325006401536
1320003425770364929
1320003501708234755
1320003791303757824
1320003803165372416
1320004021642547200
1320004042756509696
1320004209337618432
1320004235430416387
1320004277146914817
1320004323049230337
1320004562783248386
1320004595721142273
1320004629418082304
1320004927415111680
1320004931626074112
1320005057060929536
1320005133145722880
1320005228767268865
1320005250506510336
1320005304352968705
1320005330906955776
1320005434921529344
1320005452328034306
1320005556195758080
1320005590324838400
1320005597895512070
1320005719492595713
1320005732230594562
1320006000359985153
1320006096967340032
1320006194472325121
1320006462064787456
1320006550078001152
1320006772728467470
1320006877992845314
1320006986864480269
1320007024126689280
1320007251059499010
1320007258802163713
1320007327391637504
1320007381502160896
1320007396882812928
1320007616500846593
1320007686319112194
1320007854464618496
1320007900690087937
1320008018797359104
1320008031132913666
1320008073684127745
1320008237031313408
1320008325157867521
1320008421257740288
1320008429298176002
1320008546185076737
1320008592624332800
1320008697939111938
1320008890688458752
1320009063216914432
1320009087464202242
1320009163439665152
1320009184369233921
1320009502792376320
1320009562599149568
1320009671332290560
1320009674339553280
1320009732472655872
1320009911003189251
1320010014841577477
1320010094071828482
1320010123687940098
1320010476160536577
1320010497618546689
1320010677960966150
1320010879778381824
1320010892050878465
1320010920450420738
1320010961768620032
1320010966990385153
1320011147295084547
1320011385942790149
1320011427705458688
1320011529035653123
1320011538971774980
1320011713165443072
1320011743788191745
1320011814130880513
1320011897861820418
1320011960549769217
1320012045077647360
1320012053160001538
1320012146399391744
1320012163159891968
1320012225327882240
1320012393414598659
1320012421860241411
1320012547957886978
1320012576852422659
1320012585480167425
1320012648273018882
1320012816481505281
1320012845870874625
1320013080693141506
1320013172690939904
1320013286465650688
1320013294858633217
1320013487083524100
1320013593040093184
1320013643044573185
1320013723424198659
1320013920535343110
1320013933294608391
1320013935320440833
1320014020531900417
1320014040740093953
1320014352561410051
1320014428050522113
1320014443955191809
1320014461235728388
1320014485776629761
1320014805391073281
1320014926509989889
1320015006507978753
1320015018516238343
1320015031027654657
1320015144265617414
1320015346015768578
1320015349711032321
1320015388978126851
1320015479512141824
1320015571551911941
1320015592817102855
1320015715198328833
1320015765878284288
1320015781103652866
1320015803106951169
1320015827744161795
1320015865480400897
1320015958002397184
1320016079683465216
1320016201947467779
1320016247027793922
1320016302354776064
1320016512024006657
1320016600779677700
1320016624603320322
1320016625555439624
1320016654928064512
1320016691581964289
1320016973200326662
1320017158357778432
1319805808574488576
1319805840141045760
1319805999721709568
1319806029140545537
1319806221562642434
1319806226092404736
1319806255255388160
1319806314172747778
1319806347588849665
1319806373002014720
1319806465197150209
1319806578627768320
1319806725579571200
1319806910539980800
1319806918542696449
1319807103163314176
1319807140102508544
1319807149321715712
1319807250018480128
1319807416830025729
1319807417148936200
1319807421292941317
1319807593301225479
1319807648284495878
1319807710934618112
1319807860306477066
1319808348687110144
1319808353204396033
1319808515918172160
1319808516501262336
1319808537317437441
1319808609056940032
1319808709262856192
1319808731731951616
1319808856172711942
1319808953321127937
1319809263217348609
1319809351197089794
1319809397456048130
1319809431593316355
1319809742198497281
1319809782774177793
1319809833097449474
1319809878802657280
1319809980531290113
1319810022503817216
1319810295666216961
1319810483260710912
1319810491250860032
1319810513107341313
1319810542375059456
1319810676085448704
1319810676274114567
1319810791877472257
1319810848324423681
1319811032643178496
1319811037747609605
1319811129451802625
1319811251195777024
1319811283957567488
1319811360885264387
1319811489482608640
1319811503059431425
1319811544935501824
1319811644999061505
1319811708261666816
1319811817393143809
1319811867813023744
1319811901543493633
1319812148353224705
1319812458765168640
1319812483973025792
1319812505833775105
1319812719663587328
1319812828103102464
1319812941407875074
1319813037315006465
1319813113642848256
1319813242693296128
1319813478404718598
1319813600580718592
1319814078039248897
1319814128236699648
1319814162424467461
1319814169655414785
1319814359670005760
1319814362731847681
1319814400543346690
1319814434060206082
1319814506357248000
1319814589706604544
1319814648162668549
1319814699374891009
1319814707109244928
1319814720157741056
1319814724041773056
1319814765305364480
1319814971140820992
1319815000937000960
1319815009715695616
1319815122299310080
1319815232060051457
1319815428470788096
1319815437111169025
1319815440999145472
1319815516970766336
1319815701201375232
1319815713729564673
1319815881954889728
1319815983310069761
1319816037429227520
1319816405601177600
1319816599034101763
1319816707511255040
1319816707817570311
1319816812607885313
1319816842395910145
1319816892081647617
1319816922192662528
1319816926277795840
1319816991734001664
1319817283447894016
1319817462297362433
1319817765268656132
1319817978309976067
1319817982751633408
1319818013277888512
1319818179309338624
1319818230605570049
1319818247487840258
1319818314143518720
1319818522848038914
1319818599532560385
1319818779187159040
1319818800825589760
1319818833813786624
1319819043495358464
1319819198739120128
1319819202908270592
1319819237050011648
1319819350145077248
1319819391773663232
1319820146618281990
1319820201236582405
1319820214662434817
1319820256047734784
1319820285818830849
1319820336020353024
1319820504425992193
1319820603667456000
1319820659497799680
1319820679995273218
1319820742557564928
1319820775965286401
1319836165755686913
1319836213302513667
1319836261964603392
1319836332697423872
1319836366952407041
1319836488016814081
1319836630950268929
1319836907946319874
1319836932013060097
1319837026154414080
1319837109184729088
1319837185185615878
1319838103520088066
1319838110868385793
1319838199787757569
1319838211640709121
1319838286987382784
1319838366762926085
1319838463055769601
1319838531339100160
1319838572678205440
1319838676420071424
1319839165224243202
1319839256131624960
1319839264675450880
1319839424411123717
1319839490655965185
1319839650387693568
1319839713495310337
1319839865522061313
1319840007876710400
1319840091620151297
1319840280774836226
1319840371833274368
1319840397888114688
1319840438644334592
1319840484915843073
1319840485717037057
1319840515144228865
1319840522454863872
1319840581690929152
1319840628738502658
1319840816576212992
1319840976601481222
1319841042703724544
1319841269112254464
1319841274208440321
1319841328545529856
1319841345482166273
1319841428688732160
1319841542018838529
1319841567713202176
1319841575418167297
1319841647816019973
1319841829353852929
1319841873884741632
1319842104059854850
1319842163526520834
1319842193566121985
1319842317683965954
1319842343340695553
1319842360323395584
1319842419769286656
1319842478401458177
1319842723495579648
1319842742902706176
1319842826721505281
1319842950948528128
1319842961098563584
1319843011048566784
1319843123263045632
1319843225394446336
1319843525853388804
1319843568740126721
1319843580303806464
1319843694195818496
1319843760981770240
1319843836219240448
1319843853529038848
1319843862475640832
1319844137928196096
1319844138922221577
1319844293708832769
1319844314608881665
1319844336448770049
1319844781535657984
1319844918068641793
1319845011370971136
1319845082481127424
1319845128643710976
1319845162672025600
1319845224735232000
1319845236953223168
1319845293056294913
1319845305542610945
1319845355941433344
1319845388703191040
1319845409934741504
1319845439194054657
1319845488691236865
1319845581699821568
1319845606400077826
1319845704152604672
1319845744900141057
1319845845936713728
1319845854438690820
1319845980582404097
1319845992401952774
1319845993727352839
1319846023049728000
1319846042637078528
1319846060026626049
1319846064460005376
1319846072206921728
1319846110266097670
1319846211248132097
1319846290071654400
1319846509064515585
1319846608633274368
1319846675892977664
1319846768654249985
1319846944055853056
1319847012251086851
1319847331722833921
1319847340082167809
1319847426317058048
1319847502225592327
1319847506063347713
1319847619552776192
1319847632479621120
1319847665392234496
1319847721105346560
1319847776289685504
1319847803892473862
1319847967474368515
1319847975862956032
1319848127982112768
1319848174253690882
1319848178468986880
1319848286598144001
1319848345813323777
1319848433709187072
1319848459894181893
1319848489686388736
1319848526046760960
1319848537685954561
1319848584469114880
1319848613925642240
1319848785380626432
1319848836874063872
1319848840351092736
1319848898970738689
1319848958299197446
1319848974350573568
1319849045653884928
1319849121914720258
1319849129489666048
1319849131016421376
1319849147084595200
1319849208900444162
1319849351934398465
1319849386596249602
1319849453268840449
1319849482050170880
1319849503638327299
1319849519090204672
1319849569899905025
1319849700393160706
1319849877153607680
1319849889296224258
1319850018941980672
1319850090169729025
1319850321179455489
1319850447281291264
1319850455158185985
1319850564583362560
1319850586561564673
1319850618530443265
1319850665116565504
1319850762705522689
1319850865805709312
1319850879365894145
1319850975683903488
1319851012853764096
1319790711781396483
1319790716000886785
1319790749983121415
1319790757990092800
1319790866630922240
1319791354193608709
1319791457486581760
1319791512113319937
1319791814581288960
1319791823963959296
1319791864598462465
1319791911641776131
1319791944554299392
1319792065803284480
1319792095884836864
1319792162175815681
1319792238730317829
1319792246246563843
1319792266987405312
1319792356196012032
1319792494482128896
1319792527579467776
1319792560823468032
1319792729862254592
1319792783809515523
1319793236227936257
1319793412212723712
1319793547919257601
1319793551211778048
1319793551366975488
1319793559516729346
1319793667889090560
1319793777716940800
1319793961578516480
1319793999192928261
1319794008093241344
1319794125365858305
1319794289833115649
1319794310787772421
1319794313820278786
1319794364097482758
1319794503457345537
1319794523535532033
1319794561242324994
1319795145026555904
1319795245262004225
1319795312077250560
1319795371116285957
1319795404750413824
1319795444445134848
1319795463554387968
1319795509859680256
1319795540830375936
1319795795730857984
1319795810947764226
1319795882783461377
1319796067538448385
1319796122588729345
1319796160207486976
1319796164171096064
1319796210929205248
1319796218503950336
1319796248497573888
1319796252918214657
1319796265237053441
1319796281976475648
1319796331284553729
1319796353849913345
1319796402701127681
1319796529885007872
1319796797796196354
1319796843866443779
1319796852598898690
1319796996366950400
1319797145327882241
1319797200327602177
1319797287074238464
1319797392779186177
1319797401843019776
1319797490242158592
1319797765845680135
1319798009656414209
1319798009773854721
1319798067714002944
1319798303140253697
1319798307661606912
1319798407506976768
1319798442470768640
1319798567922487296
1319798794326839297
1319798831563870211
1319798965764841476
1319799318690340865
1319799347496783872
1319799452459274240
1319799468682784768
1319799696479735810
1319799821121695744
1319799825391480832
1319799838444224512
1319799888939540480
1319799901597958146
1319800136759971841
1319800165428023297
1319800169664335873
1319800311817531392
1319800358428798976
1319800509008506880
1319800644014796800
1319800661123485697
1319800802513457154
1319800819391279109
1319800866132520960
1319800937322512385
1319800958721937408
1319801046076620800
1319801184862019586
1319801209142784000
1319801209797120000
1319801276637630470
1319801411648053249
1319801424491020289
1319801461623181312
1319801495135682560
1319801779551436800
1319801868504223745
1319802011639029760
1319802199371878401
1319802308767698945
1319802334105473024
1319802497226059776
1319802614653939714
1319802732119642112
1319802744572682240
1319803055899136000
1319803060244246529
1319803121753874438
1319803141064445952
1319803206214574080
1319803226795970560
1319803420161683456
1319803453183422464
1319803584486268931
1319803709430190080
1319803785594740737
1319804002901630977
1319804042214735873
1319804058023190529
1319804154131456001
1319804259441979392
1319804322218205185
1319804451528437761
1319804518964600832
1319804523918069767
1319804553013940225
1319804648920911872
1319804837970792449
1319805001749925893
1319805044015976449
1319805160475025408
1319805177080107013
1319805270382489601
1319805287566639104
1319805290779344897
1319805357930270721
1319805374841716738
1319805462674468871
1319986993258917891
1319987097999233024
1319987181868339200
1319987185320222720
1319987193536983042
1319987289964093440
1319987626179547137
1319987672602038272
1319987734640005121
1319987890823303170
1319987977251061760
1319987992186945536
1319988062085152770
1319988087871721478
1319988325814513664
1319988377446457348
1319988389232271363
1319988552877412352
1319988574146695169
1319988616471465986
1319988616576335873
1319988629347962880
1319988666010316800
1319988677746020352
1319988825284902913
1319988839159508992
1319988850308034561
1319988870830718976
1319988876379762688
1319988952422621187
1319989164666998785
1319989181159014400
1319989437720416258
1319989458121478146
1319989522411655168
1319989572848189441
1319989630796615683
1319989634382876672
1319989674232991744
1319989769171046400
1319989865291841536
1319989877711294465
1319989933029888001
1319989938121854977
1319990000142872578
1319990172960870400
1319990180149940226
1319990410392014848
1319990494307418112
1319990675631493120
1319990747165298688
1319990851238592512
1319990892435021826
1319990990887882752
1319991065341022208
1319991120240103425
1319991136266629122
1319991221067091969
1319991328860786689
1319991358187315201
1319991694885085190
1319992046682255361
1319992075568504835
1319992142278905858
1319992184242917377
1319992780026949633
1319992831621160961
1319992889485758465
1319992923132493830
1319993011296636928
1319993011187625984
1319993065432645634
1319993087226249216
1319993104464826371
1319993544132546562
1319993825008386048
1319993913646764033
1319993942503555075
1319993954956357634
1319994005078278148
1319994035600318465
1319994101979283458
1319994131494612992
1319994379956854784
1319994403809841152
1319994554322460674
1319994596114432012
1319994605312614400
1319994684161232897
1319994790423846915
1319994839577001984
1319994847416193024
1319994965838032897
1319995066480549888
1319995288535388166
1319995367929282563
1319995376733212672
1319995414511185921
1319995629389684736
1319995641058234369
1319995716119527426
1319995742027567105
1319995784062857216
1319995855328464897
1319995866938331137
1319995950283198464
1319995977097502720
1319996005991972864
1319996056361369601
1319996136451641344
1319996253028179968
1319996623003418627
1319996661050073093
1319996764687040513
1319996852708802562
1319997050117869571
1319997053578153984
1319997055163461633
1319997117738459137
1319997121332826115
1319997217571221506
1319997449025556483
1319997586779025408
1319997650884845573
1319997704303484930
1319997852056195075
1319997960294420482
1319998002283581441
1319998132575494155
1319998188045086720
1319998207301222400
1319998211654701069
1319998388977455106
1319998635250225159
1319998715453706241
1319998719476072448
1319998754230013954
1319998782428352512
1319998840565649409
1319999177070383104
1319999203276255233
1319999307236466690
1319999352409116672
1319999554561970178
1319999563042795522
1319999693087191040
1319999718911401988
1319999752256315392
1319999796938219520
1320000141277933568
1320000145556000769
1320000220642615302
1320000238170636288
1320000258320044032
1320000414805274624
1320000451358711809
1320000468316246016
1320000473034706947
1320000658335027200
1320000687661481985
1320000863629398016
1320000921154322432
1320001038875791360
1320001223546834950
1320001375279976450
1320001424927936512
1320001454107586563
1320001526002319362
1320001583669792768
1320001642616418306
1320001727974834178
1320001802029379585
1320002007848095745
1320002042023321601
1319851134350204928
1319851202688016384
1319851424184897541
1319851445965844480
1319851525473067009
1319851541663260675
1319851738728402944
1319851827051917312
1319851894349520896
1319851923504304129
1319851953170468864
1319852048959979521
1319852089351327750
1319852178467586048
1319852233698144257
1319852326178488320
1319852418457161729
1319852552616247297
1319852644450455553
1319852645104947200
1319852708157935617
1319852754500788224
1319852786767417344
1319852863292641285
1319852895643312129
1319852943017869312
1319853232978563072
1319853281561161728
1319853387203203073
1319853403619536897
1319853441619931136
1319853454848749570
1319853476235644928
1319853501153906689
1319853570947166209
1319853623078248450
1319853957855006720
1319853999827419136
1319854036556959745
1319854050700120064
1319854105209282561
1319854134758166528
1319854146200031233
1319854230325350407
1319854474421174272
1319854498668408832
1319854532969467904
1319854775761063936
1319855143844782080
1319855329778302981
1319855338166910976
1319855580358508544
1319855588759797760
1319855714731315200
1319855940808642560
1319855967174000640
1319856130869243904
1319856181389619205
1319856248813125632
1319856285253275651
1319856286046015489
1319856416908247040
1319856545866354688
1319856781401653248
1319856822405140481
1319856880382926848
1319856911651643392
1319856981885136899
1319857182347825152
1319857191558377472
1319857199410102272
1319857376657350663
1319857572904636422
1319857602172342272
1319857673995718656
1319857724272902145
1319857724583075842
1319857741847023617
1319857836684267520
1319857882674941953
1319857891793424384
1319858168273383426
1319858365141520384
1319858378798137344
1319858395562770433
1319858626874331138
1319858698366283776
1319858722156376064
1319858919175409664
1319858935520776192
1319859050054561792
1319859422244622337
1319859518700982272
1319859678315081729
1319859732677595136
1319860182491353088
1319860186794917890
1319860340889284609
1319860480270237698
1319860504710565894
1319860714635493377
1319860726761213952
1319860789541416960
1319861050200657920
1319861100834422786
1319861125874409477
1319861208598630400
1319861306904772608
1319861336533200896
1319861435367784448
1319861461305430017
1319861550262460416
1319861637633904647
1319861680755671040
1319861721113096193
1319861847445614593
1319861998214139905
1319861998457376768
1319862044854812672
1319862082263797767
1319862132792590337
1319862233900302337
1319862288074027009
1319862304872288257
1319862447784775680
1319862452503326720
1319862476398317568
1319862547890188288
1319862552789016578
1319862580949753856
1319862618409062400
1319862666454691842
1319862756594515968
1319862769454370816
1319862874945142784
1319862984517222401
1319863012304576512
1319863088661737472
1319863289141223425
1319863362243743744
1319863414135685120
1319863494855065601
1319863587884716033
1319863651730411520
1319863767447015424
1319863894903578624
1319863914637660161
1319863944513789953
1319863995377938432
1319864032350797824
1319864154048679936
1319864154602139648
1319864352204349441
1319864364732657664
1319864585927622657
1319864599324348416
1319864782850240518
1319864805642166272
1319865202549116928
1319865382522343425
1319865383633981440
1319865432422051842
1319865621975191552
1319865673028227072
1319865774991953920
1319865933486116865
1319865974980575234
1319865991321448448
1319866096938373120
1319866280128774149
1319866444193034242
1319866483141447687
1319866690776256515
1319866708501254144
1319866788281286656
1319866876210696192
1319866900449460225
1319866914319994881
1319867035577352194
1319867108658941952
1319867181648302080
1319867237168222209
1319867263009378304
1319867421197520897
1319867451690176512
1319867582099427328
1319867624239427585
1319867653394235392
1319867660784537600
1319867811813117953
1319867874580705280
1319867991320858625
1319868145037987840
1319868172384698369
1319868228626051073
1319868499313872897
1319868719154298881
1319868817678413824
1319868855351640069
1319869145664598016
1319869376649101312
1319869408660029441
1319869657420091392
1319869823766138881
1319869846029565952
1319870169473110022
1319870336003784706
1319870622801997824
1319870777005490176
1319870816247578624
1319870824040415232
1319870889891160064
1319870941535498241
1319870999081283584
1319871024075317248
1319871213586378752
1319871242464264192
1319871355937001472
1319871365869162498
1319871390011461632
1319871461046190080
1319871498253856768
1319871816198807553
1319871898138804224
1319871955202260994
1319872295083520000
1319872404714409984
1319872429309579264
1319872588521275393
1319872833443475456
1319872967996772354
1319873106224304129
1319873137551405058
1319873197337014274
1319873278257864704
1319873592805462016
1319873624795418624
1319873695846965248
1319873741384368129
1319873743590666240
1319873931445104640
1319874005902372865
1319874018908934144
1319874065906036737
1319874074651209731
1319874102539259904
1319874303442276352
1319874346488299521
1319874510732972033
1319874660595617792
1319874678312202242
1319874722641883136
1319875006147432448
1319875088779444224
1319875123717885958
1319875164931149825
1319875303561293824
1319875671519334400
1319875685582733313
1319875694608908294
1319875782236397568
1319875882413117440
1319876088038887436
1319876096456876033
1319876126240657408
1319876179759931392
1319876275893223424
1319876357086711808
1319876557540716545
1319876678001229824
1319876738046971904
1319876808385376261
1319876843315445760
1319876975910027264
1319877000618627072
1319877068453257217
1319877124799434752
1319877130738597888
1319877149822771200
1319877492820348930
1319877506040778752
1319877546486366210
1319877552203309057
1319877618036961281
1319877725662789632
1319878028026138625
1319878084787466241
1319878108808245248
1319878129465266176
1319878194145628161
1319878234981367808
1319878289725353984
1319878423163080704
1319878474014859264
1319878523524440064
1319878634635587584
1319878679518834688
1319878981865381888
1319879360115953664
1319879538063536133
1319879611396673536
1319879689784217600
1319879715805646848
1319879745270550533
1319879791575658497
1319879907925778432
1319879991895728129
1319880039219916800
1319880251753689093
1319880258380681223
1319880281596243968
1319880332775092224
1319880550144880640
1319880576262758402
1319880968648462336
1319881002353905665
1319881061501992960
1319881146616868864
1319881216498278400
1319971998655799298
1319972267498065920
1319972290910617601
1319972893569277955
1319972916830695424
1319973008396701696
1319973379001049093
1319973400236953600
1319973561784848384
1319973576703959040
1319973869315293184
1319973899006824449
1319973958368841728
1319974129668423681
1319974440545890305
1319974547932778501
1319974698592178177
1319975156165562368
1319975260905742342
1319975298339831809
1319975298989948935
1319975404275458048
1319975688347201536
1319975766042374147
1319975842668253184
1319975898167136256
1319975915867328514
1319975979792687105
1319976305702699008
1319976338422456326
1319976406378516481
1319976570258219011
1319976775456350210
1319976818732978181
1319977109914255361
1319977273710313472
1319977333034348544
1319977568968331264
1319977572487278593
1319977590636089348
1319977723402637312
1319977917674360832
1319977924146192385
1319978081646305281
1319978353093451782
1319978470953410562
1319978492411432960
1319978520156753920
1319978562938654723
1319978613526155264
1319978852173557762
1319979322116100096
1319979346904281088
1319979447685173250
1319979515062456320
1319979602261979136
1319979715839594498
1319979896035299329
1319979930235535360
1319980050951917569
1319980244925706240
1319980327536918528
1319980543010918402
1319980600217030657
1319980608475615233
1319980686233710593
1319980755272032256
1319980805389750273
1319980868270759938
1319980886327218176
1319980987841794049
1319981000118644736
1319981024219193344
1319981136819441665
1319981142129377280
1319981217920524289
1319981322882920448
1319981375575961600
1319981573576556549
1319981737670213632
1319981787100098562
1319981989307600898
1319982027551039490
1319982064574185477
1319982156677107712
1319982162406305793
1319982269822545921
1319982396503183360
1319982680474353670
1319982769364209664
1319982806831869952
1319983013128798208
1319983020393246720
1319983028668633088
1319983104904237056
1319983191768387584
1319983292725297153
1319983398711185408
1319983659487723521
1319983674549506048
1319983762898300928
1319983792048738304
1319983809618731008
1319983833404608512
1319983901406789633
1319983905567576065
1319984060530368512
1319984139790131200
1319984221990125568
1319984464370540546
1319984505193664512
1319984555923832832
1319984773398515714
1319985130279227392
1319985171500773376
1319985309975781376
1319985327528960002
1319985364828934146
1319985440951312385
1319985456558297090
1319985478616100866
1319985501051432960
1319985667221356549
1319985759923961857
1319985768048242691
1319985806518476800
1319985878501044224
1319985952908038144
1319986032314548226
1319986048127160321
1319986213625958400
1319986245079007234
1319986476629872640
1319986740283789312
1319986858005307393
1319956954010296321
1319957061627711489
1319957166602715136
1319957409750831104
1319957412690972673
1319957524225863680
1319957691335401473
1319957746213654528
1319957755046711296
1319957960907460609
1319958007841771522
1319958066629062657
1319958179657191427
1319958244484415490
1319958480791404547
1319958544066772993
1319958579475001344
1319958687742676992
1319958700208128000
1319958713726234625
1319958762854240256
1319959048637349888
1319959386865893376
1319959424258232320
1319959470387191808
1319959629758070785
1319959840643555337
1319960146303504384
1319960205254402048
1319960381545132032
1319960667403685889
1319960751524675586
1319960760567664640
1319960779471409152
1319960897792757761
1319961015769968641
1319961022321422336
1319961304015212547
1319961519459885056
1319961581367808000
1319961709885460480
1319961742949142528
1319961772791615488
1319961819579076608
1319961942187003905
1319962058071441408
1319962157690146816
1319962202460327936
1319962234403999747
1319962350972260354
1319962683236618240
1319962972874211328
1319963026909515778
1319963187727364096
1319963189640122369
1319963271059984386
1319963626254598144
1319963693984210944
1319963848347127810
1319963981977702405
1319964104904376320
1319964113653493761
1319964154711707649
1319964350791229441
1319964404604047361
1319964406554497024
1319964519662292994
1319964566072315904
1319964707936063488
1319964758477516800
1319964792963190784
1319964808641392640
1319964830455955456
1319964901083938816
1319964918465003521
1319964935808495616
1319965425698996230
1319965476244652033
1319965588643512321
1319965760358318080
1319965811516329988
1319965942701576197
1319966066399903745
1319966122654027776
1319966393509515267
1319966520928325632
1319966592403386368
1319966763732373504
1319967037913956353
1319967073460756480
1319967262854598656
1319967281980403715
1319967318580039681
1319967334975537153
1319967514168684544
1319967520489615361
1319967816976650246
1319967987558944771
1319968071264702464
1319968205968900097
1319968211107020801
1319968398802145285
1319968457241333761
1319968549482483713
1319968610052395008
1319968864327880704
1319968873404391424
1319968965490282497
1319968986155700224
1319969078832996354
1319969291970674690
1319969364611878914
1319969415534944258
1319969543712919554
1319969884281970690
1319969939034427393
1319969947389480960
1319969960161021952
1319969964141563911
1319970025348976642
1319970128650473472
1319970152864047104
1319970227539615745
1319970442548006914
1319970451049820162
1319970453675515905
1319970533564448768
1319970644650582016
1319970648819642369
1319970669493440513
1319970711658704896
1319970728557662208
1319970764326604800
1319970765714882561
1319970910984720384
1319970917288640513
1319970970589954048
1319971089406046209
1319971846322868224
1319881413038993408
1319881566206808064
1319881627594641408
1319881833421639680
1319881854116196353
1319882103350243333
1319882335563677696
1319882425506254848
1319882530720538624
1319882543991115778
1319882627113865216
1319882748329275392
1319882795037134849
1319882852201197570
1319883016341213184
1319883048670945285
1319883149661306880
1319883223296561152
1319883298907316224
1319883326329622528
1319883329886429185
1319883352044933120
1319883380931002368
1319883641648889856
1319883810473865221
1319883932683423744
1319883952027586560
1319883976643756032
1319884013176147968
1319884059258966018
1319884111591411713
1319884384447574017
1319884683253927936
1319884888712093696
1319885035336445952
1319885206325661696
1319885206833131520
1319885269995122688
1319885396394844162
1319885403940294656
1319885461448396800
1319885495002804224
1319885544487149572
1319885602767040515
1319885671008403456
1319885671524265986
1319885726515953665
1319885741497909248
1319885840710049792
1319885872616013829
1319886179454623744
1319886309079437312
1319886335109283840
1319886339240792064
1319886607118286848
1319886654346321920
1319886813624963073
1319886875247738880
1319886997083852800
1319887285333204993
1319887310364827648
1319887362067935237
1319887465767948288
1319887528221151232
1319887767065841664
1319888027586564096
1319888114383527936
1319888121559920641
1319888122222678016
1319888142250483716
1319888546832863234
1319888554571476993
1319888591582040065
1319888729234903040
1319888765872201729
1319888779520339968
1319888835459706880
1319888981937524737
1319889127454642176
1319889286985121793
1319889328601006080
1319889387136536577
1319889391599452160
1319889532733386752
1319889559174471680
1319889614514028544
1319889673217544192
1319889809700245504
1319889835968974848
1319889930500276225
1319889931628498944
1319890147958083584
1319890245605875712
1319890275876040709
1319890298256920576
1319890472962199553
1319890493464059904
1319890614561828864
1319890661198344193
1319890955055501312
1319891064673734657
1319891091575984130
1319891177861189634
1319891313538428928
1319891427078361088
1319891510800863238
1319891577846706180
1319891667550236672
1319891745967046656
1319891786869796864
1319891816414666754
1319892003589558272
1319892140332208128
1319892221181607942
1319892357349691392
1319892359912579072
1319892856237064192
1319892877053468672
1319892952626331649
1319892972092248069
1319892994695270400
1319893528495886336
1319893626818682880
1319893765369180162
1319893985784221696
1319894083922440192
1319894128306450432
1319894237341601792
1319894564291960832
1319894627692937217
1319894677768802307
1319894761365528578
1319894780260864000
1319895014277894144
1319895051611205633
1319895214631256064
1319895326686326784
1319895338786799617
1319895423344017409
1319895630056198146
1319895634854449153
1319895981153013761
1319896106810028033
1319896152649699329
1319896330211192832
1319896336041275393
1319896343305875456
1319896380685471744
1319941684029947906
1319941700291317760
1319941736387518464
1319942190655705089
1319942286873104384
1319942316983873537
1319942410328211458
1319942427604439040
1319942604004491264
1319942801832824833
1319942934339276800
1319943028165861377
1319943250153713664
1319943281598496768
1319943327668645888
1319943424410345473
1319943665515716609
1319943683253407746
1319943957753651200
1319944003043971072
1319944027849052160
1319944115413381121
1319944142529679360
1319944143829860352
1319944285979107328
1319944579831873541
1319944676531523587
1319944751542657024
1319944758844948482
1319945247640649728
1319945322274193408
1319945428134133761
1319945493099708416
1319945656568586242
1319945840706936838
1319945927117828096
1319946091127779329
1319946180751626240
1319946341397811200
1319946382011211776
1319946405214081024
1319946653990699010
1319946802079170566
1319946958606372864
1319947240581091329
1319947273258831872
1319947345652568066
1319947376275095552
1319947404167217153
1319947446127087616
1319947450908540928
1319947476015697920
1319947697646960645
1319947746074365954
1319947788487110656
1319947899774636032
1319948055429353472
1319948150732369920
1319948310405406720
1319948367963869184
1319948534607642625
1319948622885052418
1319948705659838465
1319948856642146304
1319948952909721601
1319948977626705921
1319949004378148864
1319949187094614017
1319949268371820544
1319949397648605184
1319949401842921472
1319949558579953664
1319949597935128581
1319949619086954496
1319949677815599105
1319949751085912065
1319949902252634113
1319950088584691712
1319950213721669632
1319950221049090048
1319950262698532865
1319950536947474432
1319950633055735815
1319950677444001792
1319950804044873728
1319950834537562114
1319950901298319361
1319950931224649730
1319950967627010048
1319951334884474887
1319951348687843329
1319951533610553349
1319951538262073349
1319951669484896258
1319951976269025286
1319952113540222976
1319952160721932288
1319952214123712513
1319952253566988288
1319952274593034241
1319952478612426752
1319952502004064256
1319952533629116416
1319952567426818054
1319952591938347011
1319952609764122624
1319952905429000192
1319952976010686464
1319953153576603649
1319953192570978304
1319953283218374656
1319953371084763136
1319953375342055424
1319953383118282752
1319953564098330624
1319953749281021953
1319953781858193408
1319953866176253952
1319953881456021504
1319953938347663360
1319953984061362176
1319954249783140353
1319954535301959682
1319954754202603522
1319954949359476736
1319955027532734465
1319955050878349312
1319955080028835840
1319955185461043203
1319955202628202497
1319955301349625856
1319955336309125120
1319955360745164800
1319955692632104962
1319955703621038080
1319955834638512129
1319955842788171776
1319956003559964672
1319956077576810496
1319956348633796608
1319956427528654848
1319956533690748929
1319956559703597056
1319956577747668992
1319956614997131264
1319956642100805632
1319956690859642880
1319956742743199745
1319896428123095040
1319896458624159745
1319896478068989952
1319896533496627202
1319896542526935040
1319896573489233921
1319896625528057856
1319896693559619586
1319896701243719681
1319896926280650754
1319896999341264896
1319897035718365185
1319897103557103616
1319897135282868224
1319897318947078144
1319897370931433474
1319897569846267911
1319897677841068035
1319897762209607680
1319897958570201088
1319898005449764864
1319898181803659264
1319898489304813570
1319898544350793728
1319898581180895232
1319898605524783104
1319898671908069376
1319898848697872384
1319899095515852800
1319899169159610370
1319899291222200320
1319899367210422272
1319899758333313025
1319899835886039040
1319899846774456321
1319900059194982403
1319900254595022848
1319900338305048576
1319900423726182401
1319900511143923712
1319900789351985152
1319900829692940288
1319900925398536193
1319900943547203585
1319900956381859840
1319901005471940608
1319901120962191360
1319901403897188354
1319901495517728768
1319901513863565312
1319901527272640513
1319901544603529217
1319901574261473280
1319902141599961088
1319902154560172032
1319902230871371776
1319902352552259584
1319902690692878336
1319902831898464257
1319902849455673344
1319903037943631872
1319903158223646721
1319903229136662529
1319903317804290049
1319903384296550401
1319903437849583621
1319903469499678720
1319903510612242432
1319903722344902656
1319903853022687232
1319903872358486017
1319904165414400000
1319904344129429506
1319904364388024320
1319904522689409024
1319904622765461504
1319904911312752640
1319904918220632064
1319905147590496261
1319905694020059136
1319905700190031872
1319905964913496065
1319906063081242624
1319906524941160449
1319906546378264576
1319906671595061248
1319906709742080002
1319907082079002624
1319907353018466304
1319907498141175808
1319907582014705665
1319907621126737920
1319907632979845123
1319907641594908672
1319907818825261057
1319907875892957184
1319908401607036929
1319908541910560770
1319908594419191811
1319908678565269504
1319908717832343553
1319908730884993024
1319908830302642177
1319908853937545217
1319909049111072768
1319909166371098626
1319909214261825536
1319909401784995845
1319909719461380096
1319910047116414976
1319910222052397056
1319910227211333637
1319910235616759809
1319910237265186816
1319910281259220992
1319910309247766528
1319910338737950720
1319910408497565697
1319910415992803329
1319910441024356352
1319910457264623617
1319910655957307392
1319910827374211073
1319910991979839488
1319911016633757696
1319911161089970176
1319927285013729280
1319927436457373698
1319927649817534465
1319927826577960960
1319927869254979584
1319927892659326976
1319928038629539841
1319928109076893696
1319928230565105664
1319928395073945601
1319928867524542464
1319928908825817089
1319929036114554881
1319929201609224192
1319929261180923904
1319929310262796292
1319929379774922752
1319929549136736256
1319929740329775113
1319929782042152961
1319929842813394945
1319929863340392448
1319930191616053248
1319930455819538432
1319930460114472961
1319930574950289410
1319930674447552513
1319930829489963008
1319931075909435393
1319931109929570304
1319931522661666817
1319931663992881153
1319931678597537793
1319931708917964801
1319931811762495489
1319931868976992257
1319931975373914112
1319932184786993153
1319932252952952832
1319932376357666816
1319932438542454785
1319932643627180032
1319932666989350913
1319932695238017024
1319932772425682949
1319932845641576448
1319933032426577926
1319933238811500546
1319933257711030272
1319933317664288769
1319933338493292544
1319933651962990592
1319933715661848576
1319933864308080640
1319934046684626947
1319934129572515840
1319934294438150145
1319935085483855872
1319935230204170241
1319935283991904257
1319935580663353344
1319935602276634624
1319935714033868801
1319936034017316864
1319936387135713280
1319936491485802496
1319936521542135808
1319936651351805952
1319936895388930048
1319936899562295297
1319937056618041345
1319937174653943808
1319937175887044608
1319937266920325121
1319937284888809473
1319937342682112000
1319937417479073792
1319937437683077121
1319937684668727296
1319937827367317505
1319938054329667584
1319938134088556544
1319938135665631232
1319938187070967808
1319938617557479424
1319939008693231616
1319939044009254917
1319939187764854784
1319939285106237441
1319939412814401541
1319939519777472513
1319939737105420294
1319939964155592704
1319940067033493505
1319940224403697670
1319940279319826434
1319940327109742592
1319940334449758208
1319940428494295040
1319940612955648007
1319940707210113025
1319940736733925376
1319940969534574597
1319941020985982979
1319941175487254530
1319941299953389568
1319941397005299714
1319941505621118976
1319941518858178561
1319941673380696064
1319911586258182144
1319911758031536129
1319911935723237377
1319912273545097216
1319912468248989701
1319912491430760449
1319912645307359232
1319912654014590976
1319912882704797696
1319913093560897537
1319913279754539008
1319913407814905857
1319913482796630017
1319913491466194944
1319913810090729472
1319913879766433798
1319914201184337920
1319914205580005377
1319914337071398915
1319914346168930311
1319914393287774208
1319914495351947264
1319914578986389504
1319914621155803136
1319914664524906496
1319914680341544960
1319914709655736320
1319914822440452098
1319914882331037696
1319914920679526400
1319914923581984769
1319915110576627712
1319915347789664257
1319915349676978182
1319915458318028800
1319915615746883585
1319915897696509952
1319916006983303168
1319916187912949766
1319916201758392324
1319916358444920833
1319916707599757312
1319916755490398208
1319916848780029958
1319917382840782849
1319917445847678977
1319917550717816834
1319917649414017025
1319917693294858245
1319917757933256704
1319917814753366016
1319917837725528064
1319917849599684610
1319918118756601858
1319918226751524872
1319918390945906688
1319918416841658368
1319918465415847937
1319918534756098049
1319918554360221696
1319919150894989312
1319919439647633410
1319919515291930626
1319919823925743616
1319919924861669378
1319919935443881984
1319920114993668097
1319920248838127617
1319920394833309697
1319920574110429184
1319920593395998720
1319920614853931009
1319920645862494209
1319920706742816768
1319920888150659072
1319920921793220609
1319921135035674624
1319921149531271169
1319921468554334209
1319921518411800576
1319921560648470531
1319921748888948738
1319921878811643905
1319922008591826944
1319922010693062656
1319922333918908417
1319922481407217664
1319922553805107201
1319922769325416448
1319922944831795200
1319922986971848706
1319923009638092800
1319923217205727232
1319923255982104577
1319923276462907393
1319923444910153728
1319923838268833792
1319924135321952256
1319924384061149184
1319924535102263297
1319925047721709569
1319925057397923840
1319925113144434688
1319925117456052224
1319925208929583105
1319925257210368000
1319925261505265664
1319925373690400768
1319925988843753473
1319926024520503298
1319926092208263168
1319926315403800581
1319926329022795776
1319926390507044865
1319926420794212352