1320183310514069506
1320183310996426754
1320183457356476416
1320183528630423552
1320183583693221888
1320183604731785217
1320183776316694530
1320183788878524417
1320183843308130304
1320183923524227072
1320183969980289024
1320184015106805772
1320184090679705600
1320184292341932032
1320184300864565249
1320184384180396032
1320184502128414720
1320184649101041671
1320184787064229888
1320184799705722886
1320184883449389064
1320184900989825024
1320184921302945792
1320184946401726470
1320185294876864517
1320185366515572736
1320185571663212544
1320185608912965632
1320185613098897408
1320185634477191168
1320185702022340608
1320185834960785408
1320185957069541376
1320186075076231170
1320186099843665920
1320186113026412544
1320186188377055232
1320186254785433601
1320186427494289408
1320186578724151298
1320186662333317120
1320186724505456641
1320186797180112896
1320186879812186112
1320186884262400000
1320186892504150016
1320187073509400577
1320187135283048449
1320187286865072128
1320187387914366977
1320187393840803841
1320187466675048449
1320187476112248835
1320187480017174529
1320187484362444800
1320187568449671168
1320187639958540288
1320187882821345282
1320187961632194561
1320188000337301536
1320188079555170305
1320188105165393920
1320188172463185921
1320188231283978241
1320188453212938240
1320188474222260225
1320188528018374656
1320188579012726784
1320188797288648705
1320189074720710656
1320189145101328385
1320189207969759235
1320189221395718144
1320189421971525632
1320189446541770752
1320189470453293056
1320189476686135296
1320189509842206720
1320189568369479680
1320189728289849344
1320189832916848642
1320190038358040576
1320190144016748545
1320190197389197312
1320190332814852097
1320190428747018245
1320190441447358465
1320190458878971905
1320190486997569536
1320190714479869952
1320190750366334977
1320190818343211008
1320190818452426752
1320191137009655808
1320191141782777857
1320191202587602944
1320191233973772288
1320191269738483712
1320191271735119877
1320191540241846274
1320191603580030977
1320191620441010177
1320191720588365825
1320191741589422081
1320191820651954176
1320191925601927169
1320191939048857600
1320192133710647297
1320192186105827329
1320192265139048448
1320192399759544326
1320192471582732288
1320192517787222016
1320192626432200704
1320192851402252288
1320192874131169280
1320192958184869889
1320193008185335808
1320193095674306562
1320193184207691777
1320193335286444032
1320193499115868160
1320193629051379712
1320193685410250752
1320193829836869633
1320193928348356609
1320193930441392128
1320193981238677504
1320194018781753344
1320194110771396609
1320194118249754624
1320194182376468488
1320194291734544386
1320194404896940033
1320194451717967876
1320194505472118786
1320194569422602240
1320194591367331840
1320194748313858048
1320194782858235904
1320194803007717377
1320194853465042944
1320194870825291776
1320194903767470085
1320194928912125956
1320195029206351872
1320195047233441795
1320195146797977600
1320195175524765696
1320195306269659136
1320195331829751808
1320195416114089984
1320195604442763266
1320195637602930689
1320195672004505600
1320195684033675265
1320195725842542592
1320195729839824896
1320195793572319232
1320195830712680448
1320195839571132416
1320195936006516736
1320195944101646337
1320195977194553345
1320196011369861120
1320196036351197184
1320196166252859392
1320196203724812290
1320196223094181892
1320196360034013185
1320196415444844544
1320196460042805248
1320196472894312448
1320196560727248896
1320196619304775681
1320196715777933312
1320196779162308608
1320196795738300416
1320196905939468289
1320196917331169281
1320196972079435782
1320196992765657089
1320197010394247168
1320197076119146496
1320197085938012160
1320197462569594880
1320197491447402496
1320197525857538048
1320197538880827392
1320197563920900097
1320197748638044161
1320197940145774592
1320197948572012544
1320197990552948736
1320198012220678145
1320168308247810053
1320168324655927296
1320168429966471168
1320168504910352384
1320168630961770497
1320168752265252864
1320168827800399872
1320168916426149890
1320168939595378688
1320169163357360134
1320169198794932224
1320169386129330184
1320169431541157888
1320169444069572609
1320169515766906880
1320169578912120832
1320169746290049024
1320169759544119298
1320169792112918529
1320169856784883714
1320169913839980544
1320170040348520450
1320170078076309510
1320170241570254848
1320170241410859010
1320170265666416641
1320170304728035328
1320170350437670913
1320170447015563264
1320170463859859456
1320170619259015178
1320170866530000896
1320170907881623552
1320171113691992064
1320171180700127232
1320171231732133888
1320171252644917250
1320171281665327104
1320171335998443520
1320171407389585408
1320171495658835971
1320171516802199552
1320171572527677441
1320171792820957184
1320171831056281600
1320171900652302337
1320171952791748609
1320172276248121344
1320172527210123264
1320172539377709056
1320172648354205701
1320172720320032769
1320172774971875328
1320172858237042688
1320172858430148609
1320172900532555779
1320172997861429251
1320173150240374784
1320173190358839296
1320173212618137600
1320173398828384261
1320173693444579328
1320173714101702662
1320173718304337922
1320173752597041152
1320173837267382273
1320174021053472769
1320174032625565702
1320174213664284673
1320174276150841344
1320174417574584322
1320174494464528385
1320174510587310080
1320174544737300481
1320174578551918594
1320174599695335426
1320174636500471814
1320174716464754690
1320174725637771265
1320174808630349824
1320174859473711104
1320174952184573952
1320175039153659904
1320175056710938624
1320175158699622400
1320175240685600768
1320175552163098626
1320175580508266496
1320175782313025536
1320176013226221568
1320176092645412865
1320176113167953922
1320176268101492737
1320176293728735233
1320176306848497672
1320176312816963585
1320176340516163585
1320176343687041029
1320176357196722176
1320176410879651841
1320176411433455616
1320176633953816578
1320176650433269762
1320176659249696774
1320176990020800512
1320177141556891649
1320177198339325953
1320177249786732544
1320177431018340354
1320177448940568576
1320177526430453760
1320177544621117443
1320177564678279168
1320177565110312961
1320177766197645312
1320177791103545346
1320177836846682112
1320177909663936518
1320178059924865025
1320178084293869568
1320178180997656576
1320178298287108096
1320178349512114176
1320178789578608640
1320178932457467904
1320179103266492417
1320179485963059200
1320179581815586821
1320179691223998466
1320179712111616000
1320179833599524864
1320179857796583430
1320179972414328837
1320179989392748544
1320180026625695744
1320180173753487360
1320180366854926336
1320180374379646977
1320180575878238209
1320180966418075648
1320180974228017153
1320181012924686336
1320181050518114304
1320181155405176833
1320181372678529024
1320181524218740736
1320181692611657733
1320181721262940161
1320181742544834561
1320181792209592320
1320181872144666626
1320181897356599296
1320182023319920640
1320182132942229504
1320182153083293697
1320182187178807296
1320182195017887751
1320182199468044288
1320182300298989568
1320182547574304771
1320182635709165569
1320182815955140608
1320182853133623296
1320182895621844992
1320182928647852032
1320183029906788352
1320183104968024066
1320183198341619713
1320183235444379648
1320183268445016065
1320153182606163970
1320153313099304960
1320153342555742208
1320153455294615552
1320153582063263746
1320153707305160708
1320153853745123330
1320154119181639680
1320154190178648064
1320154193722667008
1320154270621159426
1320154306667008000
1320154407598657536
1320154567376424960
1320154638507794435
1320154780707229696
1320154936886185987
1320154980276424705
1320155050023522313
1320155104243113984
1320155158328770560
1320155213110538240
1320155258849472512
1320155302059192323
1320155436029341696
1320155456153751558
1320155754343493634
1320155800892022786
1320155971667230722
1320156031163445249
1320156068647927810
1320156128232103937
1320156211174658048
1320156446953267201
1320156572631302144
1320156634908221442
1320156694018654208
1320156781105078272
1320156790609293318
1320156870292598785
1320156899191316480
1320156903154937857
1320157216079532034
1320157230512152579
1320157289018425344
1320157318458343425
1320157365400895490
1320158329847545858
1320158330082357248
1320158358641528832
1320158614389166080
1320158758044131329
1320158793502806017
1320158807364960257
1320158849341575172
1320159088395931648
1320159113393827842
1320159143831941120
1320159158122020864
1320159508438667265
1320159772339916800
1320159806414409729
1320159844251373570
1320159887939297285
1320160103237062658
1320160170492788737
1320160355297972224
1320160468837814273
1320160652795604992
1320160757900861440
1320160821180153856
1320160845909942274
1320160850129420289
1320160867518976000
1320160930458701825
1320161026625708033
1320161097849229314
1320161122822066181
1320161274207129601
1320161307501432832
1320161323913670656
1320161542613159936
1320161559654649866
1320161567372050432
1320161709714276353
1320161782967615488
1320161835530813441
1320161897967198209
1320161966216912898
1320161987427434497
1320162373265727493
1320162439510421504
1320162586609016834
1320162594997456897
1320162640723935232
1320162972518486016
1320163086393856000
1320163098603491331
1320163119268769792
1320163161354493953
1320163488044519425
1320163507032174593
1320163513634070531
1320163521754288128
1320163622732091392
1320163631213006848
1320163652335525888
1320163766689038338
1320163832937869313
1320163899870593024
1320163921068777472
1320163925284016130
1320163937594281984
1320163941364994050
1320164033744482306
1320164122009300992
1320164151034085377
1320164268625592320
1320164322861936640
1320164360967290881
1320164419058413569
1320164641423540224
1320164956659191809
1320164977580429313
1320164985486643202
1320165132157308928
1320165413444005893
1320165426324668417
1320165644101251072
1320165824943017984
1320165825161187328
1320165892349521920
1320166181068808192
1320166240556519429
1320166265525129216
1320166324438532097
1320166349151346691
1320166361818124288
1320166470765187072
1320166600222380032
1320167100414124032
1320167141866307585
1320167174925844480
1320167201031192576
1320167301182746625
1320167334292688898
1320167419218849793
1320167465285001218
1320167544314040320
1320167683149733888
1320167707510149120
1320167716498583554
1320167724417536001
1320167825110159360
1320167825575727104
1320167892688789507
1320167964428075009
1320167968488259605
1320168017888747520
1320168118937931785
1320168160549605376
1320198519215407106
1320198548453982209
1320198654028881920
1320198691060330496
1320198703769071617
1320198708160507904
1320198717396422660
1320198782701633536
1320198818210643968
1320198851135942656
1320198926121627648
1320199086218293250
1320199139989311489
1320199274005729280
1320199303860785152
1320199484253655044
1320199954242076677
1320199983711227904
1320200189571788802
1320200205002653697
1320200335088996353
1320200344052219905
1320200390000824320
1320200394211880960
1320200394631487488
1320200415078658048
1320200415590268929
1320200501355552768
1320200554140864512
1320200646176493568
1320200657987579904
1320200771724582912
1320200868063576064
1320200948229283841
1320201120246095872
1320201136406556672
1320201204270571521
1320201207927930880
1320201232665948160
1320201271886958595
1320201291029569537
1320201345924763650
1320201379902681091
1320201459724636160
1320201463923118080
1320201551848312832
1320201673806106625
1320201808564936704
1320202042493800455
1320202076425752577
1320202084482859008
1320202185867579392
1320202277336936448
1320202332001415168
1320202415493218304
1320202424452251648
1320202441388969987
1320202700982685697
1320202776920481793
1320202913323560960
1320202915685027842
1320202994173050880
1320203040713048064
1320203108329410562
1320203199907680259
1320203334720999424
1320203657242169344
1320203779292147713
1320203875299790848
1320203925966835713
1320203929590788096
1320204017398665217
1320204026164621312
1320204064374751237
1320204127792779267
1320204215202041856
1320204269773963266
1320204281870385155
1320204425764491266
1320204642660306944
1320204719076364289
1320204909778644992
1320205020663631873
1320205024555798534
1320205062912749568
1320205154881171456
1320205271931654144
1320205272858722304
1320205272934133760
1320205622235856896
1320205787617062912
1320205985944866816
1320206085693853697
1320206106338099201
1320206509951782913
1320206522358484992
1320206572086177792
1320206593846366208
1320206597965053954
1320206648405823489
1320206698607448064
1320206837002678272
1320206896020684801
1320207314784309253
1320207352222593026
1320207641554030593
1320207654397018113
1320207696360976386
1320207722671972353
1320207759091052545
1320207793157267457
1320207848723402752
1320208003199422464
1320208049064210433
1320208200268906503
1320208208095531009
1320208213057376259
1320208216152748034
1320208414149169152
1320208523742056448
1320208589349376000
1320208833638068229
1320208846292504576
1320208891486130187
1320208983756505089
1320208991679635456
1320208993701273600
1320209055042969600
1320209147632168960
1320209155752218624
1320209290217492480
1320209366054785024
1320209378700558347
1320209575807799296
1320209684662550528
1320209718254645248
1320209739003940865
1320209835225452544
1320209855064514561
1320210129959124997
1320210158765690882
1320210208954564609
1320210258783064064
1320210267167391745
1320210515310772226
1320210515608690688
1320210581782204416
1320210677110222848
1320210687365423104
1320210805116358661
1320210921885630465
1320210959592456192
1320211093902495745
1320211138357972993
1320211349658632192
1320211366968320000
1320211412187316224
1320211429845131264
1320211475776991232
1320211517934080000
1320211538351972352
1320211538947436544
1320211634913067013
1320211680605970432
1320211684666081282
1320211807915692032
1320212074371403778
1320212150627991555
1320212294584983553
1320212523937861632
1320212557769150464
1320212630938750978
1320212638496772096
1320212771909369856
1320212784513208320
1320212810400436226
1320212854956388352
1320212932039421953
1320212972975710208
1320213057033760769
1320213157416177664
1320213266346479616
1320213355403956224
1320213393496682496
1320213455903784962
1320394716354142210
1320394750785130496
1320394939327447041
1320394984550531073
1320395018004123649
1320395257415192579
1320395273491959811
1320395496524025857
1320395631261790208
1320395680750370816
1320395785884913664
1320395798660542464
1320396163506409473
1320396171718893568
1320396192979836936
1320396394327273472
1320396427986685952
1320396432763842560
1320396519485304832
1320396537097121793
1320396545322328065
1320396603849609216
1320396742777503750
1320396775585312769
1320396838399332354
1320397023586242565
1320397116695400448
1320397274363564033
1320397287491854337
1320397421822791682
1320397468912189445
1320397631496065024
1320397681378824192
1320397690060984321
1320397703587704833
1320397921683165187
1320397925126725637
1320397995813314562
1320398063635189768
1320398096451489796
1320398266920542211
1320398386772742144
1320398453030244353
1320398454376534021
1320398734941949954
1320398742479134722
1320398759642066944
1320398763261792256
1320398802289938432
1320398868727681024
1320398881318789121
1320398944791220225
1320398997832536064
1320399053494964224
1320399141260779520
1320399150069043201
1320399162857443335
1320399180230283265
1320399309377048577
1320399338284212225
1320399396362723328
1320399465073836032
1320399644619309056
1320399761619517449
1320399791789133824
1320399893161218049
1320399959099953159
1320400164285239296
1320400185986605057
1320400278676475904
1320400281822257155
1320400408100167682
1320400664208367616
1320400906903457793
1320400961643319296
1320400983134859265
1320401021017804800
1320401041813274626
1320401100265058308
1320401460945965056
1320401515438198784
1320401536132919296
1320401565316976644
1320401675065135104
1320401737480536064
1320401805553987586
1320401926572343296
1320401996399128579
1320402048580345861
1320402073666637826
1320402148765487104
1320402344312492033
1320402413103255564
1320402744289669121
1320402764850233346
1320402790167027715
1320402794344599554
1320403008354766850
1320403050679455745
1320403175875248128
1320403221983232003
1320403231130980352
1320403256271605760
1320403259585032192
1320403356192591875
1320403469812064257
1320403565815345153
1320403804588630018
1320403977272438785
1320403990341967873
1320404007249117189
1320404102719934465
1320404111179849734
1320404186954018816
1320404244990578688
1320404287449665538
1320404393263550464
1320404450872315904
1320404514109677568
1320404623295975425
1320404639725113344
1320405173236359171
1320405288281763840
1320405520608448512
1320405596349353984
1320405628779638784
1320405629664743424
1320405722174283783
1320405743183536131
1320405821881151489
1320405956585574400
1320405994086739968
1320405995047116801
1320406036231024643
1320406037120372737
1320406221489377281
1320406269690302466
1320406284718477313
1320406284584144897
1320406317467578368
1320406351403765763
1320406401206964224
1320406422908227584
1320406497793368066
1320406502096723968
1320406599303770112
1320406804455739394
1320406871967084544
1320406967341535232
1320407008693096449
1320407332514189318
1320407337882939392
1320407378433593344
1320407403427483649
1320407500420677632
1320407568259440641
1320407668784123905
1320407793938145280
1320408074364964864
1320408251922632705
1320408343207444480
1320408443732176897
1320408491354247168
1320408699878465536
1320408738973581313
1320408981584707584
1320409102359592963
1320409119141003264
1320409215769325579
1320409325517537281
1320409338104565760
1320409370824482816
1320409388386045957
1320409494078279682
1320409614505136129
1320409703109672960
1320409715965349889
1320364500164497408
1320364517314957315
1320364572616740865
1320364626953994240
1320364684759937024
1320364722777108481
1320364723355963392
1320364823260110854
1320364924875509760
1320364958924890112
1320365074989617153
1320365112289615883
1320365167666974724
1320365440929984512
1320365448714661890
1320365485934993409
1320365678633885696
1320365687181840385
1320365726969040897
1320365746686480384
1320365859559407621
1320365910436134912
1320365964605542400
1320365969282248704
1320366061590597637
1320366308320530434
1320366378734526464
1320366408627146755
1320366425417068546
1320366476386291712
1320366559987068933
1320366563657207809
1320366702916493313
1320366723170787328
1320366735640481792
1320366865760202752
1320366909032902656
1320366945695191046
1320366950191513601
1320367017053085697
1320367041908514816
1320367105607282690
1320367159554572288
1320367210506977282
1320367252210855937
1320367268937728000
1320367423703273474
1320367511804796929
1320367549763227648
1320367679723737088
1320367763496554508
1320367781142011905
1320368011585478656
1320368041230802944
1320368049099280384
1320368049065582592
1320368061669543938
1320368162563629056
1320368183249952768
1320368242481922049
1320368283669889025
1320368326426722304
1320368397130006533
1320368447214227459
1320368550662594562
1320368665729093632
1320368687006662656
1320368703540764672
1320368811904741379
1320368821232951296
1320368979555340290
1320368988816240645
1320368992524111873
1320369001315315715
1320369030339809280
1320369080310910977
1320369122253864960
1320369180957429760
1320369394904608774
1320369504669495296
1320369714405740546
1320369751202430980
1320369823533142023
1320369844362055680
1320369861210656768
1320369863081271296
1320369865576820737
1320369877429833728
1320369969381756935
1320370125703278594
1320370175615651848
1320370205327908864
1320370234004557824
1320370294285045760
1320370368251596807
1320370376128499717
1320370532559323141
1320370532949364737
1320370586317709313
1320370624859197445
1320370636846497792
1320370728575827969
1320370897035939840
1320370972676018176
1320370985250508803
1320371060940754944
1320371119237586946
1320371132801929216
1320371156357185536
1320371228251582464
1320371228406931456
1320371245154590720
1320371295213727752
1320371375131906048
1320371392257413120
1320371526466736128
1320371555071787008
1320371848878710785
1320371912296497153
1320371915761004544
1320372348143489025
1320372490040954883
1320372553630756873
1320372587508211712
1320372804777369601
1320372902928240640
1320372941477928965
1320372990165463042
1320373031886311424
1320373140632096769
1320373216410398721
1320373236891267073
1320373358400311302
1320373446380048385
1320373564562939905
1320373688785666048
1320373716035997701
1320373753977556993
1320373778917040131
1320373900312776705
1320374215120355328
1320374222909132800
1320374265456160768
1320374317230809088
1320374361728176128
1320374365981081601
1320374386315218944
1320374511972372484
1320374819871989761
1320374974071308290
1320375178568794112
1320375271753617408
1320375309770829825
1320375535902609408
1320375787460100096
1320375842028093440
1320375901100642309
1320375946491420674
1320376085092159489
1320376090842570761
1320376130361282561
1320376298938732546
1320376302881431552
1320376340147650560
1320376408498196481
1320376533861699585
1320376622101549058
1320376706096492549
1320376845154553856
1320376980928303105
1320377020405157888
1320377070388760576
1320377075199520769
1320377464808353793
1320377510928863234
1320377527689498625
1320377531703480322
1320377612091461637
1320377653686304771
1320377662360023041
1320377766122983427
1320377767607869441
1320377834234388480
1320377850617188355
1320377934658605056
1320377968208859138
1320378048416448513
1320378341707239426
1320378468266352644
1320378496506597378
1320378497207074820
1320378618971885568
1320378974472671232
1320379004415868935
1320379071071662085
1320379386361597952
1320379516405968904
1320379658190336002
1320379700280250369
1320379826495250432
1320379956161990656
1320380152380010500
1320380229177626624
1320380284261511169
1320380296928333827
1320380329425817601
1320380477413359618
1320380510867279874
1320380632082599943
1320380674247847939
1320381198540197889
1320381256937385984
1320381374503813120
1320381477897621508
1320381521358966789
1320381552510066695
1320381676325928960
1320381793707708419
1320381810216296449
1320381835734548480
1320381949706334209
1320382028848779265
1320382129872818176
1320382175355805697
1320382184453189632
1320382311075020801
1320382451647193088
1320382472933302273
1320382511008997378
1320382528071462912
1320382615556399104
1320382934096859136
1320382934885556224
1320382947447406598
1320382959967522817
1320382989105324032
1320383068528574464
1320383123796971522
1320383165895200769
1320383328202141697
1320383409051607041
1320383437778411520
1320383542384263171
1320383848702746625
1320383890285092865
1320383898795167745
1320384071541948416
1320384113380130819
1320384197337485313
1320384285229109253
1320384347774435331
1320384376874545154
1320384443979337729
1320384469497499651
1320384645335232514
1320384758585712641
1320384960805601280
1320384973002690560
1320385120147308545
1320385145333923843
1320385170961301504
1320385304176590850
1320385316650299396
1320385396778233856
1320385568858144773
1320385615108726786
1320385640832339968
1320385794633273347
1320385854129328128
1320385950615277570
1320386017703112706
1320386129376514053
1320386131062566912
1320386150985416705
1320386177162240002
1320386252277977089
1320386369546539009
1320386381726674944
1320386478787133448
1320386646160924672
1320386731049422848
1320386932791181323
1320386957189537792
1320386973589262336
1320387044548501505
1320387057395638273
1320387141592092672
1320387266833862656
1320387396303716357
1320387419166986241
1320387438578192392
1320387464645758978
1320387493989068801
1320387506936946689
1320387657847967744
1320387950954283008
1320388051219120130
1320388151731519489
1320388265912926208
1320388323479793664
1320388607127941123
1320388677307158530
1320388760819806212
1320388958019203072
1320388986599243776
1320389255881949184
1320389280456269825
1320389372122976257
1320389586925850625
1320389662020521991
1320389792014553089
1320390353309093889
1320390358891520000
1320390375568269312
1320390480228646912
1320390543239729155
1320390601255374848
1320390686462586880
1320391361233866753
1320391361246482438
1320391368926240776
1320391587621371906
1320391696241352705
1320391738561712128
1320391792811016192
1320391998096986113
1320392023711633413
1320392078287904768
1320392363483688960
1320392437676732416
1320392497370177546
1320392497877585920
1320392518090063872
1320392568438509569
1320392694338904070
1320392820318965763
1320392849985171458
1320392858357157888
1320392879102111746
1320393072165810176
1320393483685928963
1320393575537016833
1320393607308824578
1320393733108568066
1320393852000325636
1320393906522030083
1320394062583762951
1320394121060601856
1320394125271814151
1320394267777519617
1320394299150901248
1320394489618436098
1320334341130625024
1320334357584896002
1320334373296721921
1320334485662072832
1320334571095887872
1320334607544422400
1320334628754984963
1320334679212347395
1320334772355346437
1320334826893758466
1320335095513927680
1320335143157043200
1320335241530146816
1320335317505900544
1320335329648349185
1320335331447681025
1320335413639323650
1320335467095752706
1320335509470781440
1320335523806937088
1320335632850407427
1320335727373307910
1320335787242758146
1320335798709948418
1320336022220140544
1320336238092685314
1320336303389614082
1320336479520985095
1320336574853337090
1320336633485496324
1320336684978999299
1320336716641619970
1320336797734490114
1320336918928904193
1320336960985116675
1320336983349207041
1320337075359666176
1320337225960345604
1320337313629671424
1320337338103451648
1320337565719855111
1320337627397214209
1320337748952305664
1320337749111672832
1320337778891235329
1320337846457217024
1320338136178827264
1320338193342996480
1320338231616020482
1320338256727281664
1320338337513787392
1320338424742686720
1320338517931839488
1320338622889906176
1320338625628934147
1320338660739395586
1320338661376929799
1320338706272866304
1320338777013948418
1320338840918384640
1320338946191249409
1320339032971280384
1320339079607758850
1320339238190186496
1320339259577028608
1320339259962736641
1320339297443217408
1320339384210755584
1320339431430246400
1320339519724490763
1320339527928459264
1320339540498878465
1320339745541599234
1320339784318017541
1320339824725889024
1320339826936250373
1320339969903333376
1320339993806688256
1320340014169980928
1320340080955920387
1320340110861234177
1320340157464236032
1320340200682344449
1320340210903846912
1320340254566461440
1320340622041964545
1320340745031766018
1320340748131291136
1320341021734146049
1320341034761596928
1320341079426727936
1320341355785261058
1320341382666592257
1320341440371822592
1320341478032461826
1320341494314708992
1320341511700185089
1320341575394877442
1320341595246546944
1320341612782886913
1320341655380238336
1320341696039669763
1320341713366536194
1320341723097202689
1320341825887064070
1320341909756399617
1320342098764308481
1320342104699265024
1320342200534773761
1320342205026844672
1320342216439746561
1320342317870411779
1320342412863131649
1320342569109409794
1320342615464824832
1320342802975383552
1320343031158112257
1320343088162889730
1320343226625232896
1320343315745734656
1320343369160093696
1320343495781969920
1320343554045235201
1320343626631860224
1320343642452729857
1320343760006500353
1320343855745634306
1320344037019119616
1320344107265499136
1320344138123018240
1320344229340733440
1320344234390585344
1320344263293624321
1320344457124974595
1320344506659721216
1320344561885982720
1320344645407264769
1320344666856968192
1320344687551651840
1320344715858948099
1320344746238291968
1320344775762083840
1320344859870461952
1320344892371996672
1320344918259269632
1320345011574243331
1320345090162888704
1320345165035429889
1320345325077471232
1320345371080577025
1320345426826964994
1320345475871068162
1320345479096352769
1320345605156294656
1320345760655904770
1320345848669196291
1320346034313330688
1320346046158020608
1320346092064616448
1320346357085970432
1320346377315024897
1320346457157685249
1320346549558398976
1320346847978946566
1320346965025095680
1320347001066840066
1320347047871078405
1320347077650644993
1320347119950139392
1320347135808835584
1320347266146881537
1320347446774554625
1320347539850317824
1320347657198501890
1320347823473307648
1320348063244824578
1320348163329396736
1320348234427080704
1320348419953774592
1320348457463316482
1320348478351036416
1320348630382006274
1320348667874742272
1320348794383368193
1320348805548617729
1320348889950584834
1320348922724769792
1320349165990432768
1320349179579944961
1320349204892401666
1320349270978056193
1320485367171207168
1320485402088669184
1320485427074260992
1320485464390979584
1320485543692611585
1320485615478153217
1320485662164922369
1320485813214470144
1320485813424062464
1320485888720187392
1320486353390444549
1320486370025082881
1320486436571938817
1320486670152593408
1320486878005678082
1320486944418254852
1320487037338742784
1320487054485131265
1320487090963030018
1320487109074030594
1320487250656780288
1320487406961909762
1320487606975713280
1320487708825952257
1320487875721482241
1320487900983611392
1320488241028648961
1320488249874358275
1320488270791364611
1320488500966395904
1320488702934716419
1320488778432131073
1320488827912269826
1320488852990156802
1320488920568623109
1320488987635503104
1320489076211015689
1320489087938273281
1320489092065406981
1320489189209563137
1320489520735944711
1320489696112316416
1320489796662341632
1320489821966618624
1320489834515845120
1320489868196257792
1320489922512392193
1320489926815895553
1320490039772495872
1320490153182453763
1320490179073695744
1320490300259913728
1320490338528698374
1320490380316598272
1320490472020889600
1320490476756258816
1320490603034124288
1320490669018894338
1320490728338956288
1320490740728942593
1320490786362982400
1320490888179732482
1320491068148822017
1320491294716735493
1320491428313735169
1320491433011281920
1320491454217785345
1320491554746884097
1320491739191398401
1320491874071752704
1320491944770875392
1320491965792849921
1320491993936572419
1320492065956876288
1320492087461236737
1320492104150360064
1320492111838498816
1320492154045763584
1320492226166874113
1320492413845196805
1320492514525220865
1320492523433897989
1320492732712931335
1320492749301420035
1320492812408967176
1320492888099270659
1320492925936164864
1320493089845350400
1320493194988060672
1320493345852977152
1320493383153033221
1320493450408513537
1320493572035121152
1320493740402774018
1320493790386409473
1320494084407046145
1320494142779236359
1320494166980190208
1320494196784918528
1320494510842011650
1320494548724948993
1320494566064218117
1320494813695926272
1320494814098530305
1320494937503338496
1320495077181984769
1320495347022614528
1320495383915589632
1320495384448454656
1320495451192381448
1320495865610588167
1320495916835500032
1320496042748489728
1320496151255285760
1320496390959702023
1320496537861033984
1320496679280410635
1320496889469509634
1320496927721562113
1320497032398802944
1320497338562023424
1320497392538554370
1320497484897157121
1320497887273385985
1320497900468740097
1320497984963072000
1320498000637079553
1320498042844401665
1320498143583178753
1320498256665812994
1320498268988690440
1320498271941468166
1320498391621816322
1320498412274397184
1320498416099725312
1320498449876455424
1320498552582393857
1320498601404104709
1320498747319717888
1320498797739462656
1320498822917713920
1320498873220190209
1320499167324631040
1320499221653585920
1320499430987059201
1320499452419969024
1320499544812068866
1320499570523074560
1320499574172254209
1320499653184385024
1320499745773756416
1320499762836185091
1320499926799822848
1320500220493500416
1320500315825778688
1320349384803057664
1320349510401392641
1320349594899894272
1320349720469032960
1320349790455144448
1320349912832290816
1320350085608329219
1320350089248989189
1320350098077880322
1320350159931322369
1320350185881554957
1320350210204307456
1320350277875208192
1320350449191571458
1320350499971977219
1320350789727117312
1320350799906525186
1320350949249060865
1320351250655940609
1320351280347348993
1320351334458077185
1320351436106993665
1320351459310030851
1320351598405713921
1320351628571136000
1320351692009988097
1320351725593776131
1320351767100596224
1320351800713744389
1320351934306418691
1320351976400498689
1320351985242091520
1320352048257339395
1320352135473745920
1320352283679444998
1320352367502446593
1320352370736402433
1320352400100687872
1320352412083900417
1320352513619443717
1320352631198449664
1320352714702848001
1320352774392107009
1320352827860869125
1320352912770584577
1320353075261997057
1320353243013185541
1320353251724652545
1320353313783713795
1320353511922688002
1320353800994119682
1320353804752138240
1320353818706612224
1320353914693320707
1320353947341770762
1320354091118317569
1320354094788259840
1320354203299155968
1320354219728265217
1320354334303989761
1320354371041898498
1320354396337786880
1320354480781692931
1320354530555461632
1320354538667335681
1320354777704742914
1320354863037992962
1320354878682624002
1320355022090211328
1320355361891770368
1320355387409899527
1320355604326682625
1320355650480779269
1320355739114799104
1320355907117682689
1320355931176243200
1320355977774960641
1320355986192896001
1320356048667054082
1320356061719658497
1320356146016849921
1320356187058167808
1320356191369940992
1320356213893304326
1320356296621740034
1320356325814140931
1320356472988094466
1320356703385186310
1320356749396803584
1320356817973673984
1320356883950088192
1320357009808449537
1320357026254340097
1320357047863447557
1320357051592224769
1320357088732672000
1320357144454115329
1320357193795932161
1320357206508883968
1320357266181312513
1320357533366865920
1320357567361699843
1320357613893275649
1320357726669672450
1320357948523249665
1320357991212666880
1320358032451272708
1320358087404916741
1320358088155799552
1320358163317706754
1320358163409997824
1320358329202388993
1320358413801410561
1320358674745880576
1320358686783660037
1320358746237882369
1320358888630267907
1320358975666343936
1320359157019545601
1320359199700783104
1320359203916087296
1320359237218947072
1320359373500305415
1320359401073594368
1320359404886261760
1320359480526340098
1320359626513186816
1320359643764477955
1320359785968078848
1320359790112088064
1320359815005327360
1320359857053118471
1320360134154113024
1320360436366270465
1320360465776652290
1320360499700207618
1320360684195090434
1320360688485867525
1320360860343095303
1320361065054601216
1320361275256287232
1320361543834476547
1320361569625264128
1320361572825530368
1320361603125153792
1320361614638534656
1320361678488412160
1320361711711432706
1320361815814098944
1320361833211965445
1320361858423980033
1320361862723178497
1320361921464487937
1320361980536983552
1320362114578632704
1320362266118754308
1320362453457424384
1320362458461110277
1320362465385996289
1320362558616981506
1320362617840558081
1320362717987876864
1320362738422566912
1320362814452748289
1320362872916996096
1320362885256761345
1320362918731501568
1320362940067885056
1320363079042011137
1320363129755308032
1320363138051641349
1320363163020414977
1320363326799552514
1320363345023692801
1320363590210232320
1320363695906516994
1320363720409690115
1320363729247141889
1320363733047181312
1320363741918146560
1320363879835238400
1320363972411928576
1320364039583780866
1320364061054373889
1320364249345032193
1320364298842083329
1320470216204144640
1320470323196813312
1320470339596488704
1320470461164228613
1320470466029637632
1320470566638411777
1320470632996446208
1320470872344432643
1320470931169550336
1320471081661022208
1320471271059136512
1320471287710380032
1320471677927608322
1320471711171579904
1320471778595115008
1320471879270887424
1320471887080730624
1320472050604019713
1320472151246270464
1320472223631740929
1320472511306293250
1320472521158832128
1320472742957772801
1320472764021678093
1320472931432951809
1320472957202898944
1320472999494144002
1320473044754731008
1320473288418697217
1320473321184456709
1320473355410092035
1320473653448945665
1320473657307811843
1320473782717472768
1320473858894262273
1320473951445856257
1320473970949427204
1320474025957752833
1320474051710722049
1320474152508084224
1320474168962367488
1320474269567098880
1320474302563581952
1320474308049805313
1320474428631896066
1320474441076363264
1320474706353528834
1320474802600235010
1320474902642778114
1320475163536859138
1320475250400792577
1320475468148166656
1320475573995458560
1320475682745446400
1320475717646323712
1320475943476092930
1320475950614597633
1320476018533113856
1320476072996040704
1320476086183092225
1320476307990298624
1320476375137091590
1320476542993158146
1320476588740235266
1320476706319335424
1320476718797389835
1320476761034018816
1320476921201905664
1320477012314726403
1320477104794931205
1320477113154215937
1320477227268624385
1320477273900814336
1320477381912678401
1320477574582149120
1320477746301145091
1320477771504771074
1320477843793522689
1320477864895000577
1320478234836897792
1320478309461884929
1320478438843703296
1320478443058925568
1320478510734069765
1320478723640938496
1320478841798676480
1320478930122539014
1320478967049105413
1320479365029863424
1320479390359261189
1320479592013025281
1320479814856314881
1320479830702460929
1320479857214631936
1320479903054131200
1320479911186853888
1320480107694297091
1320480347537043456
1320480389971005441
1320480495063470081
1320480506836824064
1320480687963648000
1320480721115426823
1320480792389152768
1320480879911710720
1320480943094800389
1320481031242305537
1320481039274414080
1320481135831506947
1320481152889769986
1320481218375393281
1320481388005609473
1320481417034387456
1320481543123619841
1320481569124110338
1320481576950636547
1320481630792941575
1320481772828823553
1320481798552391680
1320482008125083650
1320482096054333440
1320482199930458113
1320482206230466565
1320482377735393281
1320482477920657408
1320482524255064064
1320482599480008705
1320482780065705985
1320482792686317568
1320482792849985541
1320482871736492036
1320482888748539905
1320483183192887298
1320483254579941380
1320483271118114816
1320483287530311680
1320483311089782785
1320483613796945920
1320483728074936323
1320483803861708800
1320483815740026881
1320483828323024899
1320483933390311424
1320484122708611073
1320484126718386176
1320484164035059713
1320484248655065088
1320484340313313281
1320484360802476032
1320484474379927552
1320484520387399681
1320484533293223938
1320484554369585161
1320484574993014789
1320484609243623426
1320484698112565256
1320484814731051012
1320484935694721024
1320484978023632897
1320485032847310848
1320409773989351425
1320409886820323331
1320409912023740416
1320409916025208833
1320409949521006599
1320409991862472704
1320410324173000710
1320410537503694848
1320410583267758080
1320410612527235074
1320410765254225921
1320410793415004166
1320410977699909632
1320410981944709121
1320411011057405960
1320411066094948352
1320411099183841288
1320411124391698435
1320411213893947398
1320411321112825856
1320411460585967616
1320411639875854338
1320411645215084544
1320411824597176328
1320411858290069510
1320411867383169024
1320411963198001155
1320412121709092867
1320412122350714880
1320412126759047168
1320412290433339398
1320412344711774208
1320412407617998849
1320412550694043649
1320413019889831936
1320413024017125376
1320413175716642816
1320413179256647680
1320413197170626560
1320413267764756480
1320413364993097733
1320413387248046081
1320413506487898112
1320413599513260033
1320413901050183680
1320413985095753729
1320414027391160320
1320414061063000065
1320414358275489792
1320414395709546496
1320414445286379522
1320414488340893698
1320414588567982082
1320414626681532416
1320414887194071040
1320415066924085248
1320415075383951360
1320415096443707393
1320415125472382983
1320415252018847745
1320415252367003648
1320415365034332160
1320415418079694852
1320415596165541888
1320415604151619586
1320415691250552833
1320415809223655424
1320415838420205568
1320415914584539137
1320416036747763714
1320416052757540864
1320416091353403392
1320416186853707781
1320416249482969089
1320416350456713221
1320416400721182721
1320416430609764352
1320416666170257408
1320416962514685952
1320416987818848257
1320417008744304640
1320417214332272640
1320417316434288650
1320417424739622912
1320417516259246080
1320417591798714373
1320417713370632192
1320417940047646720
1320418054380150787
1320418510581960705
1320418557486788608
1320418594128334861
1320418598339416066
1320418782700064770
1320418783094132737
1320418820566048770
1320418850505216001
1320418922223570945
1320419000845742082
1320419056458018816
1320419106437255168
1320419114188460033
1320419127568310274
1320419130973941761
1320419169083576323
1320419366593286144
1320419395794014212
1320419407705722880
1320419525565636608
1320419652162433024
1320419865040224266
1320419874905202691
1320419878759747585
1320419974293446656
1320420184025432065
1320420197220626432
1320420382093049859
1320420490440282115
1320420549147983875
1320420939700543488
1320421145150136320
1320421257796554752
1320421258064883714
1320421366785576967
1320421397588488193
1320421447232327682
1320421480505643008
1320421484851040258
1320421552303804421
1320421853383577600
1320422034170662925
1320422348642750466
1320422562791333888
1320422567128215553
1320422600544313344
1320422767670546437
1320422821777035264
1320422839418191872
1320422906342625282
1320423116091211776
1320423195783188482
1320423375412596753
1320423397432664064
1320423430496362496
1320423644275875841
1320423795694469120
1320423799909715969
1320423837217869824
1320423950128680966
1320423992356909058
1320424755908980742
1320424810544046083
1320424826914377729
1320425049522884609
1320425096234885123
1320425145828335616
1320425217576079362
1320425254846541824
1320425376464707585
1320425523626082309
1320425801171431424
1320425824991010818
1320425921686417408
1320426005429997570
1320426081351045121
1320427004131332096
1320427008485015552
1320427100772438017
1320427109597073408
1320427188487888904
1320427267995127822
1320427364845867010
1320427436312506368
1320427478133940233
1320427582542782464
1320428073829847040
1320428161780375555
1320428171964096512
1320428333692297217
1320428400666882051
1320428559664599040
1320428623325704195
1320428774740078592
1320428917287694336
1320428999886209025
1320429188881338368
1320429277540683777
1320429306204483584
1320429344422981633
1320429391063609345
1320429394276614150
1320429424232271872
1320429429898657792
1320429491320197121
1320429537818193924
1320429730013720577
1320429889321881601
1320429956741169155
1320430183346774016
1320430191248891906
1320430242645872643
1320430259435614209
1320430342961045504
1320430456228044800
1320430481968607239
1320430489560207360
1320430561400393728
1320430741805826050
1320430787548844032
1320431018134876160
1320431076720914438
1320431106563448832
1320431231771709441
1320431257222787074
1320431273765183488
1320431336612651011
1320431395731329026
1320431638774505474
1320431660211593216
1320431744399691777
1320431868601200640
1320431881603715075
1320431932644093952
1320432041738096641
1320432145928781824
1320432444567244800
1320432490142748672
1320432498682302467
1320432615657295874
1320432682971455488
1320432757936476161
1320432775070007296
1320432783647453185
1320433028611624960
1320433031086129152
1320433174153994241
1320433194525585409
1320433215773970433
1320433627247841282
1320433756642095104
1320433845271887872
1320433912741564417
1320433955657543680
1320433987987398658
1320434045331722241
1320434054748143616
1320434110159007744
1320434122192539648
1320434168858365954
1320434201179656192
1320434218741211138
1320434247606423555
1320434293722599424
1320434381882683393
1320434406209667072
1320434499222597632
1320434538116501504
1320434637223665664
1320434645784272896
1320434764009058306
1320434775971123200
1320434776990502919
1320434806333857792
1320434826130894848
1320434842715058181
1320434846603333633
1320434855503679490
1320434893227216896
1320434990107164672
1320435065088856072
1320435275265384452
1320435368018194432
1320435434531553294
1320435523370954752
1320435694347509765
1320435759682359296
1320436063912026117
1320436072447266816
1320436155733528578
1320436227573768203
1320436231726108672
1320436340719296515
1320436353801326592
1320436386281865217
1320436440833183744
1320436495807725568
1320436520541708288
1320436676129394688
1320436684522196997
1320436835018067970
1320436877829296128
1320436882124148737
1320436986851794955
1320437045374918659
1320437129240039427
1320437154615496704
1320437183560458240
1320437217295216646
1320437229454503941
1320437276048977920
1320437305199374336
1320437469398093824
1320437519578783745
1320437523265572865
1320437578189987840
1320437637031755776
1320437653456736257
1320437724311023616
1320437799770824704
1320437804673978375
1320437808436305923
1320437821828747269
1320437883602350081
1320438018738630665
1320438055690526723
1320438122686124033
1320438148116013056
1320438169771364353
1320438185596456961
1320438233419792384
1320438362164121600
1320438536194183168
1320438546377940992
1320438673054355459
1320438743757590529
1320438966923993090
1320439091696119810
1320439100193886210
1320439205537980417
1320439229990768640
1320439258528833536
1320439305484066819
1320439398379491330
1320439498577096704
1320439511839551488
1320439607654187008
1320439641779023872
1320439737681907715
1320439738562740227
1320439772146475009
1320439780602191873
1320439888622297089
1320213871257419776
1320213967361527808
1320214021832953856
1320214319204794369
1320214328147087360
1320214369532219393
1320214416097423360
1320214445843451905
1320214566828232704
1320214597035589632
1320214659698483200
1320214739306250240
1320214743664111616
1320214764476370945
1320214856092557312
1320214990855438336
1320215024095277057
1320215056953405441
1320215225161764864
1320215276282122241
1320215725391400960
1320215900553924609
1320216035409223681
1320216039473336326
1320216039888736257
1320216047597879296
1320216153269194758
1320216262472060929
1320216445666562049
1320216480022032385
1320216491581558784
1320216604840349696
1320216765620629504
1320216789268135936
1320216789729579010
1320216839973007360
1320216979647680513
1320216999079911424
1320217035465371648
1320217607920902144
1320217707849994240
1320217771733585921
1320217830533586944
1320217864020709376
1320217904625967106
1320217922321743872
1320217969453137925
1320217999379472384
1320218249930231808
1320218265877184515
1320218337423622144
1320218518516830210
1320218573021892608
1320218610984509440
1320218614549540864
1320218661181935616
1320218668966490113
1320218698787979270
1320218702588116992
1320218715384913920
1320218731956625409
1320218778467291138
1320218803179933696
1320218849346605059
1320218978694828033
1320219250364051457
1320219294521851905
1320219302985895936
1320219448272408577
1320219596285079552
1320219651238993921
1320219735087341573
1320219840158658560
1320219851344982017
1320219939320614912
1320220211618803714
1320220456457326592
1320220456721367040
1320220514334330880
1320220750138191874
1320220753892134913
1320220850801442817
1320220888063791104
1320221013293080577
1320221236086116357
1320221270122942464
1320221404516659202
1320221751306059777
1320221778413834240
1320221882348572674
1320221898656026624
1320222129833594880
1320222254903427072
1320222259122896897
1320222273240928256
1320222322800971777
1320222335291527173
1320222573578358784
1320222600455507968
1320222603932438535
1320222750301184001
1320222797801672705
1320222946514919424
1320223081907032065
1320223101787881472
1320223238245568512
1320223254422777857
1320223303756296197
1320223375114047488
1320223395968155648
1320223480944553984
1320223622108119041
1320223644463792132
1320223646804131840
1320223711342055424
1320223846096539648
1320223861011611648
1320223894771355648
1320223928518782976
1320224210023743488
1320224301518389248
1320224444846014464
1320224629366063110
1320224738187350016
1320224764280131584
1320224923474944000
1320225039908823041
1320225155763888129
1320225171211317255
1320225485247422464
1320225489391390720
1320225548136742912
1320225568399495169
1320225632077266945
1320225652193349633
1320225842107133952
1320225874747092992
1320226001624989699
1320226121762377731
1320226197381517312
1320226407239151617
1320226446099599360
1320226462138417152
1320226559047979009
1320226664261971968
1320226726165839873
1320226851957030913
1320226919237861377
1320226924099072001
1320226953312542722
1320227048569397248
1320227233873756161
1320227398189711360
1320227439386128384
1320227552850563072
1320227569136930816
1320227664893005824
1320227682538446848
1320227683473575936
1320227753258516481
1320227771155623936
1320227855234715649
1320228190158282753
1320228291694002177
1320228374170644480
1320228375580020736
1320228383981244418
1320228476050432000
1320440191065169921
1320440236636340225
1320440295763464192
1320440442232733700
1320440526404014086
1320440539901087745
1320440605231689734
1320440631278252034
1320440857800200193
1320440908219850753
1320440916910448642
1320441076067385344
1320441097341046789
1320441138801684482
1320441138885488640
1320441151153934339
1320441184951685126
1320441194070056961
1320441336387063808
1320441352576929792
1320441361343066115
1320441381790375938
1320441386697740290
1320441457929523200
1320441662737448963
1320441676503154695
1320441923732123651
1320441944259125249
1320442007093956609
1320442053809983488
1320442111645356039
1320442112467443720
1320442153957556225
1320442242150977536
1320442333771501569
1320442342453714947
1320442397730504709
1320442405154336768
1320442461156712448
1320442624151588864
1320442631944622086
1320442853915545602
1320442932311314435
1320443104885903362
1320443177107628032
1320443274612662275
1320443315226107904
1320443408398356480
1320443479957319686
1320443534462386179
1320443550731956224
1320443634395873280
1320443735667142656
1320443764058419201
1320444083488305158
1320444416075714560
1320444444030717956
1320444507696074752
1320444548460457986
1320445119632445440
1320445169754427393
1320445224259358723
1320445257574543361
1320445341666209792
1320445341628596229
1320445391968571392
1320445413254664193
1320445430191239171
1320445853572579328
1320446121320214528
1320446205323890688
1320446230795816962
1320446243139510272
1320446289620967425
1320446319559888896
1320446382684123138
1320446411142533124
1320446646031945728
1320446667905093632
1320446809848905728
1320446847878598656
1320446859584811008
1320446931374583808
1320447036261601286
1320447081861922816
1320447090170990598
1320447203836628993
1320447304357367810
1320447522561613824
1320447601972576256
1320447610633768963
1320447648755830784
1320447857950863361
1320447866838679552
1320447942021402624
1320447967275503617
1320448008916488196
1320448076482531330
1320448088973234177
1320448171420590084
1320448198440329216
1320448227154558979
1320448277364572161
1320448357639344130
1320448470583574528
1320448839304777729
1320448876948656128
1320448974252244992
1320449061854584836
1320449251051216896
1320449254821896192
1320449258651308039
1320449318248206336
1320449321884680193
1320449422564728839
1320449661916844032
1320449803801796608
1320449871569133568
1320449922504761345
1320450072631562240
1320450178621546498
1320450223777468419
1320450354337763328
1320450411992498176
1320450429226893313
1320450433840631808
1320450613130469376
1320450857406779393
1320450940521119745
1320450944589533196
1320450979091787776
1320451007474782209
1320451063326019584
1320451402498453506
1320451431233691657
1320451532698124291
1320451578193678336
1320451776668196864
1320451784666611712
1320451914878881793
1320451942263353344
1320451973074898946
1320452015978287104
1320452354630733825
1320452359361888260
1320452434569945090
1320452454673272832
1320452472129859591
1320452631085621254
1320452664942014468
1320452681991819265
1320452686882459659
1320452874745380870
1320452903778172929
1320453076826923013
1320453134070763520
1320453252266090496
1320453440296898560
1320453595477622787
1320453642298810370
1320453671159689216
1320453743314259968
1320453801376178185
1320453859832188929
1320453944288661505
1320454019068772352
1320454224891777025
1320454258832101376
1320454343171182593
1320454413492736000
1320454631965818880
1320454653755228161
1320454732989767680
1320454749653749769
1320454941736128514
1320455027157131265
1320500392623439873
1320500420989669377
1320500450022535168
1320500539201855496
1320500580079423488
1320500660802969601
1320500715379372037
1320500807389818880
1320500899047903233
1320501029721571329
1320501117952937984
1320501121237045249
1320501180850720774
1320501226736406528
1320501256431910912
1320501331711451139
1320501361058992130
1320501410539122688
1320501696271945728
1320501742434504708
1320501843278073856
1320501860067876865
1320501897787224065
1320501910978383872
1320501931526246401
1320501956742242304
1320502023356370949
1320502076594548736
1320502404769611781
1320502443801604096
1320502480501919746
1320502497052487680
1320502548156030976
1320502577394372610
1320502589193097216
1320502669371412482
1320502908027326465
1320502929330212873
1320502963627020288
1320503206145859594
1320503562485469185
1320503743104864256
1320503751665307648
1320503986886189056
1320503995073499136
1320504115802316800
1320504335072137217
1320504363454922752
1320504522922467328
1320504573610627072
1320504637221462022
1320504673682546688
1320504674588495873
1320504804800692224
1320504931669798912
1320505161631080458
1320505202508779522
1320505257164787712
1320505290522038272
1320505357588787200
1320505551189471234
1320505559964155904
1320505567027154944
1320505743569813508
1320505936520294400
1320505965670764544
1320506034042130432
1320506083824250880
1320506084021260289
1320506100999831552
1320506192460959746
1320506238246019072
1320506246840004609
1320506519574716421
1320506712235728896
1320506725359910914
1320506742401339393
1320506968969105408
1320507039999762433
1320507061214580736
1320507257503784960
1320507273324744704
1320507387627868163
1320507748535074816
1320507841204027392
1320507996213043201
1320508050155933707
1320508482370625536
1320508486120341506
1320508633143234561
1320508767998484482
1320508792673587201
1320508994591621121
1320509006738300936
1320509067496988672
1320509320652619782
1320509371818889216
1320509396456296448
1320509476433240065
1320509572877090817
1320509602299981825
1320509697288527874
1320509724039671810
1320509811851554816
1320509896224346112
1320509937898950656
1320509975790260225
1320510101002817541
1320510248415842306
1320510248378138624
1320510293626204160
1320510329143521280
1320510378472841216
1320510475327672320
1320510529383755776
1320510543916982273
1320510684489105408
1320510689211904000
1320510710640635906
1320510780941455366
1320510786096123904
1320510814579806209
1320510851800092675
1320510898650435584
1320510986600779777
1320510999548416000
1320511104121012231
1320511212791173120
1320511237843767296
1320511313605349378
1320511505822076928
1320511577846669312
1320511628824047616
1320511708113346560
1320511800157343747
1320511860735647755
1320511971658260480
1320512095734112256
1320512115166199808
1320512145143062529
1320512194950230017
1320512232279724032
1320512353931350016
1320512354245845002
1320512547045265408
1320512559657717761
1320512777262452739
1320512790558289921
1320512970615595010
1320512995076681728
1320513381590327298
1320513553527439361
1320513557692338176
1320513604022579204
1320513792451727362
1320513842259132416
1320513943517843456
1320514095217549315
1320514136338583552
1320514153023475712
1320514257994326016
1320514434708766722
1320514597443391488
1320514635360096258
1320514836837662720
1320514853518274560
1320514929770848263
1320515016940900352
1320515038369718274
1320515054626811909
1320515172365180928
1320515243458629636
1320515311246938112
1320515365949112322
1320515391072968710
1320455143456935939
1320455173278519297
1320455298990120962
1320455340698292224
1320455369966161921
1320455378186940417
1320455525490954240
1320455584458723328
1320455696916381697
1320455848133537792
1320455873584603137
1320455928634724352
1320456195996635137
1320456410690301952
1320456506727301120
1320456540919312384
1320456826622791681
1320457052561362945
1320457082085220360
1320457324667031557
1320457485124358149
1320457508629188608
1320457824242024448
1320457987509551104
1320458268066668547
1320458415492222976
1320458454415323138
1320458461826764800
1320458527169826818
1320458578512273409
1320458633503789057
1320458658010943488
1320458839481749504
1320458868468580352
1320458977549946882
1320458986563473409
1320459010982567936
1320459078632677376
1320459116490481664
1320459429116952576
1320459509484011520
1320459564496658432
1320459895909412864
1320460004227452931
1320460026465628161
1320460185073188864
1320460424479969280
1320460555090538496
1320460689496887296
1320460721713369089
1320460780718837760
1320460860758872064
1320461167605641217
1320461200073916422
1320461267954475011
1320461313114574848
1320461313882132481
1320461494564257793
1320461565318041600
1320461578098135041
1320461623174352897
1320461632489857025
1320461657726922754
1320461849863819265
1320461889063866369
1320462047591632896
1320462190382665728
1320462207231164416
1320462249279016962
1320462521363582978
1320462597989244928
1320462634119024640
1320462672664481792
1320462806496411649
1320463159623184384
1320463175372984320
1320463180620042240
1320463264359182337
1320463364448047107
1320463562150711298
1320463570019274752
1320463599031169031
1320463650025476096
1320463741637578753
1320463817676099587
1320464010777681920
1320464127614042112
1320464186112045056
1320464249534124034
1320464283927392256
1320464412772311042
1320464437749280768
1320464501783842817
1320464555869458434
1320464560495726592
1320464581123297287
1320464912397733888
1320464925148565504
1320464963228573696
1320464970820120576
1320465033600638978
1320465134515572738
1320465424463634432
1320465482202386434
1320465503748452352
1320465524204122112
1320465587127177217
1320465625635061765
1320465678734950401
1320465806015299584
1320465855449321474
1320465901804634112
1320466007522201601
1320466049201020934
1320466342693122048
1320466707467669505
1320466879152943105
1320466950686953472
1320467022585671681
1320467050993717248
1320467077262659584
1320467122196283394
1320467232414023680
1320467315478171649
1320467361288359938
1320467563503992832
1320467571271999489
1320467592864133120
1320467643116081152
1320467852483301384
1320467877405859840
1320468254679334912
1320468284605681667
1320468343569051648
1320468423055446018
1320468490168520706
1320468672247406594
1320468934571773952
1320468954993827840
1320469529906954240
1320469554863230981
1320469643065262080
1320470003473391617
1320470024763494400
1320228585702129664
1320228600998727681
1320228886559576065
1320228915651268609
1320228974518177792
1320229142491639809
1320229444464893952
1320229549196496902
1320229695460413443
1320230132011892736
1320230233698668544
1320230270054899713
1320230270516199424
1320230374744752128
1320230648465002497
1320230724004446208
1320230798797139969
1320230853071507462
1320230870394015748
1320230933648314368
1320231247461797888
1320231278009110528
1320231344841150465
1320231507844161536
1320231709246357505
1320231750715338752
1320232033227034624
1320232191507394560
1320232250189885440
1320232480931254272
1320232485247012864
1320232502150266880
1320232634576859138
1320232824927145984
1320232830236905473
1320232987678724097
1320233251202650112
1320233367053332481
1320233387173515264
1320233414122000384
1320233457813835777
1320233507793358848
1320233740283543552
1320234204123181056
1320234225984032768
1320234326852653058
1320234394024640518
1320234478707539973
1320234591068643328
1320234771029647361
1320234804844109824
1320234925891579905
1320235119152607232
1320235199716675585
1320235412271620098
1320235467065917440
1320235475798380544
1320235552386486273
1320235618056667136
1320235667956195331
1320235731311337472
1320235748755464192
1320235849284419584
1320235862483845124
1320235886185832449
1320235995376353280
1320236000459870208
1320236078817792000
1320236181712502785
1320236234153709568
1320236428861714433
1320236592129318913
1320236641282367488
1320236840373407744
1320236877610389504
1320236914268643328
1320237003892420610
1320237010775281665
1320237116245196800
1320237242724515840
1320237522169950208
1320237610946777090
1320237648112476160
1320237854367383553
1320237859224207360
1320237867482910720
1320237943915712512
1320238029244567552
1320238127844347905
1320238492379762688
1320238507441479681
1320238595865595904
1320238622587629568
1320238642535817217
1320238663838695424
1320238731354406913
1320238735288651776
1320238886438735872
1320238966084423680
1320239046224990208
1320239288383012864
1320239326622601216
1320239380225617920
1320239591966859265
1320239948839211009
1320239989523927040
1320240127126298624
1320240144914501632
1320240181820076034
1320240257757921281
1320240273432014849
1320240296098234368
1320240317493317632
1320240483524874240
1320240572712484864
1320240581172359168
1320240619659300872
1320240689356169217
1320240765641977857
1320240843786256384
1320240857510039552
1320241025047146496
1320241055342669824
1320241285383376896
1320241545660911622
1320241664070422528
1320241797893746689
1320241990060118016
1320242094158405632
1320242103738265601
1320242618995929089
1320242672330772480
1320242807471173632
1320243013545672704
1320243138875719681
1320243231540609026
1320243494552743936
1320243508003962880
1320319341292933122
1320319447157121024
1320319549837721601
1320319792016916480
1320319794814517248
1320319904914890752
1320320069885374465
1320320124381884417
1320320133483646977
1320320336785739776
1320320383522869249
1320320441010032641
1320320550334533632
1320320613341384710
1320320848759324672
1320320910579109889
1320320943235936257
1320321050635309057
1320321062907895808
1320321075738267654
1320321125021323264
1320321409630031872
1320321745757327360
1320321782809829376
1320321829119037440
1320321989211545600
1320322200239525888
1320322501315055616
1320322560102457345
1320322739392159744
1320323027482021890
1320323111624081412
1320323121438666752
1320323139168051201
1320323256428081152
1320323374866944001
1320323380185280512
1320323656912916480
1320323873984835585
1320323937117655041
1320324064544784385
1320324098355056641
1320324128109461506
1320324176192901122
1320324297689354241
1320324411153653760
1320324508855734272
1320324552006643712
1320324583870861312
1320324698132107264
1320325024692174848
1320325309669978113
1320325364241977345
1320325524615360513
1320325525907406856
1320325606748413954
1320325956674924545
1320326023196545029
1320326176951422977
1320326308136652801
1320326430874652673
1320326441209417729
1320326479901700096
1320326674173595648
1320326728611467264
1320326730297581569
1320326843891929089
1320326889630699525
1320327030609727490
1320327081423630336
1320327116437753858
1320327131394605056
1320327154219900929
1320327222721380352
1320327239913922560
1320327257697718272
1320327743578513409
1320327794719686658
1320327907080896512
1320328080943054848
1320328131908022273
1320328263605026817
1320328384283430912
1320328442446073857
1320328712903184395
1320328842104504320
1320328912770138114
1320329083901923330
1320329359308324864
1320329393881948160
1320329583095390215
1320329602045235201
1320329639794003970
1320329655006732289
1320329832304201728
1320329838566076417
1320330133669089281
1320330304821788672
1320330388095463424
1320330521902260224
1320330526541123584
1320330711937605632
1320330769785622528
1320330861955272706
1320330922617688064
1320331174011568128
1320331184811933696
1320331275069059074
1320331298116833281
1320331388017692673
1320331600735817728
1320331671850393602
1320331723301920769
1320331848770375680
1320332188781522944
1320332244184084481
1320332251486441472
1320332264367034371
1320332267961667584
1320332327424303104
1320332431640100864
1320332456210333697
1320332528373403649
1320332742542983176
1320332750268846081
1320332753649401857
1320332833303527424
1320332943462719493
1320332948374278145
1320332968850870277
1320333011322372096
1320333027839496192
1320333062471897088
1320333064514535425
1320333205849899009
1320333212334292993
1320333265023238144
1320333383713644545
1320334130849189888
1320243693572468736
1320243844315840512
1320243904189530112
1320244105130201090
1320244126340780035
1320244369803325442
1320244598447505408
1320244687874056192
1320244791255404545
1320244804316430337
1320244888110325760
1320245006167281664
1320245052459855873
1320245110362157057
1320245269699571712
1320245301379321857
1320245400201129984
1320245471856652289
1320245544262852609
1320245571760869377
1320245575850274816
1320245596767227904
1320245627159269381
1320245881304539136
1320246046753132545
1320246168820060160
1320246187887382528
1320246212461735936
1320246247593250816
1320246293126615042
1320246344003604485
1320246612560666624
1320246906262482945
1320247110361477121
1320247254184284160
1320247422019198979
1320247422644310017
1320247485827342336
1320247609651494913
1320247617528295424
1320247673820188672
1320247705810206720
1320247754002608129
1320247811255001090
1320247879118848000
1320247879793963008
1320247932222795777
1320247946080886785
1320248042688217088
1320248072899710976
1320248373614608384
1320248501943533568
1320248528468258816
1320248530913665025
1320248796782104576
1320248838985310209
1320248995671904256
1320249056237621249
1320249174303084545
1320249455153713153
1320249479128248320
1320249530819006464
1320249632933425152
1320249694186995712
1320249927381831681
1320250178943750144
1320250264041959424
1320250270132006912
1320250270371205122
1320250290306715649
1320250677877075968
1320250687377256448
1320250718943674368
1320250852125401088
1320250883335024640
1320250897692315648
1320250952872546305
1320251093813608451
1320251233517666304
1320251381790298113
1320251419597754368
1320251473377300480
1320251478909616128
1320251608744091648
1320251633482289153
1320251687773220865
1320251742739628032
1320251875766210560
1320251901229805568
1320251993097523201
1320251993550704640
1320252202615738368
1320252300007559168
1320252328277135360
1320252349219102720
1320252512377720833
1320252530257952768
1320252647132323840
1320252691323457536
1320252971234410497
1320253080806383616
1320253106219868161
1320253188692299777
1320253316727595008
1320253426765266945
1320253508113686529
1320253572219633664
1320253656940204032
1320253731921940481
1320253770601799680
1320253800343433217
1320253977091428352
1320254107181957121
1320254182285336576
1320254309901230081
1320254313302818817
1320254790048403456
1320254809971265537
1320254881731665920
1320254900203380736
1320254919702622208
1320255422553444352
1320255514006048770
1320255640061669376
1320255852603953152
1320255946266902528
1320255985538060290
1320256091922497536
1320256396961644544
1320256456067665920
1320256503182405632
1320256578017234951
1320256594987212800
1320256813980372993
1320256846876336133
1320256997040807936
1320257105161383936
1320257116792328192
1320257196815536128
1320257386003582976
1320257390856425472
1320257710080679937
1320257823188635648
1320257864850690049
1320258033759391745
1320258039937576962
1320258046870712320
1320258080580521985
1320258084456026115
1320258100474138624
1320258129548857346
1320258515194109954
1320258592595955716
1320258617900228608
1320258693196201985
1320258705527635968
1320258852923887616
1320259014362529792
1320259127982100480
1320259199922745344
1320259382064615425
1320259408497029122
1320259446849888256
1320259524956225536
1320259723766190080
1320259736248438784
1320259964221337600
1320260004104945664
1320260023587569664
1320260102096523264
1320260127262494720
1320260127786557446
1320260249778094081
1320260496033972224
1320260578460434432
1320260643405123585
1320260649792962560
1320261138999840768
1320261231576535041
1320261285871759360
1320261428855541761
1320261595394551808
1320261672792166401
1320261816404955137
1320261895551479810
1320262036874383365
1320262072177917953
1320262091429785600
1320262312775852037
1320262445424906240
1320262584986030090
1320262855661252608
1320262885042311168
1320262950112772096
1320262979481456641
1320263003443499008
1320263045017341952
1320263051183067136
1320263072221589505
1320263275087540224
1320263322629881856
1320263361326702594
1320263460878536704
1320263603245731842
1320263686771048448
1320263827523420160
1320263883865600000
1320264037490397190
1320264120827056128
1320264194822868993
1320264328025522177
1320264418073010176
1320264439476621314
1320264463480651777
1320264628774068225
1320264709510225920
1320264832248139776
1320264836165505026
1320264981082820608
1320265019947249666
1320265038205169664
1320265094283071489
1320265163837263872
1320265310331719680
1320265491819024385
1320265613831536645
1320265621578416128
1320265659637325825
1320265924310597633
1320266015511556096
1320266059392471040
1320266179114639360
1320266208394948608
1320266274253893633
1320266304830492674
1320266340280664064
1320266700349079553
1320266714882428928
1320266898106363904
1320266902191603714
1320267039190167553
1320267351435014144
1320267488190468096
1320267540912852992
1320267596193763328
1320267636375171074
1320267655870181378
1320267867602874369
1320267891590238209
1320267924213436416
1320267958959198208
1320267982560428032
1320268001543811072
1320268309825282048
1320268380025151489
1320268563194626048
1320268602851782661
1320268696896483328
1320268788852555776
1320268793558519809
1320268803801075712
1320268989558362112
1320269185788874753
1320269219145998337
1320269306740035585
1320269322355396609
1320269387308421120
1320269433303072769
1320269713759293441
1320270015728390145
1320270250626043905
1320270458936299522
1320270542730072066
1320270565966479365
1320270601446096896
1320270716772691968
1320270736519475202
1320270842840846337
1320270885744480258
1320270912730484737
1320271285730054144
1320271297692270594
1320271441275867136
1320271450616496128
1320271626383052800
1320271707601539072
1320272004847706113
1320272095574552576
1320272221441384449
1320272251552436225
1320272271903109120
1320272313145671681
1320272344892440576
1320272397061206017
1320272455018172417
1320272543069184000
1320272575780524032
1320272595921571841
1320272654805405696
1320272663785426944
1320272700879917057
1320272754571169794
1320272819020771328
1320272827027759107
1320273066753204224
1320273145299873792
1320273183346429953
1320273252703473664
1320273287755173888
1320273482341601280
1320273539900018695
1320273748713492481
1320273864413380611
1320304148286443522
1320304355044593664
1320304407783854080
1320304589120458752
1320304909124800513
1320304964292456449
1320305008898985984
1320305034081468421
1320305098443063296
1320305283252604928
1320305556477927424
1320305632721895424
1320305761457704960
1320305839643725824
1320306232243097600
1320306312031424512
1320306323100176384
1320306532626608128
1320306723735937025
1320306803914149888
1320306888056209409
1320306972160307201
1320307240260100097
1320307282031378436
1320307379116781574
1320307394291945472
1320307405486493701
1320307453096067072
1320307559585243137
1320307828511379456
1320307917745213440
1320307934841212929
1320307948661387264
1320307963840458752
1320307993787928576
1320308529664839680
1320308541563883523
1320308612259024899
1320308734762037248
1320309065491357696
1320309202217127937
1320309219044839424
1320309400179884032
1320309511240994819
1320309576621842433
1320309662424641536
1320309722503925760
1320309770876760065
1320309796969525248
1320309837020958721
1320310038506983425
1320310162771578880
1320310178856816640
1320310442980495360
1320310607682228225
1320310626586157056
1320310772023644160
1320310860854796288
1320311132226191363
1320311138735824897
1320311345930260491
1320311825485852675
1320311832502992896
1320312073658732545
1320312158274584579
1320312558901813248
1320312577952518144
1320312678695448577
1320312711658369024
1320313031029653504
1320313267189911552
1320313387083988993
1320313459796594688
1320313497800962048
1320313508500770817
1320313515136159745
1320313671072075779
1320313720145399808
1320314165341409281
1320314291778654208
1320314335076454401
1320314410813050881
1320314447471251456
1320314459777323008
1320314546385506304
1320314568409817091
1320314732025384960
1320314832403443714
1320314871867559947
1320315028533243904
1320315286411636736
1320315556868837376
1320315694320439296
1320315697889771520
1320315704659292163
1320315705284268034
1320315742378729478
1320315764189110273
1320315787329081344
1320315838159704064
1320315843780149251
1320315864990691332
1320315877489889280
1320316034625187840
1320316175671119872
1320316313470930946
1320316334014668801
1320316452747026432
1320317218043785216
1320317325929709568
1320317483102949376
1320317616968376321
1320317649688068096
1320317666813530112
1320317774560776194
1320317825022488577
1320317911941206016
1320318024960905217
1320318369829191680
1320318400078532616
1320318492797698048
1320318612071219201
1320318654769172486
1320318692505251840
1320318746494459904
1320318872948494336
1320319018960588800
1320319049792950274
1320319094218911744
1320319109452554241
1320289196456620034
1320289447309660161
1320289448484098049
1320289565756788741
1320289658098634753
1320289817155063810
1320290068100243457
1320290101331591169
1320290514424442881
1320290655550070784
1320290669085286400
1320290698504081408
1320290806213857299
1320290864137195521
1320290967799222272
1320291172175253511
1320291249119789056
1320291366446993408
1320291426798895105
1320291616410816512
1320291638825025536
1320291664087318528
1320291745855320064
1320291815141113857
1320291987690586112
1320292177029844994
1320292195853885440
1320292251394691072
1320292268893376512
1320292547009413120
1320292604362297344
1320292737552437252
1320292906100543488
1320292980008177664
1320293131015933952
1320293902134411265
1320294035584499713
1320294086042157057
1320294363038126081
1320294379710537731
1320294489244766208
1320294797727313920
1320295143124107264
1320295243682582528
1320295267258847232
1320295386586566657
1320295624244277249
1320295628090597376
1320295769195368448
1320295874770178048
1320295875328069637
1320295957905481728
1320295974087102465
1320296029950898176
1320296105666662410
1320296122330587138
1320296346994311168
1320296478863216640
1320296688938934273
1320296763404767233
1320296765149544450
1320296811307859968
1320297225453535232
1320297611849572353
1320297646188339200
1320297781781737473
1320297879991439361
1320298004432130049
1320298102927011841
1320298311857876993
1320298526233010176
1320298629534486528
1320298772685975552
1320298825186222080
1320298872422322177
1320298879989043200
1320298967884845061
1320299137015926784
1320299230246981632
1320299262006079488
1320299477018836993
1320299526423535616
1320299670959259648
1320299802115145728
1320299894125613062
1320300003974316032
1320300016360017920
1320300162447777792
1320300270589456386
1320300432267177985
1320300599796092928
1320300907192487936
1320301094199754753
1320301114772914176
1320301261397385217
1320301269433700352
1320301470319783936
1320301659445051395
1320301835052290048
1320301949061791744
1320302008772009986
1320302017747759111
1320302307343556614
1320302375291138049
1320302662408175617
1320302788878979073
1320302827848294401
1320302911411322880
1320302983788232704
1320303019595042818
1320303060548308992
1320303073105973260
1320303096707215360
1320303196074487809
1320303249761669120
1320303286419939329
1320303288064090112
1320303463671209985
1320303673591975939
1320303675458269184
1320303772246151172
1320303905218174976
1320273950740410368
1320274043250089984
1320274195700482048
1320274207775875073
1320274337602007040
1320274651277266945
1320274690447998976
1320274779425984512
1320275263922515968
1320275320100982784
1320275414435201024
1320275496769212416
1320275539714859008
1320275596514107392
1320275648603017217
1320275671701090304
1320275682082103296
1320275919089512448
1320276016502243328
1320276160266133504
1320276186036056064
1320276231082799104
1320276292076359681
1320276311089303552
1320276841605828609
1320277104114737152
1320277167788511233
1320277448194461696
1320277534412623872
1320277542931210245
1320277708128067585
1320277825753108480
1320277963007496192
1320278129831759874
1320278145900138497
1320278160395599873
1320278190842150912
1320278245519089664
1320278404747448320
1320278434015313920
1320278620196245507
1320278632095502336
1320278901139013632
1320278941488336897
1320278974065463296
1320279126083801088
1320279234208780288
1320279341721440256
1320279343541612545
1320279625478492161
1320279752314322944
1320279817099436032
1320279998905933825
1320280143621877763
1320280182800805890
1320280200945479680
1320280386350411776
1320280441375592453
1320280588184682499
1320280936433487872
1320281204055105536
1320281427863359490
1320281557643395074
1320281984480858113
1320281992034922496
1320282043108847616
1320282047101997056
1320282129356460032
1320282168787148801
1320282172574605313
1320282264207544320
1320282790269800448
1320282820275851264
1320282879356735489
1320283069627072513
1320283083434672128
1320283135402270720
1320283162182885376
1320283326532493312
1320283379401707521
1320283430106615809
1320283492052250624
1320283604505776128
1320283634813833222
1320284700351598592
1320284727711047680
1320284801924886528
1320284836762800133
1320284993319469058
1320284993877397506
1320285029331656704
1320285098349154304
1320285135451860993
1320285320546496512
1320285325453938694
1320285334266142720
1320285455141621760
1320285794498732033
1320286026687021056
1320286165967106048
1320286244832673794
1320286246044798977
1320286470729617414
1320286536815026176
1320286713307123712
1320286777219993601
1320286950276931586
1320286959496007686
1320287111753367553
1320287295887507456
1320287323943206912
1320287333799895041
1320287344143073280
1320287390183747584
1320287404377292802
1320287621902487553
1320287857538441216
1320288067798900737
1320288215190781954
1320288249445842946
1320288293574029313
1320288462310797312
1320288739260760065
1320288880839577600
1320288910715518978
1320288932026814464