1321074172563513350
1321074172966088707
1321074292998787073
1321074353610674176
1321074403661107201
1321074423902908419
1321074567511740416
1321074579322900481
1321074626135470082
1321074693454000128
1321074735057391617
1321074834881843207
1321075011818586114
1321075020198805505
1321075090897981440
1321075192383344640
1321075318250156032
1321075439239049216
1321075450991513606
1321075519362748417
1321075535598899200
1321075549876486144
1321075570428575744
1321076093907062785
1321076126018641921
1321076206700290049
1321076316838326272
1321076421230432258
1321076546501656576
1321076558816251906
1321076622326464514
1321076677129195522
1321076827734056961
1321076959372288001
1321077029580820480
1321077083431469056
1321077147428134919
1321077215015043072
1321077222078357504
1321077230110494720
1321077386411233282
1321077440505171970
1321077570985693184
1321077650958520320
1321077657208004608
1321077708139495424
1321077717098516480
1321077719388639236
1321077788305076227
1321077843053498369
1321078035731369984
1321078098272653312
1321078129016750081
1321078195144318977
1321078215721496576
1321078270046121984
1321078317194366979
1321078496563789824
1321078513655578624
1321078555795738624
1321078599571640321
1321078783969955846
1321079017227898881
1321079071791554560
1321079117324967936
1321079125889716224
1321079266478592000
1321079285269078016
1321079302692233216
1321079307284946944
1321079332144558084
1321079377195638784
1321079499530870784
1321079578438189056
1321079731496759296
1321079810559365120
1321079847586648064
1321079953220378630
1321080023990763521
1321080035978186753
1321080048527421441
1321080069704585216
1321080246247002113
1321080273354870789
1321080334457442304
1321080619472834560
1321080624153792513
1321080678893658116
1321080707196698624
1321080738721210368
1321080740851945472
1321080971907780608
1321081028275044352
1321081135468720130
1321081158663372802
1321081240775217155
1321081366570766341
1321081558435057664
1321081609009979395
1321081679897751556
1321081805479518209
1321081873578237953
1321081916033032193
1321082011784720384
1321082213807607808
1321082238151331845
1321082310255693827
1321082433761087496
1321082514379780097
1321082645627969539
1321082795729559552
1321082913262358528
1321082961551187969
1321083089850781697
1321083177918758914
1321083180644999168
1321083224211230721
1321083353802723329
1321083362686230528
1321083431665635329
1321083542252695558
1321083638730117120
1321083723136323595
1321083778488479747
1321083796289146896
1321083920956289030
1321083950014627841
1321084007803768837
1321084046475231234
1321084067018952711
1321084146685513729
1321084163848654848
1321084240969289728
1321084262636990464
1321084372246765571
1321084393860042752
1321084465238724610
1321084620167876610
1321084645069434880
1321084675817951234
1321084684034605061
1321084721229664260
1321084725109395456
1321084779161419779
1321084809188413440
1321084817216339968
1321084897746997250
1321084905351098368
1321084931557232647
1321084961630269440
1321084982295756800
1321085094300450820
1321085124696363008
1321085262554894336
1321085309816344580
1321085347728642053
1321085359191740418
1321085434307465217
1321085484387299328
1321085618097717249
1321085631251025921
1321085723567656964
1321085732526718978
1321085781239320578
1321085797177516032
1321085812595974146
1321085878408761351
1321086193895952386
1321086217316929536
1321086247687868416
1321086256739016704
1321086277576511488
1321086415472599040
1321086557974126593
1321086563095351303
1321086595643121665
1321086613263364096
1321087005862678528
1321087017657290757
1321087103543853057
1321087162587164673
1321087263380484096
1321087359648100352
1321087422080438279
1321087497510813696
1321087720366723077
1321087753795346443
1321087930107047938
1321087972071145474
1321088046700396547
1321088257103376394
1321088269531176963
1321088296324218880
1321088357531791361
1321088404595961856
1321088517880061956
1321088550885072898
1321088696439943168
1321088697073360901
1321088751616073730
1321088789893287939
1321088877197746177
1321088891089231887
1321089022907830276
1321089234338545666
1320877879224377351
1320878101073661952
1320878168346107906
1320878222557519873
1320878244237697024
1320878269823111170
1320878327838740481
1320878395346006018
1320878485791854597
1320878504511197185
1320878781024903169
1320878889699287042
1320879267123761153
1320879507734175749
1320879519373447168
1320879624071630848
1320879688164745217
1320879737762402305
1320879812328755200
1320879850706620416
1320879938384351232
1320880072962789377
1320880111235846145
1320880131146211328
1320880286201188353
1320880526287360000
1320880541600608256
1320880542900985856
1320880571673759746
1320880634504556545
1320880763722633216
1320880769393401858
1320880896254365696
1320880941330554883
1320881038109872129
1320881093440987136
1320881104514019329
1320881129029726208
1320881154342359040
1320881167927857152
1320881192460312576
1320881246889791488
1320881254867361793
1320881310315864065
1320881347637006337
1320881414041198592
1320881470878175232
1320881483624685572
1320881555926061058
1320881610724704259
1320881834587230208
1320881854124331017
1320881997716328448
1320882165358432258
1320882221784256512
1320882236741296128
1320882352273321985
1320882371281833984
1320882382342287361
1320882384317882371
1320882405138456577
1320882408082714624
1320882417792622593
1320882455512031233
1320882456887779329
1320882622570979328
1320882631622492161
1320882639709065216
1320882880910938113
1320882992697479169
1320883034195816448
1320883075069452288
1320883210780176385
1320883224206143488
1320883298390822912
1320883314899750913
1320883315176591361
1320883464569171969
1320883482898305024
1320883516889042945
1320883574497751043
1320883688654209025
1320883705167183873
1320883783537754120
1320883872444416001
1320883912424345600
1320884254163804160
1320884363819704321
1320884501720014854
1320884804263563265
1320884883225518080
1320884967845625856
1320884984396288000
1320885081070710785
1320885101610356737
1320885191599136768
1320885203301208066
1320885353318813696
1320885504666161157
1320885512006180868
1320885671205212163
1320885983034986499
1320886016178147328
1320886045827686403
1320886129210642434
1320886301026062341
1320886419087331329
1320886556681449473
1320886596053442560
1320886635479867393
1320886699241689088
1320886717004431360
1320886821312696321
1320886910877794304
1320886926413582337
1320886955752759297
1320886967840759808
1320887052037058561
1320887257914437633
1320887331042304001
1320887513569873920
1320887547401293825
1320887576157323264
1320887660186013696
1320887719258656768
1320887798312833024
1320887828239261696
1320887853576978433
1320887945402920961
1320888050415751169
1320888074440683521
1320888163208888320
1320888264283357184
1320888365248614400
1320888482206752769
1320888704177590272
1320888760146579456
1320888763531317248
1320888826424893441
1320888855336079360
1320888935292248064
1320889065345064960
1320889120101666821
1320889237491781632
1320889367171391488
1320889400843292672
1320889455738146819
1320889498520199170
1320889540773584896
1320889583194787842
1320889618573725696
1320889761184288768
1320889774337478656
1320890013496860674
1320890051451146241
1320890235706871810
1320890265041801216
1320890315167961089
1320890382251630594
1320890571150495744
1320890675257364480
1320890724737445888
1320890771978014721
1320890839485198336
1320890848163155968
1320890911082057728
1320890935664922624
1320890936369565699
1320891191806873600
1320891203991158785
1320891250648797185
1320891275336249346
1320891314003587074
1320892101958258688
1320892102256041984
1320892123424661504
1320892340903448578
1320892459791093764
1320892488123617285
1320892497648730112
1320892533900144640
1320892731208683520
1320892751920177154
1320892788674830340
1321089577529081874
1321089607241523202
1321089637679587329
1321089672613867524
1321089843963768836
1321089898024230914
1321090052659777543
1321090145735610368
1321090292049760258
1321090379807182855
1321090433695555592
1321090451978539009
1321090455409512448
1321090471167479812
1321090598061965314
1321090656035590146
1321090677153931271
1321090801477320706
1321090828446638083
1321090841058881538
1321091025281142788
1321091038073769985
1321091042758766592
1321091159343665156
1321091217652928519
1321091259612749838
1321091302537203715
1321091367590912011
1321091650995785729
1321091700685709319
1321091809997709314
1321091817312583687
1321091848119717888
1321092103376637952
1321092190802747394
1321092199627526148
1321092213275873281
1321092247065141251
1321092548476153860
1321092554834776065
1321092560371240962
1321092656555020290
1321092664964632578
1321092682178088962
1321092785697656834
1321092843147067395
1321092900621570054
1321092937875398660
1321092938819117057
1321093022243868674
1321093097992933379
1321093122739310592
1321093222907760640
1321093269984595968
1321093302532321281
1321093349772853253
1321093797841952770
1321093815327928326
1321093819685838849
1321093944973893632
1321094187975147521
1321094200650129408
1321094385589780483
1321094543417159683
1321094543979253764
1321094603278327810
1321094905553391616
1321094925908402178
1321094997568008197
1321095009274368001
1321095096310337537
1321095202845691905
1321095631126077444
1321095666815422464
1321095693579083776
1321095715762982913
1321095798818562050
1321095827281059843
1321095936723062786
1321096003663974400
1321096137483444224
1321096160858308609
1321096171004243975
1321096176414953472
1321096267745951746
1321096268265840640
1321096327581884416
1321096394141241349
1321096398348165120
1321096440333111299
1321096532876091395
1321096567990829056
1321096707766104067
1321096733288529920
1321096824111980545
1321096854923288576
1321096864922365955
1321096878952333312
1321096936347361282
1321097061308223491
1321097199669911559
1321097248181309442
1321097362408951812
1321097390116478977
1321097547222573057
1321097957404561415
1321097983405002752
1321098160077377536
1321098171817181184
1321098285373890573
1321098290654519296
1321098331842514950
1321098333511917572
1321098335269363712
1321098352642150400
1321098353082552322
1321098471114493954
1321098549665431552
1321098558100000768
1321098654929833984
1321098738845294593
1321098809389150208
1321098957305556993
1321098969704005639
1321099028185128961
1321099029070139392
1321099049496293377
1321099083398975488
1321099098917871620
1321099145655050240
1321099175417860103
1321099242316787712
1321099246016319489
1321099321794846720
1321099430293098497
1321099540603326466
1321099738591232000
1321099770211913730
1321099775098318854
1321099863522746370
1321099940991438855
1321099988290674689
1321100055336554498
1321100063909793793
1321100299071856642
1321100365643788292
1321100479359799300
1321100482555736066
1321100643189182464
1321100832562171905
1321101212897431552
1321101296649293829
1321101339464769539
1321101342832758785
1321101418900688896
1321101426697842688
1321101457077215232
1321101512295239681
1321101586240851968
1321101632512299013
1321101641160871936
1321101766616846337
1321101947340947456
1321102013464272896
1321102173783162882
1321102266229731328
1321102270264651778
1321102303819169798
1321102381120065536
1321102482026700811
1321102482693595136
1321102780795392000
1321102924928458756
1321103096337059843
1321103179845697538
1321103196815646723
1321103541281431553
1321103553298051072
1321103591369789444
1321103612165136386
1321103654800285696
1321103700824215552
1321103817870438401
1321103863882125312
1321104174457614337
1321104201301327874
1320908146345476096
1320908158202765314
1320908195389415427
1320908217086521344
1320908249655349248
1320908279724298245
1320908329942687747
1320908469243990016
1320908506732646401
1320908640057020416
1320908644976939008
1320908828444151813
1320908921566101504
1320908977581006849
1320909193994399744
1320909206061338625
1320909243944374272
1320909327495028736
1320909334906347521
1320909337070604289
1320909391407710208
1320909475663007746
1320909483451813888
1320909605506027526
1320909676326866945
1320909688599400449
1320909868635705350
1320909965117173760
1320909994942996487
1320910012336742407
1320910116519137281
1320910360015065088
1320910384547713027
1320910426901782528
1320910470933565442
1320910478013509633
1320910696113004545
1320910696301867010
1320910753977626626
1320910841684893697
1320910850614386688
1320910955262476288
1320911056185667584
1320911089702297600
1320911207642079232
1320911248574287872
1320911437552930816
1320911492502441984
1320911509006893056
1320911547196182528
1320911584277991424
1320911601566916610
1320911685507379201
1320911726968250368
1320911730986418176
1320911840961040384
1320912080871018503
1320912151100403713
1320912486179229696
1320912516126367745
1320912583004725252
1320912591204601858
1320912708582154241
1320912742715396096
1320912783714574338
1320912854162247682
1320912964778659840
1320913054658342912
1320913152909955074
1320913234011000832
1320913266848239616
1320913317762879490
1320913366378901504
1320913392471781378
1320913534864084992
1320913560667590656
1320913581555118081
1320913736585023489
1320913746181566464
1320913907888885760
1320914009541980162
1320914042844811264
1320914125854175232
1320914134691528704
1320914419774156800
1320914425017208834
1320914442746580992
1320914602721529857
1320914630198386691
1320914634103164928
1320914701119823872
1320914717490049026
1320914722535862272
1320914772280414211
1320914881575407616
1320914906951094273
1320914957521821697
1320915107854098436
1320915184521797634
1320915309860134912
1320915322132717569
1320915432384139264
1320915473098252293
1320915607429197825
1320915648457764864
1320915654904610816
1320915666816389120
1320915849142784002
1320915850338177025
1320915908533964801
1320915963718586368
1320916134967808005
1320916235660464129
1320916290861703168
1320916294544379905
1320916530058678272
1320916534454341633
1320916550585618434
1320916552821211141
1320916588153982976
1320916643078238208
1320916654830821376
1320916706307371008
1320916751983517697
1320916794987716608
1320916869663129601
1320916877778956288
1320916886947856385
1320917008339341318
1320917032720683010
1320917381338812416
1320917406743695360
1320917493729419265
1320917549123571715
1320917720439889920
1320917738404143104
1320917817055727617
1320917817395466240
1320917922311647233
1320918137970302976
1320918337677918208
1320918383756390402
1320918403222245376
1320918433882624002
1320918451070902277
1320918500786032641
1320918814180188160
1320918861689065473
1320918879254810624
1320918904231751680
1320919000818176002
1320919055038074880
1320919113229869059
1320919216388743170
1320919276568629249
1320919344721874944
1320919407980433410
1320919925108711425
1320919943634948096
1320919965415845893
1320919969354297344
1320920342383255552
1320920350998351872
1320920372590596097
1320920375354601472
1320920456430583808
1320920555751690240
1320920639755165698
1320921000914128898
1320921013291343876
1320921028587970560
1320921109504552961
1320921231844167683
1320921269353672705
1320921366334496768
1320921415726628866
1320921470957223937
1320921572564107264
1320921585218252800
1320922166506958848
1320922375723114497
1320922443784114176
1320922473207001088
1320922556812189696
1320922574180798464
1320922644418457600
1320922763163439105
1320922799486210051
1320922800450867203
1320922837700456449
1320923003107102720
1320923044190236672
1320923058786414592
1320923059000410114
1320923085537742850
1320923115266830337
1321059052881879040
1321059135723622401
1321059137082503168
1321059219609735168
1321059393052549123
1321059454968860675
1321059533993684993
1321059568592605184
1321059836784603137
1321059844623880193
1321059875275718659
1321059898906578944
1321059979181379584
1321060037155053568
1321060122135687169
1321060229685997570
1321060462428119041
1321060620758847488
1321060693156745216
1321060781203611648
1321060822743998464
1321061036997414912
1321061243155816448
1321061347304456192
1321061362945134593
1321061543333793798
1321061581925568518
1321061597595402242
1321061689983406080
1321061792160845825
1321061870820876288
1321061879867830274
1321061954367197185
1321061968359415809
1321062068628369408
1321062117974396928
1321062152363511808
1321062152732610561
1321062240813023232
1321062328729849864
1321062357817315328
1321062459340369925
1321062492739637248
1321062545571065856
1321062785405591552
1321062793034911745
1321062994726404097
1321063002079047680
1321063040486379520
1321063057066463232
1321063157939523587
1321063200457183233
1321063246976196610
1321063250817994752
1321063330757464067
1321063547137392640
1321063608164311041
1321063634542407681
1321063771134189569
1321063774196039680
1321063900612182016
1321063918006161408
1321063928705724416
1321064040240713731
1321064081206333441
1321064111644573696
1321064116912611330
1321064177126023168
1321064198613458944
1321064257472126977
1321064303424868352
1321064349528662016
1321064387025735680
1321064400858587136
1321064535357296640
1321064617745985536
1321064652340629504
1321064765440012288
1321064841432440836
1321064857836212225
1321065062203854849
1321065093669543936
1321065093627600897
1321065105086418944
1321065193192017923
1321065267615641602
1321065302302642176
1321065340164472833
1321065402814836737
1321065448427954176
1321065540224536576
1321065644536811520
1321065662719078400
1321065677122195458
1321065927144685573
1321065936628178947
1321065939929104384
1321065947956944897
1321065973311545345
1321066017095852035
1321066056299888640
1321066107646713856
1321066299846545408
1321066400102928384
1321066590142488576
1321066624087134210
1321066691313438720
1321066710976385024
1321066731775942656
1321066741276041216
1321066968376594433
1321067013628960769
1321067041860837382
1321067067085303810
1321067121816883201
1321067189869387776
1321067197373030403
1321067338951577603
1321067340117635078
1321067387635011588
1321067424318398465
1321067434011430912
1321067517243215876
1321067671555870721
1321067739100946434
1321067751037833217
1321067822290587650
1321067873012514817
1321067886224543744
1321067907024068608
1321067973327556613
1321067986959110147
1321068032660221952
1321068107255996416
1321068121785016320
1321068246028566529
1321068271915945994
1321068526615072769
1321068577743622151
1321068580079849477
1321068942727639041
1321069122394955777
1321069152057102338
1321069340083384322
1321069416965165058
1321069487911800832
1321069521600311296
1321069610322546688
1321069673333489665
1321069689288724483
1321069792971902976
1321069867668221955
1321069961423577089
1321070062258761729
1321070084408958976
1321070134010748928
1321070225887027201
1321070465192988677
1321070470062608385
1321070503491260416
1321070544859598850
1321070579542302720
1321070583501803524
1321070599188393984
1321070695871373313
1321070946862718976
1321071073748811776
1321071244524036096
1321071320604549125
1321071350866464768
1321071748171915264
1321071794619600899
1321071844523266049
1321071879088689154
1321071993647702016
1321071999993655297
1321072033032261632
1321072175063982080
1321072176716484613
1321072210497462275
1321072268810747904
1321072377493659649
1321072449061093376
1321072519693115398
1321072634206048256
1321072746621796352
1321072780125761538
1321072821674610689
1321072826489556992
1321073161866272769
1321073203297570817
1321073216543248390
1321073220146049025
1321073291721764865
1321073325809041409
1321073334361182220
1321073422361767936
1321073425994186752
1321073483468673024
1321073496735260673
1321073569149997056
1321073598220488704
1321073668844363781
1321073921962237952
1321074033945767943
1321074055164866560
1321074056188354566
1321104350492692482
1321104633826209793
1321104657763102720
1321104707687886855
1321104963544764418
1321105067794145281
1321105257410097154
1321105257401782272
1321105262430851073
1321105508720398337
1321105524549705730
1321105549807726594
1321105672101126145
1321105784290377728
1321105988397785088
1321105990977159168
1321106035910811650
1321106523947298816
1321107248706441216
1321107269749149697
1321107303467081731
1321107311964934145
1321107332864995331
1321107358303617026
1321107407993511944
1321107521684254720
1321107668338118657
1321107731206574080
1321107842414354432
1321107871812075521
1321107932902268929
1321108023318736906
1321108133423579137
1321108226461569026
1321108456938434560
1321108516040560643
1321108763118456840
1321108905158729729
1321108929032564736
1321108982703030275
1321109062361165824
1321109094812520448
1321109103456841729
1321109236944756736
1321109421192290304
1321109514343440386
1321109552348209153
1321109626721632258
1321109711282982919
1321109778173698048
1321109795101908992
1321109865796960256
1321109950828072963
1321109995799412742
1321110007547600897
1321110063654682624
1321110105769861123
1321110168696844291
1321110356173950976
1321110407340265476
1321110553364963329
1321110608419426305
1321110617995038722
1321110782747303939
1321110795468623873
1321110797263790083
1321111065636253697
1321111178865709056
1321111363037601793
1321111455534616576
1321111606760296451
1321111652419289088
1321111686510686208
1321111896037183494
1321111941926899713
1321112105794392065
1321112244185452544
1321112293950869505
1321112461827665922
1321112508896178178
1321112902930223104
1321112915101904897
1321113225455230976
1321113238503936000
1321113299405123584
1321113578741633024
1321113733222043648
1321113780189708288
1321113837651853315
1321113879959662592
1321113883793367042
1321113933806186496
1321114001321775106
1321114022607867904
1321114199070822405
1321114270134947841
1321114320407724032
1321114408077172738
1321114873565220864
1321114983695032320
1321115008319762439
1321115033623932933
1321115339275575297
1321115364231684096
1321115393931489281
1321115675650412549
1321115746693533697
1321115754704547840
1321115783695605760
1321115862401646593
1321115952029683712
1321115985596739589
1321116060788162562
1321116105297915905
1321116132867231745
1321116203411218438
1321116254501883907
1321116284424245248
1321116434282377216
1321116447440015360
1321116551433469954
1321116669385687040
1321116698423005184
1321116815939063809
1321117114414080001
1321117146995433475
1321117273222950912
1321117328105353216
1321117336145924103
1321117545982615552
1321117637548670976
1321117701461417991
1321117721992466433
1321117768335327232
1321117869283880961
1321117931938394112
1321118007473655808
1321118041623523328
1321118054135152640
1321118120048840704
1321118158565068802
1321118460286509056
1321118645410410496
1321118683310141442
1321118728831062023
1321118854496604166
1321118948318793728
1321118992485023744
1321119114115620864
1321119122890084352
1321119130993373185
1321119135833616385
1321119172877643776
1321119395695874048
1320893025137102848
1320893059396239361
1320893167206502400
1320893275167928321
1320893440645890051
1320893506999779328
1320893554240200704
1320893565925470208
1320893590944579584
1320893716710653953
1320893745521446912
1320893844683108357
1320894312473907200
1320894359110373376
1320894454329417728
1320894535912714241
1320894572596084737
1320894597564944384
1320894698962198531
1320894794680422401
1320894806957019136
1320894831208652801
1320894928831062016
1320894994853601280
1320895113657278465
1320895122364575744
1320895228367261696
1320895365063839744
1320895395086684161
1320895411633168384
1320895754974777345
1320895755406741504
1320895767448559616
1320895776663445504
1320895804370866177
1320895868866826241
1320895918875439104
1320896086492459012
1320896154238885889
1320896178918248449
1320896267178987520
1320896523027288064
1320896558263685122
1320896564542332928
1320896715499720704
1320896748894724097
1320896892398637056
1320896971163508741
1320897026389954563
1320897047386611712
1320897202043183104
1320897299334221830
1320897486660227072
1320897613407944705
1320897634547105792
1320897659574624256
1320897772418158593
1320897782660632576
1320897856799150080
1320898015654301699
1320898057739948032
1320898082913931266
1320898217857454080
1320898272056299522
1320898359398453263
1320898418945019906
1320898516026359809
1320898519473909760
1320898536569851904
1320898561299542017
1320898628760805376
1320898733685542913
1320898832641761282
1320898976833540102
1320899051416625153
1320899221432786951
1320899257432506369
1320899316869959681
1320899328668508160
1320899404195385344
1320899512982974465
1320899623356084224
1320899643916668929
1320899660203118593
1320899681505976320
1320899706415886337
1320899719086936064
1320899848703541249
1320900104488845312
1320900186785435649
1320900272785395715
1320900369573138432
1320900419367960582
1320900658736689152
1320900788756090882
1320900956352073728
1320900979802411011
1320901209314779136
1320901229028007937
1320901308547796993
1320901493017382912
1320901556435374081
1320901668993527808
1320902151535775745
1320902156094898177
1320902172242923520
1320902260193374215
1320902315050610689
1320902361787883521
1320902440984682496
1320903028292132864
1320903036173275136
1320903325622112256
1320903363307937798
1320903410326163459
1320903594137296896
1320903615574278144
1320903662919688192
1320903921460637696
1320903988208947200
1320904042831319042
1320904043556950017
1320904060220985344
1320904109738872833
1320904224088170497
1320904348852015106
1320904382779633664
1320904391814193153
1320904416631812096
1320904613978136577
1320905016035602432
1320905104191590403
1320905133572694016
1320905255215878144
1320905364737503238
1320905417535430656
1320905566122872832
1320905624050302978
1320905628244758528
1320905760549806080
1320905788483723264
1320905967899447296
1320906199089377285
1320906307117993984
1320906375619366912
1320906408435585026
1320906463745724416
1320906542858833921
1320906585598795778
1320906810992242689
1320906853371514881
1320906945302179840
1320907012826374146
1320907024926937090
1320907025434484736
1320907096909586433
1320907180695035911
1320907289587412992
1320907365772906498
1320907419023794176
1320907427617918979
1320907800927633408
1320907856502284290
1320908007010689026
1321119529943076867
1321119580471832576
1321119609282441220
1321119697128050689
1321119810332336130
1321119848160612352
1321120180345384960
1321120201274986500
1321120414568009729
1321120470331236359
1321120582939926528
1321120583388594176
1321120612530769921
1321120675256565760
1321120947705794561
1321121001699078145
1321121035803123716
1321121207756804098
1321121278967906304
1321121366800818178
1321121397117247488
1321121399134715906
1321121437000740865
1321121496492871682
1321121551178207237
1321121711492747264
1321121750432796673
1321121883539099649
1321121903734652930
1321121904116322305
1321121933937790976
1321122011733725187
1321122050531037184
1321122125877518339
1321122131837669376
1321122142885466113
1321122318991708160
1321122352080527360
1321122385597210628
1321122386410786816
1321122508829945856
1321122532448104449
1321122549309313024
1321122606465097731
1321122632209735681
1321122671636217860
1321122709586149376
1321122717731573761
1321122755539046400
1321123069331648515
1321123174977884161
1321123177532133379
1321123413524697089
1321123423104442368
1321123460391661568
1321123695394459653
1321123718089900039
1321123768706699264
1321123799513878528
1321123812478312448
1321123828882382850
1321123883274145793
1321123900365963265
1321123916878852104
1321123954589839364
1321123988047679488
1321124004715925506
1321124010671919106
1321124101495410690
1321124168876937216
1321124340348440576
1321124424079282176
1321124428361666561
1321124436737773568
1321124523576565760
1321124608905543680
1321124784814624769
1321124945007681536
1321125145918976001
1321125195868983296
1321125392133087234
1321125439344029698
1321125552745451523
1321125602884202503
1321125666121797634
1321125783516139526
1321126027473547265
1321126089436135426
1321126198701797377
1321126203563085827
1321126228217221128
1321126399592288258
1321126441568948224
1321126487760769024
1321126560028643331
1321126579947425798
1321126597022289921
1321126673006260225
1321126744544415746
1321126772109463555
1321126878464323585
1321126949931126784
1321127014703792128
1321127154516742144
1321127195646021632
1321127286469517318
1321127289137090561
1321127398537105408
1321127540526895106
1321127616305369089
1321127791677427712
1321127830386700288
1321128065020297217
1321128153549516805
1321128235560767492
1321128505636245505
1321128610539790337
1321128640046944256
1321128681679540224
1321128707134754822
1321128748092149762
1321128761329373186
1321128874441428992
1321129034638528518
1321129117635534848
1321129220278525959
1321129365166526466
1321129579378053120
1321129667978514432
1321129730792448003
1321129898400862208
1321129931875643399
1321129949030395906
1321130086305796102
1321130116668416004
1321130229696442376
1321130238072541190
1321130313360109569
1321130341055270914
1321130556608884736
1321130568843726849
1321130590788374536
1321130649273749504
1321130833563033600
1321130870632304643
1321130925594419200
1321131064610459651
1321131109925687296
1321131252695633929
1321131252716433409
1321131323977801739
1321131768607612932
1321131781878435841
1321131844230926340
1321132062053715972
1321132259706130434
1321132321861488644
1321132456519430146
1321132473627987968
1321132753920815104
1321132939015573504
1321133035136389121
1321133186336890881
1321133209153884161
1321133525844824065
1321133534212460546
1321133551815925761
1321133771135971329
1321133962585010177
1321134033171087361
1321134079639756805
1321134101902979072
1321134168038932480
1321134230924070912
1321134314231230469
1321134323077054464
1321134419483238421
1321044135038562305
1321044303330840576
1321044400240209921
1321044424563040256
1321044436348854275
1321044469173653505
1321044521350844420
1321044524907507713
1321044636484411392
1321044747235037184
1321044774846111744
1321044892739657730
1321044930920353793
1321044972276228096
1321045060524400640
1321045065628831744
1321045191034359809
1321045314447437825
1321045326212583425
1321045368088346624
1321045469129330688
1321045643016785921
1321045863259656197
1321045991127212032
1321045996311334913
1321046016259510272
1321046110350303232
1321046277895778305
1321046400730386432
1321046463183495169
1321046482510905346
1321046506980265985
1321046570628976643
1321046611615752192
1321046650257842176
1321046713923063809
1321046885470248962
1321046977841385472
1321046987442180097
1321047182968016899
1321047260315160577
1321047333400907778
1321047368301715456
1321047522253492224
1321047618319863809
1321047756702650368
1321047791528038400
1321047854589370368
1321047966224994308
1321048123410534402
1321048171661848576
1321048437715046400
1321048487719559168
1321048506799427584
1321048532997050369
1321048806750867456
1321048839822991362
1321048855471923201
1321049071826644995
1321049073911238656
1321049184796028931
1321049310549651457
1321049559909437452
1321049593711370242
1321049595032576001
1321049654344044544
1321050030388744195
1321050077545152512
1321050194859954177
1321050291345784834
1321050512461058048
1321050647479885825
1321050778157621248
1321050966825775104
1321050995326095361
1321051079908282369
1321051338806091776
1321051384498712578
1321051462051516417
1321051809977303043
1321051822430265346
1321051893918027779
1321051907268509696
1321051944216076288
1321052034850787328
1321052123681984513
1321052131768504321
1321052220406812677
1321052237079171073
1321052240296247296
1321052266049294336
1321052346277859334
1321052543804444673
1321052563760836608
1321052605385265153
1321052845496586240
1321052891227033600
1321053063118049280
1321053080528556034
1321053158697648130
1321053180428455936
1321053244941127681
1321053318718869504
1321053331847028736
1321053713209954306
1321053789139337218
1321053845443825664
1321053952289492992
1321054132187398144
1321054297291980800
1321054447225679873
1321054451160043520
1321054459456331777
1321054510211629058
1321054531942309888
1321054552083337218
1321054610782564357
1321054758434557953
1321054803984863238
1321055060533649410
1321055068356050945
1321055199784480768
1321055466798092289
1321055491766833152
1321055538323611649
1321055621383364608
1321055639137865728
1321055752736428033
1321055780347342853
1321055832050683907
1321055863956672512
1321055898278727681
1321055927072534530
1321056040801259524
1321056086359740417
1321056140843749376
1321056214214610945
1321056343051165696
1321056416749264896
1321056418519199745
1321056443626360833
1321056452673474562
1321056544784568322
1321056648597786625
1321056720932769797
1321056775462965249
1321056821386379264
1321056896434880514
1321057039485857793
1321057186898821121
1321057194675179521
1321057424502042624
1321057647064481797
1321057648113033218
1321057660494635010
1321057730493337606
1321057851805179904
1321057853210320898
1321057928695173121
1321057940950929408
1321058070492053505
1321058134606204928
1321058172220674048
1321058177530634240
1321058361924898816
1321058431017619456
1321058441310441472
1321058557068980224
1321058825026326536
1321058843670044673
1321059018849353734
1321179852280651781
1321179940088389635
1321180095864852480
1321180120154017793
1321180162646441986
1321180170837848065
1321180229490987008
1321180242019602434
1321180322139168769
1321180359900467200
1321180363931164682
1321180385011666944
1321180464271499265
1321180490028716034
1321180632798662662
1321180846557175810
1321180888365998082
1321180954891866112
1321181014568427525
1321181131660820481
1321181147930546177
1321181169128509441
1321181173222051840
1321181203114954752
1321181257775091717
1321181303719534592
1321181316298215425
1321181374519324674
1321181621932986368
1321181651830005761
1321181697388519425
1321181799016501248
1321182083352592384
1321182132845379586
1321182204530167808
1321182204639252480
1321182356271759360
1321182435376308227
1321182673583378434
1321182742382608388
1321182872766656513
1321183123753836544
1321183166183411713
1321183169534676997
1321183201847459840
1321183329622831104
1321183358454534149
1321183362673905664
1321183430084751361
1321183568534532097
1321183584993136641
1321183715431649280
1321183719567335430
1321183743206412291
1321183781886300160
1321184042277052416
1321184323710689288
1321184352886284288
1321184386239340545
1321184558558154752
1321184726657437696
1321184919247224832
1321185119852527616
1321185375751147523
1321185400862339073
1321185401139322886
1321185430226817026
1321185438539939842
1321185500435222528
1321185531238166535
1321185624615911425
1321185665686622208
1321185673685192713
1321185727271546882
1321185782644772865
1321185904992673799
1321186047863230470
1321186219297038337
1321186225995341825
1321186302595899398
1321186354462511104
1321186449887170560
1321186468547731463
1321186538391293954
1321186596457226240
1321186605479174144
1321186638828130307
1321186659438940164
1321186793308491776
1321186840393572352
1321186848530665472
1321186873365032962
1321187025073147909
1321187041430761477
1321187380733399041
1321187402010951680
1321187423171301377
1321187553379192832
1321187645192609797
1321187712435507200
1321187733264601090
1321187909538492416
1321187951284523009
1321188220336562176
1321188234626519042
1321188341463851009
1321188421310832641
1321188475278893059
1321188672734220289
1321188715507666947
1321188820025405440
1321188950149525504
1321188961801424904
1321189247961960452
1321189273215918091
1321189327083171840
1321189406615556096
1321189411191721985
1321189616511295491
1321189676011659265
1321189906287259648
1321189917934997505
1321190098659135490
1321190115700547584
1321190249981222912
1321190271279910918
1321190308244148224
1321190342906044417
1321190568437915648
1321190594467799043
1321190824990953473
1321190828644192258
1321190983514685441
1321191055258103810
1321191075147665421
1321191136405303296
1321191218794110978
1321191311777714188
1321191340391223299
1321191345764130820
1321191443038375936
1321191454090420224
1321191672164667392
1321191751365910529
1321191835289718787
1321192054769119232
1321192128777781252
1321192309569036291
1321192397305503744
1321192485792686085
1321192518755643393
1321192707285463045
1321192712016744448
1321192770200100865
1321192815385137152
1321193013905940481
1321193072340992010
1321193212887896069
1321193252893069312
1321193353803976705
1321193364209938432
1321193538445627393
1321193614068846593
1321193702262509569
1321193802200207360
1321193840557150211
1321193932034875393
1321194091913367553
1321194236822360070
1321194259492397056
1321194322570731526
1321194339754741761
1321194654025613312
1321194716852047872
1321194826222784513
1321194830383427585
1321194888713691139
1320923278400077825
1320923383224279040
1320923458612637696
1320923488048287744
1320923827434594306
1320923848468910080
1320924020062081024
1320924249029283841
1320924289021915136
1320924293941891072
1320924464473751557
1320924690341216257
1320924730216583168
1320924826702352384
1320924837825699846
1320925000099135488
1320925031581601792
1320925095548825600
1320925174347214848
1320925232006385670
1320925312260153346
1320925317498867714
1320925406443298817
1320925422029283329
1320925480145489920
1320925635447943168
1320925660945272833
1320925778540785664
1320925803811622915
1320925812154081280
1320925870542999552
1320926026281701376
1320926055700463618
1320926273699368960
1320926361595371520
1320926469829382145
1320926478012313602
1320926651245645824
1320926751028137985
1320926797194776577
1320926872612593664
1320927049440096256
1320927061591134208
1320927061758889985
1320927141215744001
1320927158840115203
1320927451913035776
1320927522964594689
1320927538789699584
1320927556498038786
1320927577951903745
1320927878683525120
1320927989278920705
1320928064436461569
1320928075954044930
1320928088893476864
1320928194141310977
1320928382574612480
1320928385342664704
1320928422735024128
1320928505069121538
1320928593459900417
1320928614007795713
1320928727757475841
1320928773684879362
1320928786444156929
1320928807218376704
1320928828655587328
1320928863195697153
1320928952345526272
1320929066900426752
1320929184303083521
1320929225554169856
1320929281363488768
1320929507365122051
1320929611736375296
1320929636621160448
1320929637451653120
1320929670397939714
1320929710130548738
1320930018231570432
1320930215296700417
1320930254383362048
1320930283437187072
1320930429449474048
1320930454774652928
1320930622253207554
1320930626439122952
1320930651583860737
1320930704734121984
1320930735403028480
1320930757682950144
1320930841678196736
1320930941880180737
1320931075430887424
1320931239763845120
1320931247653203968
1320931411113771008
1320931440847167489
1320931452729454593
1320931541048963076
1320931688353091585
1320931692400398341
1320931841168216064
1320931892984745984
1320931948232101888
1320932079069265920
1320932511145283585
1320932517965430785
1320932656788504577
1320932657597878272
1320932677550264322
1320932741060448257
1320932832462708737
1320932853094535169
1320932959202017282
1320933047647281153
1320933326010499072
1320933407531126784
1320933449159487489
1320933479354298371
1320933740084940801
1320933768941740033
1320933806686220288
1320933923917045760
1320933957274374152
1320934176166535168
1320934330546475009
1320934338133852160
1320934356370804737
1320934380731183111
1320934489942577153
1320934489212833797
1320934586906513408
1320934632544612352
1320934787075506176
1320934792070942720
1320934870881869828
1320934972702687232
1320934998162198532
1320935064721641477
1320935169256280064
1320935182233489408
1320935219017502720
1320935302920327168
1320935358448762880
1320935450744295424
1320935495350865920
1320935522143973377
1320935999195807745
1320936020960006145
1320936038349574146
1320936225591668737
1320936319132995585
1320936418840031232
1320936499588796416
1320936561807183872
1320936654811648000
1320936825813258242
1320936916968243205
1320937279863562240
1320937317469749248
1320937346032807936
1320937349778264065
1320937500752310272
1320937501142515717
1320937531769188353
1320937559732686848
1320937618712915969
1320937728914132992
1320937770060292097
1320937776586645505
1320937786573205504
1320937790754988032
1320937822627549185
1320937988637995009
1320938013967470592
1320938021991055360
1320938126265765893
1321149824771756034
1321149825648381956
1321149909198725121
1321150093286924301
1321150106154995714
1321150270110421007
1321150365425913856
1321150416760037376
1321150764979572736
1321150949788807168
1321151050699603968
1321151150293458944
1321151177774505984
1321151225761509381
1321151255490621440
1321151259336986627
1321151319479144448
1321151595401351170
1321151758706626561
1321152043692806144
1321152238513893379
1321152240850120704
1321152271074275330
1321152429614755840
1321152479854284801
1321152494840414208
1321152555448229898
1321152745085276169
1321152819571769348
1321152987218268163
1321153007887605763
1321153038170685440
1321153235177086977
1321153376789430280
1321153380350263296
1321153516577148931
1321153557995884545
1321154169076621313
1321154224995082240
1321154257719074816
1321154280389251077
1321154321883500544
1321154463785078784
1321154542818480130
1321154590188859393
1321154607243055104
1321154660825100289
1321154690277625857
1321154828869877760
1321154879113601024
1321154942720245765
1321155189659893760
1321155210362933250
1321155298430722050
1321155307578470408
1321155333625159688
1321155399597383681
1321155520733040642
1321155667076489221
1321155802430873602
1321156045377589251
1321156080005713921
1321156104198369280
1321156224260464645
1321156552577982475
1321156938592378880
1321156964496363523
1321157140149534722
1321157185792073728
1321157332655607811
1321157354373611521
1321157437425094657
1321157475006107660
1321157534351118336
1321157555838738434
1321157563791015937
1321157668229304323
1321157743798030337
1321157790094761984
1321157877839679490
1321157907887591425
1321158084232957954
1321158100670390274
1321158109759504390
1321158117812400128
1321158193440063489
1321158276738916353
1321158368443146243
1321158420309958656
1321158440618786819
1321158486835793921
1321158528300650496
1321158641152487424
1321158784094535682
1321158788158640128
1321159002231730178
1321159069483311105
1321159236991275012
1321159266078658560
1321159346038972416
1321159346500370432
1321159405241552898
1321159430713597956
1321159464075071492
1321159556152455169
1321159610250809349
1321159627329933316
1321159652873281538
1321159983971618816
1321160212758351872
1321160256219684865
1321160260300595201
1321160373597282304
1321160411836796930
1321160504446996482
1321160546381524992
1321160604086865922
1321160654452068358
1321160805497393152
1321160839030865920
1321160901756620801
1321160998695260160
1321161283849302016
1321161308985851911
1321161544277716992
1321161686963933184
1321162034512318470
1321162038798880768
1321162102485245954
1321162199306588166
1321162366789308419
1321162408384053248
1321162479569809408
1321162622163656704
1321162710080540675
1321162756083666944
1321162760672157697
1321162919636312064
1321162995267821568
1321163104139595777
1321163120614776832
1321163150645960704
1321163221894660096
1321163234783670272
1321163285459202050
1321163339674783745
1321163364979122177
1321163435271286784
1321163493874167808
1321163523938947073
1321163582206259203
1321163595971993602
1321163641270325255
1321163746207817728
1321163770782191618
1321163851153481729
1321164040056557577
1321164148466700289
1321164177952702469
1321164216582033410
1321164303605649410
1321164304633237504
1321164350128713729
1321164442206269440
1321164530580422658
1321164677393444864
1321134704691695620
1321134746337005572
1321134790074982401
1321134855875403778
1321134885860483074
1321134994920771584
1321135128320577538
1321135375524499457
1321135393111117826
1321135479337611266
1321135551982940160
1321135622095077376
1321136454462894080
1321136548205776900
1321136617118117890
1321136688861712385
1321136776660930561
1321136843753046016
1321136881296429061
1321136974099566594
1321137652935106561
1321137711722438657
1321137851220717574
1321137912826777600
1321138051503063043
1321138181820030981
1321138257107759105
1321138426960318464
1321138509139369987
1321138534179241984
1321138570221015041
1321138613262995458
1321138614105894913
1321138642849386496
1321138647282950145
1321138701964136453
1321138746826366979
1321138915940642821
1321139058458959876
1321139120459206659
1321139327284510724
1321139334880366593
1321139382045282304
1321139398147264512
1321139574626832386
1321139599561940997
1321139607484809218
1321139833876680706
1321139872552239107
1321140077955862528
1321140132108402689
1321140157546942466
1321140266695299081
1321140291781431296
1321140307921113090
1321140362279297025
1321140639246045186
1321140656790593539
1321140735870148610
1321140846956142592
1321140857962192904
1321140904120537091
1321141004515209218
1321141100971757570
1321141373433569281
1321141411832426499
1321141419885662209
1321141528492793856
1321141587544543238
1321141654879793154
1321141670331752455
1321141927132172288
1321141927501246469
1321142069847609345
1321142111622909953
1321142510341804032
1321142631745740801
1321142716244385794
1321142782912655360
1321142824491012101
1321142854098538496
1321142904975310848
1321142916912455680
1321142980485414913
1321143026107011072
1321143072453992453
1321143097925996545
1321143139952955392
1321143245464834056
1321143336246349825
1321143371688280066
1321143462217932801
1321143471080644610
1321143584339484673
1321143596473479168
1321143596985311232
1321143642753359875
1321143659174236162
1321143663611752448
1321143671782285312
1321143705814863877
1321143797921632259
1321143865869565955
1321144155586785280
1321144217314512897
1321144301678678016
1321144461850624002
1321144523980853249
1321144812683304960
1321144819377414144
1321144896900812803
1321144967964753920
1321144968631627776
1321145073111740416
1321145115444940804
1321145165470453767
1321145215743348740
1321145240372146176
1321145383687475200
1321145391883132930
1321145505208958978
1321145538222432257
1321145539409309696
1321145622695739395
1321145669038604289
1321145735547555840
1321145756833763330
1321145777880748036
1321145807089864708
1321145815335899142
1321145851541008384
1321145874173448193
1321146004767346690
1321146049856233474
1321146096509423620
1321146155317735425
1321146213702520835
1321146277330038787
1321146283399303169
1321146297940766721
1321146347966341120
1321146464798736391
1321146493449969664
1321146549460738048
1321146570482552833
1321146589872705541
1321146603483312128
1321146645858283520
1321146754994216961
1321146902092697600
1321146910627917824
1321147019566718978
1321147270604197889
1321147371829534726
1321147379354116098
1321147468961222659
1321147489114902536
1321147514137968640
1321147552511758339
1321147720166494210
1321147732510318592
1321147815582593025
1321147929164419080
1321147932012388354
1321147966950830080
1321148059292626945
1321148470628126722
1321148554673483777
1321148604334153731
1321148876921966595
1321148910614704129
1321148949454114818
1321148978067636224
1321149082426085377
1321149108032159744
1321149164898734081
1321149233479720960
1321149237808287750
1321149254992351232
1321149334629605376
1321149452204167168
1321149480847233028
1321149506759598084
1321164752907689984
1321164799007309831
1321165197575397383
1321165349614567424
1321165470251307010
1321165470330998787
1321165478002335744
1321165570599981057
1321165671154278403
1321165830286028800
1321165862745772032
1321165872153542658
1321165975954345996
1321166140824035328
1321166183492702209
1321166312496898048
1321166328829530115
1321166362895650816
1321166887405846528
1321166976530534401
1321167035670417411
1321167089575419904
1321167122253385734
1321167160081743873
1321167176653365248
1321167219133468674
1321167248019591171
1321167482812551171
1321167495449948161
1321167558922391554
1321167727369871362
1321167777554640898
1321167810979123201
1321167814707847182
1321167858676633601
1321167864951394306
1321167894110216192
1321167897293672451
1321167907154501639
1321167923977871361
1321167966466134016
1321167990478512129
1321168033335939077
1321168153955782656
1321168440166502400
1321168448425283585
1321168578469679104
1321168715891748865
1321168762775756800
1321168842291318787
1321168938978451457
1321169031085391873
1321169283007746049
1321169508715945986
1321169509013688320
1321169559706099713
1321169777876979713
1321169782335569924
1321169874014638081
1321169905555787776
1321170012648988677
1321170234888187904
1321170351624171520
1321170663328124940
1321170688972099597
1321170783528493058
1321170796379807760
1321171002357772288
1321171111976095745
1321171116266823682
1321171129038479368
1321171174584389639
1321171186777284608
1321171400468692993
1321171425630322688
1321171430126592001
1321171559671865345
1321171601774301185
1321171732548460551
1321171858549559296
1321171874638954497
1321172000606429191
1321172016972652545
1321172059473481728
1321172125852536832
1321172142646530049
1321172222938107905
1321172372783681536
1321172432762318852
1321172553981833216
1321172566438981634
1321172596507987969
1321172881439600642
1321172961349398531
1321173094778703876
1321173262919979011
1321173359888076801
1321173384835682305
1321173531091230721
1321173636858945543
1321173745432576001
1321173757495513088
1321174042632613895
1321174043244941312
1321174097896886273
1321174115374563330
1321174173637627904
1321174193929551872
1321174366432993281
1321174512302465031
1321174621832577031
1321174692892450824
1321174883892645888
1321174916478259200
1321174929572724736
1321175011764428802
1321175103829241856
1321175263279984648
1321175321970761728
1321175326509051904
1321175348114018305
1321175431215763456
1321175591173812224
1321175733662814208
1321175771071811592
1321175871479255041
1321175884439691265
1321175968476790791
1321175984905818112
1321175987615354882
1321176047937671168
1321176064522158081
1321176138111197199
1321176431108542464
1321176521776660480
1321176593528770560
1321176597244735489
1321176603985125380
1321176685547499522
1321176975386398720
1321177016507506690
1321177069888393217
1321177205658001409
1321177279867752448
1321177293448990733
1321177352253132802
1321177373660844034
1321177625088413699
1321177633858691072
1321177775785578499
1321177793598681088
1321177830877761538
1321177842768633863
1321177872481067010
1321177881272184833
1321178010997850112
1321178030648266754
1321178051800113154
1321178056644562945
1321178124273414145
1321178308625588224
1321178321707819013
1321178547537563650
1321178564776108040
1321178619566317571
1321178664801894404
1321178715288674312
1321178715888431106
1321178753008107535
1321178833668587523
1321178917227556864
1321178929420472322
1321178977743130629
1321179034852696069
1321179189752569857
1321179394811916288
1321179630049595393
1321179693018742791
1321179784995577856
1321179818927509504
1321225205935554561
1321225272939540480
1321225322856091650
1321225339142656003
1321225414975639554
1321225511847284745
1321225537143136257
1321225846976204800
1321226166376796161
1321226194881187843
1321226254369083394
1321226291690000390
1321226837469659136
1321226887067303938
1321226937596059652
1321226967895556096
1321227047738494983
1321227048535363587
1321227097109680132
1321227117942599681
1321227134254407681
1321227539096981504
1321227793271791617
1321227876830793730
1321227902084632577
1321227911706386436
1321227956849704963
1321227986029273089
1321228074118049792
1321228300384043011
1321228321724706817
1321228456324173829
1321228493619744768
1321228569289367552
1321228665787617282
1321228707487490049
1321228715720925184
1321228824617635841
1321228917576007680
1321229202545324037
1321229246279438344
1321229445651419142
1321229454484668418
1321229525607436289
1321229655815454728
1321229667647500293
1321229743828701192
1321229772664541186
1321229797687758850
1321229840880644107
1321229915799363584
1321230314375651328
1321230347628138511
1321230435704254464
1321230511327580167
1321230682866200578
1321230687563849728
1321230742240792576
1321230745986338826
1321231052053118979
1321231177961869312
1321231237030301702
1321231287181479937
1321231424473579521
1321231521492180995
1321231559358373891
1321231672608579584
1321231714358874123
1321231726987808768
1321231728984379392
1321231857451737089
1321232050607869953
1321232117234388998
1321232120094674944
1321232147311722500
1321232171550560258
1321232218396807168
1321232499482255360
1321232523960135681
1321232607678398471
1321232645490028545
1321232821780844545
1321232906828673026
1321232956002893825
1321232981709770753
1321232941821820928
1321233236324876288
1321233316960477184
1321233382785822720
1321233398627749888
1321233413899227137
1321233555826114561
1321233598616424448
1321233602890264576
1321233769660063753
1321233792854597633
1321233945988526147
1321233996219588609
1321234100691283971
1321234264717815809
1321234403058765826
1321234445064642560
1321234470024794114
1321234533522526208
1321234583455580162
1321234637960740864
1321234713911173129
1321234779283607554
1321234960997601282
1321234990798163971
1321235069894156289
1321235129260412928
1321235343140597764
1321235414317936641
1321235430986006529
1321235603049058305
1321235682233233408
1321235744384495618
1321235767939813380
1321235795991298049
1321235880409886723
1321235917877792768
1321235996986531841
1321236047397728256
1321236131233603591
1321236211709681664
1321236333063479296
1321236414428860416
1321236416613896192
1321236471408459780
1321236512520941569
1321236606087475200
1321236678267314176
1321236932425297922
1321236974343213063
1321237066441777152
1321237079423176709
1321237112637669378
1321237125925228546
1321237146250977285
1321237167407046656
1321237226764816384
1321237573855969287
1321237607951597568
1321237641254391811
1321237654306959362
1321237704785481728
1321237733235372036
1321237742202671105
1321238034122235905
1321238056179920896
1321238086202888192
1321238306982666246
1321238627918082048
1321238798550867968
1321238803839918086
1321239023688380417
1321239029912928257
1321239143201099778
1321239347987914754
1321239520214503427
1321239567555612676
1321239627882254336
1321239659335290885
1321239662791458818
1321239780982689792
1321240112231899136
1321240149221613569
1321240199691730944
1321240228946796548
1320938295795372033
1320938459947741184
1320938466981498880
1320938474451750912
1320938781629911042
1320938805466116096
1320938865260064768
1320938910021754881
1320938910235660288
1320938924378869761
1320939003642720258
1320939041391562753
1320939050015084544
1320939284015140865
1320939448100671491
1320939460842921985
1320939669857730560
1320939731060813825
1320939917086699520
1320939932106379265
1320940029645148162
1320940340589674497
1320940424555597825
1320940560543215619
1320940992053170176
1320940995412955137
1320941129223802880
1320941250149830657
1320941271477899265
1320941449605689345
1320941460334718976
1320941514776813568
1320941742728904704
1320941809170862080
1320941879647588352
1320941963672170501
1320941989274230787
1320942073332199425
1320942094936985600
1320942174502965248
1320942252718370816
1320942290836271105
1320942324579401728
1320942434382237696
1320942567790292994
1320942567882719232
1320942640284659713
1320942682689028096
1320942770228396033
1320942815849943040
1320942828952948738
1320942954035499013
1320942959060230144
1320942978936913920
1320943046201020416
1320943071069044736
1320943103780425730
1320943144146489349
1320943222043103233
1320943232021245953
1320943322236547073
1320943416184897536
1320943440440512512
1320943507536814080
1320943750567415808
1320943796767596550
1320943864715378689
1320943948114718721
1320944002988986370
1320944099566985217
1320944208711020545
1320944225865863174
1320944254169088001
1320944300000223232
1320944333491720192
1320944439897006081
1320944440945594369
1320944612085616641
1320944623972438017
1320944816331640838
1320944829166161920
1320944990286204933
1320945010578198533
1320945358269132800
1320945516880904193
1320945518101647360
1320945559398535168
1320945727850295296
1320945773979275264
1320945865457127428
1320946007123791872
1320946044838948864
1320946058340360193
1320946153978949632
1320946313240977409
1320946459794149378
1320946678023663616
1320946692137623552
1320946763210129409
1320946841752608770
1320946862766129152
1320946875936243713
1320946982622425088
1320947047298719745
1320947110527848448
1320947161731878912
1320947185865863169
1320947324713979905
1320947350236520448
1320947502074466304
1320947529551405056
1320947722547982336
1320947823618248704
1320947958179717121
1320947980619390976
1320948031064330241
1320948269502078976
1320948467196375040
1320948586033524738
1320948847607222272
1320949056227680256
1320949083830247427
1320949454615269376
1320949472621375488
1320949764947492864
1320949913644109826
1320950174026473473
1320950311553519616
1320950345376387072
1320950411411529728
1320950457926361088
1320950508656447488
1320950530785472512
1320950702395559936
1320950727074828290
1320950828082122753
1320950838613991424
1320950860206190592
1320950923594625024
1320950957283385344
1320951242177318913
1320951315619549186
1320951365800202241
1320951670377992194
1320951769896202240
1320951792067293184
1320951935453827072
1320952156359446528
1320952278627635200
1320952404058066950
1320952432634007553
1320952488145625091
1320952562607161345
1320952851808448514
1320952878295638017
1320952941541404672
1320952983908052992
1320952986328326144
1320953157392965633
1320953225671892992
1320953238259142657
1320953281519194112
1320953289563795457
1320953314259865601
1321195078023548930
1321195253966266370
1321195383381463047
1321195396656472065
1321195740685688832
1321195772680044545
1321195807324983298
1321195924840980486
1321196235378905094
1321196247877742592
1321196255972872194
1321196331352772608
1321196415666667520
1321196591655587840
1321196599767433220
1321196668797276164
1321196750837739520
1321196818458398720
1321196988482899969
1321197090635173892
1321197142321647617
1321197200479789057
1321197231685468160
1321197346298994688
1321197367341690883
1321197426129227782
1321197472815976452
1321197476699922432
1321197787430748162
1321197800374308865
1321197833723252739
1321197841381871617
1321197895920410627
1321197984193929216
1321198248133091330
1321198294849277955
1321198316013707266
1321198333516500993
1321198390739423233
1321198424721629186
1321198471605637121
1321198588714733571
1321198630792036359
1321198676224602112
1321198772488183814
1321198810660540416
1321199074826215433
1321199402481045507
1321199557179367425
1321199620438065153
1321199690801532928
1321199737513586688
1321199775325323266
1321199876038889474
1321199989322895360
1321200173364711427
1321200178402152450
1321200199134576644
1321200245422784513
1321200433990410242
1321200455888887809
1321200794784403460
1321200824224198661
1321200878313902080
1321200949596024832
1321201008773648386
1321201172020158470
1321201406754344962
1321201422994677762
1321201973056671745
1321202052878356480
1321202379539308548
1321202399034261506
1321202538591510528
1321202812206960652
1321202840921100288
1321202895744884738
1321203047092101122
1321203324918681601
1321203420766916610
1321203558218301440
1321203961051885578
1321204053993377793
1321204086994329600
1321204087120142338
1321204183773663238
1321204434962161666
1321204506336456704
1321204573646680064
1321204623563259905
1321204640248143874
1321204695738830855
1321204977205977092
1321205005211201536
1321205064472711168
1321205208710553602
1321205390835593220
1321205426407546882
1321205685078601731
1321205827974279168
1321205882030534658
1321206091984871425
1321206095705182211
1321206109034717184
1321206229671108608
1321206401704861698
1321206406402506757
1321206548685852678
1321206784279937026
1321206889934249985
1321206909593112581
1321206934582792192
1321206972687863809
1321207015000154113
1321207224748879877
1321207664832073729
1321207756578312202
1321207815483068423
1321207892138205185
1321207992348479488
1321208155636838402
1321208188553887744
1321208294237630465
1321208469815324672
1321208541349322752
1321208734668836864
1321208784673480714
1321208793452236801
1321208923181993989
1321209040286797824
1321209128619020290
1321209141256429571
1321209161728798726
1321209262308249602
1321209266645196805
1321209334123143171
1321209426519490562
1321209475357880321
1321209652567252993
1321209799627972609
1321209843714301953
1321210025885487105
1321210059771289602
1321210092939890692
1321210173336203265
1321210180726521856
1321210390949228544
1321210643077320711
1321210726178975744
1321210760043745281
1321210944962334720
1321210957767626760
1321211028433195011
1321211104610177030
1321211192786841603
1321211523251892224
1321211618466893825
1321211644601532416
1321211661450170369
1321211741259313152
1321211745491324929
1321211880627601408
1321211955445719040
1321212027801665537
1321212248899997696
1321212332748492800
1321212525929705474
1321212845191766016
1321212882869256192
1321213008090222594
1321213025001459712
1321213058170179585
1321213125572644865
1321213138344177666
1321213159013691393
1321213179947614208
1321213328140705792
1321213419047927808
1321213452761899017
1321213520025767939
1321213586958671878
1321213658614140928
1321213671209664514
1321213821810364422
1321213849442242560
1321214060378116104
1321214404290093059
1321214526658727937
1321214699753656327
1321214794901397509
1321214803642372096
1321215256266338304
1321215302831640576
1321215424038686720
1321215608738979848
1321215721825804289
1321215805460078593
1321216036427935747
1321216048885092354
1321216275272527873
1321216296114024449
1321216304829923329
1321216380851671040
1321216455459954688
1321216526947667969
1321216527174148103
1321216556219523073
1321216607268433921
1321216674092208128
1321216766694051843
1321216792170299399
1321216820867698697
1321216879122354177
1321216892804255749
1321216938333425668
1321216959564963840
1321216992880267270
1321217210682060801
1321217282052444161
1321217303963443201
1321217424465821700
1321217437149196288
1321217505097109508
1321217621602324482
1321217634638188545
1321217646902333441
1321217697938608133
1321217735670468608
1321217936435122177
1321217958920802309
1321217981771296768
1321218050054594560
1321218121529700354
1321218150822805505
1321218301221957633
1321218355739635712
1321218427248353283
1321218510815637504
1321218565555556352
1321218888412049409
1321218932192280579
1321219072818905088
1321219188158062593
1321219240117047296
1321219450259922945
1321219681236254725
1321219693554724865
1321219727109152768
1321219819312685056
1321219867085836288
1321220025022337025
1321220151300161536
1321220340715061252
1321220405210812417
1321220494901858304
1321220742973923330
1321220877099388932
1321220981613101058
1321221102383910914
1321221203772772355
1321221237255901185
1321221241274015747
1321221274996269061
1321221363449929731
1321221581318868999
1321221698750996483
1321221732561276928
1321221752886841346
1321221753885130752
1321221883589656576
1321221908814131200
1321221954859376648
1321221987902066689
1321222336054513664
1321222386797203456
1321222458431733762
1321222580091670532
1321222621745348610
1321222642133852168
1321222642985275392
1321222797360652288
1321222864909955072
1321223179629711361
1321223180388761600
1321223267542208514
1321223413705416706
1321223418981707776
1321223713103224833
1321223813045039106
1321223879889768454
1321223929839628292
1321223999016161280
1321224026249924619
1321224052518785025
1321224148518117377
1321224160501059584
1321224219296997380
1321224299160637440
1321224634466029568
1321224685019910147
1321224701549727752
1321224760504782848
1321224810907815937
1321224865332998145
1321224987554922496
1321224995624898561
1321225016172826627
1321225020618772484
1321225054986928129
1320953499895681025
1320953594280091648
1320953683518103552
1320953902364327937
1320953905849733120
1320954006215118849
1320954153020071936
1320954200369475584
1320954208540123137
1320954392627933185
1320954434327736320
1320954487738142721
1320954586975227904
1320954647348006914
1320954859114422274
1320954915888472066
1320954946544672769
1320955042162245639
1320955052207468544
1320955063813156864
1320955107303968773
1320955364360110081
1320955670653476865
1320955701813006337
1320955745312120832
1320955890783162368
1320956081841917952
1320956355126169600
1320956409274454020
1320956573250797568
1320956833729839108
1320956911962017793
1320956918882570246
1320956936502812672
1320957045030400000
1320957153054760960
1320957157169229825
1320957416683560961
1320957613291569158
1320957671806259200
1320957787359367170
1320957818371854336
1320957844708118532
1320957887737331714
1320957999058305025
1320958105136570369
1320958198040416256
1320958238616072193
1320958373836279808
1320958679907119105
1320958944278310912
1320958993301413892
1320959140043214848
1320959216107032576
1320959543921311746
1320959605598416896
1320959745801523202
1320959868338135040
1320959981072621568
1320959990753087488
1320960026513727489
1320960206180880386
1320960256084619264
1320960258240663554
1320960364188737539
1320960406693658624
1320960537434476549
1320960583756201985
1320960616228478977
1320960630434783232
1320960651137675264
1320960714710941696
1320960731047747584
1320960747908706305
1320961200822341633
1320961354220605441
1320961517316198401
1320961565483536385
1320961690159116288
1320961803011108864
1320961857746735104
1320962230414938112
1320962297418805248
1320962455225257985
1320962746830049281
1320962925071392768
1320962943652110339
1320962978049568768
1320962991848853504
1320963161470734337
1320963168085094402
1320963445639024641
1320963605970382849
1320963683481210881
1320963812653178880
1320963816465858561
1320963993733910528
1320964136705183745
1320964195563663361
1320964434672562178
1320964445179293700
1320964531678490624
1320964640138932225
1320964839909543937
1320964908301701121
1320964959749062656
1320965077223108608
1320965401761714176
1320965454395920387
1320965463262769152
1320965475497639936
1320965478806818816
1320965537124347905
1320965634813952000
1320965659308756992
1320965729697583104
1320965937034633217
1320965945188204545
1320965947960619008
1320966023642861568
1320966128609312769
1320966133189664769
1320966152743337984
1320966194795524097
1320966210721296385
1320966244439261184
1320966245781569536
1320966386982789120
1320966393056104448
1320966444767588352
1320966560748498944
1320967276145774593
1320967429112123392
1320967572632862721
1320967822017613824
1320967841923870720
1320968078331707392
1320968300768223234
1320968387275726848
1321028885711118336
1321028899736670211
1321028996319117312
1321029126581489666
1321029182877540352
1321029248677605376
1321029471164633088
1321029597601931264
1321029681857155074
1321029768050073601
1321029800077742080
1321029804846579713
1321029832017383431
1321029865521483777
1321030164348915712
1321030359392440320
1321030496164466688
1321030518775963649
1321030547741835264
1321030643149606913
1321030703614619649
1321031010210009088
1321031340154904576
1321031564701147136
1321031728388055041
1321031912790446080
1321031913780510726
1321031984400007169
1321032122749112320
1321032130600853509
1321032191208419329
1321032227023708160
1321032279830024192
1321032341565902850
1321032415947665408
1321032416656576514
1321032476555268096
1321032493492064259
1321032598156697600
1321032631576895489
1321032954194366465
1321033090932871169
1321033120833957890
1321033399008665603
1321033445603184641
1321033608593920000
1321033674670759936
1321033799023689728
1321034097356099585
1321034122966503425
1321034175911206912
1321034286435340291
1321034351618912258
1321034591516332032
1321034848736333825
1321034936338427906
1321034943263346688
1321034943988961280
1321034963358277632
1321035372126736387
1321035406557626368
1321035544139309056
1321035577236557826
1321035591526604802
1321035647935827969
1321035791112556544
1321035933857292288
1321036088488542208
1321036132839264258
1321036185649750017
1321036189269479426
1321036320500834306
1321036346601971712
1321036399441707009
1321036455905533952
1321036611895918594
1321036705001033730
1321036912447160327
1321037009700360195
1321037036250374144
1321037058027278336
1321037219600257027
1321037238583627782
1321037352463204353
1321037397354827779
1321037677404323841
1321037783696347137
1321037809168207872
1321037892479864832
1321038018552233986
1321038127247609856
1321038206733848576
1321038269262475265
1321038354176188417
1321038429052948481
1321038467229487107
1321038495234904065
1321038667486580736
1321038794624102400
1321038867533910017
1321038995216830465
1321039456384630785
1321039475842158592
1321039548089028608
1321039566007005184
1321039585338642432
1321040071135473664
1321040161506009089
1321040284306886659
1321040489668292608
1321040580328058881
1321040617737248770
1321040719155519489
1321041012282724352
1321041068641628160
1321041114351177728
1321041185708924929
1321041201525628929
1321041409286283264
1321041442890985473
1321041584897486848
1321041688199155712
1321041698718441472
1321041773221826560
1321041957272039425
1321042262537637890
1321042368510869505
1321042405106352128
1321042530729926656
1321042534278303747
1321042539441369089
1321042566901571584
1321042570563256353
1321042582466633728
1321042605782622208
1321042919239880705
1321042981516791808
1321043063804956672
1321043075007823877
1321043199994060800
1321043431079239680
1321043491959508992
1321043650625851393
1321043706477223936
1321043774110314496
1321043941358215168
1320968455655354368
1320968667715276800
1320968703123439618
1320968720253071360
1320968793112350721
1320968817623945216
1320968818085122053
1320968933671882757
1320969164073254912
1320969244465598466
1320969304796471297
1320969311188668416
1320969860340469760
1320969911246725120
1320970042259943425
1320970406023475200
1320970481210544129
1320970650979307520
1320970877584830464
1320971002126487552
1320971384768483328
1320971414078275585
1320971477215289346
1320971503865892864
1320971526217191424
1320971565446512640
1320971569439657991
1320971590297919489
1320971787962777600
1320971833223507969
1320971869529481222
1320971965939683328
1320972104037244929
1320972182873399297
1320972317791498240
1320972372539809792
1320972519831183360
1320972597652316161
1320972794637799425
1320972877315903489
1320972922484363264
1320973079460384768
1320973157499498496
1320973276097728513
1320973278429827072
1320973452971438081
1320973470159785984
1320973524278804486
1320973593585410048
1320973731599101952
1320973898687475713
1320974010080022528
1320974016631443457
1320974051892883458
1320974307720335360
1320974394810744833
1320974439492677632
1320974555914129409
1320974583269212160
1320974643134636032
1320974673073606657
1320975043199860738
1320975055661064193
1320975362839482368
1320975654620332032
1320975782752079872
1320975830042902528
1320975879087017985
1320975918622388228
1320975936427360256
1320976126739701760
1320976148373778433
1320976179034247168
1320976211447697409
1320976236823351297
1320976255223767047
1320976611836047360
1320976792212152322
1320976830837342208
1320976916132831233
1320977000815841280
1320977005505118208
1320977013209968640
1320977186988457984
1320977403850551299
1320977489422962689
1320977506636165120
1320977565469716480
1320977607509250048
1320977874455875585
1320978153460957185
1320978370285494273
1320978558601158657
1320978638360068097
1320978690587693056
1320978796808343555
1320978814562930691
1320978912118075393
1320978945651728384
1320978970108547072
1320979454336917504
1320979629591638016
1320979704392814592
1320979988552712193
1320980074301108224
1320980187388018688
1320980216387391489
1320980235651674113
1320980275812155392
1320980355088818177
1320980522399637504
1320980542205157376
1320980599532744704
1320980607829237767
1320980637940097025
1320980686665404416
1320980751597342721
1320980757444136961
1320980975132827649
1320981052857425920
1320981089008128000
1320981157702369280
1320981190644477952
1320981366381678594
1320981420437839872
1320981613317132288
1320981993610342400
1320982039693348864
1320982206068756481
1320982512089247744
1320982571409379328
1320982609892167684
1320982634969796613
1320982701931986946
1320982873495662593
1320983135924834304
1320983207836340224
1320983334613327872
1320983409515130880
1320983802630574080
1320983880774635520
1320983894183841792
1320984114233778176
1320984296077717504
1320984378168758272
1320984465976406016
1320984553796718592
1320984828708376576
1320984869011214336
1320984986086879232
1320985050478006272
1320985163644440576
1320985451767820288
1320985547486187521
1320985565311963137
1320985579891298306
1320985597444562944
1320985631959506944
1320986207946448896
1320986224018993153
1320986303442239490
1320986430454202369
1320986791957020672
1320986939361759233
1320986955979501569
1320987151668969472
1320987272641216513
1320987338680397825
1320987427599577088
1320987494574243840
1320987552174743552
1320987581534842881
1320987621800202240
1320987849181728768
1320987981499363329
1320988000709267457
1320988280373059584
1320988457863389186
1320988479929651201
1320988632619094016
1320988734926606336
1320989037377818624
1320989045011472384
1320989279842086913
1320989839546896385
1320989848828891136
1320990134259589120
1320990722225545219
1320990748398047232
1320990864571691013
1320990900726697990
1320991279027646464
1320991559844704257
1320991716074229760
1320991802632130560
1320991847641161728
1320991859456593922
1320991869543829504
1320992052537184257
1320992111924109312
1320992630394757122
1320992784967499777
1320992836481736704
1320992921223680003
1320992962508169221
1320992975657250816
1320993072075972608
1320993096851750912
1320993288778928133
1320993405443461121
1320993451207467008
1320993959603261440
1320994289845891072
1320994461166505984
1320994468636422144
1320994470134009857
1320994516728451073
1320994543119011840
1320994570054832128
1320994637255827456
1320994644004515841
1320994669224886272
1320994684592771072
1320994879451770880
1320995060725522433
1320995231102357504
1320995260454080512
1320995413382598657
1320996381914505217
1320996519294763008
1320996728691216384
1320996896467550214
1320996938968432640
1320996962632495104
1320997100117778432
1320997161840988160
1320997413897736192
1320997867943677953
1320997906300678144
1320998020767485952
1320998173372870661
1320998231963303936
1320998280332017664
1320998351106674688
1320998515980587008
1321013815929044992
1321013856920109057
1321013916126699525
1321013937580769280
1321014286035111936
1321014561236017152
1321014563228307460
1321014684783386638
1321014956435931136
1321015222132445194
1321015252255969280
1321015695707009024
1321015847876526082
1321015862581776385
1321015891123937282
1321016012842528768
1321016073378934784
1321016187690635267
1321016403911200774
1321016486249533440
1321016688071090177
1321016900432912385
1321016927515561989
1321016960688263169
1321017042238083073
1321017119245553664
1321017303631212545
1321017524302106625
1321017588583976960
1321017607219073030
1321017908630376448
1321017976041123840
1321018118739615744
1321018296037076993
1321018368657289217
1321018535741718529
1321019369728712704
1321019570044456961
1321019860780867584
1321019881085673473
1321020000086462465
1321020327300894727
1321020686555643904
1321020790381400064
1321020947533615104
1321021195979005955
1321021198935969792
1321021342884515840
1321021460283117568
1321021461285449728
1321021557196627969
1321021573177004032
1321021632484417536
1321021733072228354
1321021989629399042
1321022130029547520
1321022352591732736
1321022431868407814
1321022433235795969
1321022484242681856
1321022921335332865
1321023326366715907
1321023362148167680
1321023504435847168
1321023603878625280
1321023735768453126
1321023841792151553
1321024054187479045
1321024288158294016
1321024388205027328
1321024543239086085
1321024597286920193
1321024643466231808
1321024649250197505
1321024740748910592
1321024913340276736
1321025001630375936
1321025032034881537
1321025244879007745
1321025299300126720
1321025441784832007
1321025570117922816
1321025667950149635
1321025778906091521
1321025790436364288
1321025936708481024
1321026046007906304
1321026205022302208
1321026370206601217
1321026671122747393
1321026846331457537
1321026865612505092
1321027010790068224
1321027019073855489
1321027230747811840
1321027590874779648
1321027704980938753
1321027772421009408
1321027781308878848
1321028064172716032
1321028128215629825
1321028416091656192
1321028538913427456
1321028577459081216
1321028662897102851
1321028767213563905
1321028815192207360
1321028837250109441
1320998743454425089
1320998807727869952
1320998849226354689
1320998852044881920
1320999053602312193
1320999305445019649
1320999309173755904
1320999419936911360
1320999568012677127
1320999851077881856
1320999959353806848
1321000141860466689
1321000313453727744
1321000709316370434
1321000802647969793
1321001355490824192
1321001420959686657
1321001522180673536
1321001615839563776
1321001656780263424
1321001806617579521
1321001819653419008
1321002095428784130
1321002200563355648
1321002363449200640
1321002391395684352
1321002443061239809
1321002507775188992
1321002530780839936
1321003144227233792
1321003438709317632
1321003511073693696
1321003814523080704
1321003908911816704
1321003918428643328
1321004103951126528
1321004227095891970
1321004369349877760
1321004550850023424
1321004591677362176
1321004624560574466
1321004861090074624
1321004894971514880
1321005090296254466
1321005106628841472
1321005411256905728
1321005461953544192
1321005677200973826
1321005796331835393
1321005919916986368
1321005921204654086
1321006229326540802
1321006372243333122
1321006443097542656
1321006655828598789
1321006820798902272
1321006862616141826
1321006885449945094
1321007098566643714
1321007156641042432
1321007320504127493
1321007712302473217
1321008008701399041
1321008412658982913
1321008908408901632
1321008916625526785
1321008982866219009
1321009115922137088
1321009227499003904
1321009832241971202
1321009867189067776
1321009935207911425
1321010153374818307
1321010170508374016
1321010231808319489
1321010263555035138
1321010446766362625
1321010504664567808
1321010559475658752
1321010630795710464
1321010761217515524
1321010796948791298
1321012006565122048
1321012035174440961
1321012121472290819
1321012160894586881
1321012338821091328
1321012339169218565
1321012382739517441
1321012451798757376
1321012491552464898
1321012699355033600
1321012706665779200
1321012718015598592
1321012854938427392
1321013237597589505
1321013497115906053
1321013653248892928