1321587555754790912
1321587559449899009
1321587693726265345
1321587761019846657
1321587815143145473
1321587836253016065
1321588000002723840
1321588012078174208
1321588062955208708
1321588140793016321
1321588188268371968
1321588301850152961
1321588494398038017
1321588503029993472
1321588578854621190
1321588691933057025
1321588834912604160
1321588964432744456
1321588977200234496
1321589053159022592
1321589070464749573
1321589090261835778
1321589111707308033
1321589703020285954
1321589740089597953
1321589744501927937
1321589828962652162
1321589952166154246
1321590071502557191
1321590185407078400
1321590207225958405
1321590222690390017
1321590290076061696
1321590353074466819
1321590519898714113
1321590662899376128
1321590739881631751
1321590801441427459
1321590872668958727
1321590948254633990
1321590952771936256
1321590960569126918
1321591135475675137
1321591195282407425
1321591338354282497
1321591434940715009
1321591439642386432
1321591506759811072
1321591518713532416
1321591519376265216
1321591523784466442
1321591603308515328
1321591670761246721
1321591899472408577
1321591972562259968
1321592013465088000
1321592089327534082
1321592110793977856
1321592173612077056
1321592231552233472
1321592437941313536
1321592458468274177
1321592504823828483
1321592547211268096
1321592727138697216
1321592973977669635
1321593032848904195
1321593087429398528
1321593096807866369
1321593246586445824
1321593263812341760
1321593284482027521
1321593288810323968
1321593314710327296
1321593360617013248
1321593494113148929
1321593574958551040
1321593746631270401
1321593838188728320
1321593880437874689
1321593998113349632
1321594077402583040
1321594090270720000
1321594105726672897
1321594128011067393
1321594324296044547
1321594350426533891
1321594413357944835
1321594413374709763
1321594719110008833
1321594723811864579
1321594782318252033
1321594811695067136
1321594845320851456
1321594848562966528
1321595097360834561
1321595155930062848
1321595273546620928
1321595298221903872
1321595394317602817
1321595533316730881
1321595743019282434
1321595801043374088
1321595882106736640
1321596023270182917
1321596099514257408
1321596008829104129
1321596254699343872
1321596476288462849
1321596501362094088
1321596581569855488
1321596628277563394
1321596715619782656
1321596803884687360
1321596954640568320
1321597113847881730
1321597244441792512
1321597302507798528
1321597444929499147
1321597542300176384
1321597545790001152
1321597596373262337
1321597634298130434
1321597738803343360
1321597747418566656
1321597822924447746
1321597952759123971
1321598074507141126
1321598170590306312
1321598233123106816
1321598252983177216
1321598400547213317
1321598435003375619
1321598451344306176
1321598498605850630
1321598518847590401
1321598548824125440
1321598573520277504
1321598669762736129
1321598687361949701
1321598779947036672
1321598808619245570
1321598938743508992
1321598964341395461
1321599047979929600
1321599227722633221
1321599257661657088
1321599291740332033
1321599303442378752
1321599345104478209
1321599347612672000
1321599412481724416
1321599446732464128
1321599455032975360
1321599551233511424
1321599559110414337
1321599589229633536
1321599624185073665
1321599647970971648
1321599777151344641
1321599811431354370
1321599966238830592
1321600020580216838
1321600062670184450
1321600075252994048
1321600158891728897
1321600214071832576
1321600305885335557
1321600369248657410
1321600385237323777
1321600488962482177
1321600499095920650
1321600553437130752
1321600570428448768
1321600589067882497
1321600650548043781
1321600663017582592
1321601023367122944
1321601052521730050
1321601086210408464
1321601098898198535
1321601124013584386
1321601303823310849
1321601488502882304
1321601496862150657
1321601535453892612
1321601556404441088
1321602033862860802
1321602047272275974
1321602151840276480
1321602226750660610
1321602348834312192
1321602466954301449
1321602541906464768
1321270440837468160
1321270722082254848
1321270764784537604
1321270985639821315
1321271036092903425
1321271129236004866
1321271203856896000
1321271388620103680
1321271405296701440
1321271439014699008
1321271510447886341
1321271573257637890
1321271711325671431
1321271753251917826
1321271925780422656
1321271925864357888
1321271996479660032
1321272043023798274
1321272148141461508
1321272168362233857
1321272332296589318
1321272592729333770
1321272634101911553
1321272793405808640
1321272841246048256
1321272882002100228
1321272902281498624
1321272923655671809
1321272969931444226
1321273028483911682
1321273100441300993
1321273119479398402
1321273163171405824
1321273355597713411
1321273450913271809
1321273792002445312
1321274018109030402
1321274027000954882
1321274127655800833
1321274190645919745
1321274240738512896
1321274312461045761
1321274354039201799
1321274445504327681
1321274584880959488
1321274626320732162
1321274643551031298
1321274815567876096
1321275096368140288
1321275113812185088
1321275117423349761
1321275151472824322
1321275231131045890
1321275401352761346
1321275410861199360
1321275582185762818
1321275641417756673
1321275767515418626
1321275839712022528
1321275854500941824
1321275885090123776
1321275918241902601
1321275938781437952
1321275968896573443
1321276044150665216
1321276053210484736
1321276128057872386
1321276178280402945
1321276265844756480
1321276346119512065
1321276362813046784
1321276459231727616
1321276531117854721
1321276832889643008
1321276858046951425
1321277053166096384
1321277269864632320
1321277344808607745
1321277362848186369
1321277508491317250
1321277533589966850
1321277546328109056
1321277551080312834
1321277579286978560
1321277579425267715
1321277592616472576
1321277643887644679
1321277646416826369
1321277851945951236
1321277864709361664
1321277872716349444
1321278141860462592
1321278271775035394
1321278317945868291
1321278364209074177
1321278522669862913
1321278535705759746
1321278603074699265
1321278620279648258
1321278637895811077
1321278640479350785
1321278816413765634
1321278837402050562
1321278875754704896
1321278938602217472
1321279072337612800
1321279089295110144
1321279177123745792
1321279277988335616
1321279324201324544
1321279718243655681
1321279848149635074
1321280003372449796
1321280348152602625
1321280439470985217
1321280536694968321
1321280557519654913
1321280670157721600
1321280691812839425
1321280800319508482
1321280813351092229
1321280846779830272
1321280981022593024
1321281161423810560
1321281166255771649
1321281354764607490
1321281719606136832
1321281757115609088
1321281794512044035
1321281891371307010
1321282092433506304
1321282231118286848
1321282390233391112
1321282436379103233
1321282480901640198
1321282554226483203
1321282579413245953
1321282700821540865
1321282801749028864
1321282818400542720
1321282852361830400
1321282863912943616
1321282959706595328
1321283195107745792
1321283276028465155
1321283446967357440
1321283480932724736
1321283522573692928
1321283552198230018
1321283649787043844
1321283723694886913
1321283812555370496
1321283849716961289
1321283879186169857
1321283981065752576
1321284105196195845
1321284134883438592
1321284235995553796
1321284357408083970
1321284471547662339
1321284609447874561
1321284861164806144
1321284927959273476
1321284931977416707
1321285003708346370
1321285036763762688
1321285133035577344
1321285284630151168
1321285350153703424
1321285482240565248
1321285632614871042
1321285670627758081
1321285733668278275
1321285783781691392
1321285834243387392
1321285884784922624
1321285930032852992
1321286097687715840
1321286114838220803
1321286391737798656
1321286429494960128
1321286568456245249
1321286622256766981
1321286654351605768
1321286706688131075
1321286778939211780
1321286979183661057
1321287087841288193
1321287139150188549
1321287192254271495
1321287264945790977
1321287276522016769
1321287344507490304
1321287369522368513
1321287372991012871
1321287644010160130
1321287655045373954
1321287708657016835
1321287734204522502
1321287779729494018
1321288655902855171
1321288656368394241
1321288681555152905
1321288920341061633
1321289051882901507
1321289084258656257
1321289093427453955
1321289134477086720
1321289357463080960
1321289378451390470
1321289410848137226
1321289420717305859
1321289991927013378
1321290026664239107
1321290062529777664
1321290103763935234
1321290308991258624
1321290372518215680
1321290548444057601
1321290656938184707
1321290825360384004
1321290926032117761
1321290984840482820
1321291009238716416
1321291010186555393
1321291030331854851
1321291089400238082
1321291178592083971
1321291244631400451
1321291266362060805
1321291408930721793
1321291441407217667
1321291454900219905
1321291663889891329
1321291680407031808
1321291685310173185
1321291819313995776
1321291890898145280
1321291941254991874
1321291999765536770
1321292066039697411
1321292085018976256
1321292452536397833
1321292511936208901
1321292653456203777
1321292658971709440
1321292703146090497
1321293019044339720
1321293127391600642
1321293136715538435
1321293156684541961
1321293199059595268
1321293567852236800
1321293573304786947
1321293581156601859
1321293689721933826
1321293698592837635
1321293719757295616
1321293819678175233
1321293878725660687
1321293939631149058
1321293958585192454
1321293962402029569
1321293975374991360
1321293976499048451
1321294063908364291
1321294147429507073
1321294175946575877
1321294285245992964
1321294335934189570
1321294369731870720
1321294423813181440
1321294930996793346
1321294948902293504
1321294956376502273
1321295095296106498
1321295367758073864
1321295380496134144
1321295593805914119
1321295771011043337
1321295773062045696
1321295837864075268
1321296169654489090
1321296193922736129
1321296274033987586
1321296286671396865
1321296390476234755
1321296513285398528
1321297004010610691
1321297045211222021
1321297075292831749
1321297103956705281
1321297198735364096
1321297230196809728
1321297311918641159
1321297355489107969
1321297431020130304
1321297582640009218
1321297608216858628
1321297619973509123
1321297628181790720
1321297732779315201
1321297733525929986
1321297800769003524
1321297875406589952
1321297879554805760
1321297926283501571
1321298031090847745
1321298072471822338
1321298236527824896
1321298266600984576
1321298373899624453
1321298408511021056
1321298421119127560
1321298425648943105
1321298436961013768
1321298504309002242
1321298571858239490
1321298647234105344
1321298803048198144
1321298857846853638
1321298991334776843
1321299020745244673
1321299201859506180
1321299671541817350
1321299700956450823
1321299906489974784
1321299920238874625
1321300052447498242
1321300060559286273
1321300106927288320
1321300107933962241
1321300108525395968
1321300128322506753
1321300129018765317
1321300214083473413
1321300266210238466
1321300352596135937
1321300362846982149
1321300477208875009
1321300572876775427
1321572446093385731
1321572615052550147
1321572627941642242
1321572695369228288
1321572699173519360
1321572724037328898
1321572761957969921
1321572778303258625
1321572828928307200
1321572863418269696
1321572939964145665
1321572942992470016
1321573030057959424
1321573149524320258
1321573280629903363
1321573504920227841
1321573538671792129
1321573546510802945
1321573647384018946
1321573734705065984
1321573785162665988
1321573865475108865
1321573877332373504
1321574142596898821
1321574217289207817
1321574347497181185
1321574351439876098
1321574426769543169
1321574540628185091
1321574628532215808
1321574762603110403
1321575081215217666
1321575195304292352
1321575287340060673
1321575336946077696
1321575337529135116
1321575421155201027
1321575429778640898
1321575467493765121
1321575530534215682
1321575613983981568
1321575664856813571
1321575676642811909
1321575819874078721
1321576024719691777
1321576100313530369
1321576276927434752
1321576373710843905
1321576377468989440
1321576410818007040
1321576490505523204
1321576587683266560
1321576591345025024
1321576591479066624
1321576897373822976
1321577044187078656
1321577220620587008
1321577304972251136
1321577322961620993
1321577690126786560
1321577699782086657
1321577744061399042
1321577765645242369
1321577769814413323
1321577815834157056
1321577861627731974
1321577988870361088
1321578042456723457
1321578419818291201
1321578453443977216
1321578717576073217
1321578726824550400
1321578767773540357
1321578789529243648
1321578822664359936
1321578854415101952
1321578907108192256
1321579049706283009
1321579091485622272
1321579230002585602
1321579237669801988
1321579242488963074
1321579426388213760
1321579523767373825
1321579585432150018
1321579808749334528
1321579820770336768
1321579858976268293
1321579943147438080
1321579951104139264
1321579955122245632
1321580010071904257
1321580101847420928
1321580109954953218
1321580232629911553
1321580304004313090
1321580316792885256
1321580496627879938
1321580597148491776
1321580626831724552
1321580646905634816
1321580731588661249
1321580751872270336
1321581004436353024
1321581029350584320
1321581075437559808
1321581121025593344
1321581129426702338
1321581359932977152
1321581359962460161
1321581419005661184
1321581505102159872
1321581515638267904
1321581620932055041
1321581729556037633
1321581763433553921
1321581885139701761
1321581926600314880
1321582121962688514
1321582136743227393
1321582178438795264
1321582195232956416
1321582237582651392
1321582275033706497
1321582295900442631
1321582383561400322
1321582421788286979
1321582425919639552
1321582540231041025
1321582790761193475
1321582862353731591
1321582999620694023
1321583213999878145
1321583244161257477
1321583315111931904
1321583323123273735
1321583448667181056
1321583460218249218
1321583483765096448
1321583524802154497
1321583600190607360
1321583638018969604
1321583717647740928
1321583812657164289
1321583915044233216
1321584002331979776
1321584036867985408
1321584095105753088
1321584160625012737
1321584192325562371
1321584380159078401
1321584422244753409
1321584455295868934
1321584686645366784
1321584702814408705
1321584921119354881
1321585055437869056
1321585098186084352
1321585201848504321
1321585214683041792
1321585567872798720
1321585575871172608
1321585596612202497
1321585793513656320
1321585827256754184
1321585831346319361
1321585915056267265
1321585932504604672
1321585940624801797
1321585995855224838
1321586129913540608
1321586162604167172
1321586222033178625
1321586394867900416
1321586482268659712
1321586629727854592
1321586645079130115
1321586770832740352
1321586813266403328
1321586963921702913
1321587010763632641
1321587018586095618
1321587031525478401
1321587241035051008
1321587244554178563
1321587311977598981
1321587378826432512
1321587408673116161
1321557373480325120
1321557498692853760
1321557564765601792
1321557566783135748
1321557855284154368
1321557859742715905
1321557880298897408
1321557880928149505
1321557922476937218
1321557989778771969
1321558002483318790
1321558066895196169
1321558120519376896
1321558177821896704
1321558266476941312
1321558278187397121
1321558291374362628
1321558307824304129
1321558438053380096
1321558467719606272
1321558900131483650
1321558929483202560
1321559016233963525
1321559072135630848
1321559261038727169
1321559281817194496
1321559369138491393
1321559369662767105
1321559486864130048
1321559726589698050
1321559944932564996
1321559985776635905
1321560002776190992
1321560031968456705
1321560049110650881
1321560099584937984
1321560418863570944
1321560466695532549
1321560485314121728
1321560510454661121
1321560611243888640
1321560669423079430
1321560732941586435
1321560842282835968
1321560908406075392
1321560955327811586
1321560980304912388
1321561048047067138
1321561299004870658
1321561608884203525
1321561625690660865
1321561651095785478
1321561655340339200
1321561898807107586
1321562013819195399
1321562058001915906
1321562066503741443
1321562091468300292
1321562091908640771
1321562180030992390
1321562284372697090
1321562376534167553
1321562603429265410
1321562767430541314
1321562780227538947
1321562797591924736
1321562888755126275
1321562971496173570
1321563026932289539
1321563067902160897
1321563170226536450
1321563223716466693
1321563286878539776
1321563396022669312
1321563409150717952
1321564033472962562
1321564259768291329
1321564331717271555
1321564361790353408
1321564453209481216
1321564474202034176
1321564549691133954
1321564679274049536
1321564716813193217
1321564717492498432
1321564755744583680
1321564935743221761
1321564981872218114
1321564998456389632
1321564997898547200
1321565028512894976
1321565065414430723
1321565111392346112
1321565207777419269
1321565211728531458
1321565309027770369
1321565510635606016
1321565581183733762
1321565673445715971
1321565711848869889
1321566027776405512
1321566034554507265
1321566072601010177
1321566097666150401
1321566193438793728
1321566261181063170
1321566361999400960
1321566487266676736
1321566760168992771
1321566940033437696
1321567028268929027
1321567129628512258
1321567179142242306
1321567388802928642
1321567427260342274
1321567669640986635
1321567787563819008
1321567804471054336
1321567900570963970
1321568013565358080
1321568056368336903
1321568072659066881
1321568181597675520
1321568293606486016
1321568362292535296
1321568370865655809
1321568433729794048
1321568447743012868
1321568498183774210
1321568546309070848
1321568593339887625
1321568626584047616
1321568626760142848
1321568710717526016
1321568802186784768
1321568830791929856
1321568932713607174
1321568966045691905
1321569014913650693
1321569259424796674
1321569264046952448
1321569297487917056
1321569470083575809
1321569478094725121
1321569515767885824
1321569533052637184
1321569633602727936
1321569679652114433
1321569729178300416
1321569733251076096
1321569813874020353
1321570040144158726
1321570103222177792
1321570132074897408
1321570274903531520
1321570278577704960
1321570411897905155
1321570429715292162
1321570442285559808
1321570563949842433
1321570604848467969
1321570635915644930
1321570638587453442
1321570698612101122
1321570723224264705
1321570782317703168
1321570828719398917
1321570878904303617
1321570916866826240
1321570934042615808
1321571075239616513
1321571155921182720
1321571190679474177
1321571302902276096
1321571378479484928
1321571395210518531
1321571608499277824
1321571633862115328
1321571640010924037
1321571640640229379
1321571650740097024
1321571739130830852
1321571814280253440
1321571852028911616
1321571893690855424
1321571956903317509
1321572003275485184
1321572099190743042
1321572208691580930
1321572229264543745
1321572246079434752
1321572355831959552
1321240317169983491
1321240328029032448
1321240330528870400
1321240341073203201
1321240367753318406
1321240417946533888
1321240459679813632
1321240514692341761
1321240724294291456
1321240832783970304
1321241042880921600
1321241080323624960
1321241155883782145
1321241174762491905
1321241197785026560
1321241207251623936
1321241462747455489
1321241512865337345
1321241542179332101
1321241570860060672
1321241630872084486
1321241701269213184
1321241706000506882
1321241848061534216
1321241847646375936
1321241898166616065
1321241932882825216
1321241944647938048
1321242029309992960
1321242188173422593
1321242261938647040
1321242272424284162
1321242343635357698
1321242398253600768
1321242414204571650
1321242435226390529
1321242502863663105
1321242502993760256
1321242519724843008
1321242569339142145
1321242645348388869
1321242662494679045
1321242792111333380
1321242818401214464
1321243101353172993
1321243161453350912
1321243164884324353
1321243580107759617
1321243781757169664
1321243815479529472
1321244025324621824
1321244117804945413
1321244205189156864
1321244242988179456
1321244347900284934
1321244423339069440
1321244440409694208
1321244557791662083
1321244641740554242
1321244754689040384
1321244876168724481
1321244902026563586
1321244939930554373
1321244964748095489
1321245081840558080
1321245383859855367
1321245388414791683
1321245429997162499
1321245475983556608
1321245516504748032
1321245520908689408
1321245537761398784
1321245648511852545
1321245923645788166
1321246059352543233
1321246242417106944
1321246325401288704
1321246360893595648
1321246793355587586
1321246844060684289
1321246902059290625
1321246944321171457
1321247074546032651
1321247082561314817
1321247120192487424
1321247279752368128
1321247283695013888
1321247321611554818
1321247385125822464
1321247506081132546
1321247588557950981
1321247666274185216
1321247799992672256
1321247928816717829
1321247964090798089
1321248010005893121
1321248017782099968
1321248391372939264
1321248436994428928
1321248450646859776
1321248454560092161
1321248533836488704
1321248572021657601
1321248583950237697
1321248681279037441
1321248684953145346
1321248747746172931
1321248764158484482
1321248843988635650
1321248877551456259
1321248956706443264
1321249234247503872
1321249358050971650
1321249384982581248
1321249385573982208
1321249502699945987
1321249842585358336
1321249872041906176
1321249934465769473
1321250228511641600
1321250346698616834
1321250568048881665
1321250568145309701
1321250572389941250
1321250862149165056
1321250878360309761
1321250907917488128
1321251054533681152
1321251180480208897
1321251414824374272
1321251415600340992
1321251465910956033
1321252019529809922
1321252853529432064
1321252878816808966
1321252916603346948
1321252925151346689
1321252950719766531
1321252979731816450
1321253034693832704
1321253168810840064
1321253336276873216
1321253407563358208
1321253524643237888
1321253557782278144
1321253625864298497
1321253714380922881
1321253830949015555
1321253936184086528
1321254154661171201
1321254196406935553
1321254266825310210
1321254548426678272
1321254712457519105
1321254737589739520
1321254800126668800
1321254894955880448
1321254930481631234
1321254942401810433
1321255090838122496
1321255303673950210
1321255421387001857
1321255462277386241
1321255582800687105
1321255697820991489
1321255873616883713
1321255940683821056
1321255990524891137
1321255999941074945
1321256026423861250
1321256159160971266
1321256191117283328
1321256297501655040
1321256803301294082
1321256855323238400
1321256956049457152
1321257048512860161
1321257089881280514
1321257116515127296
1321257224606523394
1321257329430614016
1321257345897222144
1321257367355461636
1321257472221466624
1321257543470141442
1321257673342488576
1321257681768927233
1321257798861111297
1321257945498329093
1321257979723874304
1321257996706406400
1321258369890590720
1321258373527076864
1321258382699991041
1321258394607472640
1321258423837691906
1321258491135209472
1321258545405460487
1321258725735321600
1321258801509662720
1321258826788704257
1321258923521814528
1321259206931030018
1321259244713316352
1321259250849599491
1321259416218292224
1321259455481323520
1321259615510794241
1321259673715134464
1321259699090718720
1321259762168848385
1321259786940416007
1321259950568624129
1321260055698804738
1321260256765353985
1321260395030474753
1321260416413003776
1321260441973252097
1321260567516958722
1321260580271841280
1321260659506556932
1321260831867203584
1321260878612738049
1321260906697940993
1321261057923493890
1321261116547387396
1321261209207869445
1321261276471926786
1321261381094703105
1321261384898805768
1321261402372407296
1321261427374645252
1321261499361468419
1321261614121836546
1321261720569040896
1321261879717756930
1321261960063836164
1321262153098252290
1321262190637318147
1321262257783885827
1321262270597521408
1321262353749561344
1321262472108494848
1321262597430153216
1321262622239608833
1321262639062917122
1321262664392343552
1321262693152641028
1321262706352103428
1321262849017131008
1321263128986980352
1321263226215112705
1321263321245458432
1321263431849332736
1321263486396035072
1321263755427270656
1321263826063470593
1321263906074091520
1321264095081934850
1321264124047826944
1321264380244299776
1321264404541984771
1321264489271074818
1321264699074379776
1321264770192969731
1321264896638529539
1321265441491144704
1321265449686962179
1321265465956720641
1321265563021160448
1321265629291315201
1321265684140199937
1321265768068194309
1321266418306875392
1321266418374029314
1321266423365206016
1321266636045910018
1321266737132650496
1321266778811494402
1321266829411704832
1321267030247591948
1321267055644069889
1321267106491629568
1321267391280619520
1321267462902587392
1321267521627054082
1321267525146021888
1321267542674079744
1321267592783384576
1321267717916250112
1321267850263232512
1321267886669910021
1321267898678013953
1321267923948883969
1321268133844365312
1321268570345611266
1321268666747383810
1321268700071272448
1321268830245687296
1321268952014688259
1321269006670598144
1321269169938145280
1321269231988707328
1321269236824723459
1321269384082526208
1321269413505605634
1321269610423980035
1321269860383555588
1321269874723872769
1321269887487123458
1321269992487223297
1321270071554170882
1321270105326669827
1321270125949931524
1321270168279044096
1321270255306608643
1321270306187681793
1321481955167424514
1321482006165938176
1321482110528573442
1321482190203637761
1321482199506497539
1321482202891325445
1321482286538240006
1321482383447773184
1321482509272666113
1321482605146083329
1321482664579313664
1321482674112966657
1321482898743189504
1321483116121362442
1321483183679016960
1321483356073349127
1321483511006593024
1321483566031671297
1321483599619698688
1321483700442255361
1321483838468419593
1321483884526137347
1321484015115870210
1321484186478387202
1321484282901139456
1321484308155146240
1321484556113948672
1321484622581002240
1321484753309065216
1321484753288265729
1321484786607640578
1321484857751392261
1321485168134119427
1321485226711789569
1321485265710555136
1321485470073868295
1321485566618337286
1321485676446179328
1321485713746120709
1321485717248208896
1321485763523960832
1321485835712253954
1321485902984728578
1321486103602450432
1321486149869658112
1321486317000282115
1321486338722537472
1321486341268475906
1321486379839377408
1321486467961659393
1321486514640093184
1321486603240525826
1321486611465515013
1321486624136536064
1321486835013636098
1321486875689771008
1321486917263712256
1321486921256869888
1321487068271443969
1321487093424623618
1321487113918025728
1321487181060448256
1321487211267825665
1321487260903243777
1321487303412338689
1321487314326081536
1321487357921660930
1321487731667554304
1321487861254811649
1321487861720514560
1321488141966995456
1321488154826887168
1321488200326619137
1321488481516949504
1321488506879942657
1321488565893844995
1321488603718029313
1321488620369313792
1321488637998125058
1321488703823360001
1321488721351507970
1321488741777600512
1321488787466235904
1321488828130119682
1321488846220152832
1321488854721961984
1321488951597780993
1321489021944635392
1321489182607482886
1321489190643625990
1321489274127208448
1321489278438920192
1321489290904285184
1321489383292162048
1321489471678877705
1321489618265669635
1321489660267368450
1321489836776194048
1321490054754099200
1321490108995043330
1321490327111421953
1321490374863527937
1321490478362202113
1321490518845566977
1321490566320951298
1321490575468621827
1321490662831935489
1321490880528867328
1321490935289683968
1321490960564559872
1321491035864866816
1321491040075980801
1321491063375163392
1321491220762292227
1321491262508326912
1321491309073469444
1321491381001637890
1321491400664485889
1321491417835819010
1321491497028603906
1321491569036460066
1321491597658345474
1321491619259027456
1321491698745298949
1321491769847128068
1321491833063694336
1321491973128155138
1321492013867364352
1321492064283070469
1321492110206382080
1321492113691971584
1321492226871070721
1321492367917125633
1321492445494849542
1321492613564911618
1321492625229254657
1321492667306549248
1321492910999805952
1321492927781179392
1321493002758443008
1321493083981307911
1321493359861633025
1321493468577964035
1321493498621693954
1321493541013639170
1321493569421647872
1321493611087888392
1321493624115367939
1321493741736062976
1321493909596491776
1321493997643304960
1321494105936007168
1321494257107087372
1321494483377082370
1321494574976716800
1321494643197050880
1321494819534000128
1321494854602493954
1321494873615208451
1321495015907012614
1321495050229108736
1321495171729678339
1321495180344762368
1321495260153876482
1321495289144827904
1321495523837267968
1321495536294395905
1321495561032388611
1321495621967122432
1321495812946288640
1321495850779136000
1321495909662748672
1321496057386328070
1321496102982410240
1321496253226692608
1321496253352562691
1321496328803913729
1321496793033723904
1321496807554355201
1321496870934511616
1321497103277936640
1321497306869469184
1321497372703121408
1321497516362391552
1321497536855789568
1321497675393503232
1321497827072266240
1321498023998988296
1321498124997644289
1321498287552274433
1321498313498238977
1321498652725182468
1321498661428154368
1321498682420768772
1321498908627996672
1321499109900066817
1321499181471682560
1321499227713929227
1321499252611289088
1321499319531413506
1321499386405441536
1321499470555615232
1321499479606874112
1321499580341440513
1321499906767540232
1321500078499000322
1321500175270109184
1321500200309940226
1321500212486152193
1321500243242950656
1321500297320161282
1321500301728247815
1321500410348216323
1321500522545819648
1321500548336652292
1321500662568423424
1321500703823699968
1321500742176378881
1321500833159270403
1321500838209024001
1321500963983818753
1321501085744263168
1321501098256064512
1321501143919435776
1321501240627355648
1321501412732403714
1321501635319914496
1321501764500283394
1321501768828755969
1321501786440695812
1321501883744268293
1321502063151534081
1321502197121691654
1321502263941177345
1321502284828844032
1321502310632017921
1321502381251723265
1321502419197583365
1321502423995789314
1321502465729155072
1321502536675651584
1321502717148233730
1321502813554311168
1321502825776635908
1321503023877689344
1321503040327819267
1321503103175200769
1321503179419340802
1321503216765411328
1321503375813414912
1321503476229173253
1321503618722418690
1321503653128245253
1321503719318523904
1321503829091778560
1321503992254402560
1321504038802857987
1321504319322075136
1321504378059169793
1321504398749564928
1321504424896815104
1321504726496628736
1321504763826081797
1321504780452319234
1321505017740877825
1321505019791839232
1321505136787791886
1321505271403995136
1321505535204728840
1321505568947904513
1321505569514102785
1321505632701337603
1321506034632937472
1321506081261129728
1321506202665295873
1321506303639015424
1321506538272546817
1321506680476028934
1321506815029530624
1321507018939736064
1321507055656525824
1321507155137204224
1321507448335859715
1321507499024011264
1321507590585651200
1321507972900511744
1321507988964716544
1321508069164023808
1321508081990279168
1321508123610386434
1321508220331008003
1321508329466830850
1321508341596782594
1321508459238608896
1321508479723425792
1321508480403034114
1321508514016219139
1321508614058741761
1321508790315839488
1321508836369379328
1321508861342294021
1321508905516589057
1321509180226744320
1321509230562607104
1321509427657220105
1321509445239627776
1321509533303349248
1321509558288863233
1321509633631178753
1321509720792961024
1321509734722146304
1321510166194458629
1321510250655219715
1321510313288704001
1321510434466398208
1321510518402764802
1321510640620654603
1321510828743471105
1321510996163395584
1321511000567414784
1321511009023131656
1321511064257912835
1321511091378290688
1321511113712930819
1321511177189470218
1321511341325225986
1321511391271018496
1321511676324229126
1321511684792569859
1321511827268927488
1321421524260237312
1321421553620471811
1321421607982817280
1321421712152535041
1321421733262446600
1321421871561125888
1321421902397800454
1321421964649635842
1321422002113175553
1321422043682902016
1321422077497233408
1321422211639595013
1321422264881958920
1321422328828481537
1321422417416409088
1321422567757041667
1321422652683280388
1321422655799676930
1321422685302390787
1321422694550831104
1321422799261630465
1321422920824975366
1321423004413366274
1321423063963947008
1321423118469079041
1321423205601546240
1321423370307719173
1321423537840611329
1321423546028085248
1321423805303017474
1321424091945951233
1321424095884488704
1321424111797751808
1321424204915445761
1321424380870774786
1321424384721117186
1321424493173264385
1321424509958868995
1321424660773392384
1321424682881585152
1321424769896587270
1321424820555386886
1321424825844441088
1321425068568813568
1321425156653404163
1321425172369416193
1321425319396581377
1321425648074870784
1321425672527581185
1321425873766092803
1321425916501860353
1321426004431245312
1321426163403808768
1321426186979864576
1321426230697144320
1321426239236775939
1321426300783992836
1321426310363815941
1321426397324333063
1321426435286904833
1321426439351259143
1321426460872245249
1321426541075595264
1321426569580158979
1321426713541226498
1321426938473435137
1321426981175521281
1321427048389316609
1321427114583855105
1321427233429336066
1321427249690718209
1321427270997700609
1321427278077829121
1321427308616552449
1321427366493696000
1321427412245241857
1321427425314701313
1321427483795857409
1321427744681545728
1321427778240217089
1321427827800084481
1321427933525905414
1321428230751113217
1321428285440643074
1321428286753353728
1321428360644362242
1321428360606720003
1321428520212570118
1321428604195143683
1321428860257345539
1321428872018223104
1321428931803779074
1321429069486006275
1321429153116262400
1321429330191331328
1321429375619923970
1321429379419918336
1321429413423128577
1321429543811514372
1321429572798304256
1321429576229289984
1321429648094359554
1321429791581589506
1321429808388198402
1321429946259177472
1321429949811552260
1321429972779737089
1321430013900513280
1321430285381152769
1321430579192221696
1321430608271331328
1321430638684213248
1321430789897232391
1321430793860845568
1321430942922268674
1321431121154985985
1321431312717111297
1321431552933453827
1321431578178965507
1321431581857402881
1321431610932170752
1321431619329265664
1321431678515089411
1321431708084981762
1321431800816799744
1321431820051861504
1321431841644204042
1321431845989474307
1321431900150550529
1321431955523702788
1321432075681984515
1321432215461519361
1321432390649131009
1321432395292299265
1321432484333105153
1321432546215866375
1321432647311200257
1321432667943043073
1321432743595659265
1321432802647224320
1321432814600945664
1321432848579121152
1321432869219303425
1321433008298094592
1321433058482950146
1321433067416932359
1321433095703351303
1321433259377483778
1321433276423299077
1321433632607784961
1321433654611058688
1321433678946406405
1321433814036549634
1321433905753325572
1321433972891668480
1321433993783357441
1321434178420760577
1321434224516354050
1321434443966566402
1321434538996862978
1321434554255560704
1321434664918151170
1321434668890267649
1321434761437437952
1321434819839070212
1321435038051934217
1321435092657573896
1321435227483459591
1321435403346419713
1321435419129618432
1321435779873296384
1321435806230179840
1321435868951818240
1321435961243455488
1321435968822484993
1321436116034199552
1321436208539467776
1321436275757490177
1321436539256295425
1321436548764737536
1321436753794924545
1321436773986295809
1321436925530689537
1321436950709022721
1321436988835270657
1321437030866395137
1321437253093249024
1321437282382073859
1321437315315699712
1321437583784792064
1321437587685494789
1321437701053165568
1321437772234788864
1321437853558165504
1321437874189783040
1321437949318164481
1321438045145616384
1321438061658402816
1321438153962606593
1321438184543293442
1321438191883325443
1321438301954428928
1321438314189197312
1321438560961155074
1321438649532207106
1321438741987295232
1321438984908820480
1321439064940335104
1321439266501763074
1321439366514937857
1321439467304005632
1321439500443287558
1321439710133313538
1321439717028622338
1321439781725835267
1321439828475441153
1321439844212576258
1321440046520668160
1321440112991981568
1321440264649646081
1321440306252914691
1321440418773536771
1321440428017639424
1321440619076689922
1321440700764950531
1321440784915275779
1321440792897048576
1321440901198086157
1321440943380246532
1321441042793574400
1321441220258791425
1321441379235627013
1321441404392931328
1321441471883550720
1321441491684892672
1321441833256325121
1321441904131743744
1321442025376567296
1321442028299931648
1321442092963356672
1321442288611020800
1321442402964525060
1321442486536065026
1321442516940578817
1321442893979099142
1321442917370781699
1321443107716648961
1321443333772890112
1321443359672598531
1321443401703825409
1321443409924706306
1321443594008358914
1321443842218954755
1321443887471362049
1321443992089825282
1321444001329913858
1321444181013921792
1321444214950023173
1321444282553802754
1321444369774321665
1321444432776814595
1321444516470132737
1321444525533990917
1321444619876503552
1321444635475103746
1321444698205102083
1321444865285259269
1321444892468498432
1321445020130566149
1321445049234792450
1321445057715703809
1321445117698428930
1321445284803653636
1321445314172256262
1321445545265647616
1321445639666978817
1321445754301501441
1321445763013107712
1321445954768244738
1321446060913512449
1321446111589113856
1321446191188627460
1321446387737907200
1321446400547323906
1321446402099208192
1321446487977562117
1321446505719435270
1321446819705085953
1321446894678220801
1321446909945565184
1321446925489549312
1321446949963337731
1321447268118048768
1321447385176985602
1321447461421015040
1321447473521577984
1321447486263799808
1321447591113035782
1321447781341552642
1321447784684363779
1321447822617661440
1321447908286365698
1321447998522621952
1321448019229855744
1321448136104173568
1321448182925111297
1321448195566829569
1321448216848642048
1321448237908303873
1321448274730061826
1321448362797899776
1321448480234242049
1321448601994825737
1321448643199668227
1321448702804959232
1321448942039670785
1321449053889175556
1321449080636219392
1321449083345666049
1321449116182994944
1321449160181043202
1321449478742667264
1321449688835497990
1321449730732396544
1321449759882813442
1321449910793764864
1321449936525950982
1321450116264448009
1321450120873988096
1321450146345947137
1321450204353171456
1321450234480918529
1321450259290165250
1321450347173466112
1321450451737452550
1321450588014600193
1321450762417954816
1321450770273865728
1321450942705881094
1321450976176447493
1321450985282326529
1321451079083712517
1321451235707334656
1321451238723145728
1321451399792787456
1321451450749300738
1321451509368999941
1321300652195258371
1321301097521307655
1321301101879140357
1321301252093943811
1321301252362379264
1321301273157750791
1321301340514095109
1321301432574889986
1321301453861015554
1321301566465449985
1321301655409876992
1321301943885725697
1321302024315641859
1321302066007068675
1321302099158835205
1321302385256484865
1321302422048952320
1321302465145376769
1321302599254114304
1321302636331782147
1321302887310516225
1321303060254175232
1321303068043083780
1321303089270398977
1321303115535142913
1321303240517013507
1321303240676429826
1321303345861136388
1321303399531425792
1321303567987314694
1321303576275279873
1321303660631105538
1321303775072686080
1321303803556175873
1321303878256762880
1321303995525332998
1321304010696085507
1321304049015246855
1321304141663248385
1321304197082611721
1321304297745821697
1321304347230281728
1321304376804319233
1321304607792967680
1321304897489375234
1321304921988341763
1321304943282839552
1321305144533962754
1321305245792800768
1321305353808728065
1321305442669219841
1321305514731540482
1321305634785120257
1321305857792102401
1321305971210244098
1321306419895898114
1321306465693552641
1321306499692535809
1321306503798755332
1321306687672852482
1321306687798730752
1321306722338803715
1321306755079524355
1321306823274696704
1321306952597704709
1321307003738869768
1321307010944638977
1321307024265805834
1321307027755458560
1321307065504116739
1321307258962251777
1321307288062337024
1321307296606101504
1321307412259811329
1321307535668891648
1321307744629100551
1321307754556960770
1321307758516441089
1321307851193753602
1321308056232337408
1321308072216854528
1321308252232101889
1321308357337243648
1321308414987833345
1321308801627140096
1321309003188756480
1321309113226321928
1321309221003141121
1321309251776745474
1321309301298896897
1321309332969975808
1321309335771820034
1321309402855452674
1321309704019185665
1321309884562984960
1321310194450812930
1321310406728650752
1321310409442398208
1321310443068149764
1321310606549348352
1321310661381705730
1321310677655527430
1321310744386904075
1321310953523367942
1321311030144880640
1321311209774370818
1321311234420019203
1321311265369788417
1321311477786173445
1321311631867932673
1321311634443350016
1321311784268017670
1321311826383167489
1321312585413652481
1321312656360394752
1321312695195521026
1321312727822966785
1321312777953103873
1321312947038089216
1321313047613353986
1321313104815423488
1321313123836579847
1321313185538912257
1321313219890348032
1321313389696569344
1321313448773431296
1321313524325502977
1321313818740338690
1321313840915795969
1321313945576181760
1321313958318493696
1321313989998030849
1321314066929954818
1321314208848498689
1321314378122022912
1321314536725598209
1321314821145530368
1321314863252123649
1321314891823751170
1321315025886347266
1321315351402106881
1321512204294852618
1321512246959374339
1321512296028364802
1321512360805163008
1321512393684389888
1321512510453772288
1321512644902354945
1321512908837310464
1321512928059650048
1321513018916745217
1321513097643892737
1321513169194520578
1321514045502050311
1321514050019192833
1321514137864884224
1321514146656100357
1321514219662168071
1321514297995022336
1321514389950865408
1321514457370013696
1321514498725834752
1321514595744276480
1321515059269586944
1321515304317538305
1321515363352383493
1321515517740503042
1321515577245138945
1321515723819278343
1321515857927950336
1321515937724583941
1321516114690625538
1321516201101570049
1321516227030757376
1321516264595116032
1321516306940743680
1321516310166208513
1321516336154058758
1321516344232214529
1321516399311921153
1321516444979470337
1321516625963765761
1321516780272128001
1321516839676055554
1321517057599483904
1321517062208937985
1321517116068122624
1321517132333592583
1321517212264325120
1321517317675798528
1321517342476697600
1321517350886297601
1321517418670399488
1321517593958719493
1321517636258287616
1321517854257274880
1321517909118722049
1321517938470539269
1321518055713693697
1321518080930045953
1321518097828904962
1321518156888768513
1321518211179798528
1321518445863849984
1321518466504032256
1321518546028023808
1321518663824896001
1321518676080734211
1321518723220590595
1321518831421018114
1321518928783384576
1321519218093924354
1321519263874768896
1321519271932055554
1321519382539939840
1321519447799156737
1321519519362211840
1321519536147963917
1321519812594585601
1321519813387264003
1321519964558413824
1321519985257115650
1321520009948983296
1321520435964489728
1321520568361836545
1321520660594741248
1321520731465854977
1321520773417312258
1321520807298932738
1321520864676978689
1321520874491535360
1321520932570210304
1321520945220276224
1321520991990882304
1321521042490331137
1321521071045136387
1321521116607926273
1321521205250117632
1321521226855100416
1321521319385718785
1321521360405991427
1321521453389340678
1321521462210158592
1321521583056248832
1321521591780478976
1321521595882500096
1321521625179680768
1321521642124750848
1321521658633637894
1321521662769176580
1321521671543549952
1321521708860383232
1321521805723529216
1321521880826847232
1321522189250809856
1321522253964759040
1321522342254858240
1321522509590810624
1321522576791904260
1321522882975948800
1321522891402416130
1321522971987632131
1321523046826549249
1321523050785984512
1321523159930195974
1321523172726898688
1321523202582040576
1321523256772481025
1321523311520591872
1321523336191614976
1321523491527516160
1321523499933011969
1321523646964232193
1321523690647867392
1321523693286264832
1321523797854457856
1321523856167895040
1321523940309766151
1321523967224651776
1321523994793807875
1321524028608290816
1321524040595623941
1321524083281039361
1321524112909496320
1321524275933708288
1321524330057138177
1321524384675336192
1321524443483496449
1321524456565583872
1321524527604600842
1321524601688453120
1321524607199842305
1321524610802831360
1321524624375586819
1321524682869350404
1321524820668895232
1321524853896368130
1321524918916296710
1321524946690928640
1321524967759089670
1321524980828590080
1321525031688531968
1321525157308125186
1321525329119293447
1321525341274443778
1321525466809856005
1321525756317630465
1321525873770639364
1321525882125721602
1321525986723307523
1321526008042893315
1321526037252087808
1321526083339063302
1321526171666960385
1321526268270202883
1321526284485382149
1321526373266132992
1321526406665236480
1321526502291238912
1321526507207053313
1321526547698733056
1321526651142901761
1321527124013043718
1321451723412721666
1321451777175203841
1321452063054704641
1321452071175049219
1321452109750034432
1321452157963436034
1321452188066029570
1321452301786238979
1321452330810683392
1321452393461108741
1321452465611513856
1321452473018712064
1321452490802532353
1321452578534838272
1321452708503736320
1321452738652311553
1321452770969427971
1321452931405606912
1321452984270729216
1321453417697546240
1321453587701092353
1321453719033155584
1321453719569993728
1321453727769874435
1321453832111595527
1321453936965017600
1321454109615149060
1321454143291219971
1321454151990009856
1321454264368070658
1321454419553255427
1321454440897941504
1321454441367830528
1321454487538716673
1321454625518747648
1321454642497163264
1321454680153706497
1321455229032751105
1321455322423271425
1321455384868040706
1321455443403853826
1321455476320686081
1321455514597818370
1321455531840647170
1321455577118216194
1321455607346581506
1321455853778685955
1321455866667814915
1321455934217113600
1321456114043654145
1321456168582045697
1321456203088547840
1321456206964248576
1321456253583921152
1321456261079072768
1321456290632241158
1321456294797156353
1321456307006820360
1321456323544911872
1321456369686532096
1321456391404482563
1321456437193748480
1321456563492708352
1321456861808369664
1321456872554156034
1321457008223113217
1321457150628167681
1321457204499677185
1321457286745714688
1321457389682511878
1321457485362900993
1321457746651348994
1321457980290801668
1321457980622082048
1321458034430849025
1321458257496543235
1321458261728649216
1321458354749759488
1321458392091648001
1321458510094311424
1321458764655087617
1321458891193016320
1321459230407335937
1321459258538496004
1321459360497807360
1321459373688770569
1321459595999662082
1321459716833353729
1321459721224757253
1321459734009008131
1321459784026148865
1321459796902633478
1321460027446697984
1321460053518340096
1321460057419051009
1321460199153143813
1321460245508534272
1321460388425326592
1321460523116994561
1321460539550257153
1321460677421142016
1321460690700304386
1321460740012838918
1321460807692070912
1321460828198096896
1321460912151289856
1321461046582878208
1321461068032593922
1321461071102779392
1321461134323556352
1321461265034809344
1321461277592637446
1321461311478370309
1321461344944578561
1321461613879328768
1321461701749940224
1321461837762826241
1321462011759386625
1321462115971063808
1321462141052882944
1321462292828082176
1321462405814128640
1321462518385168389
1321462531282513921
1321462833138356226
1321462837332639746
1321462892504313857
1321462912863637504
1321462972615712773
1321462992291049473
1321463173556350977
1321463331748761600
1321463449872961541
1321463521905987584
1321463730723557383
1321463768833019906
1321463782409949185
1321463875317993473
1321463975222124545
1321464154939625474
1321464218105896960
1321464226049908736
1321464250813026305
1321464340071985152
1321464520200638465
1321464678782881792
1321464716787666946
1321464825399152641
1321464839039033351
1321464930541867008
1321464947696672769
1321464951358193665
1321465014167998466
1321465031108759554
1321465111073140736
1321465429483642886
1321465526225350657
1321465601886359552
1321465605438857216
1321465610971262978
1321465702092591105
1321466008855597056
1321466051104632832
1321466109715951617
1321466255124144129
1321466335637966849
1321466348573249536
1321466411089350660
1321466436582330372
1321466701104308225
1321466713058078721
1321315858367434753
1321315877728518145
1321315915556945922
1321315924645822464
1321315957512364032
1321315966337232899
1321316095442227200
1321316117139378178
1321316134612680704
1321316141684400128
1321316206155046914
1321316393128779776
1321316406718201857
1321316632778711043
1321316650138980352
1321316708385234950
1321316754208051200
1321316805416161281
1321316808406798337
1321316842875637760
1321316926417719302
1321317011083812866
1321317022689595392
1321317073541337088
1321317133461016579
1321317292190388224
1321317497480613888
1321317736807424002
1321317802901463041
1321317896002437120
1321317932715171841
1321318021366009862
1321318088923619329
1321318139657936897
1321318155214446600
1321318231634776070
1321318328040853504
1321318353567469568
1321318655242555392
1321318974584315905
1321319000152965122
1321319062450757632
1321319099201286146
1321319643743580165
1321319691630059520
1321319742502653954
1321319774857519104
1321319855128252416
1321319855451197441
1321319904612622337
1321319925693227009
1321319941631397888
1321320345115176960
1321320604616871941
1321320685386506241
1321320712347418626
1321320722950692866
1321320769138294784
1321320798095888384
1321320860872024064
1321320886109167616
1321321113536921601
1321321135481491456
1321321272622665728
1321321310652231682
1321321321469530114
1321321393762390016
1321321493691879424
1321321536779857920
1321321544547586053
1321321657131257856
1321321750785748992
1321321963395162112
1321322036132597761
1321322081829724160
1321322286654365696
1321322296590544899
1321322367646314497
1321322392921104384
1321322500421087232
1321322510281887744
1321322589273251841
1321322617911963650
1321322643681804288
1321322693489270784
1321322770035331072
1321322878353199104
1321323230993539072
1321323267882242049
1321323361344126976
1321323445674676224
1321323634292609024
1321323641187938304
1321323700415877120
1321323702244548608
1321323800592482304
1321324033808474112
1321324173487034369
1321324240826716161
1321324292005658625
1321324439745654785
1321324546868367360
1321324589113171970
1321324719711268864
1321324774711271425
1321324791853469696
1321324796290854912
1321324974838349824
1321325215788474368
1321325296117833729
1321325299938643969
1321325336206872576
1321325362891075584
1321325419291762690
1321325752613261312
1321325780786421760
1321325881533620224
1321325924642533376
1321326132894015489
1321326259415228418
1321326285424103425
1321326317787357186
1321326359969484806
1321326695358427139
1321326699099779074
1321326771103518720
1321326788266643456
1321326807715618816
1321326960547692544
1321327011986501632
1321327017476980737
1321327198221914115
1321327224822374400
1321327396440604672
1321327453172879360
1321327570974089217
1321327754059616257
1321327903976640517
1321327951615533058
1321327979599900674
1321328051398103048
1321328106163085313
1321328163402649600
1321328247381102592
1321328317945966592
1321328519381614593
1321328553393311744
1321328637518381057
1321328705634000896
1321328919962931200
1321328942075334657
1321329019359387649
1321329035712978944
1321329225778024449
1321329309894758401
1321329375871180801
1321329404933369856
1321329434197024769
1321329526081609729
1321329565575249920
1321329651831234562
1321329706197602304
1321329796333359105
1321329887081193472
1321330016228028417
1321330102186094593
1321330104983838720
1321330165977206784
1321330210718011393
1321330316045438976
1321330394562621441
1321330678559068160
1321330722896900097
1321330826236317696
1321527132795723777
1321527169781288962
1321527182926192643
1321527203339718656
1321527228233093121
1321527291701350403
1321527341869391873
1321527664730058753
1321527702814380033
1321527739892060161
1321527753011720192
1321527805994172416
1321527832632242176
1321527844749643779
1321527921127940096
1321528156071759873
1321528180524670977
1321528214255271938
1321528449241153538
1321528797582286850
1321528977480208385
1321528985973485568
1321529217247444992
1321529224990089216
1321529342841757696
1321529560303886336
1321529745251672066
1321529795251998720
1321529858678235137
1321529892014596096
1321529892304019459
1321530018367983620
1321530141223256069
1321530365425713152
1321530403912617986
1321530458551758848
1321530491304964099
1321530555352125442
1321530747799437313
1321530756263337984
1321530764484227072
1321530936220131328
1321531125261479936
1321531150473592833
1321531221273464834
1321531267876311041
1321531267863715842
1321531284733239296
1321531376613629952
1321531419194261507
1321531427641528320
1321531695317831682
1321531884300546048
1321531897617338369
1321531913815891969
1321532136109842433
1321532203776528388
1321532224542572549
1321532408500539392
1321532424631836676
1321532530206662656
1321532873783054338
1321532966074462211
1321533117627289600
1321533170190143488
1321533591604658177
1321533595534635012
1321533742570156035
1321533876364283906
1321533897411354632
1321534098289164292
1321534107512238080
1321534166735982592
1321534413591748608
1321534488644587528
1321534564917915648
1321534660732739585
1321534686632398848
1321534782329757698
1321534807734587392
1321534891708669952
1321534971446759424
1321535013519839236
1321535050748465153
1321535168939757569
1321535315010441217
1321535314876227584
1321535394815463424
1321535441179299840
1321535535291183104
1321535587489255424
1321535600831418370
1321535738895159296
1321535743240581120
1321535764312870912
1321535832310894592
1321535839608983553
1321535865546592257
1321535902578036737
1321535948417421312
1321536032706338818
1321536045222158337
1321536146116120578
1321536254719254528
1321536279566290944
1321536351829975041
1321536544302387202
1321536615458615296
1321536665400315904
1321536740998455298
1321536833369579520
1321536892584763398
1321537001796063233
1321537122508132352
1321537139482374149
1321537171220619269
1321537219505606656
1321537253517254657
1321537370886295557
1321537374258712578
1321537559357317121
1321537571705507840
1321537781265563649
1321537793756155906
1321537966406275074
1321537987671396356
1321538364294590464
1321538532834422786
1321538536391254018
1321538579785502721
1321538759331057665
1321538808773595136
1321538905682882561
1321539052592574466
1321539090534326272
1321539106791399424
1321539207379050496
1321539371980316672
1321539524506406914
1321539563635003394
1321539753204998146
1321539769466310656
1321539844988952577
1321539925423116289
1321539949670264834
1321539962924400646
1321540076472573953
1321540144860696583
1321540212112187403
1321540265480351745
1321540290449199111
1321540440668229637
1321540469730480132
1321540629734850561
1321540659023548417
1321540666829266956
1321540807292186624
1321540864448090113
1321540973856522240
1321541120124428288
1321541145013460993
1321541196301455362
1321541452086890496
1321541661403553799
1321541754265292800
1321541791015948293
1321542068573888512
1321466792934432770
1321466821858480129
1321467057142190082
1321467211870064640
1321467233332129792
1321467535204798464
1321467691090280452
1321467967792652288
1321468119681011712
1321468164232929281
1321468229018157065
1321468260190167041
1321468287277060098
1321468365874044929
1321468545734160386
1321468571545784321
1321468680312639490
1321468689166852096
1321468713627996162
1321468780707545089
1321468814786236417
1321469112040652800
1321469187919736834
1321469241967566849
1321469556603424773
1321469658357116928
1321469682814193666
1321469833905655808
1321470064655290369
1321470191822237701
1321470324416876544
1321470353676357633
1321470411889139720
1321470488200253441
1321470785731657729
1321470814970089474
1321470881995116544
1321470924160335872
1321470924630142978
1321471104322449408
1321471175466405888
1321471188451921920
1321471234366869504
1321471242872877058
1321471267908820992
1321471456883126274
1321471653730242562
1321471792729542657
1321471809531895809
1321471851613310977
1321472120241770502
1321472195596636161
1321472232548233218
1321472270582173697
1321472400131837952
1321472743779536896
1321472756832231424
1321472765187207168
1321472845927620617
1321472941813424128
1321473134990688259
1321473143354003457
1321473172647104513
1321473222676606977
1321473314871595008
1321473390876585984
1321473581709144071
1321473697039835136
1321473755655233536
1321473821942128641
1321473856226258945
1321473982361731075
1321474006076313603
1321474070467194880
1321474124774957056
1321474129095094272
1321474149382905856
1321474468133457921
1321474480661843968
1321474515185139713
1321474522864852995
1321474577793429504
1321474673671110661
1321474942760742912
1321474996452118529
1321475017574621184
1321475034846646272
1321475094183555076
1321475135338090499
1321475184382103552
1321475307702939649
1321475353538420738
1321475399659016192
1321475500599029760
1321475542395330561
1321475827339505666
1321476171545120769
1321476334976000000
1321476405142716417
1321476477767061506
1321476502752473091
1321476531768709128
1321476573732564992
1321476683162021889
1321476758961532928
1321476804469682176
1321476997948780545
1321477006022889474
1321477027296325632
1321477073517580289
1321477274026364930
1321477295861882881
1321477656865611776
1321477689249849349
1321477744056819714
1321477819902365696
1321477883303321600
1321478058608529408
1321478310103306242
1321478331037028354
1321478889533808640
1321478910933164044
1321478998476705793
1321479346901733382
1321479367600578560
1321479515172909058
1321479804944830465
1321479833281421313
1321479891527884801
1321480051032993792
1321480336526741504
1321480436745457664
1321480575463706624
1321480999021072384
1321481095767068676
1321481129178877952
1321481129409409027
1321481229766660097
1321481498105700352
1321481573435363329
1321481644801466369
1321481695498018818
1321481712287780864
1321481774480969728
1321406585382555649
1321406617410244611
1321406683944382465
1321406843546193920
1321407040682627073
1321407082634117121
1321407364138815488
1321407520192286721
1321407578946109440
1321407809544720384
1321407813298622465
1321407830570770432
1321407960166400005
1321408151397240832
1321408156937920517
1321408309317017609
1321408572723499008
1321408686233767937
1321408707075411970
1321408734371991558
1321408777275404288
1321408825086365697
1321409052086329345
1321409528580157440
1321409626429136897
1321409692946628608
1321409776383873026
1321409886844981248
1321410060912889858
1321410094312153091
1321410209324146688
1321410398394982401
1321410476966842369
1321410682231889920
1321410736602652673
1321410746199248896
1321410884086996994
1321411011728035841
1321411109035847680
1321411121765560322
1321411143915704322
1321411249155067904
1321411256075603969
1321411329090035714
1321411432156680196
1321411482412863489
1321411671798222851
1321411830951104512
1321411877994377219
1321412074317221890
1321412111537475586
1321412145872048128
1321412233952452609
1321412238410977280
1321412343067254789
1321412465276583936
1321412738099400704
1321412825273651203
1321412859306381313
1321413060498755584
1321413073312296962
1321413148520402944
1321413231773163527
1321413328653193218
1321413684552519681
1321413698049757186
1321413782602715138
1321413810591334400
1321413827838332928
1321413913251057665
1321413917034295296
1321414063138766848
1321414139395399683
1321414218751639553
1321414452655382528
1321414490857086982
1321414541083766785
1321414742355988481
1321415048682721280
1321415084678270977
1321415208095621120
1321415227313967104
1321415257802248193
1321415325674573826
1321415340836982787
1321415359275003904
1321415379080675328
1321415530541125632
1321415613768593409
1321415619707850752
1321415656097652736
1321415719494557697
1321415787295526913
1321415861257834497
1321415874205650946
1321416026274340864
1321416054703296518
1321416265441923072
1321416503787479040
1321416612214382594
1321416733970866176
1321416910521643009
1321417006898446339
1321417016029421570
1321417497216692224
1321417547405651969
1321417673926987781
1321417867775119361
1321417983999287298
1321418068329963520
1321418311452819456
1321418324006371328
1321418558908338185
1321418580362174467
1321418591858810880
1321418668476170240
1321418743961051136
1321418818476937217
1321418818904858626
1321418835132559361
1321418848113971204
1321418902480523264
1321418973771108354
1321419070701527045
1321419095892439041
1321419108315996160
1321419125558751234
1321419183960240130
1321419200171253760
1321419246119931912
1321419268098052097
1321419302830895104
1321419528396562432
1321419603654909955
1321419629085003776
1321419752510816257
1321419763638292481
1321419836786958338
1321419955523317760
1321419968890765318
1321419981213650944
1321420035538255873
1321420073123328002
1321420274215063552
1321420299750047748
1321420321086337025
1321420392083431426
1321420466800775168
1321420497180073986
1321420651924758534
1321420709697064961
1321420786490638337
1321420873149128707
1321420929944088576
1321421272266530816
1321421318252879875
1321542386682597377
1321542483814305792
1321542580228759557
1321542806683504649
1321542810537963520
1321542915135393792
1321543067137167360
1321543116801875974
1321543125249232903
1321543314596892672
1321543359979085824
1321543415012753408
1321543519740321793
1321543582277341186
1321543804403539971
1321543863316680709
1321543894954364933
1321543993675653122
1321544005814001689
1321544018614841344
1321544064911757319
1321544333464530945
1321544651699093506
1321544685404512259
1321544728152735745
1321544878652678145
1321545079719448578
1321545365129170944
1321545423367098368
1321545587502817281
1321545859922841606
1321545939497193480
1321545948221366272
1321545965120139272
1321546077972107271
1321546191293673472
1321546195517411328
1321546460165476353
1321546665166315520
1321546724125544449
1321546845420736512
1321546875292524544
1321546904140992514
1321546950139809793
1321547063923007488
1321547172400275459
1321547265127944193
1321547307054190594
1321547449421410304
1321547761674674177
1321548032840781824
1321548086842449920
1321548234402136064
1321548237694816256
1321548313943048192
1321548648849633280
1321548712108195842
1321548858430648321
1321548984587005958
1321549101775917062
1321549110420426754
1321549147854446592
1321549332554883072
1321549383092051968
1321549383729586182
1321549492462604288
1321549538432290817
1321549672817823744
1321549722536960000
1321549756108312576
1321549769219678209
1321549790224785409
1321549856490561539
1321549873863426051
1321549890955083776
1321550352391442433
1321550402098204678
1321550510751731716
1321550674627338243
1321550721226055680
1321550846446899200
1321550960662106113
1321551014818885638
1321551271023812614
1321551396018204672
1321551459280977922
1321551623282429953
1321551920549548034
1321552096651456512
1321552117274992641
1321552151047413760
1321552164389486595
1321552327631917056
1321552335278084096
1321552611485515776
1321552768142872576
1321552847343775744
1321552973923667968
1321552977962979329
1321553157541879808
1321553208808935425
1321553296302219264
1321553354531753984
1321553590075322370
1321553598707281920
1321553686187958273
1321553791653683200
1321553992313438215
1321554059799617536
1321554109997240324
1321554231472566276
1321554550285914123
1321554600730701824
1321554609052086272
1321554621714690048
1321554625569411073
1321554680187621376
1321554776908308480
1321554801344225280
1321554869015162882
1321555070467584000
1321555079007244288
1321555082807267328
1321555154664071173
1321555259525865473
1321555262885580802
1321555284339445762
1321555326014021650
1321555339154771968
1321555372776280066
1321555376240762881
1321555510873739264
1321555518595436547
1321555566980988930
1321555678612344832
1321556387638341633
1321556542366257153
1321556684939042816
1321556739913883648
1321556928330424327
1321556945363501056
1321557176381558786
1321330902576754688
1321330986597130241
1321331084206895104
1321331096576004096
1321331177224081409
1321331291363676160
1321331335101771776
1321331389325844480
1321331573925552128
1321331669945798657
1321331738207948800
1321331810115047425
1321331837390802945
1321331840829960193
1321331862258765824
1321331889232175109
1321332135756619777
1321332295526019072
1321332412186566656
1321332429471166466
1321332455102730240
1321332488409698309
1321332533313896448
1321332582349369345
1321332839850283008
1321333123481804800
1321333318890172417
1321333458027819008
1321333620754145280
1321333621735698432
1321333680464252931
1321333800165498881
1321333806658281472
1321333862585245697
1321333893820223488
1321333939940823042
1321333994336772096
1321334060413644800
1321334060828909569
1321334110812590082
1321334125362556928
1321334220275417091
1321334249392197632
1321334536106631169
1321334657254830082
1321334682970193920
1321334685469990913
1321334940978610176
1321334982736896000
1321335130565283840
1321335188652134401
1321335302733078528
1321335575476080643
1321335598876119041
1321335646410039296
1321335743453761536
1321335801062420481
1321336028066652162
1321336271084683265
1321336351866892290
1321336358867243008
1321336359479488513
1321336378425176064
1321336753915973632
1321336762506092544
1321336794877620224
1321336922095144961
1321336953703329793
1321336966500159490
1321337018782109696
1321337151695527936
1321337285938393088
1321337429232549888
1321337467031613441
1321337519267459072
1321337521725337602
1321337648103985155
1321337672179265536
1321337724041752576
1321337777485615105
1321337906179436549
1321337930011561985
1321338017844391937
1321338018498793473
1321338220760748032
1321338313186435074
1321338340352774146
1321338360393355265
1321338518346424323
1321338536428187648
1321338648860655618
1321338691315445761
1321338959767597057
1321339063874555904
1321339087052279808
1321339166693740545
1321339290899697665
1321339395031576578
1321339471263158272
1321339531786768385
1321339614788014081
1321339686984409088
1321339724447936512
1321339752881156096
1321339921983045632
1321340044959993856
1321340117223723008
1321340239525244928
1321340242259894272
1321340694099685376
1321340713716469761
1321340780670275584
1321340799766900737
1321340818796531712
1321341299455188992
1321341388492017664
1321341510391128064
1321341714230136833
1321341801672814596
1321341838226194434
1321341940680503296
1321342232998236160
1321342289885749248
1321342336404738048
1321342408198676480
1321342424065568769
1321342635085307905
1321342667603632133
1321342809647902720
1321342911645052928
1321342922781052928
1321342997389213697
1321343178293809153
1321343182253314048
1321343485128044544
1321343595115212800
1321343636525568001
1321343799432409088
1321343803911884800
1321343811415494657
1321343845632598017
1321343849982124036
1321343863869607936
1321343891556110336
1321344257601363969
1321344331840630785
1321344355056160769
1321344427927982080
1321344441257439232
1321344583226327041
1321344736385503232
1321344844120256512
1321344914458750976
1321345089172627458
1321345151386570752
1321345226640941057
1321345419469856769
1321345433470300160
1321345651179950080
1321345688056180737
1321345707454959617
1321345782788874240
1321345807178584067
1321345807526842368
1321345924212412417
1321391456381292545
1321391537415180294
1321391601520906241
1321391607325822977
1321392081651310592
1321392171283402755
1321392225041960963
1321392363126853632
1321392593306034177
1321392730728259585
1321392803734278144
1321392974656376833
1321392993098760194
1321393204017524739
1321393328903065600
1321393460092559361
1321393711637581824
1321393738976055297
1321393800854450179
1321393826771144704
1321393850879979522
1321393890101002241
1321393893955543040
1321393913350017024
1321394110138298368
1321394152823754752
1321394190371016705
1321394284864688130
1321394417341792257
1321394495720706049
1321394631259676673
1321394682971246593
1321394829104959489
1321394907085418496
1321394975297441792
1321395096911142913
1321395180575010818
1321395223369375744
1321395376298086400
1321395449920507904
1321395564001505280
1321395566971129858
1321395704070311938
1321395738899849216
1321395754347409410
1321395806579032066
1321395871599239170
1321396006085419013
1321396167339511808
1321396278274740225
1321396284721369089
1321396321048272896
1321396563344642048
1321396647566344192
1321396687953276928
1321396798393647105
1321396825128132613
1321396883655254016
1321396911904071680
1321396943847890947
1321397270001188864
1321397282139443202
1321397454533730310
1321397574910185475
1321397853336399877
1321397977781395457
1321398024745054208
1321398070702182400
1321398106756276226
1321398124791828481
1321398306346590209
1321398329117323272
1321398358901051395
1321398389054050308
1321398412827365376
1321398427595452416
1321398699818405890
1321398765748707328
1321398931876540417
1321398967003996170
1321399048142757888
1321399128514068481
1321399132632788993
1321399139897397248
1321399303169056769
1321399503438536704
1321399581402374148
1321399596338262017
1321399651183009795
1321399691767107586
1321399934063501314
1321400197260304384
1321400400184889344
1321400581987192832
1321400654653497347
1321400703835762689
1321400800090927104
1321400816230694913
1321400906395619331
1321400939786489856
1321400961366020096
1321401274957520897
1321401405136084992
1321401413730209795
1321401563030659072
1321401630995189764
1321401887619514371
1321401962856853507
1321402063662841856
1321402087721340928
1321402104800448512
1321402140234031108
1321402164275798016
1321402209544900608
1321402256781168640
1321402361160478720
1321402378654945280
1321402427753615362
1321402435747852289
1321402464504061953
1321402510775623681
1321402565871968256
1321402570598998016
1321402772969893899
1321402842255675392
1321402875537428481
1321402935134343168
1321402964502810627
1321403128932163585
1321403177632178176
1321403350433304578
1321403694047502336
1321403736732786690
1321403887568506880
1321404151541256193
1321404198135734272
1321404231337889793
1321404252489719808
1321404307590307847
1321404461714186241
1321404679998287872
1321404740803137542
1321404843706224641
1321404906985631744
1321405229821169664
1321405296019939329
1321405305608048640
1321405485023637514
1321405643669053442
1321405712073953289
1321405786388647936
1321405859813994496
1321406094376267776
1321406130799603712
1321406227541352451
1321406237334974464
1321406277319335943
1321345975902822402
1321346211777949696
1321346288328335361
1321346304992227328
1321346317621231616
1321346331827269632
1321346359467888641
1321346840990781440
1321346852906618881
1321346919772442627
1321347027679272962
1321347328624582657
1321347454537793536
1321347469762916352
1321347635857555456
1321347738303258625
1321347799871483906
1321347876241444866
1321347929135702017
1321347974299934720
1321347999738548230
1321348035201425410
1321348219578818560
1321348335081586689
1321348351506419713
1321348602812248066
1321348752804876288
1321348771154833408
1321348907545350145
1321348990152044544
1321349239390130177
1321349245983694848
1321349437554380800
1321349891239587843
1321349897367543809
1321350124493328384
1321350595865907200
1321350613716897792
1321350712857677824
1321350744952369152
1321351060032786432
1321351290341875712
1321351414921138177
1321351485796413440
1321351522412863489
1321351535364890624
1321351542331629569
1321351697235628033
1321351746921336833
1321352178817183744
1321352302108663809
1321352343791677442
1321352413861695488
1321352449588776960
1321352461748240385
1321352543449030656
1321352563980197888
1321352727616757761
1321352823519457281
1321352861523996672
1321353273924751360
1321353541336899584
1321353676515016705
1321353679602155522
1321353686698749960
1321353687403425792
1321353724959272961
1321353746371080193
1321353769435758599
1321353820644036609
1321353825865838593
1321353847294623746
1321353860556951552
1321354018015174656
1321354156313960448
1321354293887279105
1321354313378222080
1321354432789966849
1321355220241117185
1321355329301585922
1321355493672128512
1321355628565221376
1321355661960249344
1321355678993256449
1321355790716936197
1321355841589706755
1321356049878863872
1321356402636578816
1321356433741565955
1321356526808948742
1321356650813575169
1321356695029907456
1321356735689285633
1321356791960145921
1321356924231708673
1321357075830767617
1321357109603168257
1321357154968768513
1321357170487840769
1321357429335052289
1321357635363418112
1321357637292875777
1321357728934170626
1321357807548043264
1321357936090849281
1321358138570870784
1321358163577348099
1321358499805356032
1321358618923585537
1321358630323507201
1321358652486410240
1321358737265733632
1321358779439435777
1321358867226370049
1321359033161297923
1321359090468020225
1321359237029638144
1321359396690108418
1321359416113975298
1321359438582849536
1321359503133044737
1321359562809565184
1321359713808732160
1321359881815777281
1321359899658391553
1321359950321430529
1321359965529935873
1321360203585966080
1321360253787664386
1321360364680974336
1321360513004040193
1321360575180537859
1321360709452763136
1321376479146614784
1321376602543054850
1321376650718838786
1321376905472430080
1321376920483889152
1321377014788562945
1321377284083822592
1321377586245754880
1321377678826655745
1321377813824524289
1321378014358392832
1321378016363188226
1321378141462503424
1321378233015742466
1321378234475421696
1321378314242584576
1321378328201334785
1321378377446600705
1321378442793963522
1321378459952689153
1321378660373454850
1321378773292429313
1321378957120344064
1321379023667318785
1321379024640368640
1321379066268758018
1321379433811333127
1321379763500580864
1321379792655187968
1321379910297014272
1321379992543105024
1321380104237273089
1321380194146463744
1321380377752162306
1321380568173600768
1321380650222522368
1321380777897197568
1321380823870812160
1321380865390317568
1321380873636323329
1321380954326376450
1321381105753329665
1321381185474465793
1321381212255113217
1321381402437406720
1321381447215706113
1321381578333954048
1321381690095198208
1321381773675241473
1321381866872709123
1321381878788771846
1321382005725143042
1321382099199397888
1321382236076314624
1321382380729290754
1321382647432650755
1321382799622942720
1321382816840622080
1321382944041095168
1321382950815092738
1321383132638052358
1321383297323278336
1321383446493745152
1321383542648168448
1321383595953500161
1321383603796934657
1321383859804581891
1321383916595486720
1321384166399856651
1321384280975704064
1321384319743594497
1321384393752064001
1321384459048988673
1321384490371936256
1321384536614338560
1321384559225786368
1321384647864078336
1321384695951691777
1321384727371284480
1321384729308995586
1321384879939092481
1321385066078097408
1321385067449618433
1321385149934694400
1321385266150592512
1321385479997022208
1321385564608909312
1321385700525252616
1321385827465895936
1321386100166983686
1321386133171953666
1321386209470488577
1321386620034101249
1321386666121170946
1321386745645223947
1321386817195700225
1321386849437392898
1321386901971107841
1321386963434438656
1321386973093859328
1321387173309014016
1321387250169581568
1321387368830488576
1321387389055606784
1321387427840299009
1321387481355427841
1321387496597577732
1321387934239645698
1321388139148124162
1321388192440979456
1321388418480263168
1321388488588201989
1321388496028864513
1321388630179520513
1321388727344779265
1321388835583021058
1321388971838959618
1321388998749757440
1321389023471030274
1321389070975705088
1321389202752286720
1321389225959456769
1321389375092105217
1321389386823540739
1321389608421134337
1321389644802596865
1321389672417939456
1321389797068427266
1321389883437572099
1321389966837108737
1321389968196050947
1321390190041223169
1321390296047906816
1321390346266271744
1321390490156175360
1321390608171339778
1321390637720178688
1321390654585511937
1321390803881787392
1321390846223228928
1321390958206984192
1321361040853110785
1321361262438133762
1321361463206764544
1321361575916220419
1321361977789304832
1321361984198189058
1321362032160026627
1321362109276557320
1321362146572251136
1321362236074565633
1321362707895996416
1321362737545404417
1321362789739438082
1321362961626255360
1321362972065759232
1321363019864117249
1321363041989120005
1321363186361245697
1321363231483535361
1321363273187577856
1321363332343848960
1321363432789061633
1321363459238367232
1321364427485057024
1321364452223143936
1321364520435126278
1321364552550912000
1321364700857274368
1321364701238845440
1321364735783260160
1321364792989356034
1321364824127918085
1321364989974880256
1321364995184025600
1321365003434418176
1321365112611987459
1321365424534102016
1321365638456078336
1321365771004628992
1321365840193867777
1321365841003368449
1321366051922145280
1321366111573708800
1321366275625549824
1321366334815522816
1321366490247999490
1321366499278393345
1321366638478897152
1321366807777660930
1321366834638180352
1321366843592822784
1321366856096272384
1321366895086415874
1321366907056988161
1321367104336125953
1321367316123308034
1321367503600275457
1321367638707240960
1321367667530321920
1321367704909963264
1321367853803687936
1321368092572741633
1321368208721563648
1321368231840342019
1321368250119151616
1321368441882726400
1321368553333940224
1321368619247427585
1321368836851945472
1321369029919997957
1321369096450134017
1321369167019298817
1321369349614047232
1321369737452908544
1321369747490017280
1321369788262866944
1321369885432336389
1321370057151291398
1321370092320509952
1321370151124672512
1321370161253806084
1321370228345942018
1321370230547951621
1321370279306686464
1321370412043829249
1321370630785101825
1321370934318637056
1321371092158615552
1321371157183037440
1321371222555459587
1321371298665254913
1321371603213713408
1321371638307454976
1321371665046097920
1321371852984311808
1321372002603700224
1321372114922909697
1321372119708528640
1321372219155492864
1321372361128595456
1321372365989666816
1321372397598105600
1321372518146543616
1321372569576984576
1321372640020496385
1321372647465324544
1321372807301910592
1321372828394872832
1321372930455097351
1321372940961800192
1321373075133272064
1321373099623813121
1321373486619615233
1321373490705031168
1321373646523408386
1321373661530644482
1321373822403055617
1321374105325756416
1321374208874684416
1321374222451695616
1321374231150514176
1321374433173528577
1321374583455387648
1321374887395561477
1321374915614879744
1321374996158160896
1321375044862398466
1321375058342850561
1321375546245349379
1321375667091574784
1321375714025897985
1321375870146220034
1321375939104804865
1321376062006284294