1322553930060976129
1322553931168419843
1322554072390606848
1322554140942340096
1322554195707367426
1322554217253474305
1322554387311529984
1322554397524709376
1322554452067393536
1322554531222347777
1322554581344260097
1322554698872754177
1322554896852418560
1322554908323713024
1322554988078485505
1322555110220857346
1322555264835399681
1322555399388749825
1322555412806279177
1322555496482529285
1322555516594409472
1322555533786783748
1322555561595019264
1322556103482200064
1322556125787676672
1322556129751134211
1322556184277168132
1322556263067246597
1322556334768873472
1322556408336973824
1322556423281270791
1322556431560634370
1322556476309663747
1322556516675833857
1322556631826116608
1322556728953704450
1322556784121434112
1322556825485692928
1322556875863400450
1322556930896875520
1322556932792733696
1322556941093187584
1322557072257523713
1322557115416911875
1322557226071003136
1322557303703351298
1322557308216451073
1322557362398498824
1322557375077822471
1322557378672398336
1322557379767111681
1322557446511038470
1322557498121879552
1322557685321986048
1322557746223353856
1322557777491959809
1322557843984338946
1322557861986185223
1322557917401354241
1322557965086433280
1322558140726980608
1322558155784654848
1322558200831307776
1322558242858455040
1322558426032070657
1322558658954334210
1322558715329990656
1322558767968432130
1322558780228468742
1322558948692688898
1322558968829390848
1322558989796823040
1322558994179891200
1322559023204499456
1322559071891918850
1322559211755229186
1322559299814596609
1322559472393400320
1322559568111669253
1322559610969071623
1322559731446198273
1322559810789871617
1322559822894682113
1322559836756869120
1322559858131062785
1322560058660737027
1322560088893247490
1322560157050671105
1322560158094929921
1322560470079987713
1322560474760830976
1322560536870068225
1322560566364430336
1322560600006893570
1322560600535347200
1322560855922348032
1322560915233857541
1322561034314522624
1322561061225033729
1322561153919168512
1322561296349372416
1322561501992026114
1322561552390803456
1322561624541155328
1322561753385897986
1322561820385808384
1322561862958043136
1322561959825268738
1322562168462536704
1322562190608601088
1322562265900589062
1322562311740182529
1322562394669764609
1322562478199459842
1322562613767798786
1322562764175478790
1322562885969711107
1322562940793356291
1322563077888421889
1322563171916279808
1322563172977549316
1322563221635543040
1322563259195662336
1322563356428034048
1322563364669644800
1322563435771559937
1322563553283444737
1322563675366981633
1322563779868172289
1322563846536630272
1322563867856248832
1322564027109810177
1322564064447393793
1322564081979719680
1322564132776927234
1322564153064583168
1322564186325585920
1322564209603977217
1322564308367253508
1322564328747421698
1322564421613334529
1322564450789085185
1322564584184586240
1322564610172616705
1322564693819621377
1322564878385762304
1322564909322838019
1322564945725267975
1322564957876199425
1322564996275052546
1322565000205127680
1322565063572656133
1322565101107425285
1322565109466554370
1322565205763723265
1322565212495470593
1322565243684335616
1322565277289250820
1322565302459101184
1322565428170948608
1322565465479225345
1322565620848885761
1322565675412561923
1322565717837848576
1322565732283146240
1322565819839270916
1322565877091442691
1322565970251141120
1322566036017786882
1322566048961486849
1322566154880225280
1322566166431342592
1322566220835659782
1322566238195703809
1322566258009677825
1322566317132681216
1322566329661083648
1322566690152960002
1322566715448897536
1322566749099872258
1322566761900777475
1322566786466910208
1322566959263850496
1322567138524082176
1322567143930712070
1322567185143914498
1322567206513696768
1322567672387829760
1322567688393170944
1322567790084132866
1322567864440729600
1322567986100596738
1322568104505794565
1322568179864858625
1322568267110715398
1322568496392232961
1322568526343843844
1322568687233064970
1322568725229350912
1322568796163305473
1322568853948387328
1322568998005862401
1322569011842981888
1322569035347886080
1322569094198038531
1322569143644790784
1322569253451681798
1322569287190663168
1322569432804270081
1322569433303420935
1322569488513060865
1322569529428484099
1322569615399026690
1322569630750179334
1322569768788963328
1322569984778883076
1322570020736528386
1322570204745007105
1322570260143362048
1322570306154827777
1322570326895742979
1322570352099143681
1322570402317639682
1322570463806025730
1322570541195251713
1322570561306959874
1322570608417345536
1322570801044811776
1322570896851292160
1322571233305788417
1322571455402512385
1322571464411959296
1322571562718056450
1322571624009273344
1322571673560821761
1322571748458426368
1322571786848886784
1322571874677776386
1322572000980774915
1322572030244433920
1322572043431350272
1322572184913645568
1322572427235368960
1322572443207135253
1322572445623050240
1322572474773577731
1322572545569267714
1322572692680253441
1322572701404434433
1322572855771504641
1322572910310076420
1322573027658264576
1322573094746165251
1322573104149745664
1322573134831230979
1322573162802933761
1322573182939877377
1322573211876364288
1322573279492771841
1322573288158175236
1322573355099344896
1322573397675696129
1322573476687851520
1322573548410470400
1322573564562886656
1322573652760567812
1322573716434395136
1322573989118619648
1322574013957287937
1322574186070577153
1322574383286784000
1322574453872709632
1322574470712877057
1322574604649443329
1322574626384470016
1322574638765977600
1322574643144888320
1322574667853361152
1322574668386181120
1322574683766743040
1322574727718838274
1322574730113802241
1322574927980077061
1322574941376532480
1322574949467459589
1322575247212646405
1322575381224980484
1322575427513188353
1322575473235275778
1322575634808344582
1322575649371000832
1322575715871707137
1322575733248659456
1322575749866508289
1322575749858041856
1322575929605083136
1322575951352528896
1322575991760408581
1322576056822452224
1322576195330953216
1322576215396380672
1322576303434821632
1322576408514879495
1322576454287319040
1322576842063306755
1322576970404794370
1322577121504616448
1322577469606514688
1322577557670252549
1322577654357413890
1322577672426426368
1322577779934724096
1322577801472626689
1322577903100461056
1322577918606934016
1322577952253489152
1322578086404247553
1322578258769182723
1322578266566307841
1322578447642886147
1322578806679474184
1322578841848717314
1322578878360178693
1322578972417339393
1322579168454914049
1322579307152265220
1322579461745889281
1322579507233001473
1322579550539231232
1322579622480039937
1322579646911832067
1322579764733988866
1322579864826732544
1322579884284272640
1322579919084392448
1322579928244719616
1322580024373989378
1322580254771335175
1322580334760783872
1322580502356910080
1322580536213217281
1322580574091923457
1322580606669246464
1322580700973932544
1322580766354800642
1322580851411046401
1322580884541853697
1322580913683910656
1322581018457575425
1322581139362516995
1322581164473962500
1322581265397161984
1322581383496216576
1322581498558492673
1322581629710327817
1322581874137509889
1322581937404342273
1322581941237985285
1322582011899342850
1322582041679056897
1322582134314405891
1322582281400147970
1322582347447996418
1322582473847545856
1322582616344793088
1322582654357803008
1322582716970315777
1322582765213306881
1322582813015568384
1322582859735920641
1322582901645627394
1322583060924301312
1322583078091456512
1322583348838060032
1322583392337063936
1322583543390887936
1322583600471171074
1322583632213643265
1322583687821729797
1322583760894918656
1322583967439216641
1322584079938818049
1322327445295501314
1322327501478285317
1322327577625841664
1322327589499928581
1322327661486596096
1322327687352954880
1322327690859311104
1322327980031369216
1322327992505348096
1322328046741921792
1322328072620855302
1322328118732984323
1322328940481073152
1322328940959195137
1322328957493137408
1322329133188321285
1322329239249670145
1322329263748632578
1322329272300830720
1322329304546553856
1322329482104053760
1322329500642906115
1322329524307185665
1322329535929557005
1322330004034899968
1322330031612452866
1322330064369975296
1322330097882341377
1322330270352199681
1322330324400037889
1322330475441115136
1322330567506071552
1322330710515064832
1322330798096306176
1322330848771846145
1322330869504249856
1322330870460620800
1322330886407290880
1322330936609021952
1322331013041647617
1322331071791407104
1322331092532269056
1322331214049611776
1322331243057418240
1322331255715831808
1322331440047038465
1322331452932001793
1322331457470164994
1322331574378008576
1322331635887575040
1322331679311253504
1322331730502705154
1322331788526510080
1322331805333311494
1322332124612087808
1322332179133878273
1322332300416180224
1322332308423102464
1322332346394144768
1322332628209537038
1322332727870369795
1322332736732991490
1322332754521038849
1322332795319001088
1322333126236975105
1322333131567890432
1322333139029630977
1322333239688777730
1322333251839643658
1322333271653568513
1322333386380365824
1322333451870113792
1322333520296058880
1322333541548593158
1322333558367686656
1322333559206612997
1322333650554392587
1322333734444544000
1322333759413358594
1322333868956024832
1322333919153319941
1322333952783376384
1322334008609562624
1322334507203219456
1322334527398780930
1322334531374862337
1322334669623484417
1322334934078492678
1322334946657263617
1322335152605900803
1322335324710735873
1322335324291432449
1322335389772861442
1322335710721024001
1322335734301413378
1322335813162749955
1322335823770079233
1322335922331922432
1322336041127337984
1322336506686693382
1322336544607318016
1322336573841723392
1322336599351459840
1322336687125483521
1322336716737417216
1322336796819267584
1322336839311659008
1322336910199693312
1322337056253726721
1322337081495064577
1322337090416353281
1322337098037227521
1322337195294904320
1322337197752811521
1322337262558867456
1322337333564289025
1322337337695707137
1322337384172695552
1322337484538322945
1322337525835485185
1322337677413330944
1322337706341474305
1322337807642382336
1322337840601223173
1322337853012140032
1322337857462173696
1322337865867661317
1322337928916467712
1322337995832270848
1322338067059929088
1322338222169563136
1322338273235271682
1322338398028337154
1322338426587406336
1322338600403587072
1322339052855676928
1322339079250354180
1322339277989203970
1322339291855347713
1322339417915154433
1322339426165555205
1322339468783792129
1322339472588054534
1322339472705425409
1322339489436606466
1322339493278445570
1322339569291927552
1322339619237556224
1322339703341895680
1322339712015699968
1322339824653783040
1322339912943882241
1322339992107163652
1322340156037341184
1322340169316487171
1322340236270006272
1322340239717748736
1322340260681048065
1322340298756886528
1322340315194425345
1322340369770651648
1322340403643928578
1322340479388815361
1322340483247591424
1322340567410339840
1322340688298569728
1322340813611823105
1322341033347321856
1322341066486345729
1322341074342309889
1322341170802954240
1322341258086567936
1322341309449994241
1322341389070409728
1322341397551288320
1322341662014742538
1322341734622351361
1322341863236521984
1322341867351089155
1322341942613614592
1322342051657224192
1322342136151449601
1322342264719355906
1322644545016942593
1322644643406753792
1322644721085292544
1322644763116556292
1322644765679198211
1322644839213666304
1322644846889234433
1322644877079990274
1322644934931918849
1322645010299445251
1322645056709369856
1322645065886552069
1322645193871499264
1322645380065087499
1322645448205754368
1322645614904172546
1322645715861078017
1322645719380074497
1322645753798422528
1322645840683540482
1322645941820809217
1322645944740024323
1322645945150943234
1322646264509616130
1322646416083374080
1322646601114943489
1322646692647358464
1322646709651034114
1322647078317731841
1322647087826132992
1322647132705345537
1322647153672622080
1322647155132239873
1322647201055690755
1322647246651985926
1322647376230666241
1322647430559600646
1322647809359663105
1322647843329499137
1322648104856932355
1322648114675802114
1322648152340631553
1322648178013995008
1322648210507288580
1322648240504922112
1322648294590435329
1322648437091930118
1322648475297746944
1322648615089831936
1322648621972623363
1322648629664886784
1322648810418544640
1322648911081807875
1322648970246594560
1322649196881731586
1322649208835371008
1322649247527755776
1322649331480981504
1322649339357880325
1322649343044866055
1322649398271234051
1322649486347427840
1322649494161362945
1322649620049264641
1322649691318792194
1322649703750815745
1322649887612297217
1322649989424840704
1322650019153981442
1322650039383150592
1322650127677353989
1322650148145713153
1322650404476358656
1322650429574926337
1322650475309785088
1322650521778507778
1322650529965740032
1322650761050890240
1322650761277308929
1322650820198850560
1322650912326852610
1322650923148152834
1322651033152196613
1322651142904565760
1322651179550126080
1322651298039242752
1322651334756106240
1322651505493708803
1322651520530337798
1322651557582774275
1322651571096879107
1322651612159057925
1322651646137110528
1322651663153451008
1322651746980823045
1322651784536608769
1322651788789620744
1322651897384243200
1322652132361728000
1322652197671309318
1322652325417242626
1322652535493140483
1322652567160184832
1322652632155115520
1322652640489086976
1322652758021865472
1322652770269356035
1322652795288219649
1322652833393639425
1322652904537411593
1322652941724110848
1322653013983592451
1322653105956229121
1322653206799773696
1322653290186776578
1322653324508876805
1322653382465781761
1322653446005264384
1322653479035285504
1322653663265959938
1322653705431248896
1322653739010809857
1322653969538113536
1322653983052320772
1322654196601036801
1322654328486793218
1322654372413739014
1322654473261666304
1322654486515560448
1322654841961738240
1322654850488934403
1322654871754035213
1322655065962913792
1322655101962588162
1322655106114924544
1322655189904613376
1322655207331778560
1322655215389126656
1322655270170959874
1322655404434874371
1322655434185019393
1322655496906575872
1322655680537518080
1322655768705785856
1322655919893860357
1322655934968025088
1322656066501545992
1322656112559218694
1322656264573259776
1322656314267369472
1322656323184545793
1322656335360524288
1322656544970952704
1322656546053070849
1322656612692144133
1322656679016607744
1322656708603400193
1322656854690861056
1322656956234883072
1322657014275735552
1322657015320125440
1322657262691880960
1322657266827513857
1322657282971369474
1322657284791566336
1322657320833351680
1322657379381579777
1322657388713943040
1322657442757513221
1322657492527185921
1322657543018237954
1322657622894411776
1322657631052378112
1322657640372195337
1322657656906092544
1322657769716092934
1322657794693255170
1322658179537379328
1322658206406070272
1322658299272142853
1322658361075212292
1322658546991988737
1322658567271469057
1322658654919819266
1322658655179804673
1322658772901351424
1322659011385200641
1322659237609263106
1322659288100253697
1322659308883136512
1322659342286422017
1322659363211890690
1322659417884602369
1322342668358352898
1322342719117762561
1322342739892228101
1322342769138888704
1322342873304604672
1322342928468054017
1322342991319699457
1322343104196857856
1322343168231247875
1322343217573076998
1322343239538585604
1322343310015537154
1322343556233584640
1322343863676264448
1322343881359429633
1322343905564635136
1322343909972971525
1322344149325123586
1322344263007510534
1322344308041809925
1322344316652736513
1322344341684154368
1322344342124695552
1322344430834229248
1322344536987914241
1322344627433807874
1322344849551577088
1322345009627205635
1322345025263599616
1322345038903431171
1322345126094659585
1322345203496230912
1322345259460894720
1322345302414618624
1322345403002617857
1322345453636194311
1322345512788467714
1322345617369272322
1322345633441873920
1322346242882605056
1322346460856360962
1322346532230844417
1322346564782825472
1322346652837900289
1322346673662758912
1322346745427304448
1322346871403274240
1322346908694638593
1322346909252513792
1322346947215159297
1322347119043256325
1322347160915070979
1322347177079918592
1322347177121738752
1322347203730395136
1322347235821060096
1322347281832644610
1322347366595366913
1322347370726772738
1322347458756825088
1322347646766485506
1322347708527509504
1322347793818726400
1322347832016326658
1322348121213575168
1322348129144823808
1322348163190185985
1322348187978354689
1322348272518864898
1322348335177584642
1322348426961453056
1322348536953012225
1322348787034193920
1322348951073300480
1322349030920376321
1322349123836805123
1322349169571467265
1322349363092475904
1322349401050931201
1322349622510190592
1322349734204497925
1322349748867764225
1322349836985917447
1322349941587611648
1322349983090180096
1322349999875788800
1322350097204563968
1322350209758720000
1322350289689726981
1322350302666739712
1322350379799990272
1322350398158483456
1322350449794535425
1322350503649550336
1322350558032752640
1322350596230418433
1322350596494602243
1322350692124774400
1322350792519618560
1322350822634721280
1322350935167791104
1322350969351528448
1322351023411863552
1322351284255559680
1322351292065456131
1322351325741461506
1322351510307692544
1322351518541107200
1322351556751204353
1322351577341038592
1322351685411459072
1322351732391858179
1322351782962450432
1322351786997501954
1322351872859021313
1322352101893103616
1322352165730635776
1322352194084081664
1322352336199712768
1322352338842038273
1322352470400663553
1322352487794417666
1322352499978866688
1322352621148114946
1322352659899305985
1322352693097172992
1322352697442533377
1322352757823672321
1322352780896587782
1322352840199835651
1322352889583620096
1322352939470622721
1322352977894502400
1322352994264977412
1322353137110437888
1322353217863323648
1322353255041650690
1322353372888969216
1322353452324950016
1322353469227896832
1322353687281414144
1322353716142329856
1322353721108426753
1322353721150504964
1322353733238403074
1322353825295065088
1322353901107093504
1322353938797002752
1322353980782092289
1322354044006903810
1322354089934704643
1322354186521104386
1322354298869764096
1322354316498391043
1322354332650610689
1322354443719860225
1322354592995160064
1322354602185003010
1322354606484213760
1322354614394605570
1322354642638921728
1322354689078341634
1322354727049449473
1322354781227307009
1322354983396761602
1322355087394701313
1322355289077747717
1322355323156402176
1322355394459697153
1322355415087112194
1322355435999997953
1322355446552891394
1322355687628939271
1322355734361763840
1322355763319394304
1322355788405305344
1322355847394185216
1322355918403706881
1322355926561660930
1322356073853079552
1322356074146574336
1322356127904968704
1322356165133688832
1322356175476850688
1322356262168715266
1322356422265495552
1322356494092914689
1322356505937694726
1322356577161089029
1322356635109597184
1322356647981928448
1322356669398065156
1322356736527896583
1322356737563906048
1322356753527431174
1322356803070472198
1322356878983266306
1322356896339251200
1322357026475966464
1322357054762291200
1322357336044875776
1322357398649085954
1322357399102115840
1322584298487238660
1322584491500703744
1322584521506803714
1322584718265778178
1322584809965670400
1322584890118864896
1322584928085856262
1322585028316942336
1322585098756202499
1322585119375458304
1322585232214732805
1322585313223561216
1322585421994512385
1322585536138149888
1322585564130934784
1322585598931144705
1322585623417528320
1322585736974131200
1322586033746300933
1322586039253377030
1322586080281985025
1322586126788579338
1322586169343967234
1322586173957525505
1322586193444352000
1322586307101663232
1322586592754675712
1322586738884227079
1322586927716065280
1322587015884410880
1322587050327961600
1322587498418241542
1322587548611448833
1322587603758125060
1322587645596344323
1322587776622186497
1322587783580573696
1322587821178150912
1322587981228789762
1322587985204912130
1322588026397216768
1322588090112778240
1322588207238778880
1322588290952785920
1322588369323393024
1322588496666701826
1322588625910013952
1322588660634705928
1322588706767802369
1322588714497941505
1322589083890319361
1322589129603952640
1322589143373938688
1322589147207520258
1322589223069908994
1322589260889968640
1322589272248061953
1322589369065156609
1322589373125349377
1322589435842727941
1322589448983449603
1322589528507342848
1322589560564449280
1322589637358034944
1322589910751084544
1322590035871436800
1322590060760453123
1322590061511127042
1322590175894134790
1322590510662365186
1322590539544485890
1322590602207371266
1322590900057444355
1322591022598123520
1322591246020464640
1322591247719018496
1322591252320276482
1322591541139927040
1322591554868006917
1322591584232374274
1322591730580021250
1322591860397780992
1322592094968492032
1322592098957303809
1322592150056480770
1322592711866802176
1322593547015671815
1322593572244221952
1322593609640796163
1322593621611261952
1322593647032848384
1322593672479866880
1322593727752396801
1322593861152186370
1322594025279492097
1322594096658210816
1322594213251358720
1322594247489605633
1322594313629360128
1322594398152978435
1322594507595096065
1322594612524056576
1322594871480324097
1322594938828316672
1322595212355665923
1322595374985629698
1322595396640665600
1322595458804494337
1322595548403167232
1322595585149554689
1322595593764671488
1322595743971028993
1322595952998387712
1322596054446034947
1322596096992894982
1322596177116880896
1322596273178832896
1322596348265418757
1322596367097888769
1322596444629598213
1322596541010530304
1322596587605032960
1322596603870482437
1322596666671796228
1322596712972750848
1322596780354187265
1322596991097077761
1322597049284485120
1322597212770213890
1322597271259684864
1322597283624415232
1322597464411672577
1322597480542908416
1322597481398456320
1322597816301223940
1322597959125684225
1322598181553737728
1322598290525954053
1322598382498684928
1322598462496583680
1322598512580808704
1322598553991012352
1322598793016213520
1322598843146522625
1322599020871720962
1322599138228342784
1322599175721119744
1322599276304879616
1322599317518143488
1322599436208336901
1322599556723306496
1322599742107455489
1322599816849985536
1322599866527322113
1322599880695537664
1322599913172119562
1322600056323788801
1322600089714675712
1322600206823804934
1322600740557262849
1322600794495971328
1322600899739586562
1322600996258852864
1322601037774102531
1322601066802929665
1322601180913164288
1322601289029541888
1322601302971482112
1322601327357165569
1322601432315547648
1322601507234082816
1322601642148220930
1322601653959380992
1322601771420786688
1322601919714627585
1322601956158906369
1322601973200363536
1322602358556160000
1322602358774374401
1322602371369914369
1322602383936004097
1322602413031936000
1322602484540579842
1322602538928099328
1322602725348118529
1322602803307696128
1322602828955705344
1322602928822210561
1322603214420803590
1322603252316254208
1322603260692385793
1322603424416993280
1322603462224420866
1322603621184425985
1322603679527165954
1322603704688758789
1322603766647037962
1322603789787009026
1322603953729753088
1322604061779283969
1322604262669516800
1322604401991782402
1322604426255831045
1322604451614625792
1322604574310461440
1322604586562211841
1322604666543329281
1322604835867299840
1322604879869669376
1322604905551568896
1322605051978772481
1322605110481035265
1322605202739023872
1322605269193527296
1322605375145869312
1322605378249629696
1322605395924451333
1322605421367099394
1322605495098568704
1322605609057808384
1322605714544697346
1322605874104406017
1322605957420113920
1322606150391681031
1322606187729354754
1322606251671511041
1322606263784497152
1322606344491290624
1322606464612016129
1322606583071887360
1322606607499485187
1322606624381431814
1322606646292598785
1322606674931310592
1322606687438688256
1322606826513342464
1322607106646749186
1322607198409838595
1322607295579234306
1322607405218189312
1322607463053565953
1322607736245407746
1322607803492560896
1322607885524893698
1322608075862380547
1322608105084080129
1322608368947777537
1322608390455975936
1322608478649765889
1322608692223709184
1322608763220725760
1322608885564203010
1322609430265917440
1322609435286638604
1322609451606568960
1322609552202911744
1322609615201132544
1322609669819518977
1322609755030999041
1322610403768209410
1322610403822706689
1322610411426992133
1322610618172657664
1322610721885167617
1322610760850309121
1322610814059077632
1322611007953412096
1322611032909643782
1322611086873501704
1322611364544741376
1322611435999023104
1322611494224306177
1322611497684656128
1322611514948440065
1322611565762355202
1322611686990319616
1322611821015085061
1322611855051890688
1322611867081183232
1322611890787409923
1322612101580468225
1322612542322167808
1322612639684567040
1322612675990360064
1322612807926468610
1322612932220538882
1322612987321110543
1322613151133769728
1322613212832026624
1322613217537961984
1322613364460265473
1322613394420211714
1322613591304974337
1322613838743769088
1322613855210582016
1322613867999076352
1322613968884563968
1322614048089800704
1322614081891704833
1322614102607327232
1322614148728033281
1322614233641660426
1322614287123316743
1322539033780629507
1322539083525091329
1322539183676731395
1322539255948824576
1322539268766539776
1322539269475414017
1322539348579868672
1322539440280084482
1322539557150203908
1322539641870888966
1322539700364726272
1322539708757532676
1322539914819371008
1322540111242944514
1322540170365804546
1322540325848682496
1322540462272598017
1322540513967353857
1322540543088406536
1322540635056988163
1322540761833893889
1322540805895135232
1322540925030195201
1322541079569272834
1322541163962925058
1322541187396374533
1322541412014063616
1322541471615062018
1322541595611287552
1322541595707744257
1322541625885794305
1322541692734636032
1322541981638266881
1322542035585454083
1322542073569071105
1322542262467858433
1322542351248744449
1322542456311844865
1322542492995133440
1322542493351763968
1322542536108482560
1322542607008935941
1322542670347182080
1322542858881163272
1322542904787693568
1322543059540824066
1322543080747241473
1322543081133133824
1322543118164484096
1322543202285494272
1322543248020299778
1322543332757704704
1322543340542414849
1322543353301356544
1322543550433808386
1322543588329349121
1322543626182893568
1322543630427557890
1322543764884189186
1322543789530058752
1322543806865006593
1322543873311207424
1322543902835023879
1322543949307850752
1322543991049670657
1322543999639605249
1322544041649704962
1322544397553147904
1322544519544492032
1322544519875858438
1322544784054116352
1322544797979156480
1322544838663876610
1322545102510649354
1322545127219470341
1322545182550691846
1322545219905093633
1322545233117270016
1322545250682966016
1322545312544645122
1322545332933304321
1322545349999943688
1322545392106541056
1322545429884637187
1322545448867954688
1322545457566900232
1322545555696922627
1322545635892072450
1322545819560644608
1322545827609497600
1322545920500588545
1322545924883779584
1322545936648777730
1322546034149597184
1322546129825722370
1322546284520042498
1322546327478259715
1322546511390134277
1322546737916030976
1322546792420925440
1322547015792922624
1322547069567918083
1322547194973556736
1322547249910444037
1322547320991481857
1322547334945845250
1322547451304284165
1322547727180406784
1322547795648225280
1322547828497985536
1322547917203206145
1322547925038190593
1322547953748250624
1322548142835961857
1322548189690408961
1322548243646087168
1322548324105334784
1322548344808476674
1322548365536694272
1322548450454605834
1322548531404701696
1322548562895511552
1322548680193462274
1322548759419588610
1322548831268077572
1322548986037719040
1322549030837170178
1322549086818603012
1322549136995061763
1322549137779363847
1322549262534717446
1322549418176905216
1322549505850560512
1322549687275106304
1322549696032919553
1322549741427843072
1322550001738813440
1322550021762461700
1322550098572828675
1322550186430914564
1322550483165261826
1322550597061648386
1322550630372827137
1322550676174483461
1322550705488498688
1322550747544850433
1322550760840683522
1322550887068299266
1322551063115829250
1322551154891476992
1322551268431179782
1322551428297199617
1322551656853241859
1322551751296385024
1322551817146945538
1322551997577392129
1322552031777869825
1322552052170563585
1322552195179532290
1322552232257048583
1322552350263881728
1322552359084412935
1322552441620123648
1322552471474987008
1322552702774247424
1322552715654868992
1322552740699119616
1322552805572272128
1322553000016060416
1322553037576196098
1322553097080639489
1322553247404613632
1322553297614606340
1322553445446987777
1322553448630489089
1322553524564172807
1322357695639298049
1322357709824495617
1322357776337805315
1322358006932213760
1322358209311608832
1322358272003747840
1322358414186475520
1322358435199901696
1322358573041623041
1322358728205737984
1322358925665034240
1322359026005528578
1322359186164977664
1322359210848456704
1322359549672775682
1322359558929551361
1322359579750092806
1322359802866114560
1322360003857141761
1322360075122548736
1322360125697388544
1322360150812991488
1322360217124761600
1322360284875526150
1322360372876222471
1322360381122125824
1322360482527956994
1322360808362442753
1322360976151355393
1322361073434054656
1322361098599829505
1322361110998245377
1322361141130002432
1322361195169415168
1322361199187488769
1322361308554141697
1322361421225709568
1322361447276445696
1322361567950884866
1322361609562558470
1322361648385019905
1322361736230559744
1322361743688028167
1322361866706964480
1322361992104071168
1322362004284280841
1322362050207731718
1322362151730925568
1322362326876606464
1322362549384327168
1322362675851075589
1322362680569724938
1322362701599830016
1322362801071878145
1322362981603303425
1322363112100667393
1322363178815283201
1322363200302698496
1322363225556492288
1322363296687685632
1322363337775017986
1322363342141313024
1322363384852058114
1322363455597383681
1322363632190132225
1322363729246343169
1322363740235436032
1322363940509118464
1322363957554880512
1322364017399181312
1322364093760753667
1322364130322456576
1322364289777369091
1322364390654443521
1322364533151772672
1322364566978920448
1322364632451993602
1322364747027808259
1322364910802595841
1322364957443289089
1322365242337337344
1322365296913616896
1322365314030600192
1322365342656548865
1322365627898699776
1322365661721473026
1322365678142263297
1322365904836055040
1322365905133801473
1322366018656763910
1322366148206317568
1322366400061726721
1322366434119397383
1322366437013508096
1322366497147088896
1322366882683461632
1322366932306202624
1322367046752129025
1322367146169671684
1322367372620140545
1322367509790515201
1322367641189720064
1322367839303618561
1322367876179873792
1322367973093335040
1322368262697488384
1322368313159278592
1322368400744681472
1322368778043351041
1322368790898839554
1322368870431207424
1322368883060330498
1322368921714843648
1322369017248702465
1322369122534105090
1322369134731079680
1322369251928346624
1322369272560181251
1322369273730375680
1322369306919776257
1322369403380408320
1322369586235379712
1322369633194811392
1322369658599604224
1322369704778821632
1322369986443145216
1322370040243482624
1322370238239940608
1322370258326429697
1322370350840221698
1322370376228372480
1322370451960713217
1322370540078682112
1322370556499406851
1322370996586770432
1322371085841518592
1322371148668112896
1322371270374207488
1322371354084151300
1322371479074459661
1322371665427369985
1322371832385687553
1322371836424966146
1322371846470336517
1322371902799859712
1322371928133435394
1322371951877345282
1322372016377372674
1322372184246001664
1322372234892161024
1322372519328993280
1322372528011120642
1322372674203619329
1322629663550746626
1322629693057732610
1322629745864003586
1322629848188243972
1322629869147213825
1322630003939405825
1322630037133094914
1322630097665339392
1322630133673390080
1322630173452341248
1322630208680349698
1322630338632388609
1322630389337219072
1322630452486664192
1322630538218348544
1322630686612824069
1322630770335322114
1322630771274899462
1322630800739831808
1322630812978860032
1322630917232431104
1322631035818004480
1322631119053987842
1322631178000736256
1322631232052711424
1322631312705028096
1322631476580528129
1322631643753009155
1322631652087156736
1322631907851554822
1322632180724629506
1322632184499494918
1322632200840454150
1322632289680003074
1322632461038186496
1322632462112067589
1322632566013370374
1322632579804135424
1322632746766901253
1322632834608173056
1322632881416515584
1322632889389953031
1322633123851546625
1322633207880310785
1322633221083959296
1322633359391010816
1322633682331586563
1322633707107291137
1322633912292618240
1322633954436935680
1322634042328625152
1322634205998718977
1322634227247185920
1322634272918982657
1322634280498040838
1322634340396916736
1322634353084633090
1322634437331505155
1322634475323318272
1322634480985788416
1322634504155123724
1322634583913996289
1322634609213935617
1322634755951583232
1322634981890531329
1322635027960811522
1322635095048626177
1322635158286036994
1322635279577108481
1322635296400384001
1322635317485150209
1322635322090491910
1322635355170856960
1322635410170925059
1322635456404750337
1322635469176426501
1322635527493980160
1322635783715651585
1322635817282658306
1322635863042494465
1322635971708522496
1322636261723643904
1322636315653857281
1322636316178173952
1322636387250704384
1322636387238240256
1322636546382602240
1322636625969586181
1322636881838964737
1322636891095781386
1322636949237178378
1322637083928797185
1322637343208153089
1322637389236477954
1322637389970444289
1322637423340380162
1322637553753825283
1322637582547755011
1322637586922377224
1322637658372231170
1322637800588611584
1322637817051308034
1322637954293092353
1322637956734242816
1322637981136658437
1322638022697889797
1322638292005888000
1322638584592044032
1322638613813686273
1322638647653355521
1322638824372080641
1322638828499308546
1322638995818532864
1322639189792403456
1322639399054680065
1322639663413272576
1322639690470694914
1322639692328828934
1322639721714122754
1322639734007476224
1322639796951523328
1322639827234336773
1322639927469899777
1322639945723379712
1322639969790369793
1322639977197568002
1322640032365121536
1322640090917720068
1322640220727042049
1322640368308019201
1322640560482471936
1322640564895043587
1322640661233999873
1322640724232425473
1322640824933457925
1322640845619793920
1322640920878051333
1322640979820638208
1322640990390411264
1322641025941331971
1322641046862442496
1322641181940060162
1322641231848083456
1322641240576401410
1322641265834471424
1322641424114962434
1322641441143820290
1322641793683464195
1322641818283085824
1322641840844296193
1322641978857840647
1322642070918459392
1322642138425819136
1322642158898171904
1322642347587440640
1322642393859063809
1322642615616081932
1322642717009039360
1322642732070948864
1322642846189559808
1322642850505523201
1322642943480487936
1322643002184130560
1322643206773776384
1322643254198886402
1322643378987675648
1322643543027032064
1322643559418351619
1322643899114991616
1322643926264778752
1322643987115745280
1322644075879690240
1322644083354013697
1322644222336552967
1322644295887822848
1322644344377991168
1322659649552863232
1322659661103788033
1322659854679384064
1322659874778554368
1322660017993121795
1322660039652376576
1322660077388615681
1322660118715092993
1322660336441434113
1322660366069993477
1322660399079133188
1322660664469573632
1322660668215074816
1322660781515821058
1322660852042997760
1322660934205267970
1322660955357065217
1322661028543356928
1322661120830787586
1322661135359815681
1322661226187526145
1322661258697478144
1322661263848165379
1322661368667910144
1322661381380820992
1322661620645089281
1322661708465360897
1322661796348657664
1322662031653220354
1322662110590128128
1322662312029900806
1322662404774264832
1322662501029421057
1322662534852173824
1322662736275349504
1322662743841906688
1322662803241463808
1322662852352598016
1322662865543847936
1322663059681325059
1322663122042195969
1322663269681737728
1322663312820178945
1322663420349526020
1322663432072712194
1322663616986910724
1322663696737382411
1322663780514439169
1322663788504616960
1322663892330418181
1322663932876726273
1322664028079009792
1322664199898730506
1322664354790166528
1322664376361459712
1322664443092869120
1322664462663491584
1322664794952970246
1322664861860532224
1322664979338797056
1322664980542418944
1322665046611091456
1322665236210552832
1322665345027637250
1322665428578160640
1322665458424635393
1322665818665086978
1322665840618086400
1322666024999800835
1322666246224158720
1322666272283308037
1322666314582904832
1322666321851633665
1322666499534999553
1322666745405071362
1322666787339702278
1322666892293775366
1322666901294649344
1322667077115719686
1322667111232266242
1322667181281345543
1322667265926615044
1322667332418916352
1322667420398481408
1322667425779863558
1322667521623863297
1322667538052866048
1322667600497700864
1322667764763529226
1322667793205108736
1322667920103776256
1322667946007646208
1322667954195124224
1322668016832811009
1322668183652691969
1322668213373702144
1322668444819611658
1322668536217698304
1322668649258328064
1322668657890238464
1322668846403133440
1322668952217112577
1322669002745937921
1322669082559176704
1322669278513057795
1322669291309658112
1322669291183906817
1322669375426625541
1322669395966009344
1322669706512388096
1322669781871435776
1322669795251204096
1322669814595284992
1322669837403840512
1322670159979520001
1322670277843685378
1322670360827990017
1322670370080526337
1322670385905737738
1322670495272038400
1322670697328615424
1322670701111889921
1322670742471933953
1322670830837485570
1322670927113576449
1322670947598393344
1322671066070876160
1322671115752407040
1322671128410689536
1322671149675925504
1322671171163312129
1322671208501006337
1322671301815881731
1322671422326644741
1322671544414457863
1322671590342037505
1322671648718286848
1322671892311007232
1322672005368352769
1322672031213801473
1322672034778853376
1322672068798877697
1322672114080616449
1322672437411106816
1322672651236769793
1322672697365639168
1322672727052857344
1322672881579544580
1322672907575828480
1322673087440060417
1322673092318138368
1322673120734441473
1322673178720817153
1322673209062424576
1322673233917747200
1322673322170191873
1322673427006763010
1322673565129322496
1322673738207449088
1322673745815916544
1322673922190442497
1322673955547750401
1322673964523556865
1322674060543733760
1322674216190189568
1322674220342628352
1322674379810082821
1322674433996267522
1322674493463166981
1322674634685177856
1322388189940690950
1322388194722082816
1322388341568909314
1322388344576319488
1322388361735217153
1322388428886056960
1322388521148178432
1322388542346170368
1322388654623465474
1322388744142491648
1322389029053227008
1322389112628875265
1322389153913470979
1322389187455262720
1322389469178306561
1322389506444742661
1322389552384733185
1322389690440298497
1322389726712668165
1322389976579928064
1322390148542164992
1322390156226269184
1322390177789038592
1322390203483398144
1322390328599404545
1322390328859598849
1322390434237288453
1322390487504879616
1322390656166305794
1322390663690932224
1322390748726235137
1322390861573955584
1322390890615373824
1322390965588496384
1322391083633049600
1322391097553899521
1322391137911525376
1322391230215573504
1322391289229414400
1322391390471544832
1322391439796568064
1322391469437669376
1322391699725930498
1322391989371965440
1322392013271044097
1322392033458184192
1322392233077809153
1322392333099372544
1322392439005581313
1322392530877509632
1322392603304714240
1322392723496853504
1322392946516332544
1322393063155617795
1322393517004484608
1322393562777083904
1322393597082173441
1322393601481977856
1322393784513081349
1322393785062592518
1322393822421200897
1322393852066570240
1322393922983718913
1322394053179285505
1322394100679741442
1322394108044849153
1322394120757850113
1322394125161869314
1322394163082596352
1322394355911503872
1322394385292709889
1322394393169592320
1322394506990292994
1322394632702091266
1322394850398924805
1322394854656102400
1322394946641502208
1322395151722008576
1322395165085106176
1322395344852918272
1322395448976543744
1322395504869822466
1322395887226785792
1322396088263798785
1322396200767770624
1322396306304880646
1322396338663821312
1322396388710207488
1322396419941036034
1322396423154008064
1322396490564849665
1322396788846858240
1322396969239777280
1322397275285573632
1322397489870196736
1322397493821202432
1322397526369198080
1322397693117911040
1322397744976269314
1322397761619193856
1322397823816634368
1322397983011459072
1322398046257352710
1322398201794748418
1322398222330044416
1322398250339606528
1322398435971125248
1322398570989772800
1322398574429220864
1322398705090134016
1322398743078019073
1322399429949874178
1322399492629549057
1322399529296105472
1322399556613668870
1322399603451334656
1322399757902311424
1322399850382594048
1322399904560345093
1322399922025496577
1322399979860709381
1322400012727320577
1322400169040760833
1322400223923040256
1322400294320316416
1322400571769319424
1322400593315549184
1322400692707958785
1322400705076994048
1322400734109962240
1322400805836771330
1322400937005166592
1322401096694816773
1322401247924645890
1322401515672346625
1322401554809278467
1322401581858385920
1322401711714160640
1322402068045418496
1322402480068710400
1322402509822947330
1322402699128745985
1322402749192044545
1322402781970362368
1322523875066802176
1322523919887163394
1322523967685595140
1322524038200254467
1322524072295702528
1322524190474407937
1322524331726016513
1322524605211320320
1322524626120069120
1322524718008860672
1322524801571979265
1322524875911815171
1322525779452973057
1322525784012193793
1322525872625168390
1322525884041998336
1322525955982766086
1322526034626052096
1322526128448438272
1322526199286059008
1322526239836434432
1322526342076866560
1322526823843012608
1322527079091458050
1322527142178115584
1322527297648418816
1322527361104023556
1322527511977316357
1322527653685915648
1322527733944094721
1322527919344914434
1322528006666149890
1322528035183202305
1322528073359609862
1322528119165652992
1322528119895564288
1322528149465374722
1322528155853271042
1322528212749066245
1322528262136819712
1322528447000940544
1322528599656771584
1322528664479801344
1322528886782119938
1322528891592990721
1322528941857558534
1322528959427416065
1322529039274414080
1322529151170039808
1322529176545595393
1322529181796835330
1322529252596658177
1322529429118214145
1322529474609598465
1322529697511673862
1322529755439222786
1322529785428480000
1322529902529163266
1322529928076775424
1322529944736595969
1322530003712659456
1322530061787029505
1322530297422979072
1322530317845102592
1322530401345138688
1322530520878714880
1322530532325052417
1322530582128136192
1322530687166095366
1322530787871363073
1322531077332766725
1322531122501373953
1322531131284226048
1322531243871883264
1322531307147173889
1322531377477275648
1322531391704342532
1322531652543852546
1322531655484166144
1322531797796900864
1322531815782043648
1322531839458877441
1322532250823520257
1322532377382539264
1322532465400074243
1322532532848676868
1322532574229647360
1322532607712702464
1322532662242922496
1322532674670657542
1322532729494347779
1322532741792124928
1322532788332101632
1322532838001025024
1322532864026697728
1322532909270536193
1322532997451624448
1322533019165560840
1322533111180206081
1322533152506695684
1322533246157103105
1322533257200762881
1322533375421370370
1322533387534360576
1322533388759257089
1322533417846714368
1322533434863067137
1322533451250192387
1322533455578759169
1322533463677792256
1322533500881391616
1322533597019033602
1322533668955529222
1322533971557834755
1322534037404213248
1322534125937545217
1322534285979635712
1322534347883401216
1322534592444850176
1322534599981977601
1322534667640295430
1322534729879445504
1322534733637685252
1322534826877034502
1322534839036399616
1322534865003335680
1322534914701488128
1322534961359060994
1322534985048461312
1322535120650326018
1322535128275574796
1322535257275551744
1322535295762444294
1322535299063435270
1322535389438103552
1322535442802237440
1322535518014480384
1322535539745136641
1322535565108064257
1322535598201147392
1322535606669447169
1322535648138547200
1322535673400827910
1322535817215180801
1322535866473041920
1322535916662120448
1322535970898612229
1322535984068726786
1322536046278643712
1322536114176086017
1322536118487834625
1322536122237427714
1322536135457939456
1322536189602136064
1322536312151355392
1322536344615374850
1322536403914252288
1322536428753092609
1322536449175035904
1322536462190022656
1322536507266183168
1322536621552652288
1322536777240973312
1322536788527882242
1322536902055071745
1322537166308782080
1322537276325400577
1322537283946532872
1322537380788740096
1322537401219239937
1322537426577842181
1322537468852375554
1322537553241595904
1322537641041014786
1322537656501235712
1322537743059054592
1322537775560822786
1322537863196647425
1322537867059646465
1322537904665755651
1322538001923190785
1322538443042394112
1322538534276943872
1322538584331595776
1322674760837435393
1322674769897103363
1322674811001327617
1322674857222438912
1322674886939090945
1322675002840330242
1322675033135816706
1322675096054476800
1322675172185378818
1322675176656523264
1322675197128880129
1322675285230321668
1322675415912194048
1322675447902199814
1322675478029721600
1322675641318318080
1322675692006461440
1322676128037937153
1322676296065961984
1322676430526963714
1322676430577303552
1322676438659727366
1322676541986398208
1322676648181854210
1322676824535519232
1322676858412937216
1322676867304845314
1322676979490082817
1322677139108470784
1322677159958294528
1322677160574918656
1322677210076057601
1322677345178718208
1322677365139406850
1322677399830491136
1322677952769916928
1322678049549230080
1322678112505810945
1322678170441650178
1322678200778981376
1322678241837068289
1322678258958151680
1322678304982401029
1322678334174732289
1322678581504495618
1322678594116620289
1322678661598924800
1322678837931462656
1322678893057331206
1322678930130821132
1322678933523959808
1322678980084965377
1322678984774045696
1322679014063067137
1322679018349420545
1322679030588428288
1322679047634198529
1322679093553438720
1322679118425591808
1322679161685757953
1322679286701215744
1322679588246310912
1322679597029330945
1322679735185403904
1322679878567841794
1322679932674174976
1322680015599919106
1322680118255489025
1322680213952749572
1322680480223817728
1322680716749086723
1322680716925325312
1322680771014991873
1322680994231652352
1322680998354714628
1322681094731231232
1322681128168415232
1322681249060761600
1322681497128677379
1322681626854330368
1322681963099103233
1322681992085987336
1322682093143556099
1322682109455224832
1322682340175478785
1322682461218729985
1322682465555763200
1322682400745250816
1322682528403259399
1322682541128720385
1322682768741064705
1322682796888989696
1322682801351700481
1322682939914756096
1322682985372618754
1322683128721350656
1322683259189428231
1322683275979218950
1322683413271379970
1322683427120848896
1322683472885043206
1322683543475032065
1322683564530434048
1322683644708880385
1322683779064991746
1322683803576401920
1322683804167884802
1322683866713190400
1322683996556333056
1322684009030295552
1322684042878148610
1322684075937726464
1322684349255471104
1322684437503614976
1322684576477696001
1322684753275985920
1322684857021988865
1322684882326343680
1322685036785766400
1322685146642997248
1322685259520057345
1322685272232873985
1322685565301624832
1322685569571475457
1322685624227344389
1322685642497810434
1322685703474581504
1322685720415318022
1322685900753575936
1322686052612640768
1322686169906323456
1322686244724367362
1322686450199109634
1322686487868047361
1322686500987904001
1322686592931270656
1322686693967863808
1322686870422056960
1322686931860443137
1322686936847282176
1322686957877645314
1322687037363945472
1322687197645017090
1322687342495342592
1322687377677037568
1322687480005623808
1322687494672977920
1322687579242688513
1322687595407577088
1322687597077057536
1322687658783608834
1322687675057557504
1322687751242850304
1322688052221890560
1322688132266004481
1322688191611154432
1322688195084001280
1322688200603742209
1322688274650013702
1322688538815549440
1322688576115646465
1322688627336503296
1322688753522118663
1322688825601232896
1322688840859938816
1322688899534196737
1322688920094711808
1322689168200269824
1322689176790327299
1322689319161729024
1322689336119193601
1322689373641437184
1322689382776598528
1322689413055471617
1322689423994138626
1322689550284587008
1322689571293929480
1322689587941117954
1322689595893555201
1322689659676303360
1322614349891051524
1322614362994081799
1322614598265118720
1322614618494246912
1322614677294252032
1322614723091795968
1322614774107164672
1322614778045501440
1322614815941156867
1322614899961417728
1322614987844657152
1322615000113029121
1322615050318671872
1322615109496299523
1322615272965066752
1322615473981325313
1322615697382416384
1322615759688863747
1322615847446261763
1322615881189388288
1322615965771845632
1322616028640256006
1322616078305005569
1322616091504480256
1322616166783815681
1322616258530054144
1322616283704164355
1322616576890277896
1322616882965344257
1322616908504616961
1322616967279353856
1322617002142281728
1322617537842933760
1322617584345296896
1322617634815315968
1322617667086290944
1322617744433516544
1322617745092059136
1322617794182017024
1322617814931382272
1322617831465299969
1322618229919903744
1322618483998380032
1322618565447606283
1322618590554705922
1322618602978074624
1322618645751607296
1322618675220910081
1322618737783009282
1322618763125035008
1322618988975837186
1322619010152685573
1322619144781680643
1322619182618497024
1322619192688955392
1322619261966311433
1322619362466009101
1322619404174151680
1322619410788614150
1322619518166933506
1322619614304571393
1322619820152623111
1322619895121547264
1322619937425362945
1322620134456987648
1322620143453806593
1322620213725200384
1322620238735773700
1322620340204351488
1322620348718813192
1322620427722698754
1322620453345808386
1322620478557687809
1322620524829310976
1322620604047073280
1322620708774662147
1322621057090670593
1322621091412664322
1322621186744881152
1322621268609372163
1322621451602714629
1322621459110514692
1322621518346510336
1322621519105794056
1322621614861754368
1322621845212958722
1322621980017790977
1322622046820552705
1322622097416364032
1322622244154040320
1322622349330571270
1322622391206510592
1322622518050484231
1322622575042854915
1322622592155529219
1322622596043722752
1322622767855030275
1322623003612631041
1322623082633244674
1322623086731141123
1322623120755232769
1322623145522638855
1322623203282362368
1322623527820800000
1322623553141964802
1322623653171941377
1322623695320473601
1322623897142001665
1322624022425776129
1322624047449055237
1322624077627084800
1322624119196639232
1322624450324533251
1322624454598496256
1322624526010732551
1322624543224201221
1322624563138777088
1322624714402123776
1322624764528234499
1322624769401913344
1322624949647933440
1322624977615654912
1322625146209898496
1322625200249253888
1322625311008313344
1322625489731637248
1322625637551669249
1322625684062175232
1322625712457621506
1322625783693742088
1322625836051275782
1322625893370535936
1322625976967303168
1322626048073281542
1322626237978808320
1322626274313953281
1322626354748248073
1322626421588742145
1322626630846734341
1322626651944046596
1322626726686531584
1322626743824347137
1322626925282689025
1322627008812224513
1322627075002392576
1322627101413961728
1322627129859739648
1322627218569367554
1322627256812929024
1322627340392910848
1322627394780483585
1322627482378534924
1322627570651828224
1322627696526987265
1322627784695554051
1322627785026920449
1322627843826749440
1322627889809018880
1322627994519801856
1322628069300015107
1322628346648383488
1322628389421772800
1322628489686749191
1322628504522018816
1322628539766616064
1322628552643149824
1322628573346197505
1322628598252142594
1322628661628047362
1322628712370741248
1322629034409291777
1322629072753631232
1322629106857660417
1322629122993082368
1322629176990572554
1322629202936410112
1322629214064025602
1322629294342967298
1322372829673869312
1322372851404595200
1322372884237414400
1322373114232262656
1322373451294887939
1322373626704896000
1322373634812358657
1322373861242032130
1322373868607078401
1322373986441781249
1322374192973533185
1322374372947038208
1322374423253573633
1322374484117102592
1322374516916604930
1322374520028749824
1322374641986478080
1322374762962784256
1322374986426769409
1322375023986958342
1322375078353477634
1322375107998851072
1322375173929054208
1322375359224979456
1322375367601065984
1322375375473811456
1322375545267527680
1322375728692895751
1322375757197291521
1322375824264232960
1322375870493896704
1322375870535839744
1322375887510212609
1322375972394569731
1322376017122504704
1322376025699950593
1322376286774288385
1322376470384300039
1322376483311095815
1322376499953983488
1322376714337591296
1322376781580521473
1322376803357478912
1322376989790117889
1322377003539025920
1322377112746184705
1322377459858243584
1322377548899209216
1322377695825666048
1322377746857615360
1322378164765515777
1322378168825765889
1322378312421908482
1322378442948501506
1322378466788978688
1322378664777027584
1322378676923629568
1322378734846967808
1322378979475599360
1322379054201278464
1322379129765855233
1322379221897932800
1322379248057917445
1322379339305013248
1322379364525314048
1322379448323375106
1322379529055309824
1322379570448867328
1322379607748739072
1322379725587755009
1322379871595671559
1322379871864193024
1322379951828467713
1322379997768687618
1322380091054325765
1322380144544260096
1322380158192570368
1322380295580971008
1322380300224258049
1322380321174646784
1322380388073902080
1322380392687521793
1322380421011820544
1322380455132360704
1322380500787470336
1322380582106615808
1322380594307690497
1322380694702739456
1322380798964760578
1322380823681658880
1322380895630839808
1322381085062262784
1322381155484672002
1322381202846670848
1322381278126235649
1322381368916090882
1322381428500406278
1322381536759549953
1322381655647129600
1322381675112796162
1322381704737161216
1322381751889612800
1322381788593983489
1322381903048118272
1322381906139357190
1322382091179483137
1322382104139911169
1322382311321706497
1322382326194708480
1322382500744802304
1322382522731405312
1322382896070447104
1322383064589357056
1322383067776909313
1322383110672207873
1322383290095947777
1322383336434618368
1322383433562234880
1322383583638597632
1322383621710368768
1322383635790491650
1322383738760822784
1322383907745112064
1322384062686859264
1322384293524512768
1322384310146682882
1322384384956289024
1322384464895483904
1322384486559088640
1322384501616660480
1322384613877100546
1322384682965590016
1322384749869096961
1322384801223991296
1322384826813599744
1322384972909584384
1322385002496249856
1322385165159669760
1322385194519769090
1322385198948909056
1322385341836365824
1322385400426618880
1322385505993003008
1322385635274035200
1322385657013112833
1322385706925223936
1322385932931145728
1322386121871949829
1322386204009009154
1322386235281805312
1322386490584899585
1322386688795168769
1322386717165318144
1322386936556851200
1322387078437634049
1322387099182460930
1322387384315613185
1322387530868809728
1322387783118323712
1322508725891072000
1322508763492995073
1322508834485710848
1322508885333364737
1322508939091714048
1322508963884068865
1322509148370673664
1322509175042310145
1322509283825610752
1322509294517051392
1322509316981743616
1322509384208011269
1322509422376243200
1322509728178753537
1322509808600272897
1322509863252090880
1322510192798564355
1322510299266764807
1322510323681812480
1322510478837501953
1322510717921206272
1322510848653479937
1322510985538752512
1322511014852583425
1322511074571280389
1322511153361260550
1322511460522729473
1322511490470076416
1322511558417797121
1322511602554490882
1322511604345409542
1322511786692669441
1322511859266838529
1322511871996514305
1322511917294997510
1322511927030042625
1322511951805730816
1322512144508878851
1322512345931911168
1322512488131416064
1322512505260879874
1322512547300466689
1322512815240974342
1322512891254173697
1322512927467790336
1322512966235947008
1322513096934481920
1322513444751495168
1322513457783201794
1322513465794301952
1322513549940428801
1322513648808546304
1322513843764011018
1322513851988942849
1322513879877013505
1322513930682568706
1322514019727613954
1322514097913491456
1322514287701692416
1322514400360701953
1322514458841960449
1322514522100256769
1322514556372062208
1322514682062774273
1322514706360315904
1322514770667302913
1322514824606162944
1322514831786717185
1322514849469997057
1322515177397510144
1322515192576643073
1322515230371598336
1322515235698282496
1322515297794928642
1322515397896294403
1322515680600707072
1322515735734706176
1322515758388269057
1322515779691032578
1322515839350964224
1322515880417337344
1322515931667537924
1322516061141504003
1322516108482613248
1322516155995688980
1322516262581342209
1322516304478105601
1322516593344188416
1322516947485995012
1322517116843601929
1322517186381045760
1322517260641226753
1322517286268403712
1322517311631360000
1322517352467095552
1322517449200291840
1322517516401414144
1322517554909368320
1322517738229796865
1322517743866912768
1322517763831828482
1322517809704931328
1322517998436032512
1322518020309372932
1322518365177581568
1322518396680859650
1322518448027652099
1322518523453743107
1322518586292920321
1322518754975207425
1322518998202941442
1322519018587197440
1322519563867742208
1322519584952504320
1322519668410626049
1322520012066824195
1322520029640814592
1322520176282247170
1322520456134455301
1322520481795350532
1322520536627531778
1322520695318990848
1322520979097243653
1322521077562642433
1322521215882416128
1322521635635761153
1322521732226387968
1322521766825218048
1322521769010487307
1322521866674851846
1322522127006900224
1322522201208180736
1322522269537677313
1322522321828139009
1322522339603632130
1322522399041048576
1322522700187881473
1322522729896181763
1322522792575774720
1322522946603225088
1322523132746452993
1322523171417919495
1322523439954120705
1322523593985740803
1322523648738119680
1322403071234838530
1322403074728669184
1322403091401068544
1322403213836955649
1322403392283619328
1322403398281547783
1322403542032855045
1322403790805327872
1322403900062838785
1322403918803017730
1322403943209750528
1322403982032080902
1322404028609777664
1322404244755021825
1322404701879603202
1322404791956475904
1322404857295372289
1322404937171529728
1322405039818838016
1322405206454378499
1322405238515662854
1322405349312352256
1322405529256366080
1322405604959252481
1322405805052764161
1322405855959126016
1322405864586829824
1322405995574894592
1322406119508160513
1322406212483178497
1322406225213067265
1322406246327214080
1322406350362710016
1322406354842128390
1322406426829066241
1322406523453218817
1322406572664918016
1322406758690684931
1322406912600715264
1322406958943657984
1322407147532070913
1322407181015224321
1322407215542788097
1322407300204843009
1322407307016196096
1322407407193042944
1322407525103403010
1322407789155831808
1322407873167552513
1322407908173352960
1322408104340774913
1322408116621697024
1322408189808267265
1322408269508354049
1322408363838373889
1322408705288261632
1322408719746031616
1322408801899737088
1322408829284315136
1322408846833324033
1322408930954387457
1322408934926290944
1322409078153342978
1322409152371544064
1322409228628316160
1322409456634941441
1322409493389438976
1322409543394074625
1322409741298016257
1322410079266721794
1322410117480939520
1322410247152041989
1322410265326047233
1322410298620477440
1322410369755844608
1322410384062631937
1322410406632181760
1322410427398168576
1322410581563908096
1322410667169718272
1322410675000479744
1322410710064787456
1322410777811296257
1322410845788282886
1322410920463765504
1322410934619369473
1322411090307854336
1322411119315722241
1322411335611801600
1322411583033679873
1322411694031736833
1322411820586446849
1322412001801478144
1322412099256070144
1322412109628669952
1322412596604010497
1322412646977732608
1322412775784800258
1322412971490902016
1322413091213160448
1322413178647502853
1322413424740106240
1322413438891536385
1322413679112032258
1322413700293271553
1322413711450144770
1322413792496480256
1322413871395647488
1322413943550316544
1322413945907408897
1322413960033828866
1322413973065637890
1322414029827006464
1322414101524439042
1322414199692234752
1322414227915755521
1322414240288903169
1322414257539985408
1322414317401108482
1322414334786433025
1322414382626729986
1322414404617428992
1322414441837649921
1322414674063855616
1322414752266559488
1322414777650552833
1322414903014154240
1322414915882242049
1322414988296900608
1322415112934707200
1322415127832883200
1322415139111403520
1322415193494880257
1322415234695405570
1322415444892897280
1322415470595645440
1322415494092251136
1322415566427074560
1322415640947417089
1322415671901360130
1322415827518455808
1322415886112903170
1322415964449853440
1322416050701508608
1322416108150747136
1322416456282169344
1322416505368289280
1322416653791981568
1322416775435227136
1322416831966154752
1322417055849730048
1322417303397552128
1322417315586088961
1322417352382779392
1322417454329393152
1322417509195079686
1322417675352580096
1322417814423089152
1322493661347827712
1322493764838064130
1322493864784154624
1322494099933462528
1322494102500495362
1322494209442508802
1322494368218042369
1322494418864250881
1322494426904711173
1322494621616762880
1322494669117337602
1322494725711159298
1322494833915777024
1322494896297697280
1322495124270653442
1322495186077995009
1322495219263295496
1322495322136940544
1322495333251776512
1322495347042766849
1322495393939156992
1322495672709390336
1322495996534886402
1322496033339953152
1322496078114074625
1322496231772430337
1322496436685152257
1322496729464397824
1322496788469817345
1322496960876728321
1322497241957961729
1322497324841639936
1322497333150601216
1322497351387283458
1322497465166094336
1322497579481968642
1322497585039527937
1322497857291735040
1322498067552067585
1322498127702728704
1322498252005134336
1322498283437232128
1322498313149648896
1322498359593152513
1322498477163728897
1322498587994005506
1322498684165214210
1322498727085572097
1322498873135452160
1322499193198596096
1322499472337833989
1322499524816965633
1322499679540682755
1322499682547937283
1322499761929359362
1322500104264290307
1322500169879883776
1322500320342278145
1322500451066171393
1322500571786596352
1322500580762361856
1322500619383439361
1322500810857742336
1322500862216790016
1322500864507056136
1322500975307968512
1322501020711342083
1322501159324688385
1322501208716828672
1322501242497589248
1322501257043595266
1322501278182842369
1322501347250475008
1322501364040216577
1322501381882826752
1322501856996724737
1322501905713557505
1322502014496989184
1322502183607128065
1322502232814751745
1322502360019750914
1322502479502839808
1322502534582439937
1322502798664175616
1322502922207436801
1322502991660855296
1322503159869284355
1322503461796302849
1322503646756675586
1322503666906079232
1322503702213652485
1322503718177308679
1322503890365939716
1322503897731182592
1322504184755851266
1322504350862872577
1322504431221542913
1322504562465337345
1322504568694079493
1322504750806413313
1322504807568101381
1322504896533417984
1322504955593334784
1322505199370399744
1322505210124767232
1322505299396362245
1322505408796262401
1322505617303547905
1322505688279638018
1322505739164934144
1322505861227520000
1322506193093406724
1322506248378556416
1322506256599326720
1322506269018775552
1322506273271828482
1322506331933335554
1322506433703878656
1322506457686904832
1322506528943910913
1322506738021650432
1322506746276024320
1322506749304295425
1322506826475315200
1322506935736897536
1322506939469881344
1322506959736766466
1322507002338312192
1322507015755739141
1322507051742932992
1322507052804165632
1322507193971843072
1322507200196202496
1322507249974202368
1322507366537994241
1322508097169088514
1322508254916845569
1322508401964916737
1322508457975730179
1322418054278508546
1322418074222428160
1322418308801536001
1322418527681318912
1322418615388430341
1322418715061899264
1322418728429039616
1322418807886012417
1322418921899778049
1322418967797919744
1322419021212340225
1322419206302830592
1322419303572885504
1322419374825721857
1322419445386612737
1322419471194050561
1322419474528526336
1322419495974117376
1322419522700234752
1322419771237830658
1322419932492161024
1322420050104586241
1322420068190474240
1322420092718690305
1322420128529657856
1322420172456603649
1322420222301630465
1322420482528878592
1322420766130884608
1322420959932870656
1322421097707393024
1322421259137896448
1322421260958224384
1322421320341164032
1322421439073558528
1322421446610579456
1322421501589655552
1322421531545346050
1322421580207661056
1322421634557333504
1322421699904561153
1322421701297102850
1322421752127893506
1322421766074126337
1322421859523063808
1322421889264840705
1322422178269204480
1322422303452377088
1322422328257597440
1322422331961077763
1322422588841336833
1322422631048556544
1322422780906762241
1322422838222094336
1322422952206499840
1322423224391532544
1322423247846203392
1322423296273584128
1322423394672005120
1322423452750409728
1322423681927163904
1322423925851279360
1322424008911015936
1322424014732775425
1322424014413987840
1322424035309838336
1322424412612763649
1322424420904947713
1322424453402427392
1322424583253684225
1322424614396579840
1322424629147754498
1322424682729992192
1322424819942531075
1322424956798586880
1322425101422370817
1322425140194340864
1322425192929394689
1322425196427530242
1322425323015737347
1322425348584312832
1322425400375582720
1322425455702646784
1322425585206001664
1322425609255972864
1322425696199696384
1322425696669618176
1322425899480870912
1322425992938319873
1322426020046213120
1322426041227423745
1322426199126192130
1322426217769951233
1322426330407870465
1322426374791917568
1322426646226522112
1322426749376897026
1322426775406858241
1322426855362879488
1322426980218920960
1322427088113004544
1322427167423094784
1322427227280035841
1322427311774457856
1322427385531240448
1322427425083502592
1322427452107509762
1322427623864229889
1322427750033088512
1322427821323620354
1322427945647022080
1322427948117360640
1322428412275826689
1322428432018558976
1322428501476212736
1322428519201206272
1322428539002593280
1322429033045516298
1322429123990487042
1322429248435482624
1322429455260942336
1322429545614594049
1322429583719890945
1322429687902199808
1322429985190236160
1322430041418944512
1322430087631839233
1322430160440872963
1322430177654247424
1322430388971753472
1322430423813771264
1322430569041424384
1322430676453494786
1322430689883561984
1322430766836494337
1322430954271625216
1322430959225024514
1322431268521308160
1322431385374785538
1322431424637530112
1322431593148043264
1322431597593849856
1322431605361807363
1322431639964721152
1322431645518041088
1322431659569012737
1322431688153051140
1322432074217885696
1322432150268989442
1322432175187259392
1322432252471640064
1322432264894992384
1322432412006187008
1322432569804312577
1322432681054031872
1322432754957471745
1322432940140163072
1322433001955893249
1322433081127718912
1322478588646494209
1322478602458406912
1322478847439392769
1322478889797447681
1322478910727225346
1322478998358794241
1322479024770342912
1322479025709867009
1322479160816783360
1322479431307436034
1322479525515636737
1322479599691943938
1322479605517832192
1322480135795191810
1322480233627504640
1322480289252343808
1322480442126204931
1322480699698376704
1322480853667270658
1322480935686819842
1322481122782121986
1322481144256933892
1322481375555903489
1322481513468813312
1322481660819054592
1322481946811895813
1322481978453741569
1322482047865159680
1322482078664003584
1322482104710692864
1322482148780244993
1322482154421555201
1322482178186485760
1322482391173210116
1322482438321410048
1322482477714165760
1322482583133921281
1322482731834613761
1322482819004706816
1322482964823969794
1322483022034132993
1322483177831632896
1322483261814247424
1322483337408225280
1322483466206912512
1322483557256843264
1322483605101228038
1322483770306514948
1322483850056851458
1322483973155684352
1322483977773461509
1322484124557496321
1322484163409227776
1322484181683810304
1322484237224718336
1322484307290656768
1322484450400391169
1322484624765931521
1322484741245861890
1322484750230212608
1322484788486377472
1322485046440329216
1322485138744315904
1322485185947074561
1322485305090416640
1322485332420513792
1322485397230919680
1322485426553237505
1322485464142675969
1322485812664143872
1322485826023006216
1322486004503248897
1322486128293912577
1322486422662746117
1322486550542884864
1322486601641914369
1322486649943662594
1322486688262729728
1322486707598614528
1322486897654968320
1322486921424179200
1322486953346912256
1322486986725228545
1322487009580097536
1322487027770818562
1322487310966018049
1322487375524712448
1322487548111998976
1322487585160257536
1322487671281737728
1322487754786308097
1322487759412420608
1322487767562096641
1322487938664468480
1322488146303606785
1322488226381287424
1322488241220628481
1322488297613131776
1322488340525047809
1322488586843889665
1322488858706124802
1322489066353528838
1322489255206264833
1322489328820510721
1322489381823938560
1322489482256461824
1322489499453026305
1322489591450972161
1322489624028012544
1322489646811664384
1322489969815015426
1322490104598986753
1322490112672890880
1322490266335371265
1322490336460025857
1322490599153537024
1322490675112386561
1322490781085634561
1322490806196985857
1322490825159356416
1322490861981257728
1322490888480870401
1322490933410099200
1322490981816688642
1322491087982911488
1322491105842241542
1322491155498586112
1322491164734312449
1322491193687707653
1322491239149805569
1322491297215598592
1322491303528177664
1322491506075213831
1322491575205875712
1322491609234108416
1322491672148779011
1322491702905548800
1322491869507379202
1322491919356825600
1322492094234025985
1322492446903836672
1322492490985910273
1322492647475449856
1322492917093703680
1322492965533700096
1322493000375697408
1322493021762539524
1322493078322794496
1322493234195693568
1322493456132972551
1322433120507990016
1322433229387833351
1322433294605103104
1322433628626771968
1322433697816154112
1322433707819429888
1322433901004906497
1322434064624865280
1322434137534484486
1322434215779205120
1322434296230014976
1322434547137523717
1322434585825783808
1322434690062508032
1322434701861232641
1322434744806707201
1322434845235154949
1322435095668662274
1322435175444217856
1322435191663546373
1322435204812804096
1322435220038062085
1322435247485513729
1322435756401389570
1322435767763902464
1322435838047866881
1322435949968633856
1322436267020341248
1322436400784896008
1322436417549705216
1322436587435757568
1322436691047542786
1322436751269482496
1322436830525050880
1322436887311720450
1322436931226054656
1322436957851381762
1322436993490407424
1322437184264294400
1322437306851229698
1322437323204616193
1322437581598937091
1322437736725422080
1322437755654164480
1322437892417982466
1322437977222586368
1322438227555422208
1322438234308251649
1322438440504483840
1322438930566914048
1322438937596452866
1322439182380392448
1322439675915628544
1322439697038077952
1322439801337860097
1322439836435959808
1322440174740135936
1322440422820634624
1322440556341985283
1322440630610595840
1322440671320592385
1322440684784308226
1322440693349044225
1322440862127841281
1322440915621957632
1322441383299420161
1322441511720656896
1322441559082717189
1322441637646143489
1322441679085871105
1322441691987587072
1322441781502484481
1322441802167783424
1322441976596279298
1322442082972258304
1322442124583981058
1322442557448663042
1322442851276369920
1322442998135857152
1322443002212737024
1322443009590321153
1322443010513186817
1322443051520958465
1322443073989869571
1322443096693506048
1322443151425097728
1322443156227543041
1322443178977492992
1322443190834659328
1322443361375211524
1322443521723424768
1322443665600557057
1322443687306141696
1322443817493155841
1322444664297951232
1322444787010646016
1322444968267579392
1322445119690285058
1322445160777572353
1322445181359022080
1322445305070022656
1322445362079109121
1322445595332825094
1322445994127056897
1322446030756077568
1322446140676153344
1322446279327195141
1322446322042085378
1322446365901815809
1322446428959068160
1322446576606830592
1322446744140079105
1322446780370423809
1322446831331147778
1322446850281144320
1322447134482944001
1322447362187427841
1322447364280459264
1322447465279295488
1322447549542866945
1322447691234697216
1322447902162210816
1322447927583805440
1322463396051247104
1322463533330796544
1322463546932928513
1322463572245454849
1322463665791008769
1322463720434552832
1322463822813241345
1322464024571781120
1322464095849881600
1322464277673005056
1322464464759853057
1322464487220367362
1322464512990048257
1322464586306625536
1322464653486772224
1322464827248381952
1322465014905712640
1322465033880772608
1322465088079646720
1322465105192386562
1322465391180918784
1322465452526870528
1322465588250251265
1322465751492677632
1322465821042581504
1322465968929558529
1322466717377900544
1322466854691098624
1322466903177179136
1322467184115855361
1322467201539055617
1322467315653529601
1322467603009335297
1322467928671887360
1322468029318529025
1322468173464162304
1322468398555541504
1322468401432973312
1322468533650022401
1322468641905016832
1322468643175882753
1322468729599438848
1322468746804498433
1322468803486183425
1322468876194508800
1322468894855090176
1322469113860706307
1322469241061281792
1322469453297143808
1322469525166706694
1322469526999617536
1322469577540947969
1322469992236044288
1322470379005399042
1322470411758698497
1322470551705800704
1322470643430907905
1322470765892112384
1322470863355154433
1322471069182287878
1322471290683478016
1322471382362525696
1322471525325459457
1322471577422757888
1322471625858535424
1322471633521532928
1322471722088599554
1322471896336592897
1322471985021128704
1322472014502834176
1322472237904089088
1322472288038481922
1322472431055998977
1322472549444366336
1322472645418315777
1322472752289337344
1322472765778255872
1322472915141537794
1322473023077797888
1322473191391068160
1322473358982815745
1322473660142153728
1322473831785656323
1322473853168345088
1322473995963387904
1322474002766536706
1322474208006385664
1322474400747266049
1322474574655623174
1322474683476987904
1322474742801072129
1322474752095629313
1322475037815836672
1322475097945481216
1322475381287460865
1322475508014161921
1322475548774440960
1322475630542249984
1322475701971333120
1322475733122347013
1322475783185670144
1322475808959557632
1322475908943458305
1322475960638283776
1322475993987227648
1322475997388697601
1322476166326833152
1322476366755958786
1322476367829733376
1322476460028751873
1322476590274588672
1322476828620070912
1322476923277189120
1322477075668881408
1322477215242690561
1322477516423106560
1322477552263401472
1322477635931459585
1322478087485984769
1322478142624198657
1322478227860918272
1322478304385998853
1322478339861352448
1322478395318538240
1322448262956261377
1322448272632500225
1322448496742596616
1322448590082609153
1322448731610836992
1322448757095452672
1322448799172878338
1322448855925878785
1322448875290988544
1322449390808813568
1322449627480682497
1322449691624296448
1322449952300257281
1322450035402035201
1322450043320881154
1322450202050048000
1322450314272907264
1322450445005017088
1322450600014086145
1322450632008257538
1322450662190325760
1322450712194928640
1322450863479156736
1322450892927471616
1322451065544101889
1322451079066312705
1322451335476731905
1322451378841751552
1322451410718515200
1322451558894723072
1322451666474573825
1322451772951031811
1322451774507200512
1322452037829763079
1322452164728377348
1322452225004871680
1322452402847494144
1322452551925698563
1322452588965494785
1322452608552939520
1322452788362858496
1322452840141475840
1322452979572563968
1322453321559371776
1322453563214303232
1322453786686857216
1322453912323084288
1322454348794908673
1322454355472191488
1322454408366563328
1322454485940105216
1322454526289276930
1322454624364716032
1322455148552089600
1322455181368287232
1322455238196883457
1322455417084170240
1322455429537026049
1322455479101001729
1322455502417264640
1322455654934716423
1322455704175702016
1322455752821407744
1322455810463698945
1322455915694596097
1322455942982676480
1322457007740379136
1322457035800256514
1322457111889170432
1322457144294330368
1322457300527837184
1322457301236781057
1322457338087919616
1322457394589409280
1322457425992163330
1322457601037209600
1322457605646753792
1322457613947330560
1322457742553026560
1322458077514420225
1322458305759862785
1322458449549185024
1322458531208089600
1322458531904315392
1322458756731600899
1322458819037810688
1322458988005347329
1322459055827247104
1322459224329256960
1322459234047385605
1322459389240864768
1322459569092730881
1322459596473118720
1322459605277003776
1322459615339204609
1322459660251705344
1322459672314630148
1322459882944159744
1322460114180255744
1322460316958138368
1322460462525665280
1322460495513866241
1322460536739565568
1322460698920644608
1322460963635802114
1322461098604404736
1322461126987259904
1322461150005600262
1322461355513843713
1322461474594250752
1322461548405760000
1322461796008153088
1322462012870479872
1322462088300810242
1322462168520994817
1322462362302119937
1322462786933325824
1322462795963731968
1322462843401347072
1322462950897188864
1322463146011885568
1322463185757233152
1322463252471828480
1322463261946748928