1302622593770352641
1302622594567270403
1302622719993929729
1302622732446625793
1302622802390917122
1302622860574208000
1302622882640601088
1302623051675299840
1302623063016534016
1302623119237156866
1302623140120584193
1302623195443462146
1302623242058858503
1302623284077514755
1302623357624446977
1302623437333041152
1302623552697401344
1302623561585225730
1302623644372398080
1302623760290381824
1302623913030168583
1302623973373607937
1302624051844743172
1302624065904144384
1302624146992648193
1302624167418888192
1302624184930045955
1302624209852653568
1302624405386702855
1302624555287097346
1302624623314558978
1302624767531311105
1302624827082256393
1302624863954198528
1302624868555542529
1302624893524217857
1302624962134540289
1302625093856755714
1302625215134887936
1302625334345584646
1302625359146283008
1302625372199170049
1302625442856423425
1302625508044222465
1302625516470632453
1302625525932994561
1302625683596873728
1302625756497936384
1302625833597784066
1302625917437718528
1302625979332993031
1302626056571179013
1302626138813014017
1302626144097718274
1302626151798657028
1302626258887548928
1302626328043294720
1302626329951694849
1302626390689435650
1302626532825935872
1302626631303880705
1302626637469622273
1302626694113767424
1302626706235293696
1302626718251917312
1302626721083125765
1302626724438511616
1302626782315794433
1302626810019143680
1302626823759638533
1302626886334509058
1302627124910710785
1302627142279270406
1302627202253627393
1302627241453662215
1302627321363476488
1302627344956493824
1302627383602749441
1302627411775942657
1302627468738781184
1302627517887639553
1302627546735849474
1302627693251514371
1302627714348847108
1302627768128200704
1302627819294519296
1302628044612435973
1302628100203843588
1302628220076920833
1302628322933968896
1302628390005080064
1302628455624978432
1302628467100585984
1302628665038180357
1302628687326576640
1302628713989898240
1302628720348475393
1302628755140116482
1302628769002385411
1302628814707589120
1302628977241096192
1302629030445817856
1302629080702083072
1302629090709721088
1302629259643584514
1302629353986174977
1302629398315708422
1302629523603718144
1302629607850606592
1302629620936667137
1302629635923079168
1302629659046227970
1302629868832727042
1302629901258776576
1302629911916670976
1302629975263268864
1302629975384875009
1302630134495801345
1302630305258504194
1302630307988992002
1302630311612821504
1302630376733581314
1302630410082562049
1302630448707895296
1302630450515640320
1302630727377444864
1302630791998926848
1302630809774551041
1302630919707082752
1302630946865319938
1302631049063804931
1302631184275509250
1302631201123909634
1302631290429210624
1302631418204286976
1302631478183055362
1302631565328027648
1302631712363552769
1302631718701203459
1302631785378058241
1302631789362634752
1302631841174892545
1302631954999894017
1302632197686472704
1302632226656522246
1302632279127273472
1302632313155616779
1302632366058483712
1302632456265359360
1302632514733903872
1302632550154883073
1302632649245126656
1302632703976550405
1302632734075031555
1302632811145248768
1302632875242725377
1302632885451718662
1302633007723937792
1302633067601780736
1302633216692584453
1302633273118674945
1302633317100027911
1302633319578955777
1302633371215032321
1302633411669037057
1302633518996975616
1302633529797349376
1302633611179495425
1302633743228829696
1302633871222202368
1302633923193778176
1302633980089556992
1302634054089613313
1302634077141508096
1302634247501602816
1302634285388660742
1302634306452500480
1302634362840719361
1302634383447388161
1302634417614094338
1302634444684173312
1302634523423838208
1302634554268639234
1302634575601037313
1302634619989303296
1302634680492015616
1302634699299323904
1302634711492243457
1302634854773788672
1302634857252741120
1302634886486986752
1302634912567226368
1302634979256496129
1302634989478174722
1302635183452106756
1302635220114583552
1302635258886549505
1302635271205330954
1302635317002932224
1302635321020968967
1302635343456464897
1302635393154777089
1302635432409264129
1302635441951330311
1302635546553057280
1302635554337517568
1302635588256890880
1302635626462769153
1302635651649531904
1302635693324328962
1302635698579820548
1302635792695808002
1302635832516329473
1302635854473568256
1302636001190313985
1302636060506193923
1302636107046166528
1302636122481324033
1302636141766742016
1302636213917057033
1302636222821658625
1302636276013764608
1302636375091621889
1302636426647937025
1302636444201021440
1302636460240068610
1302636504242507777
1302636576502054913
1302636589932191744
1302636646295240705
1302636657741565952
1302636666771836928
1302636686715899905
1302636755364073474
1302636767498186754
1302636801400528896
1302636801342017536
1302636830643245057
1302636997945651201
1302637169706590208
1302637200534716418
1302637238187106306
1302637253320208385
1302637280214085638
1302637331434868737
1302637478034116608
1302637479762239488
1302637591372627968
1302607481550635012
1302607491008786433
1302607534558269441
1302607559354994688
1302607832689278977
1302607962712805377
1302608021097459717
1302608090894925826
1302608108137611264
1302608109303726080
1302608219420925952
1302608299687370753
1302608429626920960
1302608558010314752
1302608639283392512
1302608737732100096
1302608757483016198
1302609020138778625
1302609061758689280
1302609219242266626
1302609283624898561
1302609338201255938
1302609351832559623
1302609372200267777
1302609435915776001
1302609483374493699
1302609511908171782
1302609704175067140
1302609722378313730
1302609756968886272
1302609794172362753
1302609836014743559
1302609896853196803
1302609931921694721
1302609975043293187
1302609987362062338
1302610045448777729
1302610088054730752
1302610268216852480
1302610275804352513
1302610276517392385
1302610299917303808
1302610346054758400
1302610397548158978
1302610510358216709
1302610528754429954
1302610702243377152
1302610975078531072
1302611020045717505
1302611056481755137
1302611257045012486
1302611327588786184
1302611383595409408
1302611397327556609
1302611409273053185
1302611438708625410
1302611504022327296
1302611581046419457
1302611678627090433
1302611702048055296
1302611760000593922
1302612008613949445
1302612023461601281
1302612050426773504
1302612125949538304
1302612186448232449
1302612541667831809
1302612636497043456
1302612811886010370
1302612823487504386
1302612860326031361
1302612946074427397
1302613025128673280
1302613085623025669
1302613171375607809
1302613173338542080
1302613217248673792
1302613323809058816
1302613490499190789
1302613534719778816
1302613554672160772
1302613753616388097
1302614075910885377
1302614095972237312
1302614100372082692
1302614109393952768
1302614138955288576
1302614181758341128
1302614228088561665
1302614253044547584
1302614417113260034
1302614427418734595
1302614627365384193
1302614695371829249
1302614846056341507
1302614906060124160
1302614928558354432
1302614943175327744
1302614982895570948
1302615021739020288
1302615044891594755
1302615079821676544
1302615163892379648
1302615176340963331
1302615260684259329
1302615316137234432
1302615417022754817
1302615505744932865
1302615525151764481
1302615633335652358
1302615717309808640
1302615914982957056
1302615915452915712
1302616036425039874
1302616062408765441
1302616257091506177
1302616484137459712
1302616562516529152
1302616577645436928
1302616582569562112
1302616732821942276
1302616757195157506
1302616770176401411
1302616774970572800
1302616803193966592
1302616803793948673
1302616819505668097
1302616869610778630
1302616870600597504
1302617081913978880
1302617096384376832
1302617105779499009
1302617252907212802
1302617423129063426
1302617565500375040
1302617622018625538
1302617669657653248
1302617672857923586
1302617856446664704
1302617873949618176
1302617949639901191
1302617967834865666
1302617984201039873
1302617986511986688
1302618160252686338
1302618173691301888
1302618196650995714
1302618241630646273
1302618315542745088
1302618459218436106
1302618479166722053
1302618572498382850
1302618684477894657
1302618717885403138
1302618735090466817
1302618928007577601
1302619047809503233
1302619048145047557
1302619147977682944
1302619287329226765
1302619452127707138
1302619554565296131
1302619700141068288
1302619715278458882
1302619816386203648
1302619861588291584
1302619909978042369
1302620009261391873
1302620028811046913
1302620145131626496
1302620170393808901
1302620283442954243
1302620298135527426
1302620335179788290
1302620481837727744
1302620671449628673
1302620677514694657
1302620877633122304
1302621232672591872
1302621251253334022
1302621256265732096
1302621294870044676
1302621333994573825
1302621434242621447
1302621466437926913
1302621648009531392
1302621774681649153
1302621795653124098
1302621840368697344
1302621959893651458
1302621986443735041
1302622005003460609
1302622007817838592
1302622055112859649
1302622134812971009
1302622159911759872
1302622287133315076
1302622390028054532
1302622408436834309
1302622442859495425
1302622448630849537
1302622453894709249
1302622555040362504
1302637664244559872
1302637741818159114
1302637766606430209
1302637907501481984
1302637998262034432
1302638164897660928
1302638179636273154
1302638217158688771
1302638227883528192
1302638261727383554
1302638295562760193
1302638402177847299
1302638480124768264
1302638537687339012
1302638555651506178
1302638579596787712
1302638618373099520
1302638650686091264
1302638766906109952
1302638791086276612
1302638895050481664
1302638898590482433
1302638925824110598
1302639039871410177
1302639163158794240
1302639288702701569
1302639353303244809
1302639436291735554
1302639706564374530
1302639717150846976
1302639776638603264
1302639780413534208
1302639857324482565
1302639894028845056
1302639996952862726
1302640010995392513
1302640158966190080
1302640229032001536
1302640377006944257
1302640535916572674
1302640577171906561
1302640645186744320
1302640697959354369
1302640751277350912
1302640807460196352
1302640851340926978
1302640897952284672
1302640935474348033
1302640937282174976
1302641030118936577
1302641047953170432
1302641346524585984
1302641395878907905
1302641562086715392
1302641624586092544
1302641657670774789
1302641719696125952
1302641796443336704
1302642025905287168
1302642102669660161
1302642148374917128
1302642208105996288
1302642267186958340
1302642352289325056
1302642362871578624
1302642391979945986
1302642441590386689
1302642472980545540
1302642474658271233
1302642771157753859
1302642787213611008
1302642800413077507
1302642809053143040
1302642858000752640
1302642887704940544
1302642936987803649
1302643048988528641
1302643840424255492
1302643921240182786
1302643922083045377
1302643946670047233
1302644076450250753
1302644154615427074
1302644208080244737
1302644359062597632
1302644393229180928
1302644405023596546
1302644449655140353
1302644628982824960
1302644698704617473
1302644721374855170
1302644754581159936
1302644768841723904
1302645120064524288
1302645393281429510
1302645430321373184
1302645470645424128
1302645475984601090
1302645515155173376
1302645732122464256
1302645742897631234
1302645811742994440
1302645925643517953
1302645983705137152
1302646002998968322
1302646117952376833
1302646132477235201
1302646141499056128
1302646302589632512
1302646343974838272
1302646411440267265
1302646478083469317
1302646503232753665
1302646506860806145
1302646528704761857
1302646549596565505
1302646592919535617
1302646663266185216
1302646691099824129
1302646763707404290
1302646788520771590
1302646896708718592
1302646943865339904
1302646980217393157
1302646995467874311
1302647223092736000
1302647238720618496
1302647245855240196
1302647394333589506
1302647472112701443
1302647525384437760
1302647591092527104
1302647667596472326
1302647691088932865
1302648095872897036
1302648163787042817
1302648319609507842
1302648327406837761
1302648374584373248
1302648392858832896
1302648737932681219
1302648858380558336
1302648870434897921
1302648892501053440
1302648939670372353
1302648951087214592
1302649142657908739
1302649174140231680
1302649214040707072
1302649308706156546
1302649331384754176
1302649338334642182
1302649340251582472
1302649345620062211
1302649465149349888
1302649477778505733
1302649502348857344
1302649638147821575
1302649716472197120
1302649754212499456
1302649788790308864
1302649813880709121
1302649818419023874
1302649832977424384
1302649835468677122
1302649939844005889
1302650035474104322
1302650067644489728
1302650195436548096
1302650254756442113
1302650262553722880
1302650274847350784
1302650293151244289
1302650298633248770
1302650355675734019
1302650589415985158
1302650600480485378
1302650699788898304
1302650930878271489
1302650953653514240
1302650959525367808
1302651071324708872
1302651116090523648
1302651273393713153
1302651420391419905
1302651434631036929
1302651549856927749
1302651622393360384
1302651674058784768
1302651808163270664
1302651879101468674
1302651879785029632
1302651951532843008
1302651964325425153
1302652031111323648
1302652106944344070
1302652257054277632
1302652284741070848
1302652324326731776
1302652352583868417
1302652420812664832
1302652447345836033
1302652461425934337
1302652578522632193
1302652717807042565
1302698241218293761
1302698417878163462
1302698612082782208
1302698663484051457
1302698698405797891
1302698723710033920
1302698732207693824
1302698854303891456
1302698893189279746
1302698986994892805
1302699002274754560
1302699058839027713
1302699153781211136
1302699347021307908
1302699380965695489
1302699396610613251
1302699405808558080
1302699407557701635
1302699540122755073
1302699542413021184
1302699634691899393
1302699728052781056
1302699734184816640
1302699798156410881
1302699928251113473
1302699982902845440
1302700010845483009
1302700076385611778
1302700182673543168
1302700218761252865
1302700351259254786
1302700396423647232
1302700409119793153
1302700414161186816
1302700424663674881
1302700509804072966
1302700550618861570
1302700591416774657
1302700683297259521
1302700693317398529
1302700876088389636
1302700941825769473
1302701012084502528
1302701085820432384
1302701113972527110
1302701283988647937
1302701334559326208
1302701437370146817
1302701504634204162
1302701548733161473
1302701604156645377
1302701630098468864
1302701640391294978
1302701729885179904
1302701756082606083
1302701758620348418
1302701957581332481
1302701970709450752
1302702099550134273
1302702107875704832
1302702135050670083
1302702152859693059
1302702155246325760
1302702155938369537
1302702174460235776
1302702176209457153
1302702258442862599
1302702311597277189
1302702402248859648
1302702411887247360
1302702526245089280
1302702585200234497
1302702620956655617
1302702704540569601
1302702882949681154
1302702898141229056
1302702968739893250
1302702971562622976
1302702995268755456
1302703037505568770
1302703055092158464
1302703080492937219
1302703110578610178
1302703146074951680
1302703230640680960
1302703234604306438
1302703326794981376
1302703393580953601
1302703457477038082
1302703526691438593
1302703598313377794
1302703635046920193
1302703827263647745
1302703837300445184
1302703847777931264
1302703884578807808
1302703892560515072
1302704002807848962
1302704024760643584
1302704095946399744
1302704155396575233
1302704241275011074
1302704251525828608
1302704259000082433
1302704269083250688
1302704362947567618
1302704551506702342
1302704637192089602
1302704725805199366
1302704778837979138
1302704783019651076
1302704866586959874
1302704918671876102
1302704936002740224
1302704998439149568
1302705100323000321
1302705115044786177
1302705250004922368
1302705509645144065
1302705565395824641
1302705607590531088
1302705732694016006
1302705752663044098
1302705832950263808
1302705888445239296
1302705890789715968
1302705923551637504
1302705964794216454
1302705987628007424
1302705996498792448
1302706034146934785
1302706107283111936
1302706195002806272
1302706252103823362
1302706262816313345
1302706416512245761
1302706460829405185
1302706638399438849
1302706722461552640
1302706919149391874
1302707037944643584
1302707040880668672
1302707081854803968
1302707181960167424
1302707307042619392
1302707309911695361
1302707310352007168
1302707689873694722
1302707826393927680
1302707865619107841
1302708079759429632
1302708185040596993
1302708207182393348
1302708311276617736
1302708314627866624
1302708406466248708
1302708545142489088
1302708647806603270
1302708661068935169
1302708711023144960
1302708736650285061
1302708740232065024
1302708798373715969
1302708855265267713
1302709010202791936
1302709075680034821
1302709124837318663
1302709483353718784
1302709555730608128
1302709567319539713
1302709578468007936
1302709580032544771
1302709593982861312
1302709654775005184
1302709711507255297
1302709926737960964
1302709938599243777
1302709983855878144
1302710014176567304
1302710053179252736
1302710089019568128
1302710146720768005
1302710164580175872
1302710316481032193
1302710362349871104
1302710471187980289
1302710527869689856
1302710535784411136
1302710541773873152
1302710543510167552
1302710754731155456
1302710857168814080
1302710873698586625
1302710921974951937
1302710944431251456
1302711215672774658
1302711231388803079
1302711281783197696
1302711385588146177
1302711394312376322
1302711398737338370
1302711462729781249
1302711569294536704
1302711578396033030
1302711726895497216
1302711812782256128
1302711828150022145
1302711829970530304
1302712053904310272
1302712179368636416
1302712220485332997
1302712244757815302
1302712353306431490
1302712375401906177
1302712487180029952
1302712493903622146
1302712643854106624
1302712687151837184
1302712710539472902
1302712719066320897
1302712777367191552
1302712832975351810
1302712841091284995
1302712842613714944
1302713124621967360
1302713125549076481
1302592384207912961
1302592401379389441
1302592472200118272
1302592512440381440
1302592525723729921
1302592535156666369
1302592592266309634
1302592663884099584
1302592808977666055
1302592858046652416
1302593022815645696
1302593075051671553
1302593208048709634
1302593324281458691
1302593345152266242
1302593395286831110
1302593415046205440
1302593467634405378
1302593519404679168
1302593543605817349
1302593546298494977
1302593656734584834
1302593706034372609
1302593710681714689
1302593773961084930
1302593857146716160
1302593910053777409
1302594176002019329
1302594267219718144
1302594437189636096
1302594698696159232
1302594710129737730
1302594740400066560
1302594829155786752
1302594840006455296
1302594975163654146
1302594998945353731
1302595014019682305
1302595045502210048
1302595058978435073
1302595095263350789
1302595191648456704
1302595238561800192
1302595342282698757
1302595465494568963
1302595601394212864
1302595698337120257
1302595710085464066
1302595754599481346
1302595821939163136
1302595829123952645
1302595908031451136
1302595949445799938
1302595949357916160
1302596188890435584
1302596238727163904
1302596278908579840
1302596313381580802
1302596565446660098
1302596582265835521
1302596721914966016
1302596855994474498
1302596893160112129
1302597026996199426
1302597083871039488
1302597153194475522
1302597211822399488
1302597227706118149
1302597432195284992
1302597665318940673
1302597674491928577
1302597702056894470
1302597908013953025
1302597960841166848
1302598000645201921
1302598005275721729
1302598110728740864
1302598134816743424
1302598144253931522
1302598218371473409
1302598386194034688
1302598424643145730
1302598503621853184
1302598730399481858
1302598846380478464
1302599037540077569
1302599052698292226
1302599213017174022
1302599268125958145
1302599440583274496
1302599455439491073
1302599514633711616
1302599524637192198
1302599540881620992
1302599808994156544
1302599811204608000
1302599890640474113
1302599975226863618
1302600013231648770
1302600212310040579
1302600359454466049
1302600416379711488
1302600436260667396
1302600440102576129
1302600477499174912
1302600657690451968
1302600723390136320
1302600739307556864
1302600758303621120
1302600771314343936
1302600777823813632
1302600800095678466
1302600803530633222
1302600849718415361
1302600930689310720
1302600946946576384
1302601020158087169
1302601083290816512
1302601143818752000
1302601228392845312
1302601248038948870
1302601257752748034
1302601274689548295
1302601296269029381
1302601441098510337
1302601479145086977
1302601515056599040
1302601545901649921
1302601625580777472
1302601754895249410
1302601837355380736
1302601877956308992
1302601975570333696
1302602008818593792
1302602106285830146
1302602161461882881
1302602206697394178
1302602344257916930
1302602363723747329
1302602382291988483
1302602389506097153
1302602410658091010
1302602447781875712
1302602448956272640
1302602562894532608
1302602759900934145
1302602796022280192
1302603023068393478
1302603068211683331
1302603076977729536
1302603096904925189
1302603130505490433
1302603150612889601
1302603205256200193
1302603520408006657
1302603548816027649
1302603597146775554
1302603617132777473
1302603642923560960
1302603752977969153
1302603812692140034
1302603879125835776
1302603953063030785
1302603974378500097
1302603979524919297
1302603993676480513
1302604060655263744
1302604112501125121
1302604118478008325
1302604137130057728
1302604206432571394
1302604391489449984
1302604419570315264
1302604458367397889
1302604619705724930
1302604776174243840
1302604795195265025
1302604820679983104
1302604823959830528
1302604824568049670
1302604861477920769
1302605031586385923
1302605051530223618
1302605074649108480
1302605191561216003
1302605218857865216
1302605233634209796
1302605243755171840
1302605267058733057
1302605268157521921
1302605358540742659
1302605465646501888
1302605556415430657
1302605794777731072
1302605871533510656
1302605959282524160
1302605972406403072
1302605987816202241
1302606081374420995
1302606089775652869
1302606161955315712
1302606206868037632
1302606217450315776
1302606259711950848
1302606367379816450
1302606420064587777
1302606480995168256
1302606593624809472
1302606607617069061
1302607136451710981
1302607249366568960
1302728295637815297
1302728338956484618
1302728355586871296
1302728398972891138
1302728546679484420
1302728697749753857
1302728928247844866
1302729015090794496
1302729056656470019
1302729082862538759
1302729096179322880
1302729131289960454
1302729301289242625
1302729339016892416
1302729456445009926
1302729483527639040
1302729535184666631
1302730152917565442
1302730218365423617
1302730244000899072
1302730354437091331
1302730472150249472
1302730523731664898
1302730558095548416
1302730609115103232
1302730704065683456
1302730838501658636
1302730856541245440
1302730888053026819
1302731024254734337
1302731114411429897
1302731138235076608
1302731221458235392
1302731230656380929
1302731266408607744
1302731279952216064
1302731292522491907
1302731441940451328
1302731502493474817
1302731607636312064
1302731622035460098
1302731634131775491
1302731681816866823
1302731704281559040
1302731808384208898
1302732182310416385
1302732182578819073
1302732183556304901
1302732198437683205
1302732213386084355
1302732244163862528
1302732321221681152
1302732380462088193
1302732421452959750
1302732501899640832
1302732587673280512
1302732676797992961
1302732706866892800
1302732715372851200
1302732823460225024
1302732860630151168
1302732988623585285
1302733145100304384
1302733186582024192
1302733195960635392
1302733261400145921
1302733352781451268
1302733376961433600
1302733421941317636
1302733509774192648
1302733581312172032
1302733602245935104
1302733666934759424
1302733700619096064
1302733776242515977
1302733803903840256
1302733988113522689
1302734118162104320
1302734342003855360
1302734354838298624
1302734514712719360
1302734541715632128
1302734570735968256
1302734716819443713
1302734729419141121
1302734821328908288
1302734946805723137
1302735018607996928
1302735070457991174
1302735101327859713
1302735189068709888
1302735261965705216
1302735270480023552
1302735336456572929
1302735440945074176
1302735514785607680
1302735633752956929
1302735636928040961
1302735659703111680
1302735690287984640
1302735776405319680
1302735905938120704
1302735920446177282
1302736031570186240
1302736213690982406
1302736285900177408
1302736308586999808
1302736531413700609
1302736560539004928
1302736578125672450
1302736657683185664
1302736673063809030
1302736766085091328
1302736896670433281
1302736965133983745
1302737039729684485
1302737066837635072
1302737087658156033
1302737112224141320
1302737145640091649
1302737159368200194
1302737284639457281
1302737312942489606
1302737315782107136
1302737325491990534
1302737416705445888
1302737653297745922
1302737765981970433
1302737878854688768
1302737940897030144
1302737997385801728
1302738004096593920
1302738037625896960
1302738061692940288
1302738068219330561
1302738112624427010
1302738399439314950
1302738437259235329
1302738478153609216
1302738546705350658
1302738572848631808
1302738802067136512
1302738835290443777
1302738902684438528
1302739106376581121
1302739120058318849
1302739122088361984
1302739143890358273
1302739230318374914
1302739369606905857
1302739421717028869
1302739490574929922
1302739599618236416
1302739605712592897
1302740149348962304
1302740154260520961
1302740160514347011
1302740176305893376
1302740276289642497
1302740340504506368
1302740391528075264
1302740399015047171
1302740491260358662
1302740526001782785
1302740758181670914
1302740945205510146
1302741190048124929
1302741190270488576
1302741196889088000
1302741237531914243
1302741404481798144
1302741418746675201
1302741479610347528
1302741502716792833
1302741528339599360
1302741561038442496
1302741573038292992
1302741628034125825
1302741628788985857
1302741850567000065
1302741878782210049
1302741879763677188
1302741919433404418
1302741937825423362
1302741961993072640
1302742066980585473
1302742250191978498
1302742332656160768
1302742392697688065
1302742396686528512
1302742399291133953
1302742419293630465
1302742425513811968
1302742475224870913
1302742613074882561
1302742760961835008
1302742804381147138
1302742817622482944
1302742848916389888
1302743015568613377
1302743085517090816
1302743248780374016
1302743338521522176
1302667977096077317
1302668102593900546
1302668187201343489
1302668228397850624
1302668259045466112
1302668269925675009
1302668427669065728
1302668436259180549
1302668591591030784
1302668662919368705
1302668871120297984
1302668947767136256
1302668953509007361
1302669143666294785
1302669179846180864
1302669231352356869
1302669416077774849
1302669711235256321
1302669729237270528
1302669745867513856
1302669871071858689
1302669961668833281
1302669966798356480
1302670007646793731
1302670029712834561
1302670039405883392
1302670087837548544
1302670194830180361
1302670255953784836
1302670323268153344
1302670572841775105
1302670632543383552
1302670756879441925
1302670846394273793
1302670861758017536
1302670864366829569
1302670970310754305
1302671032675827713
1302671054314201088
1302671081409396737
1302671089986871301
1302671103098122240
1302671232765222914
1302671344128143361
1302671415267733510
1302671426332184577
1302671489217552385
1302671512135249920
1302671562198454273
1302671689587789824
1302671809435688960
1302671946681901058
1302672031515848704
1302672220934864899
1302672244775309312
1302672360378494976
1302672434332655617
1302672504473792512
1302672546232438784
1302672669226283008
1302672706123501576
1302672752340545536
1302672831541645312
1302672883978829829
1302672915045986304
1302673044498862080
1302673094750937089
1302673129408323591
1302673242394693637
1302673310497386497
1302673357188591618
1302673383855927297
1302673626118922240
1302673666090643456
1302673746747154438
1302673829794181121
1302673912652849153
1302673913290330112
1302673951647125504
1302674041170518017
1302674247492481029
1302674409522630657
1302674478682402816
1302674532394729473
1302674563457744898
1302674669535997957
1302674783084183553
1302674849647792131
1302674898305929216
1302674972930834433
1302675031072350208
1302675033853243394
1302675078828748802
1302675079772340225
1302675138995867648
1302675231765536770
1302675254242877449
1302675311444799494
1302675443485749248
1302675450318135298
1302675545797394434
1302675599748718594
1302675707001294852
1302675775720747009
1302675800072749056
1302675801524113409
1302675837888593921
1302675894440521728
1302675922256945152
1302675967836672001
1302676054943776768
1302676062132998144
1302676074535489540
1302676092336119811
1302676233763909632
1302676235152232448
1302676243914072066
1302676278181597190
1302676308904652800
1302676312247676929
1302676392979488768
1302676431034486785
1302676451129466880
1302676467361472513
1302676525255471105
1302676550068899841
1302676589495439361
1302676628573749250
1302676637167874049
1302676674513973248
1302676717534760960
1302676924007944192
1302677000432185344
1302677113351417857
1302677114391597056
1302677251914428416
1302677364653072384
1302677377030463489
1302677417547370496
1302677574062047232
1302677628449681410
1302677670178836480
1302677693339754501
1302677748062859266
1302677759743926274
1302677784213544960
1302677798054699016
1302677815276445696
1302677874730622976
1302677893227655170
1302677910592069638
1302677945505341440
1302677950249070594
1302677990321590275
1302678006016565250
1302678014459891716
1302678099008450560
1302678109670584321
1302678185189015552
1302678303216672770
1302678328269307904
1302678365099429888
1302678372380798977
1302678468568653829
1302678472347787264
1302678482758107136
1302678488915357696
1302678579713585152
1302678674206896128
1302678829698351105
1302678835679428608
1302678875936231425
1302679063472021505
1302679302694207496
1302679342825132032
1302679360781115399
1302679498111045633
1302679590003978241
1302679642059530246
1302679767137816578
1302679795017355264
1302679799455002625
1302679824193015808
1302679893675835396
1302679907563122690
1302680029235687425
1302680067630342146
1302680127260758029
1302680210136068097
1302680245783482371
1302680249960984579
1302680253983125505
1302680321264099336
1302680394895101952
1302680429867270144
1302680526122344448
1302680535072821248
1302680563665567744
1302680766833479683
1302680818276421632
1302680853957341184
1302680875780517889
1302680967111475201
1302680990360440833
1302681010967056386
1302681039811293185
1302681073319436289
1302681104340725764
1302681192072974336
1302681227132952577
1302681258183385088
1302681359291420673
1302681448256663552
1302681529101901824
1302681533531205635
1302681602661650432
1302681674078195712
1302681702817505283
1302681749395136512
1302681751089676288
1302681808010502144
1302681860204564482
1302681863023202304
1302682003171471365
1302682064710402049
1302682182176182274
1302682279735689222
1302682490059005952
1302682500452491270
1302682550482227201
1302682852698411008
1302682872709550081
1302743359451168769
1302743456784224256
1302743772736950284
1302743901858664448
1302743937447231492
1302743987145539586
1302744023837310977
1302744024370077698
1302744057710604290
1302744070515691523
1302744087326535680
1302744233489596416
1302744428428357635
1302744531134304257
1302744656778850305
1302744833954512896
1302745098376097792
1302745210808684545
1302745287312670720
1302745495723442181
1302745515801694208
1302745533237415937
1302745553365860354
1302745554141753347
1302745683863240705
1302745713953169409
1302745752112775171
1302745885231796225
1302745896053071872
1302745989334339586
1302746021957496834
1302746282080038912
1302746295694757888
1302746324522033153
1302746373746561024
1302746394394943489
1302746555594584064
1302746574875811840
1302746589488914434
1302746603300806657
1302746641615613953
1302746668589182976
1302746707936055298
1302746794095337472
1302746872386326534
1302746923502153728
1302747094562811907
1302747094998872064
1302747175579865088
1302747570666639361
1302747697435365378
1302747712941486085
1302747751730601984
1302747783875747841
1302748041158557706
1302748260596101120
1302748271899807744
1302748346050908160
1302748389474435072
1302748436182323200
1302748446496034816
1302748465643085824
1302748504134213638
1302748523520299009
1302748681796546560
1302748687790030848
1302748856694779908
1302748916207812608
1302749069991907328
1302749080884596736
1302749193073823744
1302749229996281857
1302749252515368960
1302749383197446144
1302749409076228098
1302749440617267200
1302749540479574026
1302749643495727104
1302749806486458368
1302749817177804806
1302749838795128832
1302749877806350336
1302749945779421187
1302750014222020609
1302750088377360385
1302750220107866112
1302750231130406915
1302750314475458560
1302750382842667008
1302750397048610816
1302750449783549952
1302750477218508801
1302750551332081664
1302750626896637960
1302750722946199555
1302750730772774913
1302750735453446145
1302750850360762372
1302751226703089664
1302751235238322176
1302751428226809856
1302751470098378754
1302751513484300288
1302751547378610176
1302751576512225281
1302751589623640070
1302751629867757568
1302751672544837632
1302751688026025985
1302751693852086273
1302751825406447621
1302751954985275392
1302751989437095936
1302752128461570051
1302752177950281736
1302752226826424322
1302752331763576832
1302752338298441728
1302752366651940864
1302752437086941188
1302752482314125312
1302752559552053248
1302752630448381952
1302752645585801217
1302752695401484288
1302752759402422272
1302752814804934658
1302753014353211393
1302753277017231361
1302753430327488512
1302753436543393794
1302753460589387777
1302753567661420544
1302753770691063810
1302753925238587393
1302754000027242498
1302754026107424769
1302754058441232384
1302754139638726658
1302754161130442763
1302754164091613184
1302754182688993281
1302754190620491778
1302754240331276289
1302754317674393600
1302754388264587267
1302754532439465984
1302754643584446465
1302754655445884928
1302754695660924928
1302754824631525377
1302754884467318785
1302754903161360384
1302754975391444992
1302755066609389570
1302755108078473217
1302755245924249600
1302755294112514048
1302755414363185152
1302755586312814593
1302755625798000641
1302755706227965959
1302755838357057536
1302756017890037760
1302756075318304768
1302756406047764482
1302756472879751168
1302756494354665472
1302756527066013698
1302756541917872130
1302756867370876935
1302756908189675521
1302756926938284035
1302757200918712320
1302757201962909696
1302757337522999297
1302757467516928006
1302757487414632448
1302757680172404736
1302757790360858627
1302757821201686528
1302757832824107008
1302757834862592001
1302757905788100608
1302758219610075136
1302758281736318976
1302758364158533634
1302758418214772737
1302758421238775809
1302683039827288064
1302683055069503489
1302683064829534208
1302683113152294913
1302683170513530882
1302683232287170561
1302683234267004928
1302683276541407233
1302683445219397632
1302683611171299329
1302683650216034307
1302683776733114369
1302683892411822080
1302683999157006338
1302684009382719491
1302684052940619784
1302684171999932416
1302684191700725762
1302684268951252992
1302684442356482048
1302684492369453056
1302684542256513025
1302684625211326467
1302684700587171840
1302684915285331969
1302685022265122819
1302685036253261825
1302685122630692868
1302685137705013248
1302685178683252737
1302685182093414400
1302685273386446848
1302685382128132098
1302685383415795719
1302685394799153158
1302685395159785474
1302685398339129346
1302685465221373952
1302685519155994624
1302685538663702528
1302685541737979904
1302685578903916544
1302685683086225408
1302685733795160065
1302685875138998272
1302685926263582720
1302685953081790464
1302686002729844738
1302686171865272323
1302686308079480833
1302686366392877056
1302686583649267712
1302686605279453185
1302686665631313926
1302686705988886528
1302686735961337857
1302686739664908288
1302686750687420417
1302686823915745281
1302686918820290561
1302686936998522880
1302687112882511873
1302687382286880768
1302687421893685248
1302687476666966016
1302687517100199942
1302687545105420289
1302687584590663681
1302687719810723840
1302687815931555841
1302687959423086594
1302688035536945152
1302688131959808003
1302688168827912198
1302688320120655873
1302688359161171968
1302688363745611778
1302688375133143040
1302688437565362176
1302688465944010757
1302688491621330944
1302688564610764801
1302688749235601414
1302688801903403008
1302689060180418562
1302689110587568128
1302689121232617472
1302689278116282368
1302689603728547841
1302689634670055430
1302689693516038151
1302689805747261448
1302689830455795712
1302689871954280448
1302689980666515457
1302690015693148164
1302690079157096449
1302690118701113345
1302690162481049600
1302690201748332550
1302690347823308805
1302690395801792513
1302690408133210114
1302690474554253318
1302690502341545985
1302690567999062018
1302690727781163010
1302690826175168512
1302690828226310146
1302690860723662848
1302690868294569984
1302690872081825792
1302690987979034627
1302691126357368833
1302691192157671435
1302691214861283329
1302691284386275328
1302691345610539009
1302691437205753856
1302691616176529409
1302691798909964289
1302691807348785152
1302691876848504833
1302692104548888577
1302692332450480135
1302692424897175554
1302692428630065158
1302692448930537473
1302692553884655618
1302692588114399236
1302692711913287682
1302692751948029954
1302692755177648130
1302692809816911874
1302692873972977664
1302692892960370690
1302692919569244160
1302693029418078209
1302693068093755394
1302693094870188033
1302693113861992448
1302693195428569088
1302693250160111617
1302693258087346184
1302693527667838979
1302693535259471872
1302693635918622721
1302693652339146752
1302693786653351936
1302693825442385921
1302694232868696065
1302694260786036738
1302694371821629440
1302694466357088256
1302694504814620672
1302694556903911424
1302694657768513536
1302694848164757506
1302694866300932096
1302694873460604928
1302694899695915009
1302694913121939456
1302694925620961282
1302694936274493441
1302695008928104449
1302695023847395329
1302695129912877056
1302695179288272897
1302695185160298497
1302695209462108162
1302695307478794247
1302695341251112960
1302695518527614976
1302695562458861568
1302695803115327488
1302695859138818051
1302695945868660736
1302696028282421248
1302696125871259648
1302696177419399177
1302696195920457728
1302696222826934272
1302696227885191176
1302696227969159168
1302696268834246661
1302696336035319809
1302696385272258563
1302696399855742979
1302696445896585217
1302696471356006400
1302696473751162881
1302696768380047360
1302696804023185408
1302696860524584961
1302696984273457153
1302697235084390401
1302697285973733376
1302697334980124675
1302697398502928386
1302697400067383297
1302697478446346242
1302697478555279360
1302697662387548162
1302697741940789248
1302697755442253825
1302697761087905793
1302698051211948032
1302713162765135878
1302713226392670209
1302713379895873537
1302713473466499073
1302713691138215937
1302713743554404352
1302713747991965696
1302713787024207873
1302713894960590850
1302713945669742593
1302713981262422016
1302713986652286977
1302714073641967616
1302714246116118530
1302714266177409031
1302714432649269248
1302714436856160256
1302714463276003328
1302714511674073088
1302714711570513928
1302714715861213185
1302714820693811200
1302714821218054144
1302715058372456449
1302715178065240066
1302715210952630272
1302715246541373441
1302715330364571648
1302715450757771264
1302715454939705344
1302715646380249090
1302715797693820928
1302715874235887619
1302716117945810945
1302716212791709697
1302716432925495305
1302716465985081344
1302716467616428034
1302716501288517639
1302716511593926656
1302716588978626560
1302716628136853504
1302716744214216705
1302716766683095049
1302716770046939139
1302716796038938625
1302716802972225536
1302716870835884033
1302716889781673987
1302716941120016386
1302717086633005061
1302717258880360448
1302717463478652930
1302717471733035008
1302717477797990400
1302717535771557891
1302717583590936579
1302717654562725890
1302717776180719619
1302717803011756034
1302717896238403584
1302717965331169280
1302717967831117824
1302717978136449025
1302718020964421632
1302718046310551552
1302718213650669569
1302718275827232770
1302718285776068609
1302718315530457090
1302718341119905794
1302718504911679490
1302718508451667976
1302718523194642434
1302718594493460481
1302718785485303808
1302718805882224641
1302718818893004801
1302718950472474624
1302718977047703553
1302718990620467201
1302718993678184450
1302719007137492992
1302719173488005120
1302719290098044928
1302719338785509376
1302719376945303553
1302719401418993664
1302719626581688320
1302719686921064450
1302719764637331456
1302719953490128897
1302720072339714048
1302720091600150529
1302720231169818624
1302720235951345675
1302720348266180608
1302720372299771904
1302720419678617603
1302720688218759168
1302720754597888000
1302720778706747399
1302720886949150723
1302720916447666177
1302720990720352256
1302721134199267328
1302721151525949446
1302721443457830913
1302721597724340224
1302721634982338570
1302721712744804353
1302721825407930370
1302721833263865856
1302722025153204226
1302722139070455809
1302722185954435072
1302722227935129602
1302722507745701895
1302722548132610048
1302722562036838401
1302722666701283328
1302722674326679553
1302722804811362304
1302722828064690181
1302723014170214400
1302723046701174785
1302723094310776833
1302723143342141446
1302723411920158722
1302723447487893505
1302723482900258819
1302723582657662976
1302723640710934528
1302723772584267782
1302723775553851393
1302723891048124417
1302723963139784705
1302723996006387713
1302724012166975488
1302724050138079234
1302724074091819013
1302724126990389248
1302724155226415106
1302724252722814976
1302724269286338562
1302724325259141120
1302724372591853568
1302724403944402944
1302724411099930624
1302724529979043840
1302724543409262592
1302724726683467783
1302724806543114241
1302724904471736323
1302724994179436549
1302725003444592640
1302725273683664896
1302725360597991428
1302725407037419521
1302725582304751621
1302725687661531136
1302725803399020544
1302725827830796288
1302725828996993025
1302725840480862209
1302726000057266176
1302726076184104961
1302726083121381376
1302726120345919488
1302726157318713344
1302726210749968384
1302726226948296710
1302726446964715521
1302726515528888320
1302726684437893121
1302726722941415424
1302726728448696321
1302726848082841608
1302726858526597122
1302726904781434886
1302727075305074693
1302727168598913024
1302727265172647936
1302727273745965057
1302727396848742404
1302727447960453120
1302727542802178048
1302727562624458755
1302727764986925056
1302727777704202241
1302727821391994881
1302727949934829569
1302727976669392896
1302728052166856705
1302728075843600385
1302652946132480001
1302652994610053121
1302653048011931648
1302653104169586689
1302653123119456258
1302653159136014339
1302653287586463746
1302653373338906626
1302653441278464007
1302653738151223300
1302653760833896449
1302653825464008707
1302653864236130305
1302653876768653312
1302653953990103042
1302654041340751872
1302654862094667783
1302654955937964032
1302654984677289984
1302655039668924416
1302655045889122305
1302655051794714626
1302655142530080769
1302655152705372163
1302655233651286019
1302655320737624064
1302655421765873665
1302655498395758592
1302655542662516739
1302655543279050752
1302655586719477762
1302655654511947777
1302655933978476550
1302656168641265664
1302656181815697414
1302656263986311181
1302656274094489605
1302656292448866304
1302656444974739456
1302656513807388673
1302656530152648704
1302656686696456193
1302656757500649475
1302656843144101890
1302656924140343297
1302657052033069059
1302657075777019907
1302657167179345923
1302657300411199488
1302657359446188033
1302657373471989761
1302657471148961792
1302657499296919557
1302657540602302469
1302657591554781184
1302657593660317699
1302657611125448705
1302657626992504833
1302657633850023936
1302657696416530442
1302657751097708545
1302657759851155456
1302657844597207042
1302657949580623874
1302658003707949056
1302658123950428160
1302658131344986112
1302658175217303559
1302658191239639041
1302658306863820800
1302658442520334337
1302658447884914689
1302658506332368897
1302658523101302788
1302658567619645442
1302658616290422786
1302658702495768576
1302658736750764032
1302658764718460928
1302658770477232128
1302658785404649474
1302658847094562816
1302659033011109888
1302659082742980611
1302659170680725504
1302659330634907654
1302659397949235200
1302659430345928704
1302659564484153345
1302659596939653120
1302659615772094466
1302659684520914945
1302659716087246851
1302659751889825792
1302659860928970753
1302659888754163715
1302659899139264512
1302660021365350400
1302660022447386624
1302660042643079172
1302660133965770752
1302660272998543362
1302660285434560513
1302660342590459905
1302660468360663040
1302660578582896643
1302660738671050755
1302660906711691273
1302660954430214145
1302660964106543105
1302661054531473413
1302661072512581633
1302661095480582145
1302661168541073408
1302661252821458945
1302661271767134208
1302661283020509184
1302661338800500737
1302661597710741506
1302661599539408899
1302661775943442434
1302661801079963648
1302661827374051328
1302661973985775616
1302662337099374592
1302662496860344321
1302662604989427712
1302662683699929089
1302662732089643015
1302662772669505537
1302662774464679936
1302662840575307776
1302662857599918085
1302662922007711744
1302662937119776769
1302662993709338624
1302663030736642049
1302663053155217414
1302663088945143810
1302663147371757568
1302663247976435712
1302663252384665600
1302663279316275201
1302663387793547265
1302663431909183488
1302663542252998658
1302663552184889344
1302663697832308738
1302663711337795585
1302663714865377280
1302663752257593345
1302663772314783747
1302663792489164806
1302663798071885825
1302663807647522816
1302663848273604611
1302663865084370947
1302663966229893120
1302664001848049665
1302664005572534274
1302664052104196097
1302664305079250946
1302664415322484738
1302664491684032513
1302664599469056000
1302664652912910338
1302664694826704907
1302664716330741760
1302664805333884934
1302664883016794114
1302664895293526019
1302665239109001219
1302665248982302721
1302665347753889792
1302665367802839042
1302665434089631744
1302665438191550465
1302665442595663874
1302665564440219650
1302665581422948353
1302665619750490112
1302665686167302145
1302665752256737280
1302665769281486848
1302665779616325637
1302665956435668994
1302665965906268161
1302666137247780864
1302666189836029958
1302666193015316483
1302666277400596487
1302666318425001986
1302666384611123203
1302666483865067520
1302666517272813576
1302666549216514048
1302666565368844292
1302666591755091968
1302666602786230279
1302666654300676096
1302666688677244936
1302666704346968064
1302666883733360641
1302666922945699842
1302666946127769600
1302666950326259712
1302666970630967302
1302667003463901185
1302667016982138884
1302667072162459648
1302667084376100864
1302667102445121536
1302667183948836864
1302667261686280193
1302667267780550665
1302667273921015808
1302667278106980352
1302667293642686465
1302667310604472321
1302667336055271425
1302667355739369472
1302667362856960000
1302667533200379909
1302667574417723393
1302667658337361922
1302667673340276736
1302667689840656384
1302667715111391232
1302667731292966912
1302667792827797504
1302441440627363841
1302441476513820672
1302441727194587136
1302441743359639553
1302441907595874307
1302441937438494720
1302442037636202497
1302442368990412803
1302442547940192258
1302442562289106944
1302442729570471936
1302442766706921472
1302442810042445829
1302442876098445312
1302443029698093056
1302443181280317440
1302443203002396673
1302443341385089030
1302443393092550663
1302443532947464193
1302443539695984641
1302443589126041602
1302443601025138688
1302443759247011840
1302444028026327042
1302444180333973506
1302444381849481216
1302444470567235589
1302444621662953472
1302444633524494336
1302444706559909888
1302444904086462465
1302445161914470400
1302445178582700033
1302445236598304770
1302445309641940993
1302445360460177409
1302445532615450625
1302445577767067648
1302445626354028545
1302445678510170113
1302445787306242049
1302445796290371584
1302445825713303552
1302445961462120448
1302446157377884161
1302446201107869697
1302446248167960576
1302446459086729216
1302446486983028738
1302446489432739841
1302446561897648128
1302447178489585665
1302447191840047104
1302447210177671168
1302447464511926274
1302447528701460480
1302447659698057217
1302447663221219329
1302447664588402688
1302447673371496449
1302447812173533185
1302447911318491136
1302448006063484928
1302448090079793153
1302448126926581761
1302448138112782336
1302448258434785281
1302448288155734016
1302448365964341248
1302448433656102912
1302448459044327426
1302448460470214656
1302448506284789762
1302448510659297280
1302448532226482183
1302448666121207808
1302448687650545667
1302448729979584512
1302449115561951232
1302449137728671744
1302449220130140160
1302449359141908480
1302449374924922880
1302449407166619648
1302449438959579137
1302449470995484672
1302449541241765894
1302449608572846081
1302449640013361152
1302449671156178945
1302449685454520325
1302449721487679488
1302449746834075648
1302449977000632320
1302449977105539075
1302449989428412416
1302450056952455169
1302450225911664643
1302450279393050624
1302450314633793536
1302450318047838209
1302450364952834049
1302450370761891840
1302450370854236163
1302450401694961665
1302450405335392256
1302450417293553664
1302450434129321984
1302450478958034944
1302450505067704322
1302450552354336768
1302450681312235521
1302450794164150272
1302450915983548417
1302450932907741186
1302450947906392064
1302450969020641280
1302450977690144768
1302451035890278400
1302451101174726656
1302451223526809600
1302451234402480128
1302451287015923712
1302451307572350977
1302451361410355200
1302451455563972616
1302451463629795328
1302451483586093056
1302451533502611459
1302451637030510592
1302451756849401856
1302451785811058688
1302451886902202369
1302451964677099520
1302451965394329601
1302452015352733696
1302452086735597569
1302452127994966016
1302452144822390785
1302452222475804672
1302452225797574656
1302452288280199169
1302452318508593154
1302452351274561537
1302452465627848704
1302452518878937088
1302452681575985157
1302452714580987904
1302452845493379073
1302452880084008961
1302453035122282501
1302453169633583105
1302453203666178048
1302453234301382656
1302453338751922182
1302453342485065728
1302453355625807872
1302453485359697920
1302453578821505024
1302453693862817792
1302453698434490368
1302453713009692672
1302453757989412864
1302453769116950528
1302453987069906944
1302454012659163137
1302454017503752193
1302454157039804421
1302454207958536192
1302454230985383941
1302454354578989056
1302454493653667850
1302454510577737728
1302454653267845120
1302454670577692672
1302454720989032448
1302454791805612034
1302454812915638273
1302454863612182528
1302454897657298947
1302454958147633152
1302454997154762752
1302455039290740737
1302455063823159299
1302455064724815872
1302455096454852608
1302455134161481729
1302455269364887553
1302455283617271808
1302455320896253953
1302455359605538816
1302455498764095488
1302455636261769216
1302455664543965185
1302455707854200832
1302455722144198657
1302455760945852417
1302455917917552641
1302456123300044801
1302456245228576768
1302456277491048448
1302456454742376450
1302396132199464961
1302396167997853697
1302396186243010560
1302396314362277890
1302396328111079424
1302396706038964229
1302396710170144768
1302396781892972544
1302396804340776960
1302396881314738179
1302396904911798272
1302397047841026048
1302397112467042305
1302397137796431874
1302397176321060872
1302397318092685318
1302397335176179712
1302397486833700864
1302397513891303424
1302397573769043968
1302397639170818048
1302397827633602561
1302397874924290050
1302397893433724928
1302398007858671616
1302398104017276928
1302398136137154561
1302398150930509824
1302398213564108801
1302398344724127744
1302398370456178688
1302398450974289920
1302398458968637441
1302398495848984576
1302398607434428416
1302398689298853891
1302398835960889344
1302399028072796161
1302399077695410176
1302399214756954112
1302399234067648512
1302399349943533571
1302399369962954752
1302399371942785024
1302399453417156609
1302399475881775104
1302399566130675712
1302399572799614981
1302399855973851138
1302399949661966343
1302400072374726656
1302400165244882945
1302400168206139392
1302400177261572096
1302400229078003712
1302400285655040001
1302400295712899073
1302400655336902658
1302400706784178176
1302400774429868032
1302400948942372866
1302401044387966976
1302401061789949952
1302401139070193664
1302401167125811202
1302401253633388544
1302401275993010176
1302401438446911489
1302401495560794115
1302401505228718081
1302401688356048896
1302401711659716608
1302401760829599744
1302401761005760519
1302401775698350081
1302401813933699073
1302401827120599040
1302401987909234688
1302402003335811072
1302402014018768899
1302402034784768000
1302402042921709569
1302402127663304705
1302402355711930368
1302402373881454593
1302402404063817733
1302402655763922944
1302402677482102784
1302402746784546817
1302402765268881410
1302402800278790144
1302402864996921344
1302402868851421185
1302402869627420673
1302402911843082241
1302403018088996864
1302403095582797825
1302403125077315584
1302403138943500288
1302403198569897985
1302403205234593792
1302403271005528064
1302403312784994304
1302403461833687042
1302403469307854848
1302403721113096193
1302403814587158528
1302404017474154497
1302404094498226177
1302404206330966016
1302404251725910016
1302404362828906496
1302404443850252289
1302404501312352261
1302404518852857856
1302404609491771392
1302404729042014213
1302404758859325440
1302404786348863494
1302405042763300864
1302405096316325888
1302405132232122369
1302405536676106240
1302405568510992385
1302405647171047424
1302405689915191296
1302405908669050882
1302406381727817728
1302406400673345536
1302406440401895432
1302406502649532416
1302406535465762816
1302406538217349126
1302406603581267968
1302406633239113729
1302406633759354881
1302406692504776706
1302406716798062598
1302406736201035776
1302406893223149568
1302407138610876416
1302407220622168064
1302407530254008322
1302407628220440577
1302407662009806848
1302407675708428288
1302407735225409536
1302407771015360513
1302407845862924290
1302407875109806080
1302407906877341697
1302408148024807425
1302408175065292800
1302408238575443968
1302408253050171392
1302408340476243968
1302408383241232385
1302408395828400129
1302408485842214913
1302408607078576128
1302408657955508225
1302408666583306240
1302408724741599234
1302408803028291587
1302408834166566913
1302408918065393664
1302409167664279554
1302409257661485061
1302409267853455360
1302409316108873728
1302409557906526208
1302409570166493185
1302409615884328960
1302409655205982208
1302409684859719681
1302409731206766592
1302409813826195462
1302409825826017282
1302409922211184641
1302409953395830786
1302409984542674944
1302410039416643584
1302410130617708546
1302410230618181632
1302410259823091712
1302410694550192128
1302410737156059136
1302410861408129024
1302410959638597632
1302411189721456640
1302411192489652225
1302411195723526145
1302411267546570753
1302411269643939843
1302411283766161410
1302411305501044736
1302411387696820229
1302411676797472768
1302411845320544257
1302411926656385025
1302411988417613826
1302412174548185093
1302412304546496512
1302412356983484416
1302412514249109504
1302412581894795264
1302412603881189376
1302412608792866822
1302412637339357184
1302412819946770433
1302412925034926080
1302413109357948929
1302413202161106944
1302413206510546947
1302413246754816000
1302413283819913219
1302413316892090368
1302413328342552577
1302413352258490382
1302413512669458432
1302413757692469248
1302413789057421312
1302413909614354438
1302413962269532161
1302414065634074624
1302414070054756353
1302414078498013184
1302414149859848193
1302414194524983307
1302414204205445120
1302414359579316224
1302414391799939072
1302414430156644353
1302414478668001280
1302414879278551041
1302414883930230786
1302414971909951488
1302414993510535168
1302415013886472193
1302415022300295168
1302415205213892614
1302415205452771328
1302415249610506240
1302415269885812737
1302415275665522690
1302415334234882051
1302415494000115712
1302415526350721024
1302415604066869249
1302415673298235398
1302415741627502593
1302415776557731846
1302415812603633665
1302415947131760640
1302415952814854144
1302416170310684683
1302416351454203908
1302416406064005121
1302416437940609024
1302416526084055040
1302416594727923716
1302416662960971776
1302416690379132932
1302416767290146817
1302416857564155904
1302417093275516928
1302417134321045505
1302417233176477696
1302417316299321345
1302417573783326720
1302417599733604353
1302417651315036160
1302417690791874562
1302417712023580672
1302417856013807617
1302417942949384196
1302418047207124992
1302418134695993344
1302418168053460993
1302418175016005633
1302418200991334400
1302418313696346112
1302418363445129216
1302418465622503428
1302418531590569984
1302418645503668227
1302418665816588289
1302418754157056005
1302418908213923845
1302419021392822275
1302419022689054720
1302419057610813443
1302419096399642628
1302419151420448769
1302419187206418432
1302419279875379207
1302419312335032320
1302419369822162944
1302419699662295047
1302419708776505344
1302419761331134465
1302419889035108352
1302419909205544960
1302419952763310082
1302419968374509568
1302419993183875072
1302420022644572160
1302420100939689984
1302420164974182400
1302420167603834880
1302420183475277830
1302420214068514816
1302420452082499584
1302420561721778178
1302420608735744000
1302420636027977728
1302420651735621632
1302420671335723010
1302420738528415744
1302420771898232832
1302420783923372032
1302420880237133824
1302420880459431937
1302421181610569729
1302421211473833984
1302421252796231681
1302421552881971200
1302421759489048576
1302421972408770561
1302422183751290881
1302422192358002689
1302422193217966082
1302422417286074369
1302422456884490241
1302422478871027713
1302422490120163328
1302422514883112960
1302422574278860810
1302422636908163072
1302422735570833408
1302422905720979456
1302422942488227841
1302423135338344448
1302423200400199683
1302423289495683072
1302423332122513408
1302423333808545792
1302423493250818048
1302423645676019718
1302423688718028805
1302423780111904768
1302423933736701954
1302423980566097926
1302424034123022336
1302424054595555329
1302424092612743169
1302424173067661314
1302424406808035330
1302424418438832128
1302424428719017984
1302424648076926977
1302424746542247936
1302424871876595719
1302424884514091009
1302424916852006913
1302425001442902018
1302425061329186816
1302425061903671298
1302425084372582400
1302425194435416064
1302425246457307136
1302425258113327104
1302425392133873668
1302425589215883265
1302425824155574273
1302425840538411010
1302425861359120385
1302425991235555328
1302426129446309888
1302426212472676353
1302426238229925889
1302577520953491456
1302577521205092354
1302577548262400001
1302577728441462784
1302577978765959174
1302578109036802048
1302578322568876036
1302578478391242752
1302578513837469696
1302578717668134912
1302578803085115394
1302578965098315776
1302579167628857345
1302579507216355328
1302579512287391745
1302579547326615553
1302579736804294657
1302579913745215488
1302579946238496770
1302579982825332737
1302580289701634048
1302580305816158209
1302580397935603712
1302580402721185792
1302580725150101504
1302580789352312833
1302580864119963649
1302580900522340352
1302580950908522498
1302581015106461696
1302581151861620737
1302581195067338753
1302581322523832321
1302581356581531649
1302581359911809025
1302581478501605377
1302581489683574785
1302581603441442817
1302581662648274946
1302581719313330176
1302581750502129667
1302581753694035969
1302581781217107969
1302581808958234624
1302581881733550081
1302582091989696512
1302582092304449536
1302582156343029760
1302582209514270722
1302582274693758977
1302582420634398721
1302582489970401280
1302582511764152321
1302582712381968385
1302582718748938241
1302582748385808384
1302582786109444097
1302582848898117632
1302582856254984192
1302582893512978432
1302582943282606080
1302583009351266305
1302583128830205953
1302583145640927234
1302583278331932673
1302583331893080064
1302583419927433216
1302583457177112577
1302583558997827584
1302583701147185154
1302583829341843456
1302583837512302594
1302583928797253632
1302584000993792005
1302584103888330756
1302584226198372354
1302584305806389251
1302584453362003968
1302584478859132931
1302584509842427905
1302584612787548160
1302584637668184064
1302584677249810435
1302584714646216704
1302584743347847168
1302584792559558657
1302584940618539008
1302584943416086530
1302585194541649920
1302585210496671745
1302585442659962880
1302585457281126400
1302585504089747457
1302585652563685380
1302585653205643264
1302585678056878081
1302585719303462914
1302585982701760513
1302586111777271808
1302586244040290306
1302586268132536320
1302586283773001728
1302586285828247552
1302586329964916736
1302586514384265217
1302586567819751424
1302586670932529152
1302586768118689792
1302586823361859584
1302586866236100610
1302586883449315330
1302586944958930950
1302586987719921665
1302587174504849409
1302587254976774146
1302587338816655366
1302587380998832128
1302587470635175936
1302587592765067265
1302587611077324805
1302587694959165440
1302587725162393603
1302587786290233348
1302587809644060673
1302587826081607683
1302587948534296577
1302588025143267333
1302588095745929216
1302588157418975232
1302588182282883072
1302588207096266752
1302588321038848000
1302588357839597569
1302588391343755264
1302588411522568197
1302588511283851266
1302588519433433088
1302588561556897792
1302588590736715776
1302588598508756994
1302588752502628352
1302588816860033024
1302588940197728256
1302589106887839745
1302589134998048770
1302589155508183040
1302589194376802304
1302589470554959872
1302589471553130496
1302589479421706242
1302589572593848320
1302589716441817088
1302589817969049600
1302589859354349568
1302589928522551298
1302590177676845058
1302590367712399360
1302590430090006530
1302590462109261824
1302590734718119936
1302590922140590081
1302590946358571008
1302591305927852033
1302591350584508416
1302591382494699522
1302591388316585984
1302591487759339520
1302591808267055105
1302591971878338561
1302592014240878593
1302592022247694336
1302592095782404097
1302592156847271936
1302592218008616964
1302592243593773056
1302592294437101568
1302426358849601540
1302426393909719040
1302426525996900352
1302426528500690950
1302426539196329984
1302426566740389888
1302426651150766081
1302426692519108609
1302427069037662210
1302427165829541888
1302427230811938822
1302427581208096768
1302427639945330691
1302427667619295234
1302427776499298305
1302427791594463234
1302427806782164992
1302428000302952448
1302428039796543489
1302428215399444480
1302428310337708034
1302428486095831042
1302428521999085569
1302428652395802625
1302428690488479744
1302428756942958593
1302428844889055232
1302428875910242304
1302429215187501057
1302429251761831938
1302429333315870720
1302429339057782784
1302429385824243712
1302429388512923648
1302429613289877504
1302429638023475201
1302429700481003521
1302429718344429568
1302429776662204416
1302429787802091521
1302429821000060929
1302430057017880576
1302430106686836739
1302430301700972548
1302430467921190912
1302430490461233157
1302430540822274048
1302430874429009920
1302430972718141440
1302431021959442433
1302431071716478976
1302431238398136320
1302431619119304709
1302431677847867392
1302431696353140736
1302431705010036736
1302431813483327489
1302431932073021440
1302432181445419014
1302432190685261824
1302432225707855876
1302432289700352000
1302432388702760960
1302432406591373312
1302432504012562440
1302432656181911553
1302432743180177408
1302432890290987008
1302432958985326592
1302433039654498304
1302433086651510787
1302433245200445442
1302433275491876866
1302433356181893120
1302433425962532864
1302433432019050497
1302433457218428928
1302433595689234434
1302433866339115008
1302433882244100096
1302433930449223684
1302433939521441797
1302434022619066370
1302434027593519106
1302434143419207682
1302434506876559360
1302434531245395969
1302434572559409152
1302434599423934470
1302434624874962944
1302434708056354821
1302434755393224704
1302434826855669761
1302434994883710977
1302435060340195328
1302435117181394945
1302435198852829185
1302435207543431169
1302435257463996417
1302435308844318726
1302435526600011776
1302435638420045829
1302435691675226113
1302436006881357826
1302436078058532865
1302436167057641475
1302436206093967360
1302436385308241921
1302436472310697984
1302436569945526272
1302436602841448449
1302436641173393409
1302436697112817665
1302436793241997312
1302436850338947072
1302436962402328576
1302437019205775360
1302437086071607296
1302437285888221184
1302437294419447808
1302437324463243271
1302437359850582018
1302437390020206593
1302437628231454720
1302437666894434304
1302437699173916674
1302437989046456320
1302438203740377088
1302438249856724992
1302438319683502081
1302438397676486659
1302438424067141632
1302438511899942912
1302438750648061952
1302438922518065153
1302439107419729920
1302439138663297025
1302439939909406720
1302439968061698048
1302439971639394304
1302440086974455809
1302440220114157569
1302440573765332994
1302440581864599552
1302440600839561217
1302440799527940097
1302440820071706629
1302441116571234304
1302441196271423489
1302441206769741825
1302441247987003393
1302441300352880640
1302441322629005313
1302456594987249664
1302456656031346689
1302456766786043906
1302456880363696128
1302456883958161409
1302457145225428998
1302457149323382784
1302457279367712768
1302457457491369984
1302457520963817473
1302457530224959490
1302457766800285697
1302457822609801216
1302457886501552128
1302457918722170881
1302458015619018752
1302458088654471168
1302458134783504384
1302458263905198082
1302458366355288064
1302458442716717056
1302458482306682880
1302458609360490497
1302458624304799744
1302458639475789824
1302458696908242946
1302458808858361856
1302459045777899520
1302459148441808896
1302459351219580928
1302459456282787840
1302459500083859457
1302459559584423936
1302459753701027841
1302460016679694342
1302460392501903360
1302460467244302341
1302460672995975168
1302460689923989509
1302461059845021696
1302461163846893568
1302461176387903493
1302461178958942208
1302461197837631488
1302461284592558081
1302461351705612290
1302461462259015686
1302461509705105408
1302461514750799878
1302461729771749377
1302461871329628161
1302462156571471873
1302462244148649984
1302462414970122241
1302462459114995713
1302462501531967488
1302462565042262016
1302462729278513152
1302462752510935041
1302462832785588226
1302462874145652736
1302463014147297280
1302463076256677888
1302463123060711424
1302463286504349700
1302463298080780290
1302463742937124866
1302464145393156096
1302464220190179328
1302464268164448258
1302464442693824514
1302464444933566464
1302464558309625856
1302464717483630592
1302464994647388160
1302465006244704256
1302465093238755330
1302465114868723714
1302465181201518593
1302465240341258242
1302465284322754562
1302465455303651328
1302465586916741121
1302465594164260864
1302465619103592449
1302465631938375681
1302465685239586816
1302465934041460736
1302466004543574017
1302466006535811082
1302466089725472770
1302466157836939272
1302466220302630913
1302466397310771200
1302466408144662528
1302466476608118784
1302466526277115904
1302466544681639941
1302466573169561600
1302466672998088715
1302466697551425536
1302466726307590144
1302467090343919616
1302467118030610432
1302467254106292225
1302467302798110721
1302467396746096641
1302467422188785664
1302467460831088641
1302467622772985856
1302467870346088448
1302467947953176576
1302468128123781128
1302468313142837248
1302468398086000641
1302468716291129344
1302468805675741189
1302468948743671808
1302469011356041218
1302469096664182786
1302469117165805570
1302469301497020418
1302469381985693696
1302469799977467904
1302469851089313794
1302470143210139653
1302470172163411968
1302470227561766912
1302470250810793984
1302470524577120261
1302470533280395264
1302470733831049217
1302470835073028098
1302470938697453568
1302470943852449792
1302470990212014080
1302471163654942721
1302471257158373381
1302471384233390080
1302562196090761219
1302562205767008256
1302562232933462017
1302562582449065984
1302562690108448768
1302562703341486081
1302562897864912896
1302563026760085505
1302563425734729728
1302563549634613251
1302563570283094016
1302563760821866498
1302563796850892802
1302563803578675201
1302563947086835712
1302563983010955265
1302564147251486720
1302564426957033473
1302564486021369863
1302564576014336000
1302564684873293826
1302564929505865728
1302565108535750656
1302565111958306816
1302565503324446721
1302565546744049665
1302565626565853187
1302565738922815489
1302565756182368257
1302565781612437506
1302565789057286151
1302565907693264897
1302566013129707522
1302566106570412032
1302566158621724673
1302566305053265922
1302566740719624192
1302566756465045506
1302566762442039296
1302566915953561600
1302567035344388099
1302567138008408065
1302567145742761985
1302567182652628993
1302567265972432897
1302567301225607168
1302567370733613056
1302567373808054273
1302567649298190336
1302567664490082306
1302567761676103681
1302567986017054722
1302569348515721219
1302569618205270016
1302569875651596288
1302569984938434560
1302570120787550208
1302570145592881154
1302570339117838337
1302570371934281729
1302570791255580673
1302570975335153664
1302571185402720258
1302571340378124288
1302571417934999555
1302571522108792832
1302571546804801537
1302571692015771651
1302571743140343810
1302571887827070976
1302571921633087488
1302571971302043654
1302572039635521536
1302572065409638400
1302572344804864001
1302572397397147649
1302572572278743041
1302572690436485120
1302572812981481473
1302572863300546560
1302572868711182337
1302572906237456390
1302572958175518720
1302573207275233280
1302573391111745536
1302573661594025985
1302573662403547136
1302573795333623811
1302573859502161920
1302573889441206272
1302573927454117888
1302573984739995649
1302574050775109636
1302574130252972034
1302574564694777857
1302574704339955712
1302575025317384192
1302575186923991042
1302575344390529025
1302575565547794433
1302575786927493121
1302575834130264064
1302575836307116032
1302575896671522817
1302575931953942530
1302576102297219072
1302576127228235777
1302576137978228736
1302576169997553664
1302576229892136962
1302576284858494976
1302576360205029383
1302576409668452354
1302576444766289923
1302576542975954945
1302576544095768577
1302576623871504384
1302576644247433218
1302576793162051584
1302576837189459968
1302471598268731397
1302471682863411200
1302471803823181824
1302471842704191488
1302471847229845505
1302472034031730689
1302472233324085248
1302472265079156736
1302472333215621120
1302472574064930816
1302472667010863104
1302472851983826947
1302473319971614723
1302473357460271108
1302473445700038658
1302473618505363456
1302473621898694656
1302473718120108033
1302474113915781120
1302474274578538497
1302474519614025728
1302474668553588736
1302474678838026241
1302474679857356800
1302474713613111296
1302474788825214977
1302474926171930625
1302475358004936705
1302475371602870272
1302475423335559169
1302475653632098306
1302475708493594624
1302475732250251264
1302475830086348801
1302476013310365698
1302476078297100289
1302476339971108866
1302476579902074880
1302476607920242689
1302476676190924800
1302476730624405506
1302476776023621633
1302476783388745728
1302477020731858951
1302477066991022085
1302477164395343872
1302477271731707904
1302477477223120896
1302477518503641088
1302477522156703747
1302477565374980102
1302477734908575744
1302477736666161152
1302478102723997696
1302478142167306240
1302478245124886529
1302478320357896194
1302478321310203909
1302478369850716161
1302478413668798471
1302478720720973825
1302478758557827074
1302478987915124738
1302479070790328326
1302479481307893761
1302479603542482947
1302479694953091072
1302479806672429056
1302479845994033160
1302479859575209984
1302479990529822720
1302480023270481922
1302480048549658624
1302480125494165505
1302480283694960642
1302480508174184453
1302480657000607748
1302480778350206976
1302480950098616320
1302481103731798017
1302481178595913728
1302481241195905025
1302481601238937600
1302481840838770688
1302481873663332353
1302482024016441345
1302482155977793538
1302482288039653376
1302482292456271872
1302482396869140480
1302482516180426754
1302482642848358402
1302483286367678464
1302483329040539648
1302483396334034945
1302483487149228032
1302483498230456320
1302483523706802176
1302483531214581761
1302483570028670977
1302484392628097025
1302484486794350593
1302484652855357445
1302484859412197376
1302485134386409472
1302485460107685890
1302485583688871936
1302485702681206784
1302485778111426560
1302485869106921472
1302486098162061312
1302486798799646720
1302486934992740352
1302487051879813126
1302487220146896897
1302487242447810564
1302487259879485441
1302487763460042753
1302487840257986561
1302488121842511877
1302488169640681472
1302488424146972673
1302488447953768449
1302488630833840131
1302489062125649920
1302489072276041730
1302489809328517125
1302490081127804928
1302490188858433536
1302490615645495297
1302490626697490432
1302490643936100354
1302490728753491968
1302490741038444544
1302490783505952768
1302490856855924737
1302491765576957952
1302491829787598853
1302492028253556739
1302492095270150144
1302492289479180288
1302492327722639360
1302492695357779968
1302493111042539521
1302493371806527490
1302493393910521856
1302493585053487105
1302494071483662336
1302494140899434496
1302494248625872896
1302494465257607172
1302495013084028928
1302495044126019584
1302495305170968586
1302495680234127362
1302495783359574018
1302495839156277248
1302496058279440386
1302496135924211712
1302496138067673089
1302496473121132545
1302497169488789506
1302497176619282432
1302497414771691520
1302497541938962434
1302497612356964354
1302497628320661508
1302498592398036992
1302498864516067328
1302499057697468416
1302499140052623361
1302499307828973569
1302499480114065410
1302499487584321537
1302499877209792512
1302499956050112514
1302500223776948224
1302500355637481473
1302500387883225088
1302500581336952833
1302501041624109056
1302501083449876480
1302501302002302976
1302501588137701376
1302501738897960963
1302547172336963585
1302547257288343552
1302547737775407104
1302548173467025409
1302548733498884101
1302548797403402242
1302548828348841984
1302549285901393920
1302550165778300928
1302550289241825280
1302550403213594629
1302550607157506048
1302550637297762304
1302550742033551360
1302550841438674944
1302551002671915010
1302551021739278339
1302551078253334533
1302551102634823680
1302551312555364353
1302551850894462977
1302552005051854849
1302552155480616960
1302552492836782082
1302553022053134337
1302553025890799617
1302553326320521217
1302553860871983110
1302554050760708125
1302554547882258432
1302554571403911168
1302554695475646469
1302554714937143296
1302554872676577280
1302555027626766336
1302555148397481984
1302555342732222464
1302555389658005505
1302555444834172928
1302555541718405121
1302555767728410625
1302555932958875650
1302556169295200256
1302556176563843072
1302556465228521472
1302556473357152256
1302556555464900608
1302556592676777984
1302556709882298369
1302556878107553793
1302556931517808640
1302556966401835009
1302557209197502465
1302557210510319616
1302557612668530691
1302557899273666560
1302557915627298816
1302557997110042624
1302558216782581762
1302558580512641024
1302558618529693701
1302558796921757696
1302558898277285888
1302559171750105089
1302559173650132994
1302559244168953858
1302559381712711681
1302559450008629248
1302559526885892099
1302559579788763136
1302559882412011520
1302560076855758849
1302560159013765120
1302560183630082054
1302560238491643905
1302560324898435074
1302560526275231744
1302560537113395200
1302560782379606019
1302560921219403778
1302561283611426816
1302561377639432192
1302561633814949888
1302561728622997504
1302561831421050880
1302561906654404609
1302561944734437381
1302502042506801155
1302502114116030467
1302502199650521095
1302502218466287617
1302502317338566656
1302502389023469568
1302502447638700035
1302502678409490433
1302503244032245760
1302503348302680064
1302503409342390274
1302503636392697857
1302504227269480449
1302504351303258112
1302504637346598914
1302504878208679937
1302504928187944960
1302504940300955651
1302504967387975680
1302505550035460101
1302506158490607617
1302506256385495046
1302506553745043461
1302506564746649600
1302506607230816256
1302506815998042112
1302506967957532673
1302507438931804160
1302507842415603712
1302508740839485441
1302508767096066048
1302508807164026882
1302509521676402688
1302510181302112256
1302510454699327490
1302510535964057600
1302510646676860929
1302510904987340801
1302510983370469380
1302511046108864513
1302511399252430848
1302511522699239424
1302511601451438080
1302512046865489920
1302512478304100353
1302512806256803843
1302512850565574657
1302513316397490177
1302513352434835457
1302513875359731713
1302513954871078914
1302514001591427073
1302514235579170816
1302514628723834880
1302515203595268096
1302515480905752577
1302515821718241285
1302515885102501889
1302515974395105280
1302516040325238784
1302516181442600960
1302516291517865985
1302516485156409345
1302516670989123584
1302516976422662147
1302517095171862528
1302517187840741376
1302517390597648384
1302517422340091904
1302517558562574337
1302517745288790017
1302517973538799616
1302517999484583937
1302518849724731393
1302519115710705665
1302519253095124993
1302519339254382593
1302519502635229189
1302519621426143233
1302520337721184256
1302520523356876801
1302521216654340096
1302521227454615552
1302521601200738304
1302521670490611718
1302521993217146881
1302522335912656896
1302522728457449474
1302522924440657920
1302523565305139206
1302524684496506880
1302524888150872064
1302525030723584000
1302525128278974465
1302525372584677376
1302525713686425600
1302526094822780928
1302527061454544896
1302527319651696640
1302527767360221185
1302528058285490176
1302528292470185985
1302529535108407296
1302529779388870656
1302529839484866561
1302529880458960897
1302530019479048193
1302530736478654464
1302531472218378242
1302531820635017216
1302532178694283264
1302532550364147712
1302533698458451968
1302533878364737539
1302534276869754880
1302534295878348802
1302534363461148672
1302534422055604224
1302534628725731329
1302534793654136832
1302534951502454784
1302535079453917184
1302535602538196993
1302536248997838848
1302536620739121154
1302536693673648130
1302536742751424517
1302536807926636544
1302536928714199043
1302539235568881666
1302539291172712449
1302539615002189825
1302540137365041153
1302540238779228160
1302541501646475265
1302542043072397313
1302542105382981632
1302542829558927361
1302543267309985792
1302543503411613697
1302543834279157760
1302544087032229888
1302544280620212224
1302544389718380545
1302544542864936960
1302544682040393729
1302544706358964224
1302545349047967745
1302545418123964419
1302545828033245185
1302545893371949057
1302546925502246912
1302546927976939520