1302969880094752771
1302969880799399938
1302969981534003201
1302969990467989504
1302970045904105472
1302970091395522562
1302970109280083968
1302970246584647680
1302970255657103365
1302970298686472196
1302970316982022146
1302970363744260099
1302970404785405952
1302970441200472065
1302970501254479873
1302970566845042689
1302970657815359490
1302970664761131008
1302970722516709377
1302970805324840960
1302970913076310016
1302971012372340736
1302971024376500224
1302971085386846208
1302971099408486403
1302971113396461569
1302971131222093824
1302971280099028994
1302971402757251074
1302971458159771655
1302971574648213504
1302971623100776451
1302971651907293184
1302971654725873664
1302971673663229953
1302971726242906112
1302971830421073920
1302971928555270144
1302972028153204736
1302972049447694337
1302972060151541766
1302972120587214850
1302972173431312389
1302972178732691461
1302972185997225985
1302972314259255297
1302972373667377156
1302972434468007936
1302972489191043076
1302972530010066945
1302972582543663104
1302972642626953218
1302972646703865856
1302972653494513664
1302972734956138497
1302972783329075208
1302972785237475328
1302972832411013120
1302972942171672576
1302973019435012097
1302973024707190784
1302973066784501760
1302973078226571264
1302973086208196608
1302973088422793218
1302973091199549440
1302973133964685313
1302973154785030144
1302973163740049408
1302973209650720772
1302973393638232065
1302973405541564417
1302973452308021250
1302973482750349315
1302973543265767424
1302973562559569922
1302973613461704705
1302973658210668545
1302973697939124224
1302973720236101633
1302973830802087937
1302973847382130688
1302973888561807362
1302973931209588736
1302974108813144066
1302974259136995340
1302974342767181825
1302974401223290881
1302974455946326017
1302974466268360704
1302974632060882944
1302974651681968130
1302974673274187778
1302974677963415553
1302974706073702400
1302974718446772225
1302974757328084992
1302974892250411008
1302974934839439360
1302974975322841092
1302974983824723968
1302975144370098178
1302975230110035969
1302975273584001029
1302975390747635712
1302975466509414401
1302975478215606274
1302975493151498241
1302975517528928257
1302975714497626117
1302975744558202880
1302975754162991104
1302975811310493700
1302975811432132608
1302975959348502530
1302976127292579843
1302976130035712001
1302976133747544064
1302976193226919937
1302976224386482178
1302976257861120000
1302976259580928006
1302976511889174528
1302976571200995330
1302976586464063488
1302976687769030657
1302976711827611648
1302976803913363456
1302976923065294848
1302976938575892480
1302977023250497538
1302977141362118656
1302977195845926912
1302977274027757577
1302977408082083841
1302977413903773697
1302977479355723776
1302977482602283010
1302977529775611904
1302977634310254593
1302977856402862086
1302977881694523400
1302977932013514752
1302977964401930242
1302978012158328833
1302978096824561664
1302978150759116801
1302978182547677185
1302978275459977218
1302978328983408647
1302978357085134848
1302978428732411904
1302978488241131520
1302978498051612674
1302978616347824129
1302978670596947968
1302978815187181569
1302978868928749569
1302978913510076417
1302978915095515138
1302978962985902080
1302979001217032196
1302979102559928323
1302979113028743168
1302979185653112833
1302979312526782464
1302979436048859137
1302979485403410432
1302979539463819266
1302979607461756929
1302979630845046785
1302979795173740545
1302979833354424324
1302979853386473474
1302979907098615808
1302979927835398146
1302979960366419973
1302979986698260480
1302980063172886529
1302980093057396738
1302980114033057796
1302980157087637505
1302980215019249665
1302980231742009344
1302980244509519872
1302980380610437121
1302980383731003392
1302980413103644673
1302980437317488641
1302980502996094978
1302980512001130496
1302980695506194432
1302980730159497219
1302980764561268736
1302980775088803840
1302980815610089472
1302980818797760513
1302980839555305472
1302980885222957062
1302980922111787008
1302980930131329025
1302981025916768259
1302981032342425600
1302981066299408388
1302981103020650497
1302981126911217665
1302981165595455495
1302981170968363008
1302981259677904896
1302981296998756354
1302981317932601345
1302981457170837504
1302981512028012545
1302981554302582786
1302981567040557057
1302981585273225220
1302981656584884224
1302981666529452033
1302981718136295424
1302981816370884613
1302981866358669312
1302981881105969153
1302981896503164934
1302981938991583232
1302982007308386307
1302982019329163264
1302982075021242368
1302982085842538497
1302982095397031936
1302982112748986369
1302982176485433345
1302982188380626946
1302982218265042944
1302982218495729666
1302982248312926209
1302982400948011009
1302982558670639104
1302982585061191682
1302982619815194626
1302982633807204356
1302982658385993728
1302982842604023815
1302982945003638784
1302983026125803520
1302983034975612928
1302983074372755458
1302983095604391939
1302983466208854017
1302983520873263104
1302983583670374403
1302983600778993669
1302983602259595267
1302983707712778241
1302983782153289737
1302983906199629824
1302984026454712320
1302984101566337025
1302984186765156353
1302984207875092480
1302984457817911298
1302984496732680194
1302984651770798081
1302984709404872708
1302984757211541505
1302984769207177217
1302984788182065153
1302984844977344522
1302984916431523840
1302985097319256067
1302985113068859392
1302985143972433924
1302985179762491400
1302985216256954368
1302985275652616194
1302985307768324096
1302985344711880704
1302985355940036613
1302985409308360704
1302985447505879040
1302985613227032576
1302985620235591681
1302985621460353024
1302985647851008000
1302985691035504640
1302985738397667329
1302985841208422404
1302985860133146626
1302986014445756419
1302986237100396544
1302986269878816768
1302986299356450818
1302986454990229506
1302986510233415680
1302986555385090048
1302986565799510016
1302986575127760898
1302986599152508930
1302986647655428098
1302986708305223680
1302986786101030913
1302986804065431555
1302986852270448641
1302987046315798528
1302987058613542914
1302987079425564672
1302987137088978944
1302987185013043201
1302987469437177856
1302987548659253249
1302987684286263297
1302987694079987714
1302987723091959809
1302987789521354752
1302987853056454656
1302987898552233984
1302987969138229257
1302987970581065729
1302988008388468736
1302988094371758081
1302988225921921024
1302988263368667140
1302988281861279744
1302988443157319680
1302988720870584321
1302988738411327489
1302988741951156224
1302988748641243137
1302988774125776896
1302988810687479811
1302988849992404994
1302988870284435457
1302989011749875714
1302989021078003720
1302989184773361665
1302989239634874369
1302989360875347971
1302989411488075776
1302989430257483777
1302989442739732480
1302989474524065793
1302989504681213952
1302989524851519488
1302989554698326021
1302989628702519296
1302989637556883457
1302989709447176194
1302989756859518981
1302989841928347648
1302989920382877697
1302989937441148930
1302990031175520256
1302990101136510977
1302990273316880390
1302990273446895617
1302990387271725058
1302990411577745408
1302990594587922433
1302990804986798080
1302990880215883776
1302990893620834306
1302990897890562050
1302991035979542528
1302991059815989251
1302991073808199683
1302991077830467586
1302991103801667584
1302991105558851584
1302991120301985797
1302991169589141504
1302991169945772039
1302991372916588545
1302991387336478721
1302991396287250438
1302991533751369738
1302991691952132098
1302991825918210048
1302991875805196289
1302991919459508224
1302991923527983109
1302992088355741696
1302992104180908032
1302992176327069696
1302992194865754112
1302992211433398272
1302992212398088192
1302992381835345920
1302992394967752706
1302992417348608004
1302992461695012864
1302992530066214912
1302992668063006720
1302992687453204480
1302992781342801921
1302992888507195393
1302992920547557376
1302992936804724737
1302993126458404870
1302993238026903552
1302993238379376641
1302993333367775232
1302993463303045120
1302993616160391172
1302993717108776960
1302993860168216581
1302993874311413760
1302993970671255554
1302994013088219136
1302994059506712576
1302994159419170816
1302994178209730560
1302994287437721603
1302994308379930624
1302994412675399680
1302994426978070529
1302994461111341057
1302994598114013190
1302994775637815298
1302994781375791106
1302994967988633600
1302995305852411904
1302995324013699072
1302995328828833792
1302995365524893697
1302995399452561409
1302995496034807808
1302995695226552320
1302995815770644481
1302995835479830534
1302995879872180225
1302995995463163907
1302996022159958017
1302996041814487043
1302996043986944000
1302996088564183042
1302996162715119616
1302996187813830656
1302996308483960832
1302996405456457728
1302996423168983046
1302996455595143168
1302996461265846273
1302996465229463552
1302996547806720000
1302996554538790913
1302996614752210944
1302996634570285056
1302996749787725824
1302996823599177736
1302996962254508032
1302996974749138946
1302997008165167109
1302997015442403329
1302997044257325056
1302997072581406720
1302997158405181441
1302997221097508864
1302997269218816002
1302997285522100231
1302997303259783168
1302997335744667648
1302997363708096519
1302997460718059520
1302997481870053377
1302997570579509248
1302997574664761344
1302997599696244737
1302997696786190336
1302997808618917888
1302997918048280581
1302997972058341378
1302998042006761472
1302998280477929474
1302998290682740736
1302998342721507334
1302998346890711040
1302998415249494018
1302998446182465537
1302998533847408640
1302998547055419392
1302998678089723906
1302998740987342850
1302998869761052672
1302999010588930053
1302999048199327744
1302999110996221952
1302999158920327168
1302999206236319744
1302999252507992064
1302999292035162114
1302999334917677057
1302999367364739073
1302999369487130630
1302999454660923392
1302999471182155777
1302999736090124289
1302999780491227137
1302999930961686528
1302999984674082816
1303000016420835330
1303000070736936960
1303000142367395847
1303000351432413185
1303000420747341826
1303000463764262913
1303000520890736640
1303000573462093824
1303000651522285568
1303000661282312192
1303000686938873858
1303000732518539264
1303000758292541441
1303000760121266176
1303001031379423239
1303001044058865664
1303001057484771331
1303001065718198273
1303001109305462784
1303001135305895937
1303001183712231425
1303001288234463239
1303002040386215948
1303002040860172289
1303002063358570497
1303002175380037637
1303002288051683330
1303002414476394496
1303002443823935489
1303002454401994753
1303002491727028226
1303002642927382528
1303002700238315524
1303002719720964096
1303002747881488384
1303002758979686401
1303003072046731266
1303003307078750208
1303003339182034945
1303003372715417601
1303003376876019712
1303003410409508865
1303003596846444546
1303003605591613440
1303003668258660352
1303003767797813253
1303003814929276934
1303003830754463745
1303003929421033473
1303003941920071700
1303003949474119680
1303004094219444229
1303004127555973121
1303004190965485569
1303004247533944832
1303004270070038534
1303004273631006723
1303004291901382661
1303004310436020226
1303004350592233472
1303004413599064064
1303004437796057090
1303004503428325379
1303004526555922440
1303004620168388612
1303004662988185603
1303004693388500994
1303004705921134594
1303004908648640520
1303004922972196864
1303004928827219970
1303005058276102144
1303005126525890560
1303005173640503296
1303005230553071617
1303005291592572932
1303005310685245440
1303005668299792386
1303005728068624392
1303005863444127745
1303005870213586957
1303005910802014209
1303005926807556099
1303006220207435780
1303006324633067527
1303006335076904963
1303006352428548096
1303006389464424448
1303006398381514757
1303006562559111177
1303006594645585921
1303006673951502337
1303006693912084482
1303006700241399811
1303006701294161927
1303006706390065152
1303006801768730626
1303006810488606722
1303006830352883713
1303006936615579648
1303007000595488768
1303007033508220928
1303007065116467200
1303007087342084098
1303007091007934472
1303007102064046080
1303007104240947200
1303007192161955847
1303007271211995138
1303007298592411649
1303007406486478864
1303007456990302208
1303007474296008705
1303007490754318337
1303007495045156864
1303007543992541185
1303007744476278784
1303007754450329602
1303007839510843392
1303008034302590976
1303008052984057857
1303008059258675200
1303008156822380545
1303008193619136512
1303008329581686796
1303008461354131456
1303008474591305728
1303008579964686338
1303008643256922112
1303008684923072514
1303008857761873921
1303008858290311168
1303008921452507137
1303008933028614154
1303008990213935110
1303009054072221697
1303009183772454920
1303009208338714632
1303009240982921217
1303009262906388481
1303009318510514183
1303009343537700864
1303009355277783047
1303009455139893248
1303009575214264335
1303009755531751426
1303009888260497409
1303010043114201088
1303010080619626498
1303010109732331520
1303010130640936960
1303010137079152643
1303010232621125633
1303010262006607872
1303010330973335552
1303010343682220033
1303010387328024576
1303010464331427842
1303010616320327680
1303010641674997760
1303010651644686336
1303010658485633025
1303010659479609345
1303010758914170886
1303010760235405314
1303010828359172096
1303010901373710338
1303010906343956480
1303010952250634241
1303011054050521088
1303011092877148160
1303011113144070144
1303011164872474624
1303011249794379779
1303011275744706560
1303011377351520256
1303011411963019266
1303011423555956736
1303011427943411716
1303011437036613637
1303011499091406849
1303011532167577600
1303011562182107136
1303011631358767106
1303011638887538690
1303011781258878977
1303011830990692352
1303011887265669120
1303011954181758977
1303011983546101767
1303012152840794113
1303012203063320576
1303012306800971779
1303012377152061441
1303012422228283393
1303012474854273024
1303012500271702023
1303012510749126656
1303012598032539650
1303012624465092608
1303012627434668032
1303012820561387522
1303012832162844672
1303012939725770759
1303012946856079364
1303012970943963138
1303012986257367045
1303012989059162114
1303012989583454210
1303013005479817221
1303013006532636672
1303013080075571201
1303013123821957120
1303013202935021568
1303013212183572481
1303013315568861185
1303013367007907841
1303013398867832835
1303013470003171328
1303013622545817601
1303013636236103692
1303013699494576128
1303013702216581120
1303013722592628738
1303013759896760320
1303013774748782593
1303013796693389313
1303013826141487106
1303013857946935296
1303013929992495105
1303013933473820675
1303014013261893633
1303014071948771329
1303014126936096770
1303014187724156935
1303014245441863680
1303014275506728960
1303014440686612481
1303014449121435648
1303014457279483909
1303014489353342978
1303014495732760577
1303014591954399234
1303014612871327757
1303014675936874498
1303014725782048769
1303014803863146500
1303014813665120257
1303014822364221441
1303014830434144258
1303014914575884288
1303015073091379205
1303015144222584833
1303015221347323904
1303015267405107201
1303015271490297856
1303015343930081280
1303015389803302914
1303015403334049792
1303015454517067776
1303015538977841159
1303015551502032896
1303015665348030466
1303015879118995456
1303015924098686976
1303015957733007362
1303016068189835270
1303016084921110529
1303016159621468161
1303016208242008064
1303016210322264064
1303016238616985601
1303016274725875713
1303016294791380993
1303016302043377664
1303016339112681472
1303016398441066502
1303016478078365696
1303016529114533888
1303016539151462400
1303016674199658496
1303016713710178307
1303016867875913734
1303016939573444609
1303017115251769350
1303017217714348032
1303017221321613315
1303017256427941896
1303017342427975684
1303017447943999491
1303017450578079749
1303017450926231559
1303017786931847175
1303017907941715970
1303017943349915648
1303018129786798080
1303018221247885312
1303018238989615105
1303018332409348097
1303018336138256384
1303018414324228097
1303018532507013120
1303018624953716736
1303018636324429824
1303018682768142337
1303018705803239424
1303018709569605634
1303018755287646210
1303018803328999424
1303018938201063426
1303018995797426179
1303019039799861249
1303019399406858242
1303019409657794561
1303019419497504768
1303019420986544129
1303019434001469440
1303019482798059520
1303019529224753153
1303019718102540289
1303019729926455296
1303019770678317060
1303019795705626624
1303019829184679937
1303019863665831936
1303019921501286400
1303019937523363841
1303020069920870402
1303020109028564992
1303020189081120770
1303020233079177217
1303020238095622144
1303020243283922945
1303020244735340544
1303020417033162752
1303020504949944320
1303020517180416000
1303020556690821121
1303020573447139330
1303020790913343490
1303020802749730816
1303020840058007553
1303020926049628160
1303020933674938369
1303020937072324616
1303020990948167681
1303021074385264640
1303021081284968448
1303021197119152128
1303021267184951296
1303021278320668672
1303021280313057280
1303021462069161984
1303021565597032449
1303021595183775749
1303021613504507904
1303021704495730690
1303021722833215491
1303021815518822402
1303021820602327041
1303021944262909952
1303021982351609857
1303022000353542147
1303022008121192450
1303022056439644160
1303022100869910528
1303022109099257856
1303022336447193088
1303022336866693120
1303022384467914754
1303022399919546368
1303022492710174721
1303022502352912385
1303022554697867265
1303022611899834374
1303022723057283072
1303022757702242306
1303022889155788800
1303022933057638400
1303023128495501319
1303023145331372033
1303023186401988611
1303023205108649985
1303023246917464066
1303023285899231234
1303023303716610048
1303023305637744646
1303023393097293827
1303023433534504960
1303023437691211776
1303023490040291330
1303023557253963776
1303023600899948544
1303023811135180800
1303023883281264642
1303024024490921984
1303024244801101827
1303024252514435074
1303024278535897089
1303024350766010369
1303024358240079872
1303024471557599233
1303024488779448322
1303024502922776576
1303024530357592064
1303024541317226497
1303024570224476164
1303024648553222144
1303024685832187905
1303024768220880896
1303024863955873793
1303024967970222080
1303025044470116352
1303025053664239617
1303025088908976129
1303025141786374144
1303025147071393792
1303025214360621059
1303025247751467008
1303025247797547008
1303025434695737345
1303025480229163008
1303025513305444353
1303025544418807813
1303025756092522497
1303025770911223808
1303025881590296578
1303025990738862080
1303026020975628290
1303026126046986241
1303026172318691328
1303026228543324160
1303026275762741250
1303026288131821569
1303026460525883393
1303026649190084611
1303026657238937603
1303026677702889473
1303026834926264320
1303026875397267457
1303026910075600896
1303026913921957890
1303027001566138370
1303027020993949696
1303027029235978246
1303027088534859777
1303027228788260871
1303027257599033346
1303027318877614081
1303027501992730626
1303027597400371200
1303027762693898246
1303027777256534016
1303027911964930051
1303027964326678535
1303028117892628480
1303028130643406854
1303028179523698688
1303028188524810252
1303028203015995398
1303028424085245952
1303028427310731265
1303028499524001797
1303028569325449216
1303028603932864512
1303028782991896578
1303028909412429828
1303028957525278721
1303028974159831046
1303028977859203073
1303029008251195395
1303029164581158913
1303029218515841024
1303029232960897025
1303029247422889985
1303029259234144256
1303029263956930561
1303029283305160705
1303029286396289024
1303029325172748291
1303029392252129280
1303029405254639617
1303029469389692929
1303029523261214722
1303029579116879873
1303029654094258180
1303029671496495116
1303029680954638336
1303029693055107072
1303029713124962304
1303029843731329025
1303029873909268480
1303029906494943232
1303029934324023296
1303030008743510016
1303030116306616325
1303030185290272768
1303030221885464576
1303105796532658176
1303105825167290368
1303105925725802497
1303105986085949441
1303106036467990528
1303106162057936898
1303106183507578880
1303106210984534017
1303106233008877568
1303106267871957001
1303106268962455553
1303106385698193409
1303106582201368576
1303106617106456582
1303106845272399873
1303106888389795840
1303106896400793600
1303106917053558784
1303106952642334720
1303106971583873030
1303107026223091713
1303107320289918978
1303107348429496325
1303107395267166209
1303107415316090881
1303107441027096577
1303107542671794177
1303107598439387141
1303107662683475975
1303107735484067843
1303107756078100483
1303107760721027072
1303107774797287424
1303107835535020038
1303107884553826305
1303107889586987008
1303107906028568579
1303107972852256774
1303108152074866689
1303108180109475841
1303108217992511488
1303108372414304258
1303108513837781003
1303108532158582784
1303108551473209344
1303108555311112192
1303108554686111744
1303108586843799557
1303108737838837760
1303108753378684929
1303108775340015616
1303108879979622400
1303108904944054272
1303108917245874176
1303108927261827072
1303108949483417600
1303108950183874561
1303109033524690945
1303109134078930944
1303109216882827264
1303109427063599112
1303109494650679303
1303109573453049856
1303109587562901505
1303109603157331977
1303109682324582400
1303109689320894467
1303109755737698305
1303109796518912002
1303109806190985216
1303109844111634432
1303109941847142401
1303109990152957952
1303110048030298112
1303110152674062336
1303110165630197760
1303110659794710530
1303110770289332224
1303110984953929736
1303111053358903304
1303111081251016704
1303111082735579136
1303111165472632832
1303111184997134337
1303111255582896130
1303111373401067520
1303111407219748867
1303111408754864128
1303111446566522885
1303111450534326273
1303111613378179073
1303111658756136960
1303111673235083266
1303111674254286849
1303111702326792192
1303111735608442880
1303111778784538625
1303111800641253377
1303111872544210951
1303111876226822144
1303111899471642625
1303111970120437767
1303112172244013059
1303112241919782913
1303112330797031424
1303112367631462400
1303112427656155136
1303112674935529475
1303112682829209602
1303112720250789896
1303112743369740289
1303112808578637824
1303112836407844874
1303112903571255297
1303112922403450880
1303112988040159232
1303113003412283393
1303113103211663360
1303113128071192578
1303113141216260097
1303113299198914561
1303113348830109697
1303113401426759680
1303113584956919809
1303113672877920257
1303113775625584642
1303113826003492864
1303114028525510656
1303114040105938944
1303114044652560388
1303114085077319680
1303114256901079045
1303114268175486976
1303114327289888769
1303114453752442880
1303114470881923074
1303114568772857856
1303114683998638080
1303114697424605184
1303114701660999682
1303114728529702915
1303114731826425861
1303114745143128064
1303114848838975489
1303114967680315393
1303114991696896000
1303115056490704897
1303115069748895746
1303115075494920193
1303115154981367809
1303115171972423681
1303115232512892928
1303115293619822592
1303115353434750977
1303115394312482816
1303115395478421505
1303115500994560000
1303115609203408896
1303115642892152834
1303115764640014336
1303115803412369409
1303115861268533248
1303116063245303810
1303116065723961349
1303116143348113409
1303116150948020227
1303116188067692544
1303116389620887553
1303116397896105984
1303116439986016256
1303116455504830465
1303116460781457409
1303116579551490049
1303116631770624002
1303116684081930242
1303116687839903744
1303116778306965504
1303116941050236928
1303116953884798981
1303116999489466369
1303117029122154497
1303117103155863552
1303117133078036487
1303117149960122370
1303117204561571846
1303117238577356801
1303117289085169674
1303117292142833664
1303117435390787585
1303117454990815232
1303117467884150786
1303117603301453826
1303117648650276864
1303117684998012929
1303117689225981952
1303117748093030400
1303117754430562304
1303117780212953089
1303117844465381376
1303117896093106176
1303117898223738880
1303117947263545351
1303117988535689216
1303118005526769664
1303118157436121088
1303118248045670400
1303118286972882944
1303118297911656448
1303118413192138753
1303118502564261889
1303118520813723648
1303118586135932928
1303118754088464384
1303118777010200577
1303118784782372864
1303118791203848193
1303118791468081153
1303118803283243008
1303118904747794433
1303118925815779328
1303118974268436480
1303118989539778560
1303119031889788928
1303119055453384704
1303119076454170624
1303119146536763393
1303119149477097475
1303119199905230848
1303119300807593990
1303119418705154050
1303119439957692416
1303119457171181569
1303119474216763392
1303119568009912320
1303119579770687488
1303119743788838912
1303119749661044741
1303119755537248261
1303119761379921920
1303119770267586561
1303119801691369472
1303119851934740486
1303119869999751169
1303119898185469952
1303119958809833472
1303120010810929152
1303120124736569345
1303120182341058561
1303120295524552710
1303120318102466560
1303120514181808128
1303120551737798656
1303120628354920448
1303120651700461574
1303120671174619136
1303120672474959874
1303120676220329985
1303120688098799617
1303120788644651008
1303120800057184256
1302773587049353217
1302773621434257408
1302773634637983744
1302773672223092736
1302773785679007745
1302773895305588737
1302774066198335489
1302774131855732736
1302774161723531264
1302774182283862022
1302774194099412995
1302774218451382272
1302774347283668998
1302774374840389632
1302774462354526208
1302774478825558016
1302774512572944384
1302774945274114050
1302774995341508609
1302775012974305285
1302775093613834242
1302775183057588225
1302775222207217664
1302775249423994881
1302775287952932864
1302775358148751360
1302775460632375302
1302775475383795720
1302775497634402307
1302775599228952578
1302775669382942722
1302775688269758464
1302775754099322880
1302775761494040578
1302775790724055040
1302775802032009217
1302775811376918529
1302775927835971588
1302775973872500737
1302776052348006401
1302776061965537281
1302776071574687744
1302776105615597568
1302776121856069632
1302776197420474368
1302776492208709632
1302776492380700672
1302776493068648448
1302776504569405440
1302776514610569216
1302776543295410176
1302776612119654405
1302776665811152896
1302776701856907270
1302776771511607296
1302776844127698945
1302776917360218112
1302776944942084096
1302776953527840769
1302777042442825730
1302777071886897152
1302777181106515968
1302777320135065600
1302777359830061056
1302777367304126464
1302777425550598144
1302777507737812995
1302777530726805504
1302777568026791936
1302777646108094464
1302777710368808963
1302777729662689280
1302777787309322241
1302777814937149440
1302777879537889280
1302777903902384128
1302778069590056962
1302778180185591812
1302778371697446912
1302778382019629056
1302778522663038976
1302778545740021760
1302778571048521728
1302778693329145857
1302778705354338305
1302778788644663297
1302778895893254144
1302778954693128194
1302779001203814400
1302779029276196864
1302779113996988416
1302779176492109826
1302779183626629120
1302779240413184001
1302779339931488256
1302779407157702656
1302779511583334400
1302779513768759298
1302779533104381962
1302779558580695045
1302779634778427395
1302779752823042048
1302779763744862208
1302779864337051648
1302780024110551040
1302780088891707393
1302780109326348289
1302780308438351872
1302780331284717574
1302780346828763137
1302780417523806209
1302780429100101632
1302780514785546241
1302780638798385153
1302780697828970496
1302780766661869568
1302780791106269184
1302780808508264448
1302780834781556737
1302780863990566912
1302780876531662849
1302780989526114305
1302781014477910017
1302781016738639872
1302781024800141313
1302781102264922115
1302781306766589954
1302781404422508547
1302781502531481600
1302781558932336641
1302781611344375808
1302781616922656769
1302781645892722688
1302781665660547072
1302781671867990016
1302781710837391361
1302781947232518146
1302781979583287298
1302782014181969920
1302782075062366208
1302782098512601088
1302782290724974592
1302782317904252931
1302782376553181185
1302782582535401474
1302782584087347200
1302782607298646017
1302782705784950785
1302782865185308674
1302782927453990912
1302783003106648066
1302783126977085442
1302783133885100032
1302783700019666944
1302783706004959232
1302783712527036417
1302783728452853760
1302783838796443648
1302783907134402561
1302783959252774914
1302783967360421889
1302784056904609792
1302784091251773440
1302784306901856257
1302784504528945152
1302784755562233857
1302784756275269633
1302784763384692739
1302784805457854464
1302784976421871616
1302784990456033282
1302785051311120390
1302785074400620544
1302785101856677888
1302785133372534784
1302785145179574272
1302785200972345344
1302785202201260032
1302785422624423936
1302785450621296641
1302785451749715969
1302785487896301568
1302785507970093056
1302785529906421762
1302785631374974978
1302785812078235650
1302785889601376256
1302785946501492736
1302785949974302720
1302785952629350402
1302785973319806984
1302785978478854145
1302786026688176129
1302786160104792064
1302786308369051649
1302786350073212929
1302786361725014016
1302786388937641985
1302786554444705792
1302786619985010688
1302786773823582208
1302786860763275267
1302787090124480513
1302787160265891841
1302787193371594752
1302787221943185408
1302787231061598209
1302787366801858561
1302787373147750400
1302787502823149579
1302787564835831809
1302787737804779520
1302787801138761728
1302787805542854658
1302787974036418560
1302788009608257538
1302788057339494400
1302788227422654464
1302788488811741184
1302788503349100544
1302788518272409600
1302788636132352001
1303030306195288066
1303030309873737728
1303030344036298752
1303030365490208771
1303030373807525888
1303030415855214592
1303030507773534210
1303030561557143554
1303030617219780610
1303030822094635010
1303030874074566656
1303030979435679745
1303031054681493515
1303031067335561216
1303031069520789504
1303031156036829191
1303031208113311747
1303031251738267649
1303031256951795713
1303031266854473734
1303031378364293121
1303031472488620035
1303031532483948550
1303031541023604736
1303031594035408898
1303031613220098054
1303031654030749702
1303031760360476678
1303031859589402625
1303031977050689536
1303032042829959168
1303032201244815361
1303032218458222593
1303032313530462210
1303032373064343552
1303032431738589185
1303032467587301376
1303032570435731456
1303032606846521352
1303032653348827139
1303032715537571840
1303032760664162304
1303032785565822976
1303032882517233670
1303032923076034560
1303032949475094533
1303033043452600321
1303033099379507200
1303033136385851392
1303033161232732161
1303033364413255680
1303033398726975488
1303033463717720064
1303033531216654341
1303033595754356739
1303033596031234048
1303033628318789632
1303033699462795265
1303033865280327685
1303033987494014978
1303034043823468545
1303034080876007425
1303034104347230208
1303034186878668802
1303034276062134274
1303034329434591238
1303034368923963393
1303034476650397697
1303034478130950144
1303034513757556739
1303034514512334848
1303034558791798795
1303034629193113602
1303034644074553344
1303034693680590848
1303034799360217089
1303034805387513857
1303034888845537280
1303034934890819584
1303035034903879680
1303035097885609985
1303035119054270464
1303035120874643458
1303035157302083584
1303035213816033280
1303035242643623938
1303035290190311427
1303035374751674370
1303035383123529728
1303035395744112640
1303035413750263808
1303035584504619008
1303035586412937223
1303035595468369920
1303035635658362881
1303035676036870144
1303035679849414656
1303035823118573568
1303035847579664391
1303035867112456192
1303035936842952706
1303035967272620033
1303036013984407552
1303036057546444800
1303036066824421376
1303036111376191488
1303036159594049536
1303036385004265474
1303036467086753796
1303036578957201409
1303036580374798336
1303036720192118784
1303036830540017665
1303036842573352960
1303036881572159488
1303037038325829635
1303037091283075072
1303037135541473281
1303037158119399426
1303037214310440961
1303037225056251911
1303037249433501698
1303037263144779776
1303037278973952000
1303037339992637440
1303037358271614978
1303037374956527616
1303037413145501697
1303037417121775616
1303037455755481088
1303037473174351872
1303037482024554496
1303037571312820225
1303037581454700545
1303037662597701633
1303037786489053189
1303037845221904385
1303037852368994305
1303037944211681283
1303037948976398336
1303037959730606087
1303037965485080578
1303038060200972293
1303038154224463872
1303038317605380096
1303038324244844544
1303038360865341444
1303038546303954944
1303038772620259328
1303038810012311552
1303038826965864454
1303038964195102725
1303039050706595840
1303039104289067008
1303039222430003201
1303039250238246912
1303039256080900108
1303039280479166464
1303039349177499648
1303039364205817856
1303039477997338627
1303039516677029888
1303039570792058884
1303039645614211072
1303039679357423616
1303039683572772864
1303039687242645504
1303039753189695488
1303039822370660354
1303039852489908238
1303039942113652737
1303039950330396679
1303039976884654086
1303040168648036352
1303040214785499137
1303040248172118017
1303040270888566784
1303040354149634049
1303040375716798464
1303040397073985537
1303040423875751937
1303040456931127303
1303040486093987840
1303040566226071554
1303040598199336960
1303040625420402689
1303040718517276672
1303040802415878144
1303040876168597509
1303040881272864768
1303040945584312321
1303041015218081795
1303041041113559040
1303041087611703296
1303041144876564480
1303041196445462528
1303041198475677697
1303041329065160704
1303041382525919233
1303041487853301760
1303041576382246912
1303041764501188609
1303041775683108867
1303041820692103168
1303042086791450624
1303042106127257610
1303042186406252545
1303042280295526400
1303042571346694144
1303042690028838914
1303042725172871173
1303042773109669888
1303042803950399488
1303042804747251716
1303042836049395715
1303042847902441477
1303042864071364609
1303042991788097537
1303043174697504783
1303043267722960896
1303043381195493376
1303043547495456768
1303043794892460032
1303043897745080320
1303043967387422725
1303044158626693121
1303044179489181698
1303044196589240321
1303044217170571264
1303044217703284738
1303044344522379266
1303044373408612354
1303044408691101697
1303044542028042240
1303044550366294017
1303044636164927489
1303044667043348481
1303044915153305600
1303044929438982144
1303044955754164228
1303045005389565953
1303045024289095690
1303045180170203136
1303045201011695616
1303045214999846914
1303045227209322496
1303045267718115328
1303045292766294022
1303045332364750849
1302758530131218433
1302758613090406402
1302758669550006272
1302758848835596291
1302758849779245057
1302758940523081729
1302759500693241856
1302759519127306241
1302759558054543360
1302759595262332928
1302759873063444480
1302760114949173248
1302760126693150720
1302760201221799936
1302760248151687168
1302760298613538821
1302760308713291776
1302760329399603201
1302760372986941440
1302760396219125761
1302760561021681664
1302760568189673473
1302760752093302786
1302760816412889090
1302760979114139649
1302760988228243457
1302761107023515649
1302761162501746697
1302761300057944064
1302761329179066369
1302761361248747520
1302761458929938432
1302761559404539904
1302761726140723201
1302761736890724352
1302761764237586438
1302761804066676738
1302761875332042753
1302761951710392320
1302762029875331072
1302762168694104064
1302762180257943554
1302762269911248898
1302762341054914560
1302762356770889728
1302762415654711296
1302762444549484549
1302762523498700800
1302762604327309312
1302762707649609728
1302762717728522240
1302762722635821056
1302762837815762947
1302763227806339074
1302763237344194560
1302763437148254211
1302763480563449857
1302763521743224832
1302763557168254976
1302763587149074432
1302763602538049541
1302763637937967109
1302763680770084865
1302763697786572805
1302763701724905474
1302763829907148805
1302763955681517568
1302763984618246144
1302764115644088320
1302764162137968641
1302764209168699392
1302764313199869952
1302764320242065408
1302764413355782144
1302764456003407873
1302764526283227143
1302764591718559744
1302764605933060096
1302764656759627776
1302764720961679362
1302764776393711616
1302764971676307456
1302765221220700161
1302765358667968514
1302765364904955905
1302765387256270848
1302765498434826242
1302765696062042115
1302765838559145984
1302765915612868610
1302765939356700672
1302765971439050752
1302766050132529152
1302766074774147074
1302766092897734656
1302766099105153025
1302766146022760451
1302766224909230081
1302766293653901315
1302766427712225281
1302766535447117824
1302766547056947200
1302766583887077379
1302766720420122625
1302766774929076226
1302766793149169665
1302766864662237187
1302766949840158721
1302766990482907136
1302767172113096705
1302767286487519232
1302767453622218753
1302767494537641984
1302767567145259008
1302767704198262801
1302767896943374336
1302767948659003392
1302768253299765249
1302768315929165824
1302768337982836736
1302768367447674880
1302768383398686720
1302768700441997314
1302768739100762112
1302768757706838016
1302769018298863617
1302769019183718400
1302769147210801153
1302769276592455681
1302769295160750080
1302769477755400195
1302769579249348611
1302769604058648576
1302769612040425473
1302769613214830592
1302769665853263872
1302769876445081606
1302769917544947712
1302769970980495361
1302770009748516865
1302770011660984320
1302770095366832129
1302770105504407553
1302770112160772101
1302770145702617090
1302770185187753984
1302770225516105728
1302770253018128385
1302770369200259073
1302770484468043776
1302770512041394177
1302770595776561153
1302770680283496450
1302770758184251394
1302770766958788610
1302770796012732417
1302770879701475330
1302770893509328896
1302770946454048769
1302771081066012672
1302771125617860608
1302771168395526145
1302771242886365184
1302771305041858560
1302771489255514113
1302771576576921600
1302771587880554502
1302771658638336001
1302771670151725056
1302771707615293442
1302771710589054976
1302771797381844992
1302771891493433344
1302771891996954625
1302771900116918273
1302771900825964544
1302771904625946624
1302771962289229825
1302772006505664518
1302772025124159490
1302772027275784192
1302772058363920384
1302772146893193216
1302772188425134083
1302772313432219653
1302772356499333125
1302772379916009479
1302772422068887553
1302772560715755520
1302772676906364928
1302772724054536192
1302772908201312256
1302772925699747840
1302772974907396096
1302773008914841601
1302773032197525505
1302773034588286976
1302773043668942848
1302773097372815360
1302773176578048000
1302773190943535106
1302773333977706496
1303045350597341184
1303045389784879104
1303045448081510400
1303045485897211905
1303045511629492230
1303045550296756225
1303045681431617536
1303045770204061698
1303045900235726848
1303045972256202752
1303046068096004098
1303046104221724672
1303046280885665792
1303046284362698753
1303046296379457538
1303046355460526086
1303046383683993600
1303046406895210496
1303046480261980161
1303046658410737664
1303046711082770432
1303046968604856320
1303047018785337345
1303047027580899336
1303047180215877636
1303047489340145665
1303047521611190272
1303047580419407872
1303047688066301953
1303047709692063745
1303047750263730177
1303047848825561090
1303047881230876672
1303047948432007168
1303047986079916032
1303048029910511618
1303048065079676928
1303048205639311360
1303048251092893697
1303048260916064256
1303048328725303297
1303048353371107335
1303048421859885058
1303048581004374019
1303048668883238913
1303048671198674950
1303048702966165504
1303048711115804673
1303048716052574208
1303048824840024064
1303048951063613440
1303049018428125184
1303049042209861632
1303049108496809986
1303049168076800000
1303049259420454913
1303049439767130118
1303049615026139137
1303049623477592064
1303049687826653185
1303049900423294976
1303050121643393024
1303050209300103174
1303050212664057860
1303050228250169344
1303050327160246274
1303050361117310976
1303050474468319232
1303050511642365952
1303050515652259840
1303050566634004483
1303050628030173186
1303050645340065793
1303050771722895361
1303050808972447748
1303050835597946887
1303050923451785216
1303050973657665541
1303050980704112646
1303051237902884864
1303051244487933952
1303051339371622403
1303051356383645696
1303051480891449344
1303051516052410368
1303051889890779143
1303051915274657797
1303052020211998720
1303052103515090949
1303052138092744705
1303052185572438016
1303052282175643649
1303052464971747330
1303052482512379907
1303052490213126147
1303052541542817792
1303052550858592257
1303052617459826689
1303052632911683586
1303052724968124416
1303052764348588035
1303052769650245633
1303052796367982594
1303052884460929031
1303052913141579776
1303053077482790915
1303053115222945792
1303053329287741446
1303053377631383552
1303053452831059969
1303053525304446976
1303053615246966784
1303053661971644421
1303053681189740544
1303053705005203457
1303053710256414723
1303053710310866944
1303053745236967424
1303053811620216832
1303053862677499905
1303053878364176384
1303053922492391424
1303053946194472963
1303053948601819137
1303054244719755264
1303054280039870464
1303054331785158659
1303054451465428997
1303054687738920960
1303054736057405441
1303054781292838912
1303054843024637952
1303054844836622344
1303054921500037120
1303054921726676998
1303055103709114370
1303055182058516480
1303055195878944768
1303055200966459392
1303055494584516611
1303055506639028227
1303055576017108992
1303055728521940993
1303055825783545856
1303056021871525891
1303056072870158337
1303056076775059456
1303056114653642752
1303056214222344192
1303056263807471616
1303056294652174336
1303056299513524225
1303056383819026435
1303056542757838848
1303056563624726529
1303056720109895681
1303056723318628353
1303056748467687425
1303056794701398018
1303056976214188032
1303056980496519174
1303057071823376390
1303057072385269760
1303057373209260033
1303057405635448836
1303057441979015168
1303057517925339146
1303057630106136576
1303057633096749057
1303057810700357633
1303057945056497664
1303058013872205830
1303058225353424899
1303058493146972160
1303058519952945158
1303058522268024832
1303058553297608707
1303058564571828225
1303058633526317065
1303058668330643460
1303058769153318912
1303058788853911562
1303058792612073472
1303058813319344128
1303058819090653188
1303058879266394112
1303058897020899328
1303058940100395008
1303059078088765440
1303059234804895745
1303059428573315085
1303059435766644736
1303059441768632321
1303059499545223168
1303059545988755461
1303059612397187072
1303059725076975616
1303059747072094212
1303059833118060544
1303059899346235392
1303059902265462786
1303059912944046080
1303059948197167104
1303059972192960519
1303060130053984257
1303060187054514176
1303060195573202944
1303060226120187904
1303060251088838656
1303060406504652800
1303060410308886528
1303060425043447808
1302954805531418625
1302955034959806465
1302955057546252290
1302955070204653568
1302955226824159233
1302955260831559680
1302955273628377094
1302955277587804161
1302955292154621952
1302955491170160640
1302955624787898368
1302955686658273281
1302955727548551168
1302955758770958336
1302956024224247808
1302956092880760833
1302956180050935810
1302956417104703489
1302956548499615745
1302956568334327809
1302956717794361345
1302956724958105600
1302956860207779841
1302956892310974464
1302956950112661512
1302957273334132737
1302957352073785344
1302957382503260160
1302957508772888578
1302957551030603777
1302957638192443394
1302957798867841026
1302957819868610560
1302958146290413574
1302958328000192512
1302958371427893250
1302958459713998851
1302958589573763073
1302958599132590082
1302958814682124290
1302958953429692416
1302959008454791168
1302959053581107201
1302959383094099974
1302959432918355970
1302959448277819396
1302959572269883392
1302959583128936449
1302959740499226625
1302959767258836993
1302959985241083906
1302960019512664064
1302960069592707073
1302960129948758016
1302960434572595201
1302960474624077825
1302960519398256641
1302960632799662082
1302960704937488384
1302960884558381056
1302960889168093186
1302961046924095489
1302961144693485569
1302961187504742400
1302961209793277952
1302961260452024321
1302961287165612032
1302961350055006208
1302961389892501505
1302961522566717440
1302961544481841154
1302961607614627840
1302961660743708672
1302961690066247682
1302961696236015616
1302961808073003010
1302961819896688640
1302961990982402049
1302962067767525376
1302962157483700226
1302962242011435008
1302962249737396224
1302962497687748609
1302962580865060867
1302962626004004865
1302962790550908932
1302962891235241990
1302962994020786177
1302963016791740418
1302963018213609475
1302963030309904390
1302963178922364928
1302963252834570242
1302963257792180224
1302963292076470274
1302963324657729537
1302963376063217664
1302963391649128449
1302963605315477505
1302963670025199616
1302963835846959105
1302963871309758470
1302963878003957760
1302963995662577664
1302964008706813952
1302964054458335233
1302964220988981248
1302964307571900418
1302964404338806784
1302964412320378881
1302964529127723008
1302964574480527361
1302964654197547008
1302964667158089730
1302964817309962241
1302964827669835777
1302964860565827584
1302964961887518727
1302964984104714241
1302965045366644737
1302965061900738561
1302965368319770626
1302965399382880259
1302965413295386631
1302965430630322176
1302965534888263681
1302965540856631296
1302965597328814080
1302965774722637824
1302965876573040640
1302965950325510144
1302965959783833604
1302965981287940098
1302966317566304257
1302966339473113088
1302966516078477313
1302966520998514688
1302966523133341699
1302966712686587904
1302966725097467904
1302966750393270273
1302966790860005384
1302966796602011648
1302966970325893121
1302967058410475521
1302967078073307136
1302967208172236800
1302967250035580928
1302967351562964993
1302967362874945536
1302967375126564865
1302967535705432071
1302967566344781826
1302967634057662464
1302967717700407296
1302967781911130112
1302967867550453761
1302967875628539904
1302967967638982657
1302967985284493314
1302968047985217537
1302968213475647488
1302968241556525060
1302968245385822209
1302968286481702914
1302968367423328257
1302968384737378304
1302968395290247168
1302968405675261954
1302968466216026117
1302968605856927747
1302968630771032065
1302968811247808514
1302968836145242116
1302968920610082817
1302969009722195970
1302969022200283137
1302969030261616640
1302969188915519488
1302969205395017728
1302969302367297537
1302969348118769665
1302969422919983108
1302969605019889664
1302969615752941568
1302969616038129665
1302969696459743233
1302969716743581697
1303060640999895040
1303060690257809417
1303060745316454401
1303060800739786752
1303060819383549961
1303060854460485632
1303060984051924992
1303061065773715457
1303061130529701889
1303061423405150208
1303061444049731585
1303061505592623104
1303061538996203520
1303061550471806976
1303061623528214536
1303061705283506177
1303062487907041287
1303062579099688961
1303062609466462208
1303062665238061056
1303062671223259137
1303062676583542785
1303062769076506627
1303062778882789376
1303062859690242056
1303062942871687168
1303063042691915779
1303063113445462017
1303063158471512067
1303063158945349635
1303063201320402949
1303063266046873600
1303063547044343809
1303063786002104320
1303063800308875264
1303063880197984256
1303063889429458944
1303064061467340802
1303064129993834503
1303064293596950534
1303064362442203137
1303064442738028545
1303064521595121664
1303064648925810693
1303064670912286724
1303064752755703816
1303064879876550656
1303064931080650752
1303064946528464899
1303065039801323526
1303065069400588289
1303065111238762504
1303065157405294592
1303065159380860928
1303065174472118272
1303065190137622529
1303065196395745286
1303065259759067136
1303065309151141890
1303065318877691906
1303065402231214081
1303065514864861184
1303065570485575680
1303065684444762112
1303065738538868739
1303065754841935873
1303065867308224514
1303065992889737216
1303066000191967232
1303066058551635969
1303066075811151872
1303066116269506562
1303066159995146246
1303066282699493383
1303066313070436353
1303066319168790528
1303066335459512320
1303066395111026688
1303066587281469442
1303066635792678916
1303066724191928320
1303066883470405632
1303066945483403265
1303066978970513408
1303067106171383810
1303067136131239946
1303067154451922949
1303067220940148736
1303067249339703298
1303067284198621186
1303067388879888384
1303067413525590016
1303067424237989890
1303067538146947074
1303067539866517510
1303067562142584834
1303067650369650688
1303067779482955776
1303067791797481472
1303067847220920320
1303067968541057024
1303068080529125378
1303068408548864006
1303068455634173953
1303068464941277185
1303068548915441664
1303068568225902592
1303068588060930049
1303068661440286720
1303068742306476034
1303068759385669632
1303068769141633025
1303068816344219649
1303069064953241605
1303069067620675584
1303069231446142977
1303069256297394181
1303069281702146049
1303069418734325760
1303069759399964672
1303069898659082240
1303069997477044224
1303070071045140481
1303070120806363136
1303070158160908294
1303070159402401792
1303070217929658372
1303070229849952258
1303070289815887874
1303070303526899713
1303070355884474369
1303070388600135685
1303070410322448385
1303070441431617537
1303070492295917569
1303070588412538883
1303070593009553410
1303070618577809408
1303070722827390976
1303070770856448000
1303070876670275586
1303070886443053063
1303071020853727235
1303071033684037635
1303071036502548480
1303071070270885888
1303071091233939457
1303071110397939712
1303071115712040962
1303071123895132160
1303071167301873664
1303071184234393602
1303071283207458817
1303071321065172995
1303071368632827904
1303071605887840257
1303071711785558023
1303071782690201600
1303071884116856833
1303071930367475712
1303071969290539008
1303071989037494276
1303072073384943616
1303072145908658177
1303072157338087425
1303072479611695105
1303072489397006341
1303072578362322945
1303072595416354818
1303072658561490945
1303072660960747520
1303072665914216450
1303072779512799233
1303072793727246338
1303072827382337537
1303072884022292483
1303072945422716934
1303072961646206980
1303072972513697799
1303073145000263680
1303073154311520256
1303073314307551242
1303073365171736576
1303073369361993732
1303073446075740161
1303073484361400325
1303073549494685698
1303073645212958721
1303073674992394242
1303073706655318017
1303073719796072448
1303073744081104896
1303073755640537089
1303073805821267971
1303073838385844225
1303073851933257728
1303074025099407363
1303074062596415488
1303074084809519106
1303074087657336832
1303074104254238720
1303074139083878403
1303074151645798410
1303074205408399360
1303074219333505025
1303074237217996809
1303074316024766464
1303074392398675969
1303074399076134912
1303074405929676800
1303074408110723073
1303074424896323585
1303074442562723843
1303074466650562560
1303074484761444352
1303074490067431428
1303074643784486914
1303074681222762496
1303074755604602880
1303074785757257728
1303074810486906880
1303074827721269249
1303074886106189825
1303075000593846272
1303075030109245446
1303075228189429764
1303075242148065280
1303075358082764800
1303075383064039424
1303075461103149058
1303090809873616896
1303090955369811968
1303090965956132865
1303091088647806978
1303091113725583360
1303091149729443840
1303091204255514633
1303091311344414720
1303091425555476480
1303091443322421248
1303091552995151872
1303091592211968005
1303091700341104642
1303091704669581312
1303091743106113536
1303091751800848384
1303091879114932224
1303092096065310725
1303092217314246656
1303092440648298497
1303092552137138176
1303092563218436097
1303092623457038338
1303092775013945344
1303092973555515395
1303092986310463494
1303093031680143360
1303093087531491329
1303093122218504195
1303093260752244741
1303093297062326273
1303093377425170432
1303093465799163904
1303093471646015489
1303093496878956546
1303093602361454592
1303093762323656704
1303093799393128448
1303093838471405570
1303094014724300800
1303094039470899210
1303094041781792768
1303094105132666884
1303094605131513856
1303094615768215554
1303094630431551488
1303094837546307590
1303094891145289730
1303095001254068231
1303095004198563840
1303095004991193091
1303095014008918017
1303095142497349632
1303095272202006528
1303095481409699847
1303095524787134464
1303095536027873281
1303095673718530054
1303095704760401920
1303095793876971520
1303095867365302273
1303095890899394560
1303095893084700672
1303095946239242240
1303095951922528256
1303095977285386244
1303096112933371910
1303096136614514688
1303096181552275456
1303096629478776838
1303096719811411968
1303096861637582849
1303096876376272896
1303096910534701056
1303096942864424960
1303096979375915008
1303097055905288192
1303097128022089729
1303097168002265090
1303097213707415552
1303097232628109313
1303097289737728012
1303097328337850379
1303097637130899458
1303097639714525186
1303097653518049281
1303097743603306497
1303097967629406208
1303098037036748800
1303098084294098944
1303098089104965632
1303098145681879040
1303098153449795586
1303098153500114947
1303098192347762688
1303098196193931276
1303098209766572032
1303098229085491200
1303098286505684992
1303098313424515072
1303098368470650880
1303098507805548546
1303098617612234752
1303098740694188033
1303098765021192199
1303098783371341825
1303098810101448704
1303098821631774721
1303098888866467842
1303098967992008704
1303099106076823555
1303099118097588225
1303099177925185536
1303099269126254593
1303099383886622722
1303099395592855552
1303099419626278912
1303099487036923904
1303099618457255938
1303099772786663425
1303099815442685955
1303099944350425094
1303100038822998016
1303100040043528196
1303100101892726785
1303100184822509568
1303100231127576576
1303100253990801409
1303100354477907968
1303100359569596416
1303100426141696002
1303100458425180166
1303100495196827650
1303100623802507264
1303100687576788992
1303100866078019584
1303100907257692165
1303101050015027200
1303101088640446466
1303101249483689985
1303101389564907520
1303101424340013062
1303101454538899459
1303101560784916480
1303101564572164097
1303101580485578753
1303101838489780224
1303101961298948101
1303101965518417920
1303101978118062080
1303102030890795009
1303102043733684226
1303102280531664896
1303102306846740480
1303102310969729025
1303102446747529217
1303102492213821442
1303102514892505097
1303102639089958912
1303102777170821120
1303102795810312197
1303102939133698053
1303102956242440192
1303102998592315392
1303103064597962753
1303103085661679617
1303103167543103489
1303103228129636352
1303103265241026560
1303103303371427843
1303103328579133441
1303103330164658178
1303103361269587971
1303103394794663937
1303103531839258625
1303103545982488576
1303103581382479882
1303103614718803968
1303103716397133829
1303103823968436224
1303103844650487808
1303103880134307840
1303103891739996161
1303103922400264199
1303104050410352641
1303104213912756225
1303104312822902786
1303104336243970048
1303104477810040835
1303104537952227328
1303104565940752386
1303104580742504448
1303104680617218048
1303104691052707840
1303104957608992768
1303104960981356544
1303105012848041986
1303105029331546115
1303105085866606593
1303105103394635776
1303105211783770112
1303105262006546434
1303105280314683394
1303105309435670531
1303105417812340736
1303105430487404544
1303105539799302144
1303105560007438337
1303105607462006786
1303105656979886080
1303075627512324104
1303075673884561409
1303075688803717122
1303075794047074306
1303075885617221634
1303075913366671360
1303075924913647616
1303075980139999236
1303076096510836736
1303076120569565186
1303076198277419009
1303076204992327680
1303076237233938432
1303076344973099008
1303076550133329922
1303076732384272385
1303076776894255105
1303076903985782785
1303076922658902023
1303077029877702656
1303077048278188032
1303077050216058880
1303077128221712384
1303077148467421184
1303077242281619456
1303077523509698563
1303077615943725064
1303077727378046976
1303077817689620480
1303077819648339969
1303077829727272960
1303077879866163200
1303077928427819008
1303077938456195073
1303078278756876288
1303078328430145536
1303078395862016002
1303078572555300866
1303078667246022657
1303078683620581384
1303078757813583873
1303078787337211904
1303078868014772230
1303078889393094656
1303079039159209987
1303079097300586500
1303079108897800192
1303079293921177600
1303079318000603136
1303079363437563905
1303079363844411398
1303079376817475584
1303079412104126476
1303079424166952960
1303079570233409537
1303079585509183496
1303079595688603648
1303079615834083330
1303079621731246081
1303079695689285632
1303079910630666244
1303079925759393792
1303079952082972679
1303080190436925440
1303080213421666304
1303080279989313537
1303080298083766273
1303080330434404355
1303080391591579649
1303080394468671489
1303080395710234624
1303080437514817536
1303080534596345857
1303080606318899200
1303080632894058496
1303080644940042240
1303080702079049730
1303080706705326082
1303080765870288897
1303080801236647937
1303080932392538113
1303080937484439552
1303081159459352576
1303081244637290502
1303081426359902212
1303081496043978752
1303081596732477440
1303081635550818304
1303081731550044165
1303081803729821701
1303081857400082437
1303081873162276870
1303081957199405057
1303082061603966976
1303082089613590528
1303082115647467520
1303082341787631616
1303082389565059074
1303082423148834816
1303082786476228608
1303082818596155394
1303082889156997120
1303082930953224195
1303083130115547137
1303083557104111618
1303083574724157440
1303083613450366977
1303083672548134915
1303083706186375169
1303083708757536769
1303083774301929480
1303083803775250437
1303083803871719425
1303083858112503809
1303083880778534912
1303083899145379842
1303084055664242688
1303084281854525441
1303084361231880199
1303084662479187968
1303084755232198659
1303084787536592897
1303084801830850562
1303084856558137346
1303084893212033025
1303084964762836993
1303084993271521281
1303085021792800769
1303085253209317377
1303085278203084800
1303085336398950400
1303085351649632257
1303085437695610880
1303085480532008960
1303085492158824454
1303085576476930048
1303085690691833856
1303085743158501376
1303085753392652288
1303085812624633856
1303085885710311424
1303085914223243266
1303085999849865218
1303086242159099907
1303086330751131654
1303086340142174208
1303086380227067905
1303086619956858880
1303086633215045633
1303086678446206976
1303086719240085504
1303086748147298304
1303086793647063040
1303086875368992768
1303086888266260480
1303086982155960320
1303087015274131457
1303087044105777152
1303087104239509504
1303087199932604417
1303087300864167936
1303087333055623168
1303087766226386944
1303087808358363140
1303087920908242949
1303088023110914048
1303088243840344069
1303088247246028800
1303088249791868928
1303088319790751745
1303088322798063622
1303088336064610307
1303088358483267585
1303088441727610880
1303088709550694404
1303088869076807683
1303088943576092684
1303089005458792450
1303089180789157890
1303089304261058561
1303089355184054276
1303089502983000065
1303089566698614784
1303089585639964672
1303089590794948609
1303089618569617414
1303089793304272898
1303089890108661760
1303090064046522369
1303090160138149890
1303090164877504513
1303090207672082432
1303090239343394817
1303090269340934144
1303090279705124871
1303090303834955778
1303090456327266304
1302788697021206528
1302788723990573056
1302788832866316288
1302788882208034816
1302788974071681024
1302788980103151616
1302788989166825472
1302789060025556992
1302789100269830144
1302789109363032064
1302789243853443072
1302789274161557504
1302789309251059712
1302789357217157120
1302789733517586433
1302789737170849792
1302789820603867137
1302789843567734784
1302789865650761731
1302789872411844608
1302790038179188737
1302790038586089479
1302790077903515653
1302790096383610882
1302790101576159234
1302790154327908352
1302790309248671746
1302790341679099905
1302790418929778688
1302790485719867393
1302790548022087682
1302790580141830145
1302790612111032320
1302790743287885824
1302790748706942977
1302790957679742976
1302791133735669760
1302791187947040770
1302791219018375171
1302791304720637953
1302791367987322880
1302791435918467078
1302791463571398656
1302791533192785920
1302791613173977089
1302791845450137600
1302791885606588416
1302791981131730944
1302792058588012544
1302792311282241536
1302792336771108864
1302792382799208448
1302792420803969024
1302792439405539329
1302792579524767745
1302792656779653125
1302792753638670339
1302792828523864064
1302792860698370049
1302792866813673472
1302792893158100995
1302792999668084736
1302793048515063810
1302793147412611073
1302793206258597888
1302793304950665217
1302793326073126912
1302793408713555969
1302793558294962176
1302793663592960000
1302793665434198018
1302793698967785472
1302793739048542209
1302793792643366912
1302793830253690880
1302793917314854913
1302793951368314881
1302794007894986753
1302794332542570496
1302794341887467523
1302794391992627200
1302794505301757953
1302794523001593856
1302794567071289345
1302794584368574465
1302794611560189953
1302794639343198208
1302794714849083392
1302794776673099776
1302794778464133120
1302794793718894592
1302794820822368261
1302795044693454848
1302795154701516802
1302795201921024001
1302795228886294534
1302795243268591616
1302795262079971328
1302795322033426433
1302795356619505664
1302795367222857728
1302795455789756417
1302795456276320261
1302795721645547520
1302795747805605888
1302795785243893760
1302796053394067456
1302796241701658631
1302796447524548608
1302796660280643584
1302796670162350080
1302796671101939714
1302796889646006273
1302796927940034560
1302796952485138432
1302796962291503106
1302796986140286976
1302797044109774848
1302797104650346497
1302797195234570240
1302797356384083968
1302797391616245760
1302797580963807234
1302797644826255361
1302797722995617792
1302797763495649283
1302797764909305856
1302797923047022592
1302798073693974528
1302798202974863360
1302798340908777473
1302798386584674304
1302798434383155200
1302798452468965378
1302798491983532033
1302798572186992643
1302798802986835968
1302798814160486402
1302798822289018880
1302799031022870529
1302799127504474117
1302799242587549696
1302799254549913600
1302799287412305920
1302799372871180288
1302799430400249860
1302799431658545154
1302799452151971841
1302799562030026759
1302799613003534336
1302799623715729409
1302799750505398278
1302799936774434816
1302800172603322368
1302800191041368064
1302800212176506880
1302800350139822080
1302800495053074435
1302800577747980288
1302800604406804480
1302800828324098048
1302800828315639815
1302800846233632770
1302800983504965632
1302801177134981120
1302801440130265089
1302801559110254593
1302801588591816704
1302801754912960512
1302801824886534145
1302801945711849478
1302802101496508416
1302802370166956033
1302802374264717312
1302802560525332480
1302802707095449600
1302802730474381312
1302802758358249472
1302803014323974144
1302803029280858115
1302803107240316928
1302803384274161665
1302803441136406529
1302803506630279168
1302803535327682560
1302803578931875841
1302803637907976193
1302803759798550535
1302803797606105090
1302803923049250816
1302803954506567682
1302803957744652291
1302804072915927042
1302804083468914688
1302804185570775040
1302804243548721153
1302804294861598720
1302804328403685377
1302804332556038144
1302804363316834306
1302804391368577026
1302804463170842626
1302804671711518720
1302804671375974401
1302804726728155136
1302804772085469189
1302804834136055808
1302804961261047808
1302805029255032833
1302805050738323464
1302805240278904833
1302805246691991553
1302805276240809984
1302805311292682240
1302805367886237697
1302805375712784384
1302805411192606722
1302805460836384768
1302805523063025666
1302805633595592709
1302805648137228288
1302805781163646976
1302805831617052672
1302805917679919106
1302805950525517825
1302806038798905345
1302806165902876672
1302806285746929664
1302806383172222976
1302806449320529922
1302806550810169345
1302806666723749888
1302806746751213569
1302806881698820097
1302806941039722497
1302807042302894080
1302807066461995008
1302807106517688320
1302807140864794624
1302807169390096384
1302807221777166336
1302807377989652485
1302807380305084416
1302807627383140352
1302807643300352000
1302807921999450112
1302807940517171200
1302807995240206336
1302808175066984448
1302808176211849217
1302808205978931205
1302808254347710464
1302808567414620160
1302808713997086720
1302808886081212416
1302808924408737799
1302808943094308864
1302808946487504896
1302809006885535744
1302809237245038594
1302809298997714944
1302809427288915968
1302809551243063296
1302809623217360896
1302809671925932032
1302809690523525120
1302809826863480833
1302810058955411456
1302810269773512705
1302810321678073858
1302810431812071424
1302810582270214146
1302810606513336320
1302810712318922753
1302810747471306752
1302810816597700611
1302810845781483520
1302810865129881601
1302811017374646272
1302811110446370816
1302811198316920832
1302811271146819584
1302811303980027907
1302811332773728257
1302811454098173953
1302811497089953792
1302811536071819265
1302811563934519298
1302811697049227265
1302811706993897472
1302811758013407233
1302811795330129922
1302811802699530240
1302811992562962432
1302812069092364288
1302812213187678209
1302812399574024192
1302812432281350148
1302812460261478403
1302812506541391874
1302812844258459653
1302812858967707648
1302812969638789122
1302813150652387328
1302813275197976576
1302813324350898176
1302813409600102401
1302813718623981568
1302813950355083265
1302814028000043008
1302814069813137409
1302814399107743749
1302814618436407299
1302814651093147648
1302815090236850177
1302815178317328384
1302815187930677250
1302815316502892546
1302815712541540354
1302815931878576128
1302815985758613504
1302815996772855813
1302816093963157506
1302816166885437441
1302816243712512005
1302816277170356224
1302816346393186304
1302816546843250689
1302816582800793602
1302816738778775552
1302816740536131586
1302816753052004352
1302816787340419073
1302816886992728066
1302816938113085442
1302817379433549824
1302817494944624641
1302817576834088964
1302817995018907648
1302818064531062784
1302818096097492994
1302818228352106497
1302818246890987521
1302818265358630912
1302818502521368581
1302818548188762112
1302818751562371073
1302939678044303360
1302939963982520320
1302940023092895750
1302940256539467779
1302940323589451776
1302940451809431556
1302940630151294981
1302940696530182151
1302941296701530113
1302941359972560896
1302941507679326208
1302941517577887744
1302941596829323265
1302941602256687107
1302941988413734913
1302942032005140480
1302942140843073539
1302942169498628102
1302942269872517120
1302942291561242624
1302942343713128450
1302942729895317505
1302942805862633472
1302943081927507968
1302943319450845184
1302943346395156480
1302943415362097153
1302943889247133696
1302944027067777024
1302944083707531264
1302944143338024960
1302944358967046144
1302944845221310464
1302944924216840193
1302944949424533506
1302944961181122560
1302945108476809220
1302945262302892034
1302945506906251264
1302945518851698689
1302945556894019587
1302945623596060672
1302945720371212288
1302945736024178688
1302945836092002304
1302945994636632064
1302946081391751170
1302946235058466817
1302946307884150786
1302946387517222912
1302946421193277441
1302946562449047553
1302946587992231936
1302946660604153857
1302946717982175233
1302946723996852225
1302946744188243971
1302946849947627520
1302947082349809665
1302947095905792000
1302947137274159105
1302947143083323392
1302947208086671360
1302947213069422594
1302947316727513096
1302947642687721472
1302947665228050440
1302947703509393408
1302947730516512769
1302947754084368384
1302947822485098497
1302947867603218435
1302947930110930945
1302948079990054912
1302948135166148608
1302948193211121665
1302948270583488513
1302948280826040321
1302948323892973568
1302948375176916994
1302948582606082048
1302948682887696386
1302948735853494272
1302949028527853568
1302949092729991168
1302949175928250368
1302949208367005696
1302949377552584704
1302949462470471683
1302949554250285057
1302949586114240515
1302949620729950208
1302949672856817666
1302949759217479680
1302949807456165890
1302949908132048902
1302949964050505728
1302950028294656001
1302950210134405120
1302950217495396352
1302950244792045569
1302950277125935104
1302950304695169031
1302950521515339777
1302950559671083008
1302950590725730305
1302950861073678336
1302951058042425347
1302951098051899392
1302951173889163264
1302951248539377664
1302951271767453698
1302951352805593090
1302951576982577154
1302951739482673153
1302951914833932293
1302951941241266178
1302952673025626113
1302952698371887106
1302952701613858816
1302952810313474048
1302952942362939392
1302953272312057857
1302953298388017153
1302953503283974146
1302953525090148352
1302953822608863233
1302953900576825344
1302953910571855873
1302953948790300675
1302954008575905792
1302954030403145735
1302954252776747009
1302954488467251200
1302954589306707971
1302954621095288832
1302954658508337152
1302954680797065217
1302819025861390336
1302819105704042496
1302819267465957376
1302819431681339392
1302819437033078784
1302819811701841920
1302819817703923712
1302819989238370304
1302820224438284288
1302820305224626177
1302820319519014913
1302820634284773376
1302820709371129856
1302820802878943232
1302820846969421826
1302820975172608001
1302821069703839749
1302821133293678592
1302821302479343618
1302821431391199232
1302821528028016640
1302821576556060674
1302821738649092096
1302821757062017029
1302821778667044865
1302821848590278656
1302821983751675904
1302822289407344641
1302822425982382080
1302822690676510720
1302822828300029952
1302822887573786625
1302822968838377475
1302823227178119168
1302823567655133184
1302824047642779648
1302824139678334976
1302824386626453504
1302824410848649217
1302824880925061120
1302825021065240578
1302825034235478017
1302825036114518016
1302825060080775168
1302825177521303553
1302825264049565698
1302825445373739008
1302825454655725570
1302825725301370885
1302825913948803072
1302826282640699393
1302826395387613184
1302826602099666944
1302826659784134656
1302826716092682242
1302826802403053568
1302827012873170951
1302827153751519232
1302827213893451776
1302827395896893440
1302827474754179078
1302827531142418432
1302827734968696834
1302827747320922112
1302828328433471488
1302828841405231107
1302828938968920066
1302829223120449541
1302829227067146241
1302829377663782920
1302829603040395264
1302830004259168256
1302830019434156032
1302830143577165824
1302830169757949953
1302830276234498048
1302830365141336065
1302830430480142338
1302830681089744898
1302830869971980290
1302830877878222848
1302830910866415617
1302830929233100801
1302831005221281792
1302831363620507648
1302831468155109377
1302831472110338048
1302831584379371522
1302831684744892417
1302831781083660289
1302832026723254272
1302832040337969152
1302832137553485824
1302832209485725696
1302832237247832065
1302832283989225472
1302832409621266432
1302832438763286529
1302832471377981441
1302832942172037126
1302832986996572160
1302833246812733440
1302833389007851520
1302833429168308224
1302833497359495169
1302833720206991360
1302834063431077889
1302834165600063488
1302834416386011137
1302834664655253504
1302834780128440321
1302835325912272897
1302835511321440257
1302835596151455746
1302835708315480065
1302835739080753155
1302835993054031872
1302836100889681920
1302836706287157248
1302836781314838529
1302837192096657409
1302837235432251392
1302837324301168640
1302837355972263939
1302837742976471040
1302837758386483201
1302838039048196097
1302838179834343424
1302838346452881408
1302838410340708352
1302838650741420032
1302838777333735424
1302838951225430018
1302839236786368521
1302839247032979456
1302839276175069186
1302839642375352321
1302839752987680769
1302839765843107843
1302839973670920193
1302840114389770241
1302840546927534080
1302840680801337347
1302840704922775552
1302840907343962112
1302840947676512258
1302840955163283456
1302841117495435265
1302841168170946561
1302841348760846336
1302841654538272768
1302841717733777408
1302841820859133952
1302841940648628224
1302842227928989698
1302842430354530304
1302842432808198144
1302842895582593025
1302842948522893312
1302843040172707840
1302843176248463360
1302843195789893634
1302843227200983043
1302843233328869377
1302843379009683457
1302843512854118400
1302843632911659008
1302843697835511809
1302843870171082753
1302844386162679808
1302844406978850816
1302844413828190208
1302844607340916737
1302844757958426624
1302844884605267968
1302844896508809217
1302844950959345671
1302845065488863232
1302845105254981633
1302845193645961217
1302845199035633666
1302845560689434624
1302845581312712704
1302845719104180224
1302846023954440193
1302847994065293313
1302848426833395721
1302848858091786241
1302849021195825152
1302924780589510657
1302924816932954113
1302925156789170176
1302925221490556928
1302926007855280128
1302926371312799745
1302926766856712194
1302927049288548353
1302927202670063616
1302927392235835394
1302927431662268417
1302927694938681349
1302927790484918273
1302928073277476864
1302928131045683202
1302928224310177792
1302928354769657856
1302928402891108353
1302928875450662912
1302928965682823168
1302929263373549569
1302929464813170688
1302929680916336640
1302929756007157760
1302929765767278593
1302929827696123905
1302929911242518528
1302930308187271168
1302930617575899136
1302931081033912321
1302931083319795713
1302931307723448320
1302931412568465408
1302931467790626816
1302931534601691138
1302931631116779521
1302931755758956545
1302931894938595328
1302932608834326532
1302933344418701312
1302933598354509826
1302933854802636800
1302934210911645696
1302934606182780929
1302934608556814336
1302934700886052871
1302934753851645953
1302935002842304513
1302935038259068928
1302935053333417987
1302935098438963200
1302935188620619779
1302935268123697152
1302935371215515649
1302935442002792453
1302935497380069376
1302935652468551681
1302935653982887936
1302935779057045504
1302935812682571776
1302936015032680448
1302936084020592642
1302936773530705921
1302936895274573824
1302937066498600962
1302937123121770499
1302937131208171520
1302937390772662272
1302937678590205952
1302937730968625153
1302937834941284356
1302938179247452160
1302938315117731840
1302938576183754752
1302939208047357959
1302939260408848384
1302939370006159360
1302939573350273024
1302939577120886784
1302849126871314435
1302849797515218944
1302850060363784192
1302850490598739968
1302850721721847808
1302850738914119683
1302850742433259520
1302850797387026432
1302850920888381440
1302851156654215168
1302851909288562694
1302851931988275202
1302852027395878913
1302852406007431169
1302852498558910470
1302852536509042688
1302852694525333505
1302852983600840707
1302853084515835904
1302853476389543936
1302853871098765315
1302853915168387073
1302854034454466560
1302854123516166144
1302854198191517697
1302854210774392832
1302854596851838976
1302854670684221448
1302854829820252160
1302854996141244417
1302855296071512064
1302855373385273344
1302855379026546694
1302855450053013504
1302855714524733440
1302855716890456066
1302856253425713152
1302856310065684481
1302856464676065281
1302856601770975232
1302856604241465345
1302856689964724224
1302856758071713793
1302857270993260544
1302857331441426432
1302857675839954944
1302857825362747392
1302858727553413121
1302858872655245312
1302859063529598976
1302859115811799040
1302859133708763136
1302859355306385408
1302859406208413696
1302859441772126208
1302859563696234496
1302859824229691393
1302860200257306630
1302860469825232896
1302860679309795328
1302860962836307968
1302861217371885568
1302861353204543490
1302861454765445120
1302862053376512000
1302862431232888832
1302862477013716992
1302862722124492801
1302862953146966016
1302863155236929536
1302863162887340032
1302863354692661249
1302863564898697216
1302863772839747584
1302910440599629824
1302910534262628356
1302910688281743360
1302910878048808960
1302910910030376961
1302910960580136960
1302910978749689857
1302911071758368769
1302912877280591872
1302913071078420481
1302913397462306817
1302913783682215936
1302914342355165185
1302914983974572033
1302915205966557190
1302915577875492864
1302915728673177600
1302916152092504065
1302917357518684161
1302917593246978050
1302917785534824449
1302918076304744449
1302918116503162881
1302918137726341120
1302918998812753920
1302919127573487616
1302919580730433536
1302919652469809152
1302920044805074944
1302920083875008513
1302920370811539456
1302921028574883843
1302921048594227201
1302922156024758272
1302922560342863872
1302922698268520448
1302923258673668097
1302923273014071296
1302923299299758080
1302923413422567425
1302923428991840256
1302923476026757121
1302923574982971392
1302864309861511168
1302864413507170305
1302864696299720705
1302864785827139584
1302865074378477568
1302865120192675840
1302865631273005056
1302866219251511296
1302866623477342208
1302866648551034880
1302866930748084225
1302867592378380288
1302867686339350528
1302867836826656768
1302868134286766082
1302868876544233472
1302868923201720320
1302869278421446656
1302869782962855941
1302869918983970816
1302869989171408896
1302870285574696960
1302870382710386688
1302870385830977536
1302870890812780544
1302871880387321856
1302872234030174210
1302872401475231744
1302872491950403584
1302872518366318594
1302873872954355712
1302874265071554560
1302874549818732544
1302874676042051586
1302874938198683649
1302875187130462213
1302875200745242624
1302875815705800704
1302875944097656834
1302876358930956289
1302876532013256705
1302876571938717696
1302876857117716481
1302877503153987589
1302877559143661568
1302877815990366209
1302878257172213761
1302878459941842944
1302878610093682688
1302878702242590720
1302879189645828096
1302879673005867010
1302880304806408192
1302880381851426817
1302880425765871617
1302880969880465408
1302882062723166214
1302882220122791936
1302882361781227521
1302882665821945857
1302882702320861184
1302882836073062400
1302882953337491456
1302883156429885441
1302883175979298816
1302883245227274240
1302883279117352962
1302883563734474752
1302884259615571970
1302884460480860257
1302884658393296896
1302885139291279360
1302885857141993472
1302885861390942208
1302886280779370496
1302886974382993408
1302887232534085633
1302887987223633920
1302888349972267009
1302888400618483717
1302888744127787008
1302889099204931584
1302889386552561664
1302889818268094466
1302889922551054336
1302890039500853248
1302890293335715843
1302890846245847040
1302891275092471808
1302891925796724736
1302891946130567168
1302892684579831809
1302892712505618433
1302892899391213568
1302892994480279552
1302893290870706184
1302893644844761093
1302893772171218945
1302893856384405515
1302894456618864640
1302894458027958272
1302895432364818438
1302896031445770242
1302896069236469760
1302896278506844161
1302896806238523393
1302897684899082240
1302897773210152960
1302898166019235841
1302898400124432385
1302899001327456256
1302899010055802881
1302899140678959104
1302899472561627136
1302899634440863745
1302899813520826368
1302900847098105856
1302901399328641024
1302901624252268544
1302901676777435136
1302902028696510464
1302902551554256897
1302902575654604800
1302903206771646464
1302903573315895296
1302904448201756673
1302904673947529217
1302905318628896769
1302905555539824641
1302905783705690113
1302905950337224705
1302906039625539585
1302906945817522177
1302907041766346752
1302907157390782465
1302907181298323456
1302907325024411648
1302907445749198848
1302907525239631872
1302907849941671936
1302908717785022470
1302908857337835520
1302908947674861568
1302909258221203456