1303316363327332355
1303316365088944129
1303316491564179459
1303316553543286790
1303316602696261632
1303316622053175297
1303316770439258112
1303316780929224707
1303316826399690757
1303316845131374592
1303316896184504321
1303316934931476481
1303316975179845632
1303317040774684672
1303317115513057281
1303317219695157248
1303317228474036226
1303317300049858560
1303317409097486337
1303317542249861125
1303317658516041729
1303317670138445824
1303317744281030658
1303317760957652993
1303317777927802882
1303317798442147840
1303318099127603200
1303318161987719171
1303318340459397120
1303318373015707654
1303318376425623552
1303318397606924291
1303318457748914177
1303318573054525440
1303318683431981057
1303318788209807360
1303318808904556546
1303318822439575553
1303318888642420737
1303318948360970241
1303318961438650368
1303319108998623233
1303319176917004290
1303319249885171713
1303319322392244226
1303319378956439552
1303319448028356608
1303319521067892736
1303319525576777728
1303319533890007040
1303319693093076995
1303319749913456640
1303319891051675648
1303319982751854593
1303319989936631809
1303320044064182275
1303320055887912961
1303320066679693313
1303320069561253889
1303320073172443139
1303320124712198147
1303320150373011456
1303320218526035969
1303320428711219206
1303320496377868289
1303320532180439044
1303320605094277122
1303320627391193088
1303320687009030150
1303320736749228033
1303320780722196482
1303320804428521472
1303320934271668224
1303320952084856833
1303320997685325830
1303321047559667712
1303321246927527938
1303321498694942722
1303321564708876293
1303321624393871367
1303321637870284801
1303321823875039235
1303321846352416769
1303321871602135040
1303321877532868609
1303321909107421184
1303321922072002570
1303321961217495041
1303322113747619841
1303322164796555270
1303322209440509952
1303322218986840064
1303322398205317122
1303322496087855107
1303322543919697920
1303322669111148545
1303322750124081157
1303322762195267585
1303322776070217728
1303322795892445188
1303322979254890496
1303323009554448384
1303323020077998082
1303323072322306053
1303323072469053445
1303323362538582018
1303323367790043136
1303323425956663296
1303323455153152000
1303323488871161856
1303323490183856131
1303323739744907265
1303323796846321664
1303323810863734785
1303323907701854217
1303323932716531720
1303324024559329280
1303324142922588160
1303324160089755652
1303324243355226113
1303324362905444355
1303324412876292096
1303324489682386951
1303324618711871489
1303324625124888578
1303324690442645505
1303324734613004290
1303324837037985792
1303325054323896320
1303325078843686912
1303325155725324289
1303325202022006785
1303325283190272000
1303325368246562821
1303325460844158976
1303325513973366784
1303325611595714560
1303325672589398017
1303325789857787905
1303325842584604673
1303325978782031872
1303326033207332866
1303326077213962241
1303326078514143235
1303326126635462657
1303326166233812997
1303326269921202178
1303326280612483073
1303326356676186114
1303326481007992833
1303326604031135745
1303326653553180673
1303326706841853957
1303326773120135169
1303326796549632000
1303326955559886848
1303326991765176320
1303327009855205378
1303327060971188228
1303327080189370368
1303327112456151042
1303327136468463616
1303327240776609792
1303327260804616195
1303327362097045507
1303327380660944896
1303327393206206465
1303327530842304513
1303327557383671808
1303327639642533889
1303327650736463873
1303327822862266368
1303327856835977216
1303327893645406210
1303327904324087808
1303327947319914497
1303327951505690625
1303328017398128643
1303328054811529218
1303328062717784067
1303328156833775616
1303328163024515075
1303328195480084481
1303328227717451776
1303328250832326661
1303328289055014917
1303328379358179329
1303328416893198337
1303328436614766592
1303328572816281600
1303328627212259330
1303328670782599172
1303328685047545858
1303328702596407296
1303328773278961666
1303328835249864704
1303328935275622402
1303328986064465920
1303329001419792384
1303329017391702017
1303329059225530374
1303329132227555328
1303329144093065216
1303329201282412544
1303329212049141760
1303329221092274176
1303329238498541569
1303329308216356866
1303329320283369473
1303329352801804293
1303329542786949120
1303329706280968194
1303329735909535745
1303329773964361729
1303329786081673219
1303329811134373888
1303329995713138690
1303330102038663168
1303330186067312641
1303330195416387589
1303330238190039041
1303330260709122048
1303330643170951168
1303330760259252225
1303330774637252609
1303330880241373186
1303330953524391943
1303331079940575235
1303331203567833088
1303331283393748992
1303331372329848833
1303331393162878976
1303331652874260488
1303331695656132610
1303331903639113728
1303331950015504385
1303331962627723267
1303331982860906496
1303302015095902208
1303302075439251458
1303302237947527170
1303302251520327681
1303302277931896835
1303302307568910336
1303302340234149889
1303302389047328768
1303302415530315776
1303302501169594370
1303302534887624711
1303302674079797248
1303302679708532736
1303302680631271424
1303302702005391360
1303302736587493376
1303302776336691200
1303302864454873091
1303302879432896514
1303303014632038400
1303303219406426112
1303303253501906945
1303303431160033281
1303303486637920256
1303303527989612544
1303303546859814912
1303303570389962754
1303303615319334913
1303303672017887233
1303303739844030465
1303303756222787584
1303303799214231552
1303303969352056836
1303303980072738817
1303303997894193152
1303304052424540160
1303304094745071618
1303304347045027841
1303304553417371649
1303304563584270344
1303304591459704835
1303304652121804800
1303304712377294851
1303304756996247552
1303304823597674498
1303304825245822976
1303304859303600130
1303304941306511361
1303305072605048832
1303305108663529473
1303305127822934021
1303305292113944576
1303305539359735811
1303305554031501317
1303305556929765378
1303305562533355524
1303305583173480448
1303305613821317121
1303305647367360514
1303305790481223689
1303305797720571904
1303305946001702914
1303305997361065984
1303306111416664065
1303306158980042752
1303306177162301441
1303306188633894912
1303306216232243201
1303306244413775872
1303306264169123843
1303306293801889792
1303306360486912002
1303306369613860864
1303306435007307778
1303306476807770112
1303306557170618371
1303306628264062976
1303306643887788033
1303306732064702465
1303306799723040771
1303307068435247106
1303307093584343041
1303307263793344513
1303307462716600320
1303307529666076676
1303307546539819016
1303307680409419776
1303307701850697730
1303307714630692864
1303307718510497792
1303307742187192320
1303307743860842498
1303307757102288896
1303307801402511363
1303307802442698753
1303307997318246400
1303308012338262017
1303308020378632195
1303308153627406336
1303308310926553088
1303308445542748161
1303308494431571968
1303308536240320513
1303308539251875840
1303308703404355584
1303308718809980929
1303308787089059841
1303308805187354624
1303308822304489472
1303308823239696386
1303308988638023680
1303308999895535618
1303309021030625280
1303309060759052288
1303309126991261698
1303309263033565185
1303309281626853383
1303309371594747904
1303309475265359872
1303309506412191746
1303309523642273793
1303309825158402049
1303309921149214722
1303310046839934976
1303310198992506880
1303310432783007746
1303310448171847681
1303310542078193666
1303310583035559936
1303310625255219202
1303310719312683008
1303310738874916865
1303310847666774018
1303310868072075265
1303310968215175170
1303310979376316418
1303311012884615171
1303311148830330880
1303311322449350656
1303311329273556994
1303311498232639488
1303311802281803778
1303311819864334337
1303311824868323328
1303311859861172225
1303311891981381633
1303311981710057472
1303312163738710016
1303312277588901889
1303312296995893250
1303312339391791104
1303312447537901568
1303312471831187459
1303312489573040129
1303312492064657408
1303312534259273729
1303312607361871872
1303312631172915207
1303312746629541889
1303312845128564736
1303312860945080320
1303312893480497154
1303312899214053377
1303312903508951041
1303312996308049920
1303313004126142467
1303313217519783936
1303313279612342272
1303313405055557632
1303313416849944576
1303313446461726721
1303313480225828864
1303313505802752000
1303313584219455488
1303313640741834752
1303313683590807556
1303313714553200641
1303313745045843969
1303313770522046464
1303313857583042560
1303313961648033794
1303313964244361222
1303313987069792256
1303314077939388416
1303314185204400130
1303314285704118273
1303314338330091520
1303314406730801153
1303314622229942274
1303314630954102785
1303314677997469697
1303314680824434689
1303314744712069121
1303314772126052352
1303314856049745922
1303314868599164928
1303314987771768833
1303315045510602752
1303315160019369985
1303315291863093249
1303315325505634305
1303315381474516999
1303315425871028224
1303315470771253250
1303315515633537024
1303315554917388291
1303315591885979648
1303315621397004288
1303315702992887813
1303315719438950400
1303315971520765956
1303316013379923975
1303316161514418176
1303316213561425921
1303316244238483457
1303316295476158469
1303392666563088385
1303392863015677952
1303392928400773121
1303392971191209986
1303393023913582593
1303393073192407040
1303393144705134593
1303393154939236352
1303393221435940867
1303393245565657089
1303393248300298240
1303393505482424320
1303393519978061824
1303393533777371136
1303393585056739328
1303393610180640770
1303393656397803520
1303394473448280067
1303394474228363274
1303394495875121163
1303394594550243329
1303394696241258497
1303394813224448000
1303394841947242496
1303394851006881801
1303394884947267586
1303395083237163010
1303395102925164545
1303395129278050305
1303395140581519365
1303395435420106752
1303395661069524992
1303395692203749376
1303395724562960387
1303395760139010052
1303395949952278534
1303396006701273092
1303396103480467457
1303396168328785921
1303396267201101825
1303396280039862280
1303396286222290944
1303396423933796352
1303396456091582465
1303396516300689408
1303396574668754945
1303396596235800577
1303396599838638080
1303396617417035780
1303396634189918208
1303396671762526208
1303396755191468034
1303396815140728834
1303396838393802755
1303396930870030339
1303396970971705345
1303397000457617408
1303397014462443520
1303397207471685633
1303397220558032901
1303397226220314624
1303397356512129027
1303397426150232064
1303397473159970818
1303397527530565632
1303397586976403456
1303397605850767361
1303397926685868032
1303397978674139137
1303398099050782723
1303398107170955269
1303398145313763328
1303398430283370496
1303398530350972928
1303398540341805056
1303398556485771264
1303398596838973440
1303398605827567617
1303398795087171587
1303398828494794755
1303398912527663104
1303398935516663814
1303398940537245698
1303398943339024385
1303398947675926530
1303399048506990594
1303399057763831815
1303399077615489024
1303399192455331840
1303399258138107905
1303399293290602496
1303399325276549122
1303399348311650308
1303399351998443520
1303399365457870848
1303399368251396097
1303399458063876098
1303399547004092416
1303399574174863360
1303399687743918080
1303399740357390338
1303399760393457664
1303399777191821312
1303399783038676998
1303399831705194496
1303400045199396867
1303400138203975680
1303400342210719744
1303400362775371778
1303400368039174148
1303400508909129728
1303400653952364544
1303400793114992640
1303400805706457093
1303400971800727552
1303401016319188993
1303401192320430085
1303401192991715334
1303401256384442374
1303401537830559745
1303401600371875841
1303401623797063680
1303401680990593027
1303401706592575488
1303401719695581186
1303401823634505728
1303401942643888128
1303402127449116672
1303402266641272837
1303402418563096580
1303402459864264705
1303402489694302210
1303402509185224704
1303402515812188160
1303402605851402240
1303402634573828096
1303402703465230336
1303402716430041099
1303402759174184962
1303402833727942656
1303402982160117762
1303403008542281729
1303403019506245635
1303403026309410816
1303403129128583169
1303403130512650242
1303403200012312576
1303403274939236353
1303403279737643018
1303403329557540865
1303403430187356160
1303403471404773376
1303403543781453824
1303403631606145024
1303403660542717953
1303403764636962820
1303403801437761537
1303403813773160453
1303403818588098560
1303403827362697223
1303403896828821504
1303403931050143744
1303403963052634112
1303404039237963777
1303404205718212608
1303404259791302657
1303404389789466624
1303404421926322182
1303404593112514560
1303404640562798595
1303404735702142978
1303404802571812864
1303404845077082112
1303405011792285701
1303405039080402948
1303405225034895361
1303405236770549760
1303405350356426753
1303405357910372353
1303405382719672320
1303405398951690240
1303405401111769091
1303405401426128897
1303405419256217600
1303405420904624129
1303405495701721089
1303405539670581249
1303405614857584642
1303405623623647234
1303405720440721408
1303405798609940480
1303405866654203904
1303406012133564416
1303406024234283010
1303406082094592000
1303406083453652992
1303406104991485953
1303406140458319872
1303406154467414017
1303406202013929474
1303406233341300736
1303406301284913153
1303406306464870401
1303406381643464708
1303406438627377155
1303406491647516677
1303406607246807042
1303406799773724672
1303406807705178113
1303406837195141120
1303406842895314944
1303406931814412295
1303406950768549889
1303407009614704641
1303407055412264960
1303407129626320898
1303407139571019777
1303407153890254849
1303407232302878722
1303407383083995137
1303407452021567489
1303407526831157248
1303407571567407104
1303407574620962817
1303407646280687617
1303407691067543552
1303332025328377858
1303332110099415053
1303332242597523456
1303332515894173703
1303332551952662529
1303332668168437760
1303332759805587457
1303332810632171521
1303332812808957953
1303332841816719361
1303332897731076096
1303332907247861760
1303332943042146306
1303333002752274432
1303333080934088704
1303333130284171264
1303333140728025088
1303333279488237571
1303333483012644865
1303333557646041088
1303333737044807680
1303333844154593280
1303333847011069956
1303333884000698369
1303333974496903168
1303334085998247937
1303334088099524608
1303334088351326209
1303334434037362688
1303334593450242049
1303334782378663937
1303334875039019013
1303334893448028163
1303334981784219660
1303335060129476609
1303335257635270656
1303335268670472192
1303335308524744707
1303335328623800320
1303335331387801600
1303335375776210944
1303335424568352769
1303335552146702336
1303335606303502339
1303335647684358144
1303335986378821632
1303335996302516224
1303336007702589442
1303336021019500544
1303336297113833473
1303336308094496773
1303336349920104448
1303336375249444865
1303336406236958720
1303336439858552832
1303336494170402817
1303336635367596035
1303336676681367555
1303336816704094210
1303336822555123712
1303336828401905664
1303336830419435521
1303337010329980928
1303337111123382273
1303337167851270146
1303337391311278080
1303337402363260929
1303337440472686594
1303337525172252672
1303337532596256768
1303337535528026112
1303337590934966274
1303337677161365504
1303337684547575811
1303337807688024064
1303337881138847745
1303337894812229632
1303338083736334337
1303338186744180737
1303338218654441475
1303338237025570817
1303338329036017665
1303338347117580289
1303338445163474951
1303338563723915264
1303338597546893315
1303338615196364800
1303338622301675520
1303338664844558345
1303338711439028225
1303338719282368513
1303338941454716928
1303338942440321033
1303339000862629890
1303339087718424577
1303339098875232263
1303339204080881666
1303339310964330496
1303339343868641280
1303339462827667460
1303339504158126080
1303339701424631808
1303339717375606786
1303339757397778434
1303339775726956544
1303339818777284609
1303339854198116359
1303339872242094080
1303339873240264704
1303339957935845378
1303339995223273473
1303340000197644294
1303340044233723906
1303340094867214336
1303340127528181762
1303340304934858752
1303340366544867328
1303340485810020354
1303340673563844614
1303340680031465473
1303340699467874304
1303340760180363266
1303340766983409665
1303340858658500613
1303340874190000128
1303340885082607618
1303340908558143488
1303340917705842689
1303340942527787011
1303341006268620801
1303341039013552128
1303341110086062082
1303341194022449152
1303341285256892417
1303341361354113025
1303341393277050882
1303341445558960128
1303341501922058241
1303341532070768641
1303341532746059777
1303341699494625280
1303341738124165121
1303341767966720005
1303341977224622085
1303341990751412224
1303342188227686406
1303342213661941760
1303342307417128960
1303342350119374848
1303342402023944192
1303342443362828295
1303342455010594816
1303342780576608261
1303342786989756419
1303342808644816898
1303342992598523904
1303343021715578880
1303343025234550786
1303343099494780930
1303343118780174336
1303343125100924929
1303343176464453632
1303343303744581636
1303343329598464002
1303343385865052165
1303343550155780097
1303343631072456704
1303343774072885248
1303343787213811712
1303343904499077120
1303343948312776704
1303344093737529349
1303344136322514944
1303344145264783362
1303344158115991557
1303344348256448517
1303344350471098374
1303344413662380033
1303344476648333312
1303344505504948224
1303344657351487489
1303344765019119617
1303344820417593344
1303344822841991168
1303344851505692675
1303344991440379904
1303345039528153089
1303345051506888706
1303345064312295424
1303345075901132800
1303345081538293761
1303345098428645380
1303345101184421894
1303345137251123201
1303345199561596931
1303345211532341252
1303345267983495168
1303345316838674432
1303345367191293952
1303345432383422474
1303345446702768128
1303345455934222337
1303345466411831296
1303345483302268936
1303345600495259654
1303345625912705024
1303345651464286210
1303345676894572546
1303345741201637376
1303345903919652872
1303345935611822080
1303346014670159872
1303346044533485571
1303346138523807746
1303346198775037953
1303346389775245312
1303346410578939906
1303346439725219843
1303346464140095490
1303346499766558720
1303346501125582851
1303346618280939522
1303346820102275073
1303346853950427137
1303347080837046272
1303347125099560973
1303347132351430656
1303347153687867392
1303347187804323843
1303347206683058179
1303422851924492291
1303423209358974976
1303423259916947457
1303423278925701120
1303423307266625540
1303423413873266689
1303423470773112832
1303423538544758784
1303423640571187202
1303423652348690433
1303423721768734720
1303423772100382724
1303423795789729793
1303423868820807680
1303424061251424256
1303424129648013313
1303424287626452994
1303424439930023937
1303424458183643138
1303424482841780224
1303424487862476800
1303424690560675841
1303424731660595202
1303424846647484420
1303424890033373184
1303424898614931457
1303424923977887749
1303424925269663744
1303425019662528512
1303425128848646147
1303425221207224320
1303425446483238912
1303425614259474432
1303425628277026817
1303425643955318784
1303425732773806080
1303425740227203074
1303425811589009408
1303425864453951490
1303425907130941440
1303426011854524416
1303426064455208960
1303426126413541379
1303426233493893120
1303426247503024134
1303426759858110464
1303426851252195328
1303427044081049600
1303427107511566338
1303427133205655552
1303427134623449090
1303427211668721664
1303427228793962503
1303427293226971138
1303427407718871048
1303427437930389506
1303427439893323776
1303427473275719680
1303427476262092801
1303427627341017089
1303427666708779008
1303427681225256960
1303427680889602049
1303427707204767744
1303427735432298496
1303427777992036354
1303427798296604675
1303427863232815110
1303427865778716677
1303427888394498059
1303427951942221824
1303428134742753280
1303428197141409792
1303428282310897666
1303428316968357888
1303428374623330310
1303428596074082304
1303428602281758720
1303428637283225600
1303428659978686464
1303428725527269376
1303428750281973764
1303428813569896450
1303428895270678529
1303428909799821312
1303429018671349760
1303429032005054466
1303429182349815809
1303429232966725633
1303429281238986752
1303429447979347969
1303429531353509888
1303429627088637953
1303429672659832834
1303429860770021376
1303429871029358592
1303429875538292736
1303429914289475586
1303430078077034497
1303430120770801665
1303430215989944322
1303430226991435776
1303430304858808321
1303430395233472516
1303430404809076743
1303430407690448896
1303430429907787776
1303430445716004865
1303430530852159491
1303430630286516224
1303430649446125578
1303430703535751169
1303430715082780676
1303430786222362630
1303430801686704130
1303430849585713152
1303430896046006272
1303430943538020352
1303430979961356293
1303430980414382086
1303431066762571781
1303431162858287106
1303431190590889984
1303431294756573187
1303431326586957824
1303431375614341122
1303431545793978368
1303431611594289152
1303431618594508810
1303431650873880582
1303431825549791232
1303431832864686080
1303431868868685825
1303431885243265025
1303431889861181440
1303431990008479744
1303432034002509824
1303432080517464066
1303432085252734977
1303432164353204225
1303432380603133952
1303432443605782529
1303432470625488900
1303432487008440326
1303432533972054018
1303432564204613634
1303432607368130563
1303432610174193666
1303432739815915523
1303432757197103104
1303432768140050440
1303432880887148544
1303432918975557633
1303432949975724033
1303432954786406400
1303433010231103488
1303433015897526272
1303433036537659393
1303433093659922433
1303433138522198022
1303433186614149121
1303433225163943937
1303433240057872384
1303433383863889925
1303433462146359296
1303433497713885184
1303433612214370305
1303433688483463168
1303433704631685122
1303433918301966336
1303433945468547075
1303433951013474308
1303433950782783489
1303433962472247305
1303434049273434113
1303434068290404359
1303434109642039296
1303434122157797377
1303434156056092672
1303434174297255938
1303434194446618625
1303434258212630531
1303434261345841153
1303434301841776641
1303434395177619457
1303434500626677760
1303434519442345990
1303434534248165388
1303434549704232961
1303434634999586823
1303434645598597122
1303434787802185729
1303434792801890305
1303434798220759040
1303434802243264513
1303434809625149449
1303434836435251202
1303434882417405955
1303434897726607360
1303434921420046336
1303434974931103744
1303435173669855232
1303435271036428291
1303435290292432901
1303435465731776516
1303435498019586050
1303435570484514826
1303435588767490051
1303435604001263616
1303435606161203200
1303435608493305862
1303435619155181569
1303435700742885377
1303435710981169157
1303435844779474945
1303435891319472128
1303435918381142016
1303435943886553089
1303436002048880640
1303436071309578240
1303436077231939584
1303436224833753095
1303436225504739328
1303436232031178752
1303436275400269827
1303436313539026944
1303436325127942151
1303436367775625216
1303436408988807174
1303436461333794817
1303436564492673027
1303436583161520128
1303436636584370176
1303436647212568578
1303436716968214536
1303436769849942017
1303436784064507906
1303436805195337730
1303436871025004545
1303436871306039303
1303436886082494469
1303436932173758467
1303437006782038018
1303437022665805837
1303437149426114562
1303437173782265856
1303437439726313472
1303437500397096963
1303437502221627393
1303437901670293510
1303362523207471104
1303362564185874432
1303362691340341249
1303362822521454595
1303363025588674560
1303363107532738560
1303363164298457089
1303363178567360513
1303363210137997313
1303363362387046401
1303363395031310337
1303363516137533442
1303363560026775553
1303364094100209664
1303364153508270081
1303364267727491073
1303364367006789637
1303364414675050497
1303364445733822464
1303364568484249600
1303364682292629506
1303364699342295040
1303364726307483651
1303364841923584005
1303364921627992064
1303365018252177408
1303365049998815232
1303365061839400960
1303365070915661826
1303365191296593921
1303365331721891840
1303365342987780096
1303365352370450432
1303365390701981696
1303365408259477506
1303365490400792576
1303365809784401920
1303365811097276419
1303365823961198595
1303365836854312961
1303365868559032322
1303365944023146497
1303366000721747968
1303366041045741568
1303366116287209472
1303366192200114181
1303366272051220482
1303366299322466305
1303366309351227393
1303366400283758592
1303366433276071937
1303366555405705216
1303366707021570049
1303366747731505154
1303366756099121154
1303366935032270848
1303366974127431684
1303367053714354176
1303367139462647812
1303367199587876866
1303367228046348290
1303367297524838401
1303367322745397249
1303367501196283907
1303367612294930433
1303367812090650624
1303367822903595010
1303367969603547139
1303367994219753473
1303368019549343744
1303368150294040576
1303368162671558658
1303368249120153600
1303368363108950022
1303368428720357378
1303368476254375938
1303368506562482176
1303368591539044354
1303368664507441152
1303368720304222216
1303368816458477569
1303368876906881024
1303368962953093120
1303368964945313792
1303368981122879492
1303369003100930049
1303369063767433216
1303369162371354625
1303369168679563265
1303369256399065090
1303369399835922432
1303369454991085570
1303369472422674432
1303369644791795712
1303369666484670464
1303369680569151488
1303369741361451008
1303369751712993282
1303369825444487168
1303369936014770178
1303370047620935682
1303370068630396930
1303370083146911745
1303370104097431555
1303370128583798784
1303370140239695872
1303370233709842433
1303370254840557575
1303370256325513217
1303370263887667202
1303370333173424128
1303370510240186368
1303370594013057026
1303370679887093760
1303370728289435653
1303370771968872448
1303370776440188936
1303370801626910725
1303370818920083464
1303370824708239360
1303370860678447104
1303371069026455555
1303371128572841986
1303371200022757376
1303371357116231680
1303371376548622339
1303371418596528128
1303371573122994181
1303371591011586049
1303371659257278464
1303371827373314050
1303371882217889792
1303371976208052224
1303371979949367296
1303372416375312386
1303372421248974849
1303372426646970369
1303372439821398017
1303372523829043200
1303372576148914177
1303372615587786752
1303372621891985409
1303372693899808768
1303372895473872900
1303373244347670528
1303373244309803008
1303373250211319808
1303373283853848576
1303373420944666625
1303373432537509888
1303373521960210432
1303373557964181504
1303373602297872389
1303373778315931649
1303373799157530625
1303373799983730688
1303373845760487426
1303374091852939267
1303374155438411777
1303374203576410114
1303374207087247363
1303374209444458498
1303374225613484040
1303374230810251265
1303374270492545024
1303374379602948096
1303374499912577025
1303374534142308353
1303374544917364737
1303374567885303808
1303374702602149888
1303374757539336193
1303374886371385344
1303374958924619776
1303375150239199233
1303375238177189889
1303375268090970118
1303375380754112516
1303375387217596416
1303375497305485312
1303375547343482881
1303375693355651072
1303375749634822146
1303375754374402050
1303375886209527809
1303375914273832961
1303375952702046214
1303376088672997377
1303376314699743235
1303376328528482304
1303376341358850048
1303376433843253249
1303376499882504192
1303376503158251520
1303376532623114240
1303376550574911493
1303376590483656705
1303376667960897538
1303376712328269824
1303376944856215554
1303376992348372993
1303377083259854853
1303377149521358848
1303377160229589001
1303377162410622979
1303377234737143811
1303377280593526786
1303377317310455811
1303377321810956301
1303377330929242113
1303377427951878144
1303377511431073794
1303377566603112448
1303377574735818758
1303377620818690050
1303377637826461696
1303377771649998849
1303377964424364034
1303378024885346311
1303378186315546624
1303378270939942915
1303378325662916608
1303378376883798018
1303378407577792514
1303378498594115584
1303378525769142273
1303378565841522689
1303378621948669952
1303378664130859008
1303378688067743745
1303378783202873344
1303378821434019840
1303378847023456256
1303378935036616704
1303378987763339264
1303379022395498496
1303379047196618754
1303379239060647936
1303379274708156420
1303379335735316480
1303379460859793408
1303379461153275904
1303379491843125255
1303379559476334592
1303379728607391745
1303379855010983936
1303379910107566087
1303379947520749568
1303379970979438592
1303380052059607041
1303380135270330379
1303380186365333505
1303380221480050694
1303380307064827906
1303380308704792579
1303380339591704577
1303380340430516225
1303380378107940865
1303380438245953536
1303380494520692739
1303380589156864000
1303380594345291783
1303380664092246016
1303380703128825859
1303380840169299969
1303380858854875137
1303380860234727429
1303380894175186945
1303380946461298692
1303380972730286082
1303381015411462145
1303381093803012097
1303381101033865219
1303381111934910470
1303381281720369152
1303381284048244738
1303381292394795013
1303381327677276160
1303381362443943939
1303381365686231048
1303381493016932352
1303381514386681857
1303381531256332296
1303381590740008966
1303381619642949633
1303381659807555584
1303381699024293888
1303381706817191937
1303381745031618560
1303381995922350083
1303382074867372032
1303382186767323136
1303382188080205826
1303382325359714309
1303382433954500611
1303382444976922626
1303382483078131714
1303382636891697153
1303382733025144834
1303382757477814278
1303382812180000768
1303382822665760768
1303382848318173184
1303382861752532992
1303382879867727876
1303382935937134594
1303382952848642048
1303382969239904258
1303383013321965569
1303383050592677890
1303383068774809600
1303383076932911107
1303383163905994753
1303383174819577856
1303383253039091721
1303383424581931014
1303383432437825539
1303383516181401603
1303383521315221511
1303383530374918144
1303383536603463682
1303383622859272193
1303383711157751808
1303383857769721857
1303383901776285696
1303384079962963971
1303384295289937920
1303384333303115776
1303384349686063106
1303384476299468801
1303384561473085441
1303384611037171712
1303384727857049602
1303384754356711425
1303384758509072385
1303384783708467200
1303384851815464960
1303384865887395842
1303384978424844288
1303385012780244992
1303385067608137728
1303385141457321984
1303385176760868867
1303385242133241858
1303385311624519687
1303385342511378437
1303385430046502917
1303385437327839232
1303385462883717120
1303385647869120517
1303385693738037248
1303385747454599168
1303385827419009024
1303385846809333766
1303385865079656449
1303385890077782017
1303385919643410432
1303385948097597455
1303386024689700865
1303386056411226112
1303386083770675200
1303386169778921472
1303386248330072065
1303386315854147585
1303386385169088512
1303386473853579269
1303386516832559106
1303386571031240705
1303386620582924288
1303386623002976265
1303386742444052482
1303386793421598721
1303386891878686722
1303386979397185537
1303387163350900736
1303387173052452866
1303387218648547329
1303387471921774592
1303387488434769921
1303387567874650117
1303387656374693889
1303387938705661952
1303388050769227782
1303388084520644608
1303388127306878979
1303388155794665472
1303388186803154944
1303388198064717824
1303388212224815106
1303388332202717184
1303388499677122560
1303388588353019904
1303388701356183552
1303388856822231042
1303389073931984897
1303389155058221057
1303389212369190915
1303389372327301120
1303389390421610502
1303389404803878913
1303389422667390984
1303389556662829062
1303389589785239558
1303389696941330433
1303389706009403395
1303389780496060420
1303389810099396608
1303390027867721728
1303390041369055232
1303390065197015041
1303390105684582401
1303390124076539905
1303390262765465601
1303390294570930177
1303390305329254400
1303390344524869632
1303390367937703936
1303390402289033222
1303390479099232257
1303390547588124672
1303390592848674816
1303390719869161472
1303390720426827776
1303390782087258112
1303391178138812419
1303391192902758400
1303391249093722112
1303391452173664256
1303391622860812290
1303391631467581440
1303391686861750275
1303391721028562945
1303391767430131717
1303391781996945410
1303391811872854017
1303391830302625793
1303391956366548992
1303392096473223174
1303392266879463425
1303392274781335552
1303392365160337409
1303392409343201283
1303392509331156998
1303392532332793858
1303392557301477381
1303392635030298625
1303407813662826496
1303407945095372800
1303407953614077957
1303407972085686272
1303408059155279872
1303408118643200003
1303408183436738560
1303408286352510976
1303408367793106944
1303408422075817985
1303408433060868108
1303408477734395906
1303408500412944384
1303408558881615873
1303408621452234754
1303408698400874497
1303408707192197121
1303408711575142405
1303408799709974528
1303409100957446144
1303409108096348163
1303409257996574720
1303409290628268034
1303409324413399040
1303409350459842560
1303409374195593217
1303409385016786947
1303409414284734464
1303409448342355970
1303409461604696065
1303409465711091713
1303409570145075201
1303409677011685378
1303409701468737536
1303409813615976453
1303409850983100417
1303409892636516353
1303409978775015424
1303409983510532097
1303410063143514117
1303410098442833921
1303410161994866690
1303410217191911426
1303410230286364672
1303410274792337411
1303410370426687488
1303410539964649474
1303410756562628610
1303410881515192325
1303410886342705152
1303410907708522496
1303411003351330817
1303411180254441479
1303411309355073539
1303411375537041408
1303411396646973441
1303411421464592384
1303411490251309059
1303411510404878337
1303411526867595267
1303411531569192960
1303411571960545286
1303411640868638721
1303411700700332032
1303411815146164229
1303411909325094915
1303411920217620480
1303412112530710529
1303412130302099456
1303412192016990215
1303412268022009856
1303412305116491780
1303412455549403137
1303412549690388481
1303412689570377728
1303412724769067008
1303412790116454400
1303412900325814272
1303413059755692037
1303413104550715392
1303413377029472256
1303413430196604928
1303413449595056128
1303413478032650241
1303413490976251907
1303413765636009984
1303413799970635784
1303413816227700737
1303414044385251329
1303414045660393473
1303414161238622212
1303414286249857025
1303414443708166147
1303414537316687872
1303414569084350469
1303414570590101504
1303414631537545216
1303415007359639552
1303415052981207042
1303415147139080193
1303415152931340288
1303415185630212097
1303415227451469824
1303415272716382208
1303415303490150400
1303415423388602369
1303415543748202497
1303415664049176576
1303415752662294528
1303415843825491969
1303415876008513536
1303415962889269249
1303415977925922816
1303416225641398274
1303416270709121024
1303416347834175498
1303416409062604802
1303416687384039426
1303416699132272640
1303416776601075712
1303416788164763650
1303416823631802370
1303416824902701057
1303416909539532806
1303417007375876099
1303417008231505920
1303417017387675651
1303417018356502531
1303417021405761536
1303417124900286464
1303417142159855619
1303417144093233152
1303417176502816770
1303417265111658498
1303417304630390787
1303417433282228226
1303417477913890818
1303417499883581442
1303417542510366720
1303417684424560646
1303417809230331904
1303417855992631297
1303418046900580355
1303418065015771137
1303418118572773378
1303418149967196163
1303418174168207361
1303418177095901187
1303418185790742528
1303418246922563584
1303418330074607616
1303418344150835200
1303418490104115200
1303418724934922240
1303418759554629632
1303418809777356800
1303418845110042624
1303418870263414790
1303418909362544640
1303419025100161024
1303419102942298112
1303419215769149441
1303419278679568387
1303419385391054855
1303419544392798208
1303419547546824710
1303419557076295680
1303419609526173697
1303419632682926083
1303419653943779328
1303419715709272065
1303419869740834817
1303419917723672576
1303420144677457924
1303420189577555970
1303420198758813700
1303420336977989638
1303420618864427008
1303420644932157444
1303420693871300610
1303420790742814720
1303420808673423360
1303420845172420611
1303420938025746432
1303420969923600386
1303421026215362562
1303421059878850560
1303421098630025216
1303421132368945152
1303421258311307264
1303421302863265798
1303421311985889281
1303421371020701696
1303421455321841664
1303421596087050250
1303421679977115648
1303421681298366464
1303421710268616706
1303421717176410112
1303421720435388417
1303421821014794240
1303421936760889344
1303422017681731584
1303422075349106690
1303422127580815368
1303422207989886987
1303422372486156288
1303422546470203393
1303422554749706242
1303422613923004417
1303422810627411970
1303438102787166208
1303438175403114501
1303438178205003782
1303438195338731521
1303438284715163649
1303438311856525316
1303438414390456320
1303438446363639809
1303438450016817152
1303438546099998725
1303438560708767744
1303438664614150145
1303438698504052736
1303438722449518593
1303438800090288132
1303438844637917185
1303438849549443075
1303439064524369921
1303439070505373696
1303439154135683072
1303439168081666050
1303439274424102912
1303439305650704385
1303439620672229385
1303439643292164096
1303439734509838336
1303439841758261248
1303439882203705346
1303439967285374978
1303440126807289859
1303440149251055617
1303440191185661952
1303440200056467457
1303440258672058370
1303440271779213313
1303440352905433088
1303440390889132033
1303440394533900288
1303440417325801472
1303440493552992257
1303440521650753546
1303440666299633667
1303440699090784257
1303440884994891778
1303440928867311622
1303440993660866561
1303441055375863819
1303441174401777666
1303441191711641601
1303441212888756224
1303441216789524480
1303441217569644544
1303441250750734337
1303441307524829184
1303441350512324610
1303441363040645123
1303441400755879936
1303441421886803968
1303441423794974720
1303441667886850049
1303441697775456259
1303441739550806022
1303441835017330688
1303442029276430336
1303442069541847040
1303442103691808773
1303442152610033665
1303442153708941312
1303442219454656513
1303442219983089664
1303442367819780097
1303442443614986240
1303442448786563075
1303442685777399815
1303442696191856641
1303442753695617024
1303442883169660928
1303442963796762624
1303443129555714049
1303443171364548610
1303443174145372161
1303443204977684480
1303443321944145921
1303443343200919552
1303443346447245312
1303443402751717376
1303443520364195845
1303443535039995906
1303443650962055168
1303443653373894658
1303443674651652100
1303443708709306370
1303443860631232514
1303443945175744512
1303443945477812228
1303444205088497664
1303444231072239616
1303444258788175877
1303444322335952896
1303444416275730432
1303444419635535875
1303444572748431360
1303444754697457665
1303444939305414657
1303445179878301696
1303445204901548037
1303445206793060353
1303445234941071363
1303445243543662593
1303445303757025286
1303445333578526720
1303445422489448451
1303445438255726593
1303445442227834886
1303445460003291136
1303445465980186625
1303445517247090688
1303445532858351621
1303445572934725632
1303445694104117249
1303445830431649792
1303445995162923008
1303446001659846658
1303446006910955520
1303446092584030208
1303446152407396352
1303446251673980928
1303446272263753733
1303446346561617929
1303446402840879113
1303446404338192385
1303446413943009280
1303446448172793856
1303446468452286469
1303446603643187203
1303446653769220096
1303446661994344449
1303446688175095810
1303446707708088322
1303446849546846208
1303446854097670145
1303446866533724160
1303446926394888195
1303447103314694144
1303447116199669768
1303447220516200455
1303447244889370625
1303447254204850185
1303447255966453761
1303447267718955008
1303447402020581380
1303447492449755140
1303447532794675201
1303447560934350848
1303447581553553408
1303447774554402818
1303447821329211392
1303447883186925569
1303448038556434435
1303448138318073862
1303448152272506880
1303448268773359616
1303448273513054208
1303448369239527424
1303448429373394946
1303448653542109186
1303448709125079043
1303448731094781954
1303448820882300934
1303448845074886656
1303449028601040899
1303449043587264514
1303449273216819200
1303449402422558726
1303449431120007176
1303449494256791552
1303449588842536961
1303449594957836290
1303449750713360385
1303449843524931585
1303449881944756226
1303449916900093952
1303450188053446659
1303450198933303296
1303450407818190850
1303450426898083841
1303450586952560641
1303450610604351489
1303450650156695553
1303450691080515585
1303450920236322824
1303450953958469634
1303450988792229888
1303451274092969984
1303451277884522498
1303451398487658498
1303451472164794369
1303451504586629120
1303451560257769472
1303451583510908928
1303451630197764103
1303451656160448515
1303451753912905730
1303451768316211215
1303451858724368386
1303451889380581377
1303451895139381248
1303452002412789760
1303452013892718592
1303452258676477955
1303452346165284864
1303452438595239936
1303452679780413444
1303452760239726599
1303452969145262080
1303151072320651264
1303151161717985280
1303151182018416646
1303151191728193536
1303151316911493122
1303151376147591168
1303151381587656705
1303151436931493891
1303151478559764481
1303151490069008384
1303151668574343168
1303151726044884992
1303151866243698689
1303151906680905728
1303152007818153985
1303152018354298885
1303152054991564801
1303152196578574336
1303152274324123649
1303152359237914624
1303152367668473856
1303152469074227200
1303152509314359296
1303152587848335360
1303152604487262208
1303152770736775168
1303152926484033536
1303152949615570944
1303153017034813441
1303153036370628608
1303153382513926144
1303153435445878784
1303153451594141696
1303153575980421120
1303153579683917825
1303153644099911680
1303153834806575104
1303153948350701571
1303154029527269389
1303154040201773056
1303154065023664128
1303154439033942016
1303154462291238912
1303154650007379970
1303154656244310016
1303154658773532674
1303154860573880321
1303154873504915458
1303154902189977602
1303154944925749249
1303154951162597376
1303155132218048512
1303155224388005889
1303155382001508352
1303155427601858562
1303155535097856001
1303155544472027137
1303155557851959297
1303155732758421504
1303155766367383553
1303155835821076480
1303155926308880384
1303155993988145156
1303156084631171073
1303156092516605953
1303156187366645760
1303156202990440451
1303156265561067522
1303156443386970112
1303156471614631936
1303156517902852096
1303156601797447682
1303156618297782273
1303156629874110465
1303156639155933184
1303156705887498245
1303156876759019522
1303156907490848768
1303157118107815938
1303157144632479745
1303157219085766656
1303157301596033026
1303157312866209792
1303157320017420294
1303157461407461381
1303157474900561926
1303157567565238274
1303157609420259331
1303157681310507008
1303157851632726016
1303157864073179137
1303157864052252672
1303157939113463816
1303157957622788096
1303158236644700160
1303158302801457152
1303158316827209730
1303158332744699905
1303158352801792001
1303158493109727233
1303158504832864257
1303158638136250369
1303158745896284167
1303158817346088965
1303158829044039680
1303158840624635907
1303158941275353089
1303158992710053890
1303159120539811840
1303159123236720640
1303159161019142145
1303159245328789506
1303159336554954752
1303159354737262592
1303159469774434304
1303159518243819524
1303159530579210241
1303159552712507392
1303159575164616705
1303159610593939457
1303159700079423490
1303159821080891392
1303159824872546310
1303159942711357443
1303159983392071680
1303160002987929601
1303160041323868161
1303160270676688897
1303160378499588096
1303160405947232256
1303160407423676417
1303160442307653632
1303160483680342016
1303160631441469442
1303160798815170560
1303161006001197061
1303161052767674368
1303161082207502336
1303161228416749568
1303161254756802563
1303161433031671808
1303161438559784961
1303161463696101387
1303161523024482304
1303161530159169537
1303161554184146944
1303161578251001861
1303161664578101248
1303161769481908226
1303161909173194752
1303162085656862720
1303162092564832257
1303162265642860544
1303162298542981120
1303162309171384320
1303162401253191682
1303162404923011074
1303162557142892546
1303162557981630464
1303162562003918848
1303162723107106817
1303162776945336321
1303162837917995008
1303162981203705856
1303163451297030145
1303163456028397568
1303163613427851269
1303163615311167490
1303163633464233985
1303163705278963712
1303163796442079232
1303163820060413952
1303163933956739072
1303164027657359367
1303164147715235842
1303164295170134018
1303164329072697344
1303164412526759936
1303164457229705216
1303164490356326400
1303164802085335040
1303164842451271682
1303164891440623619
1303164937431384064
1303165041554976770
1303165082629795841
1303165362028998657
1303165428512907264
1303165550156304391
1303165559421513728
1303165585308741634
1303165615079710721
1303165753588199425
1303165753923973120
1303165874023657473
1303165929245868043
1303166118308253696
1303166125149167616
1303453208237363200
1303453254572036097
1303453302085038080
1303453355658948610
1303453372444545028
1303453406959288320
1303453526392295424
1303453603923980289
1303453667329216515
1303453938126073856
1303453957788962831
1303454014265147392
1303454048369209355
1303454127842824193
1303454202371346432
1303454941953044484
1303455025604308992
1303455051021770752
1303455106231304193
1303455111075762176
1303455204944347142
1303455214880657411
1303455293922250755
1303455374528466945
1303455473820196866
1303455547761532929
1303455590455209984
1303455632893374466
1303455698395725830
1303455971256291329
1303456187049029640
1303456199153602560
1303456274290487297
1303456282142216192
1303456437885165569
1303456502280314880
1303456662229938177
1303456725723475968
1303456802613362689
1303456875254407168
1303456997694672898
1303457018229846016
1303457100555857925
1303457218784669696
1303457273495400448
1303457288557076485
1303457373281976320
1303457400611991552
1303457442831806464
1303457493813800962
1303457496909189120
1303457513585684480
1303457526911033344
1303457533965799424
1303457600441257984
1303457650055745537
1303457844298096640
1303457898639491073
1303458009155330054
1303458063735762944
1303458079980355594
1303458321756811270
1303458327473590275
1303458385174638593
1303458403000475648
1303458487817641992
1303458599931240448
1303458624665198592
1303458630696669185
1303458693082738688
1303458835479162885
1303458873483825152
1303459064538636289
1303459113091895297
1303459141839511552
1303459247821332482
1303459271938580480
1303459286203465731
1303459338405675008
1303459361336033284
1303459389047799809
1303459476826198017
1303459497269252096
1303459505464905728
1303459600000192513
1303459601380028419
1303459617947693056
1303459691415175170
1303459796377460738
1303459806989168641
1303459851897430016
1303459950094479361
1303460041769594882
1303460301233246208
1303460338394959872
1303460346267463680
1303460412805922816
1303460426924126210
1303460441121869824
1303460500911448064
1303460566514638848
1303460580330700802
1303460589268807681
1303460629236379657
1303460828629405700
1303460830416166912
1303460970136772614
1303460989497749504
1303461009420693512
1303461130258522119
1303461415768993793
1303461538355965952
1303461626247512064
1303461693159342082
1303461734452260864
1303461767721312257
1303461820896862209
1303461831525183488
1303461883790458882
1303461897774092288
1303461946239234048
1303461974030741506
1303461993270181888
1303462020134498305
1303462066037153792
1303462151680655360
1303462175764340736
1303462265782513664
1303462304760111104
1303462398439895041
1303462407222697985
1303462523136618499
1303462534989537281
1303462537523089410
1303462567797501953
1303462586034188288
1303462603348303874
1303462608503271425
1303462616950624256
1303462652161687553
1303462666669887492
1303462748660011009
1303462781669187585
1303462820990922753
1303463022346809345
1303463106186682368
1303463164667981826
1303463247211892742
1303463286416044034
1303463332360273921
1303463401369284610
1303463463738576909
1303463472550817798
1303463746694606848
1303463753795731458
1303463829372841984
1303463842870067200
1303463896364150785
1303463899870699520
1303463903066755072
1303464000886317060
1303464013741912070
1303464041545777152
1303464091843923968
1303464143522070529
1303464157753290754
1303464165760262145
1303464311646543872
1303464318822907904
1303464454512812032
1303464497055703040
1303464500083949571
1303464564319805442
1303464594933981189
1303464647996190722
1303464725783683074
1303464750018367488
1303464777189134336
1303464789620920322
1303464809032232960
1303464818976808961
1303464861180006400
1303464886773579776
1303465037567156224
1303465066956754945
1303465084438679552
1303465087420694528
1303465101073285120
1303465140252151808
1303465193104646145
1303465207994482689
1303465272859332608
1303465337762045953
1303465343093010433
1303465348876951553
1303465351967989761
1303465365473763328
1303465397383962624
1303465414295523328
1303465418267529217
1303465541361778688
1303465574350028800
1303465635628941314
1303465660526149632
1303465681183297537
1303465695343251464
1303465741254119424
1303465837416902656
1303465859336331265
1303466020477251588
1303466032724549632
1303466152530714624
1303466214799429633
1303466422224392193
1303466536137633792
1303466543507009538
1303466644849733637
1303466666433695749
1303466694732582912
1303466739703914497
1303466827868119041
1303466921577283585
1303466937624801281
1303467027512750080
1303467061167951873
1303467152968765441
1303467157041405952
1303467191803600896
1303467200188002304
1303467305108680704
1303467486038220801
1303467776531726337
1303467871864057856
1303467880550404097
1303467922677886976
1303136028945940487
1303136039838650368
1303136081425174530
1303136128707342337
1303136161783844865
1303136285574549505
1303136316788486144
1303136386233626626
1303136464730021893
1303136470367174659
1303136490810204161
1303136590223429632
1303136734063067136
1303136767277662208
1303136800949460992
1303136956226981889
1303136976632152065
1303137030768128000
1303137479365742592
1303137490082168835
1303137504300851200
1303137687411593216
1303137732831539200
1303137828629602306
1303137830936301568
1303137831578025985
1303137840600096768
1303137954215407623
1303138068434747392
1303138259560787969
1303138297758330880
1303138306541137920
1303138428062593026
1303138455606697984
1303138532010188800
1303138598171160578
1303138619415244800
1303138620883206144
1303138670787006464
1303138693251825671
1303138817944293378
1303138836021641217
1303138874885984257
1303139340953022464
1303139470250655744
1303139483714490370
1303139583446589440
1303139655626493954
1303139720634011648
1303139757048856578
1303139801999110144
1303139819367825408
1303139872132263936
1303139902943453185
1303140177561505798
1303140179771826177
1303140192103084032
1303140269324369921
1303140462845460483
1303140519506313217
1303140559662571520
1303140563173040129
1303140611638296578
1303140618290552832
1303140648992862210
1303140652897701889
1303140665220501504
1303140682643709952
1303140730853093378
1303140753791766529
1303140799564013569
1303140904471986176
1303140995299774464
1303141103739326464
1303141125973311489
1303141143786467330
1303141166750273537
1303141174719533057
1303141238065917952
1303141306135445504
1303141440743190528
1303141490764517377
1303141574046515211
1303141671627100160
1303141682016325632
1303141706053738496
1303141767894589440
1303142026469236741
1303142176768040961
1303142263455793153
1303142264017948672
1303142320297082882
1303142399644844033
1303142463004180480
1303142550530854912
1303142554771189761
1303142620080865280
1303142652028874755
1303142687625883650
1303142807524331521
1303142865976074242
1303143036281450496
1303143071425662978
1303143203307171840
1303143516323930113
1303143548699774986
1303143577195819010
1303143677276160002
1303143681126477826
1303143695370264578
1303143929261502464
1303144037600329728
1303144040804675584
1303144055619178497
1303144105862598656
1303144118227537922
1303144337405104129
1303144363145531392
1303144367452897280
1303144496574627843
1303144541197864960
1303144561385115648
1303144670613196800
1303144795783802880
1303144811692806144
1303144936376856576
1303144950096228352
1303144991901048832
1303145056354918400
1303145075933810690
1303145154564501505
1303145242640572417
1303145276476063744
1303145297460097030
1303145298575859713
1303145327529058304
1303145357480656896
1303145476896759809
1303145488078659586
1303145518068125696
1303145546278817792
1303145657922969600
1303145784792281090
1303145819453952000
1303145863397683200
1303145987398017024
1303146150489448449
1303146243363921920
1303146266767970305
1303146405255671812
1303146492170055682
1303146506145406977
1303146610499616769
1303146621585293318
1303146897792786433
1303146901416693760
1303146953698615297
1303146971520208903
1303147032195067906
1303147050847141889
1303147207877472261
1303147227179814915
1303147256753790977
1303147377663016960
1303147490561200134
1303147560538902534
1303147608114823168
1303147751845265410
1303147790202150912
1303147803162685440
1303147888797679617
1303147953188671489
1303147972088209408
1303148021488779265
1303148124559388672
1303148180029153281
1303148186123431937
1303148209481678849
1303148287466315776
1303148445323018240
1303148583273734144
1303148616383692800
1303148715130187778
1303148728669417472
1303148808721764354
1303148822785331200
1303148825951891456
1303148882751369219
1303148897712263169
1303148974115901440
1303149260498702336
1303149345039159297
1303149413766963200
1303149415759097856
1303149422734446592
1303149462299312128
1303149500312166400
1303149768311369728
1303149806286786560
1303149859160158208
1303149991821807616
1303150062671929350
1303150075133202432
1303150133228560385
1303150155655335936
1303150237746421761
1303150351906779136
1303150394579857410
1303150402813063168
1303150537270005766
1303150556605755393
1303150592861372416
1303150593351933952
1303150603862855681
1303150635152531457
1303150644837183490
1303150767101145088
1303150779918934016
1303150787326078978
1303150803121831936
1303150808310128640
1303150873309114368
1303468138613354503
1303468153117310977
1303468176341184512
1303468395564732417
1303468415970021377
1303468475290181633
1303468521268146176
1303468576293093377
1303468578650423299
1303468579728154624
1303468617858678784
1303468708669476864
1303468797349769218
1303468808557006851
1303468863959359489
1303468868141281283
1303468928631476224
1303469084248604672
1303469090280005632
1303469310418006017
1303469392265490437
1303469563531669514
1303469631156432897
1303469732905984000
1303469771644522496
1303469867270631424
1303469939265855488
1303469991816200192
1303470010476658689
1303470091233787910
1303470193658667008
1303470219638329344
1303470246209163264
1303470504917889026
1303470535096107008
1303470861484253192
1303470886897553408
1303470948499091456
1303470986378047488
1303471533172682759
1303471547768811521
1303471580018864133
1303471629633294342
1303471658020278273
1303471660230729730
1303471715272384512
1303471738274095106
1303471738831994886
1303471786676297729
1303471806058246145
1303471821510017024
1303472151463223297
1303472215250235392
1303472461296676864
1303472538471854088
1303472563985608705
1303472574656061440
1303472617815326720
1303472646932361216
1303472708596961281
1303472733590880257
1303472758773420032
1303472958745255942
1303472981369389056
1303473031164067843
1303473042346127360
1303473115343839235
1303473156557070336
1303473167252500486
1303473235498065921
1303473332814139392
1303473375386443789
1303473383947075584
1303473431074271234
1303473491430301696
1303473585495969792
1303473792832937984
1303473866358939649
1303473875204833280
1303473910877487104
1303474110647939072
1303474122337419264
1303474191065387008
1303474215887216642
1303474254550151170
1303474318937128960
1303474328927981570
1303474405352374272
1303474432434991104
1303474457357541377
1303474501611663360
1303474576731635714
1303474681085820935
1303475025517916167
1303475063828680711
1303475159701966849
1303475243479109633
1303475419648229376
1303475422378721281
1303475424077307904
1303475484173520902
1303475486241304576
1303475513206267904
1303475580008935426
1303475801195601920
1303475936273276928
1303475999548604416
1303476049087406086
1303476192805179394
1303476293934157824
1303476336736993281
1303476463585300480
1303476519872983045
1303476537187078144
1303476541515538433
1303476711527333888
1303476943204093955
1303477020576198657
1303477024464527362
1303477058585026562
1303477085004939264
1303477110292520962
1303477119541014528
1303477138922835969
1303477459455807494
1303477484277514241
1303477580046233602
1303477622819762176
1303477710870716419
1303477775823777793
1303477812440043521
1303477819784138753
1303477940185976832
1303477965079089153
1303477994766454784
1303478035967102976
1303478355468017664
1303478359549243392
1303478430462345217
1303478447679963139
1303478464041889798
1303478469632954368
1303478614311272448
1303478614768353281
1303478645437206531
1303478662235332608
1303478668048695297
1303478841973800960
1303478867298926592
1303478979999879168
1303479031573237761
1303479083716825090
1303479195629043712
1303479371152396288
1303479516095021057
1303479560177152001
1303479587591131136
1303479656905994242
1303479712174477312
1303479767686094853
1303479848225079296
1303479914465841152
1303480103305838592
1303480136537387008
1303480218162790400
1303480283883331585
1303480485964845056
1303480507359875073
1303480578952458240
1303480595444629507
1303480711182082049
1303480776852295685
1303480857538301953
1303480921488719872
1303480947493539842
1303480952606212099
1303480975373086721
1303481063398834176
1303481103131578368
1303481184383623170
1303481237756096512
1303481323684859906
1303481338985615366
1303481408044834816
1303481528727601159
1303481613125206016
1303481614475890695
1303481639444647938
1303481669450698753
1303481711334846464
1303481739189329924
1303481810937098240
1303481837650612224
1303481883649617926
1303482145642614787
1303482154073161728
1303482198033608706
1303482295106633728
1303482310508130304
1303482344922202112
1303482357903691776
1303482377964978177
1303482403264974848
1303482466443948034
1303482515642933248
1303482517631139840
1303482530218291200
1303482828332695555
1303482869722107906
1303482903033118721
1303482919189704715
1303482970540564480
1303482997866262528
1303483006334562304
1303483083518287875
1303347320423985153
1303347341542518786
1303347373901520898
1303347602692345856
1303347931144163329
1303348093820137473
1303348102271729665
1303348102766628865
1303348271981588480
1303348303518720000
1303348322141376512
1303348329666023426
1303348351195283458
1303348475241865217
1303348807334330368
1303348964176080897
1303349174394589184
1303349219252527106
1303349252022771713
1303349302765346816
1303349300852908035
1303349420910575618
1303350124740071425
1303350337730940936
1303350372782792705
1303350425970597889
1303350456270323713
1303350518996176898
1303350699678294016
1303350709216333825
1303350717566992384
1303350877223231490
1303350956256567298
1303351050833981440
1303351061546233856
1303351086955233289
1303351153141387265
1303351202441199616
1303351203020050433
1303351219935682561
1303351302416666624
1303351345089523716
1303351354870714370
1303351613369671680
1303351789761236992
1303351804567212032
1303351820329381894
1303352034272387072
1303352099472912385
1303352118292525056
1303352296928169986
1303352311218012163
1303352416658763778
1303352760281247745
1303352849905188865
1303352872126406656
1303352993970962432
1303353040984920069
1303353247592259585
1303353438764498944
1303353441444601856
1303353575263760385
1303353700577153028
1303353721833902081
1303353913672970240
1303353923269308419
1303353978852462595
1303354177310126080
1303354216619167753
1303354265092718592
1303354289495080960
1303354323167051776
1303354363767783425
1303354451856699393
1303354478142222336
1303354566260469761
1303354590209945600
1303354667808759818
1303354742697938944
1303354780723695617
1303354812659052551
1303354875770671104
1303354922663112704
1303355057061199875
1303355057107333126
1303355100061147142
1303355133170868225
1303355175998947328
1303355265648070656
1303355312699830276
1303355327023259650
1303355453326471170
1303355457571090433
1303355478370639875
1303355543797587968
1303355549594066949
1303355574088687616
1303355607013974018
1303355651523969027
1303355734336450561
1303355745220599815
1303355839877652481
1303355876892381184
1303355939035197442
1303355961961115648
1303356030903033856
1303356212550004743
1303356282343100416
1303356333144657921
1303356407102738432
1303356495694827521
1303356552741560320
1303356657561346051
1303356697784840193
1303356772263120901
1303356788885139458
1303356816294907904
1303356841984815105
1303356862797099013
1303356897265766400
1303357010826625029
1303357012609245184
1303357188661010433
1303357199704559618
1303357393695195138
1303357406030725120
1303357444756779008
1303357573324775425
1303357573878349825
1303357594317225984
1303357943455322114
1303358060920860672
1303358105259044868
1303358107532382208
1303358148317765637
1303358315385286658
1303358361455427587
1303358452983648258
1303358594398781444
1303358631568642056
1303358646894592000
1303358741589495808
1303358907008516097
1303359052752314369
1303359087724376065
1303359274026893312
1303359290103668736
1303359364972118017
1303359390934880256
1303359443086712834
1303359463395532800
1303359476884541445
1303359585156239362
1303359648192495620
1303359712126144512
1303359761015078914
1303359784528347136
1303359924550774785
1303359951910449154
1303360068092678145
1303360105719762945
1303360131334275079
1303360137441226753
1303360273542049795
1303360330819493888
1303360440668315648
1303360584549834754
1303360608188981252
1303360662425481217
1303360913563680768
1303361110049988613
1303361201724850179
1303361235690254337
1303361293370511365
1303361504515768320
1303361665858068480
1303361717494149121
1303361744908111872
1303361968716169221
1303362124702343168
1303362145363656706
1303120850007318528
1303121008333926401
1303121297589895174
1303121448400236544
1303121486836793344
1303121493430341632
1303121557301190657
1303121611860709384
1303121663509196802
1303121687899144192
1303121866639446019
1303121895689252864
1303122002660618240
1303122011846303744
1303122034533126144
1303122102682357766
1303122140099751938
1303122454202720256
1303122529108680704
1303122584876101633
1303122876673986561
1303122924879007745
1303123030391107584
1303123043619950592
1303123054105694209
1303123207906570241
1303123235165409286
1303123368712048640
1303123443811049472
1303123567194771456
1303123694424784896
1303123719603326980
1303123780412334080
1303123855079346176
1303123881612505089
1303124149142016003
1303124177130590208
1303124239877275650
1303124280566255616
1303124283355529216
1303124454923530240
1303124522997035009
1303124535814893569
1303124579368529920
1303124588101013506
1303124610611699713
1303124794112606208
1303124833421553664
1303124986039762949
1303125123063582721
1303125139933007878
1303125180743442432
1303125444351406080
1303125521505628160
1303125555655725062
1303125596873125896
1303125728146468864
1303126026285985795
1303126070884028418
1303126085056385024
1303126092153323520
1303126180598607877
1303126274689437696
1303126465656037376
1303126473725947904
1303126500774903808
1303126555875475456
1303126646057308161
1303126721898704898
1303126912173182976
1303127023603388416
1303127080314470407
1303127146240630790
1303127178041753600
1303127305540251650
1303127329074372611
1303127391573860353
1303127446179504134
1303127450847571968
1303127470917455872
1303127791915986949
1303127804976877568
1303127842717392897
1303127849683922944
1303127912632201216
1303127916482527233
1303128010950955009
1303128288257286144
1303128342577676289
1303128367827279873
1303128388182446081
1303128450350288896
1303128490271801348
1303128542889365511
1303128676255567872
1303128725391769600
1303128769826369538
1303128832392794112
1303128876089040896
1303128918577348608
1303129216985239552
1303129579394039810
1303129748370067457
1303129816841900032
1303129891811057665
1303129916981084160
1303129944600477696
1303129986967252992
1303130096023285760
1303130175564120066
1303130219159719937
1303130417902559232
1303130424214872065
1303130444842414080
1303130472210403328
1303130496055021568
1303130703194980352
1303130727349878784
1303131097635721216
1303131128308674566
1303131184583507968
1303131263482691590
1303131330973057025
1303131508606218241
1303131632493309957
1303131765385687041
1303131786269143040
1303132371995299840
1303132393784717314
1303132481076436992
1303132832865423366
1303132855397163008
1303133007075782658
1303133022653276160
1303133234360975360
1303133287444099072
1303133294129819650
1303133320633409538
1303133378087202816
1303133537831464961
1303133702436851713
1303133829620731906
1303133847475949570
1303133931211051008
1303134071472762885
1303134088363208706
1303134508783472641
1303134608402403329
1303134642250235904
1303134642829172737
1303134748315922434
1303135020685488129
1303135099303714817
1303135171240230918
1303135223920472065
1303135240517382144
1303135302345781249
1303135614116585474
1303135643783106560
1303135709369372672
1303135768932573184
1303135871512834048
1303166280812367872
1303166323673894913
1303166637827383296
1303166807960891392
1303166872645521408
1303167053306658816
1303167119438147586
1303167123695562753
1303167145229062144
1303167220403535874
1303167291165728768
1303167500738342912
1303167507608428545
1303167673287802880
1303167959171502080
1303168011768008704
1303168082311954433
1303168104206348289
1303168133616807936
1303168180764971008
1303168231826432001
1303168487041495041
1303168572173287424
1303168989254889478
1303169016375029760
1303169125741555712
1303169199909593088
1303169296957235200
1303169419363774465
1303169610615848961
1303169645315268615
1303169775103864832
1303169984391188483
1303170072274333696
1303170296636223489
1303170355687821314
1303170366429421568
1303170445735206912
1303170517336195077
1303170572822687745
1303170639486832641
1303170661787906049
1303170769816449024
1303170782739087360
1303170809574416384
1303170825697153029
1303170933176369155
1303170939681730560
1303171025811759104
1303171140009865216
1303171193370013703
1303171212923764737
1303171409481330688
1303171509972656128
1303171583070986240
1303171637844475905
1303171859643600897
1303171900202336256
1303171914710614017
1303171941298176001
1303172037045882881
1303172043266027554
1303172153672708096
1303172290797072384
1303172312749883392
1303172502093467649
1303172603234914304
1303172606917476352
1303172705466953729
1303172744218054656
1303172979006689282
1303172980273487877
1303172986300764160
1303172996425748480
1303173085105803264
1303173182346743809
1303173293407694849
1303173417852641280
1303173717866889217
1303173734283358208
1303173834581979136
1303173867855376384
1303173887799291905
1303173912625180674
1303173989834133504
1303173994338713602
1303174174970490883
1303174260538605568
1303174355543830529
1303174614361812992
1303174640748044288
1303174684524019714
1303174746050195456
1303174746301923328
1303174995389054976
1303175415666806784
1303175460705112065
1303175619316834304
1303175642452824064
1303175684966232064
1303175777525981184
1303175796144644096
1303175823759822849
1303175848355344386
1303175963291852805
1303176036176269314
1303176141344305152
1303176151548989440
1303176199942750209
1303176281081741313
1303176365076865026
1303176457280077826
1303176475688996864
1303176508018577409
1303176671462387712
1303176708300795910
1303176989130600448
1303177308740579328
1303177432103399424
1303177446934687745
1303177573724160002
1303177615512084481
1303177851139743746
1303177973647003648
1303177980471128065
1303177991888023552
1303178129352077312
1303178636544086017
1303178706077319168
1303178870863134720
1303179131341938689
1303179292772306945
1303179406425206786
1303179718758338560
1303179748382846976
1303179765784948737
1303180105301266432
1303180138474082305
1303180150637355015
1303180231696617472
1303180265108303872
1303180382603542528
1303180468955877377
1303180491772825603
1303180494092337153
1303180515403542529
1303180533325656065
1303180564208349185
1303180614842146817
1303180644869115905
1303180716075700225
1303180868609925121
1303180903695302656
1303180922175598594
1303180949895680005
1303181034662424579
1303181061107712002
1303181136168923136
1303181168599162880
1303181220432486400
1303287237371670538
1303287369005756416
1303287647847084034
1303287903238467584
1303288500083740672
1303288507654340609
1303288781848498176
1303289174502637568
1303289300713385984
1303289322997649409
1303289794777296898
1303289904894410752
1303290037501648896
1303290103222145026
1303290300446789633
1303290451978522624
1303290551291252736
1303290803197014019
1303291009850277895
1303291156655079424
1303291238301544449
1303291483278184449
1303291509983383553
1303291541402787840
1303291651172032512
1303291855392722944
1303292265746649088
1303292712750374913
1303292758656983041
1303292822687277056
1303293028115853313
1303293297285304321
1303293650902736904
1303293716665454594
1303293898723192836
1303293916448514048
1303294247886442501
1303294344150093825
1303294353692143616
1303294355134849025
1303294372750987264
1303294492682915840
1303294608223416320
1303294614737215489
1303294790319190017
1303294915481399299
1303295151201107969
1303295221824978950
1303295349038211075
1303295381804118023
1303295411893841922
1303295462418649088
1303295586356080644
1303295672720949248
1303295708796039169
1303295818053623808
1303295866288168970
1303295903034257415
1303296038900506625
1303296428572323841
1303296711847292929
1303296770273935364
1303296930336911362
1303296933029609472
1303297013027663873
1303297139683065856
1303297363122024449
1303297428867645442
1303297445909204992
1303297548275388417
1303297583301840897
1303297719818235904
1303297822608023554
1303297843881562114
1303297853465395201
1303297896805208064
1303298104364425216
1303298161461600256
1303298163613331456
1303298291673767938
1303298341539733504
1303298489603051526
1303298497622532098
1303298552404340736
1303298589028954112
1303298606498283527
1303298632658059264
1303298705932595201
1303298725054484480
1303298743945621504
1303299000595099648
1303299021470081024
1303299219118264320
1303299237057302529
1303299266975354881
1303299374504488970
1303299546785734656
1303299592218386433
1303299718899003394
1303299830622552064
1303299886402723842
1303300153290391558
1303300245846097921
1303300281116000263
1303300337558786049
1303300353388150786
1303300525606277122
1303300810940456961
1303300844868325377
1303301038225657856
1303301057452310528
1303301097683972100
1303301111277694977
1303301282019643393
1303301288332062721
1303301536857174017
1303301679354392577
1303301748065480706
1303301856203018240
1303301861177544706
1303301873940811783
1303181284584251393
1303181355371687936
1303181361939972096
1303181489358606338
1303181568379244545
1303181841860497408
1303181932520443909
1303181948622434304
1303182077718720513
1303182108005994497
1303182247000903680
1303182364965662721
1303182551847251968
1303182655404552193
1303182732353306626
1303182922753683456
1303183053687320576
1303183054769467393
1303183335687159808
1303183432713793536
1303183517917106181
1303183529233264648
1303183547969105920
1303183554743087104
1303183647273611265
1303183729540493313
1303183804295675904
1303183838898802688
1303183951809466368
1303184278226898944
1303184289555558401
1303184293653430272
1303184421822971905
1303184519651110914
1303184596381638656
1303184606489968640
1303184639901667328
1303184707887050752
1303184734613250048
1303184784491974656
1303184787599888384
1303185011382788096
1303185025630785537
1303185113610620929
1303185293835735040
1303186472439144448
1303186725481504768
1303186972383612929
1303187067166494720
1303187197655502848
1303187220778684416
1303187403981553664
1303187437246709760
1303187838247239681
1303188209447264256
1303188353689452544
1303188431615537152
1303188515052609537
1303188538792452099
1303188674914312192
1303188880678621185
1303188959040806913
1303189056004788226
1303189336066727936
1303189391620403200
1303189563167440896
1303189684634476544
1303189805887565824
1303189855657177089
1303189862128943106
1303189898480947203
1303189950477692930
1303190195190280192
1303190390649036801
1303190685256880128
1303190836432089090
1303190906376314881
1303190939981303808
1303190977104867328
1303191040749457413
1303191120826908673
1303191214817030144
1303191689662586881
1303192238265184256
1303192598849478656
1303192862096408577
1303193171329978369
1303193173926309888
1303193294395105283
1303193493351706626
1303193527799681027
1303193541623951362
1303193579318202368
1303193647417090049
1303193712747405312
1303193805584097281
1303193913260466177
1303194047725461505
1303194048635830273
1303194154315534337
1303194182350254080
1303194369235640321
1303194429746941952
1303195038076276737
1303195135723712512
1303195279105994754
1303195327013347329
1303195332302516225
1303195866140991489
1303195955999567873
1303196275236581377
1303196395428429826
1303196643634880512
1303197229147213825
1303197283861716994
1303197386693472256
1303197600779300864
1303197727530995712
1303198219078303744
1303198747665596416
1303198933079011328
1303198946358165505
1303198947717111814
1303198986870849541
1303199851879051265
1303199873324462080
1303199956048764928
1303200267639435271
1303200340548882433
1303200373830815744
1303200502256029696
1303200743088939008
1303200829088776193
1303201134413148161
1303201435325267968
1303201468409950210
1303201562295181312
1303201630033260544
1303201688053047298
1303201697339240449
1303201995583414272
1303202054366666752
1303202179377840129
1303202318599352320
1303202577685704705
1303202628399017984
1303202632731852800
1303202688851640320
1303202903281135617
1303202905709842433
1303203402797723648
1303203628593815553
1303203698617856002
1303203749389766657
1303204163388608512
1303204218933776386
1303204499314667520
1303204608433516545
1303205316289376257
1303205432606027776
1303205581533057025
1303205631722024965
1303205645827571713
1303205848483651586
1303205971599085569
1303206161035005953
1303206433542955009
1303206640112381953
1303206798464225286
1303207015741820929
1303207197325897728
1303207296961376257
1303207363986423808
1303207798713405440
1303208092977500160
1303208134509355009
1303208324884606977
1303208654728904704
1303208660378759168
1303208792847388672
1303209871123324928
1303209918149865473
1303210096017760256
1303210145867063297
1303210154201157634
1303210197498748928
1303211220086984704
1303271992888623105
1303272338839023616
1303272774190993410
1303273322331779072
1303273523067211776
1303273848368963584
1303273984306405380
1303274357100249088
1303275460181200896
1303275648279105537
1303275800339378182
1303276058163187716
1303276088072822785
1303276109384085505
1303276806410252289
1303276908885540864
1303277388588089344
1303277723788423169
1303277766129876993
1303278008225034240
1303278586061893633
1303278602646102017
1303279568913014784
1303279915517829121
1303280040189333505
1303280510979002368
1303280524182642688
1303280549755265026
1303280651269844992
1303280666335944704
1303280707448516609
1303280795058974720
1303281879882305536
1303282096857849856
1303282168857350144
1303282389381255174
1303282425926234114
1303282845486583808
1303283299209617408
1303283604378746880
1303283805298610176
1303284298674470912
1303284363572977667
1303284461463891969
1303284671405584385
1303285204157632512
1303285239716995072
1303285488133038080
1303285827548708870
1303285918757990400
1303285968070475777
1303286156516298753
1303286215429373952
1303286216138334208
1303286519382396935
1303211634308132864
1303211847777095680
1303212014718705664
1303212031148019712
1303212936912142336
1303213186762506241
1303213359681077248
1303213600715288576
1303213754449096705
1303214144955412483
1303214477173719045
1303214599538446336
1303214624804806657
1303214800344842240
1303215204545622016
1303215423412817920
1303215706125856768
1303215830939901953
1303215919422795776
1303215971448967169
1303216299007528960
1303216582013808640
1303216932997312514
1303216976777666560
1303217005508669440
1303217319284482048
1303217995787845632
1303218088779767808
1303218177250414592
1303218349904519168
1303218370691477506
1303218458822209537
1303218535146037250
1303218662070013954
1303218676494106624
1303218717409439744
1303218738045562880
1303218904097931266
1303219366360567808
1303219510233759751
1303219624855494656
1303219926128156672
1303220357097115650
1303220360591147009
1303220610852683777
1303221058913341440
1303221227536953344
1303221680240693248
1303221931529756672
1303222175483092992
1303222596268421122
1303222863877541888
1303222935096881152
1303223020199182338
1303223187849658369
1303223565727264768
1303223837136486400
1303224247133900801
1303224261419716608
1303224762001313795
1303224894461636608
1303224954427596801
1303225152054980608
1303225398147182595
1303225532327354369
1303225884401426432
1303225885185708032
1303226506085380097
1303226912588935169
1303226936139882497
1303227067966926849
1303227411107119104
1303228018157027328
1303228077212758016
1303228359946633217
1303228527106424833
1303228982649905153
1303229099842981888
1303229349315788800
1303229464231522304
1303229610684035073
1303230372554178560
1303230949665247232
1303231004795179008
1303231693973790721
1303231713640734720
1303232218769235968
1303233237490241538
1303233415664283650
1303233918242447361
1303234120361754624
1303234322397364226
1303234480082223105
1303234557555113987
1303235414870745089
1303235501332127745
1303235647222677505
1303235787232862208
1303235896183988224
1303235958448553984
1303237144614506501
1303237436705775618
1303238164384014338
1303238334483963905
1303238705688334337
1303239037281419265
1303239086145024001
1303239108526039040
1303239147637805057
1303239877052575745
1303240667154518016
1303240798687825920
1303241170777243648
1303241188355592192
1303241234501206016
1303241487921053697
1303256774556835842
1303257978376605696
1303259210482962433
1303259263914172418
1303260202133848066
1303261045369327618
1303261381714735110
1303261477168721926
1303261619770728449
1303262051658276864
1303262126656688130
1303262540655259649
1303262691553931265
1303262802086305793
1303263364173492226
1303264236563509248
1303264287989919745
1303264840891412480
1303264874164891648
1303265421701926913
1303265518116368385
1303265821024645120
1303266244880199686
1303266900668043264
1303267227093798912
1303267603603951618
1303267672143077376
1303267776128315394
1303267853798383617
1303268007720955905
1303268118555504646
1303268323724070913
1303268520873070592
1303268838851649536
1303268954467639297
1303269030011310080
1303269235498659840
1303269269715775488
1303269396060737536
1303269581998489600
1303269822764068864
1303269847594401792
1303270694885629952
1303270982984052738
1303271108158697472
1303271181508894720
1303271340242341888
1303271452398022656
1303241964977106944
1303242199744864257
1303243009274896385
1303243028631621632
1303243512083877888
1303243865697255426
1303244281034035201
1303244694671876096
1303244894396350465
1303245658082607105
1303246942319894528
1303247161350590464
1303247322797813765
1303247422043369472
1303247699819421697
1303248094235176965
1303248459907170304
1303249589802356736
1303249894380048389
1303250440386207745
1303250777637613571
1303251025080582144
1303252388376174592
1303252693679583232
1303252741184253959
1303252873652908032
1303253616975773699
1303254403483271168
1303254765204250624
1303255136639291392
1303255508925788160
1303256633473224705