1303830554593419264
1303830556413747200
1303830680976195584
1303830692497940480
1303830764379832325
1303830819111198721
1303830841324339200
1303831011910852608
1303831024959332352
1303831079456059393
1303831099508834304
1303831159160307714
1303831209152258054
1303831252726939649
1303831329314803712
1303831410621505536
1303831531660759044
1303831541152448512
1303831619506024448
1303831736661340160
1303831859428720640
1303831964261273601
1303831975061463042
1303832039502696448
1303832054371581952
1303832069089492993
1303832089788166145
1303832251558440960
1303832382370385920
1303832442319634433
1303832614545969152
1303832645004976128
1303832647853109249
1303832667587317761
1303832719667863553
1303832800634769410
1303832878489493508
1303832961352183809
1303832978871791616
1303832988162101248
1303833038791598081
1303833085524553729
1303833091241398275
1303833097192878080
1303833214566318082
1303833269939642368
1303833328387227648
1303833391733903360
1303833439112585216
1303833494423044096
1303833554191675392
1303833557962502151
1303833565306793984
1303833648022528001
1303833700677742592
1303833747947749376
1303833855434997760
1303833926360805376
1303833930643238912
1303833973068460035
1303833982694338561
1303833991057821696
1303833993050296320
1303833995147436033
1303834035932852224
1303834056812097539
1303834108221706240
1303834287637135363
1303834300534538240
1303834346311221248
1303834375247859718
1303834434433699842
1303834452926193665
1303834505589985285
1303834550867558400
1303834586695131136
1303834606961975301
1303834716127342594
1303834732958949376
1303834773295595520
1303834815381241856
1303834989201686530
1303835212007309314
1303835265958543366
1303835320321019905
1303835329397510144
1303835479620702208
1303835494950809600
1303835512680009730
1303835515695902720
1303835538462355456
1303835547874459648
1303835579419734016
1303835697468628994
1303835737729757185
1303835773272240128
1303835781547597824
1303835924061618179
1303836002977366016
1303836041288151040
1303836145042817025
1303836213439205377
1303836223455277056
1303836235350388736
1303836255394902023
1303836430171402240
1303836456524197893
1303836465923719168
1303836516633006086
1303836516809048064
1303836794425946114
1303836799924662273
1303836854668541952
1303836880300052484
1303836911778361346
1303836913783144448
1303837141638746112
1303837196441485312
1303837211041824772
1303837300976095232
1303837321905795109
1303837405355614210
1303837516571635713
1303837531373367296
1303837608712327168
1303837716535283712
1303837765688340480
1303837836630618112
1303837962698924033
1303837969497849856
1303838029979758597
1303838032425103371
1303838075513196544
1303838172577701889
1303838374113865728
1303838398696882176
1303838473527287808
1303838518788194305
1303838596412121088
1303838678805090304
1303838764016578561
1303838812347543552
1303838838356312064
1303838903900737538
1303838959353511936
1303839075930189826
1303839126899261440
1303839259984527361
1303839307707248640
1303839347406405633
1303839349319110657
1303839392738488321
1303839425848246272
1303839514121637895
1303839522409472001
1303839581872295937
1303839685471547394
1303839787753697290
1303839828790751233
1303839874374610944
1303839930905325569
1303839949557391360
1303840084345729025
1303840115949674497
1303840131057692677
1303840175907192832
1303840192294531073
1303840220220186624
1303840241346924546
1303840301266558976
1303840325803405312
1303840344023470091
1303840429796802562
1303840443357040648
1303840453352067072
1303840571061153792
1303840595199303680
1303840617001299968
1303840672315654144
1303840680574361607
1303840834010439680
1303840863936679936
1303840894945239041
1303840905695309825
1303840940919062528
1303840945117564929
1303841003338518528
1303841034963738629
1303841041569771522
1303841124751216640
1303841131369836546
1303841161174568960
1303841193093193731
1303841214576304129
1303841249229778944
1303841254267129856
1303841329756147712
1303841360856846336
1303841379253059584
1303841501898825728
1303841552108847107
1303841589291175937
1303841600733409282
1303841615073734656
1303841677384257537
1303841728592568320
1303841811543150592
1303841855088373761
1303841869957337088
1303841883123261446
1303841920855224321
1303841981077041154
1303841991906779137
1303842039650570240
1303842048311787520
1303842057241288704
1303842072781357057
1303842128485691393
1303842139139387399
1303842165685063680
1303842327643918337
1303842471558799360
1303842498981232641
1303842530023276545
1303842542014869507
1303842563053551616
1303842722080534530
1303842815978471424
1303842886975447040
1303842894583742464
1303842931539955713
1303842951311822848
1303843279776161792
1303843325590548481
1303843377851502594
1303843390702919680
1303843462790426624
1303843516108292102
1303843607141474306
1303843699336638468
1303843758279135232
1303843826583306241
1303843842643431427
1303844038919876608
1303844071274840064
1303844190930063362
1303844235993546761
1303844277747884036
1303844287231254529
1303844303534518272
1303844350921773056
1303844407855124480
1303844551119970306
1303844563728162817
1303844590357753856
1303844618124111872
1303844648671088640
1303844697400582144
1303844723170381825
1303844808637722626
1303844840992538627
1303844977995395072
1303844983410028544
1303844984429436928
1303845004033564672
1303845038330388481
1303845079086518272
1303845165786951687
1303845180584480768
1303845310888914944
1303845526224461824
1303845559644696576
1303845589466181634
1303483376117129216
1303483443641069568
1303483500239167488
1303483524754731009
1303483553351524352
1303483614101819393
1303483687636553728
1303483778682191873
1303483801415409664
1303483858965483520
1303484090822189056
1303484106190323712
1303484129762136065
1303484202881617922
1303484261974990848
1303484608525336578
1303484875257901058
1303484887844958213
1303484923907629057
1303485004815765505
1303485078761345024
1303485137313828865
1303485221921325056
1303485224102309889
1303485269522485249
1303485372047880192
1303485528356999168
1303485572837711873
1303485593444331521
1303485783827906563
1303486097842823170
1303486118348849153
1303486122908151808
1303486131426729984
1303486162019942404
1303486205611384832
1303486250440159232
1303486442992283648
1303486454929260549
1303486643899215873
1303486708906954753
1303486853450993665
1303486911886098442
1303486933730045954
1303486948770803717
1303486982832619520
1303487019738443776
1303487043532619780
1303487078760677377
1303487153964560387
1303487162755813383
1303487238785978369
1303487286575656960
1303487370570928129
1303487448815751169
1303487465374863361
1303487559545294850
1303487635806130176
1303487814110240769
1303487931018084352
1303487956779491328
1303488144033984514
1303488355158556672
1303488429003608066
1303488443281006592
1303488447114481666
1303488590198972416
1303488614572187652
1303488627725406209
1303488632997777409
1303488660025745409
1303488661640613889
1303488676224266241
1303488724488122368
1303488725268271104
1303488932017926146
1303488946731704322
1303488954730270720
1303489101153304577
1303489267801391104
1303489412068761605
1303489461716758531
1303489505274605569
1303489509347258377
1303489681993207813
1303489697696620555
1303489772824993794
1303489791854555136
1303489810175348741
1303489811764908038
1303489989565530113
1303490001473351682
1303490025032687616
1303490069123137537
1303490139906355203
1303490280973373440
1303490301521256450
1303490396643786752
1303490507008507904
1303490536536518663
1303490555142434816
1303490867026472960
1303490967086006272
1303491105846165505
1303491269100998657
1303491515080089600
1303491530775121921
1303491616657866752
1303491653576151040
1303491693547749376
1303491773902266370
1303491790738198528
1303491887580368896
1303491908069711872
1303492005004181509
1303492017679409154
1303492051099553795
1303492178459713536
1303492344281399296
1303492350530990081
1303492527052423168
1303492849724514304
1303492866312896514
1303492871014821889
1303492906909458433
1303492940132569093
1303493028468994048
1303493216596037632
1303493333076111361
1303493353108049924
1303493394740674561
1303493502781751296
1303493527666438146
1303493544284479494
1303493546415198208
1303493589461274624
1303493663201271810
1303493686181990401
1303493800329801728
1303493898468290561
1303493915455127552
1303493949974360064
1303493957301796871
1303493962213347328
1303494055595180033
1303494064075993088
1303494134653689856
1303494156497584130
1303494281483743233
1303494359602561025
1303494514892472320
1303494528595181568
1303494562246205440
1303494570504859653
1303494600401670144
1303494630831517696
1303494725585039360
1303494794426159104
1303494847001628672
1303494881722081281
1303494917864542209
1303494948092862464
1303495051897602049
1303495076266553348
1303495172290994178
1303495176514658304
1303495202347388929
1303495305497849857
1303495425756983298
1303495537384132609
1303495592602152960
1303495663171203072
1303495898832412673
1303495907938365440
1303495958832058368
1303495961969340416
1303496030122459136
1303496060526931971
1303496148662001664
1303496161924268032
1303496289515180040
1303496348004646913
1303496474290868224
1303496608533929984
1303496644072214529
1303496706101665792
1303496755074551811
1303496801593458689
1303496848246804480
1303496887295594502
1303496924977270784
1303496956317229056
1303497035153207296
1303497048570900482
1303497279798759425
1303497319703285760
1303497460288032770
1303497512158932992
1303497540805984259
1303497591146115077
1303497660918239232
1303497858423824384
1303497924647612417
1303497966704111616
1303498016947544065
1303498066775793669
1303498140163678209
1303498150536196096
1303498219150868480
1303498244023111680
1303498246267039746
1303498513217662978
1303498528107397121
1303498541852053507
1303498594851446784
1303498620520415232
1303498666154561536
1303499549290369024
1303499550594916354
1303499575437725696
1303499696128888832
1303499819303014400
1303499951054479360
1303499980775325696
1303499992745652224
1303500031157248000
1303500246836682752
1303500268697460737
1303500299206877184
1303500309830889473
1303500639889174528
1303500894592524294
1303500928851406848
1303500966331809794
1303501006559477761
1303501217591590917
1303501282913726470
1303501393538560007
1303501464866873344
1303501576036855810
1303501588607070208
1303501598623064064
1303501745755238402
1303501783541731328
1303501848842649601
1303501909043687425
1303501932275920900
1303501935857762304
1303501955247996931
1303501974172819459
1303502014744268800
1303502082113253377
1303502108285644800
1303502175956545536
1303502200430301185
1303502304272842753
1303502350515134464
1303502381460709376
1303502395440209921
1303502593709154304
1303502608162668545
1303502614353661953
1303502748680425472
1303502818641432577
1303502867790278660
1303502926208536576
1303502990872113153
1303503011189149697
1303503373753352192
1303503434306457602
1303503569983885314
1303503577323900930
1303503617958334464
1303503924201226242
1303504031386664960
1303504042086207488
1303504061547900928
1303504104963092481
1303504114458927104
1303504317291409408
1303504352984944641
1303504445481848835
1303504466721767424
1303504473805946880
1303504475815018497
1303504480680333312
1303504592844607494
1303504602856292355
1303504624247160832
1303504747928969223
1303504818011426816
1303504856364187648
1303504888375070722
1303504911137681410
1303504915784896512
1303504931068940288
1303504933216542720
1303505034903203841
1303505131938484224
1303505165010505729
1303505290839687169
1303505348532277248
1303505368006361090
1303505385161023489
1303505391779631104
1303505447429775361
1303505672395542530
1303505780541448196
1303506000679505920
1303506021327880192
1303506027657256962
1303506182242525184
1303506333837139968
1303506476498026496
1303506489328492544
1303506668802551808
1303506714550046722
1303506900961689600
1303506901368549381
1303506958566207506
1303507086303571968
1303507215450624001
1303507240549220352
1303507274447552512
1303507296136372224
1303507353006993410
1303507376507625472
1303507389577134080
1303507495634247682
1303507617730318336
1303507805131935747
1303507957003571202
1303508117578080258
1303508154492231682
1303508181788889088
1303508199706963968
1303508206178775042
1303508287908966403
1303508315696230408
1303508374651383809
1303508385636249602
1303508420843065346
1303508481346015233
1303508611562381312
1303508633414635520
1303508642671464448
1303508648468066305
1303508649797713922
1303508738972606464
1303508739736178693
1303508801388195840
1303508866517200896
1303508871479255040
1303508913870876672
1303509003935203328
1303509040039854080
1303509102816038912
1303509176040198144
1303509203332595713
1303509293921075201
1303509322828316672
1303509334236766208
1303509338414354432
1303509347025080320
1303509404684177408
1303509434296143874
1303509463178108930
1303509528252735489
1303509673577000962
1303509722578989057
1303509775876055052
1303509838735974402
1303509865810202624
1303510032328339458
1303510083909890049
1303510187496660994
1303510256413278208
1303510300591706112
1303510477054509057
1303510501758914562
1303510504850161664
1303510696383197184
1303510709943189504
1303510834560339968
1303510842957152258
1303510869028995073
1303510887257567237
1303510891510419457
1303510891737083904
1303510911462838275
1303510912712794113
1303510992484265984
1303511045164732417
1303511132204752896
1303511142694662145
1303511248642936832
1303511302673969152
1303511336090034176
1303511410895446016
1303511574322319360
1303511588343775235
1303511653506519040
1303511655683436544
1303511678638645248
1303511716593102848
1303511732946636801
1303511782775029762
1303511817897926657
1303511892334243840
1303511896688033797
1303511978221146112
1303512039340474368
1303512095015579649
1303512156437123073
1303512219640946688
1303512425183023104
1303512434376929280
1303512466740174854
1303512472876453888
1303512570846904321
1303512591055155200
1303512655228014592
1303512706323034112
1303512786820124672
1303512795439300608
1303512811897786368
1303512898451443718
1303513059902681088
1303513129767317504
1303513213242191872
1303513261237731329
1303513264840749061
1303513336378605569
1303513379882110976
1303679540707946497
1303679629551525891
1303679643715764225
1303679753354969090
1303679990022762498
1303680019080851457
1303680119148556288
1303680198945263617
1303680241840332801
1303680244029763584
1303680269258575875
1303680316587081729
1303680323671273475
1303680356089028609
1303680408765292544
1303680480659861505
1303680526046371841
1303680534451716097
1303680653209120768
1303680835611099137
1303680903668011008
1303681072786530304
1303681173223243776
1303681177174196224
1303681212645543937
1303681295931768832
1303681405231210502
1303681407890468865
1303681408129433601
1303681728939253766
1303681881066606592
1303682073564246018
1303682163741777923
1303682182368518147
1303682272525197317
1303682275364622337
1303682355295645698
1303682473273053189
1303682564750745600
1303682575672766464
1303682620211986432
1303682645059145729
1303682648364052480
1303682698888843265
1303682750407413761
1303682891784753154
1303682946919006208
1303682989214150656
1303683336901193728
1303683346761830402
1303683356949917708
1303683368362610688
1303683454673055745
1303683615918903296
1303683626425413632
1303683662555340802
1303683685204590598
1303683713096536067
1303683742561710087
1303683790955597833
1303683805543313416
1303683920081321985
1303683956793995264
1303684083860541440
1303684088814096384
1303684093964509190
1303684095285907456
1303684265675116544
1303684361829711873
1303684420872867840
1303684637022011392
1303684647650570240
1303684686279929857
1303684770631565313
1303684777644568578
1303684781176164353
1303684834599075846
1303684916274704384
1303684923459596289
1303685042967687168
1303685111439929344
1303685123242708992
1303685306735099906
1303685405431209986
1303685436234174466
1303685455125393408
1303685546561220610
1303685567151038464
1303685668967780353
1303685796675956743
1303685832650493953
1303685852350935041
1303685858646781952
1303685904486273024
1303685950824996864
1303685958915829760
1303686199937122307
1303686200646139904
1303686247156772865
1303686260347809804
1303686351875784704
1303686362323972096
1303686413968343040
1303686473003208705
1303686584412192769
1303686622052052992
1303686748933947394
1303686791095111684
1303686999514271746
1303687017440534529
1303687061896134657
1303687079847694336
1303687125385261056
1303687165633683457
1303687185623703552
1303687186756165633
1303687280243212289
1303687321481621504
1303687326711902209
1303687378553450497
1303687444286455808
1303687483293446151
1303687683869470720
1303687753121411073
1303687886269636608
1303688095108395008
1303688100959449094
1303688125571571712
1303688192957149185
1303688200099999747
1303688303108141057
1303688321156210688
1303688333432848384
1303688357701091328
1303688368723841025
1303688396775321602
1303688468502118400
1303688501754507265
1303688567294631937
1303688651298103297
1303688745116299265
1303688824338485248
1303688857737728005
1303688906840383488
1303688912968331265
1303688971327803393
1303689002319581186
1303689002432843781
1303689180220928000
1303689223250358272
1303689255437426692
1303689480079986699
1303689493866831875
1303689598850281472
1303689705687584769
1303689733193822209
1303689832288473089
1303689874331983878
1303689928195350528
1303689971535028224
1303689983996420096
1303690144222978048
1303690321633701888
1303690328961155072
1303690351950036992
1303690505004384257
1303690543055085569
1303690574562820096
1303690578434183169
1303690655483547649
1303690674521473024
1303690681026838529
1303690736429219843
1303690869145563136
1303690898765733890
1303690959033716736
1303691141322280962
1303691229801181184
1303691388421320706
1303691402585485312
1303691532583620609
1303691578104582146
1303691720853532672
1303691731536314368
1303691781016621057
1303691790722183168
1303691804605251584
1303692016950431745
1303692019471089664
1303692090510110721
1303692155379048449
1303692185028632577
1303692352301797376
1303692466369904640
1303692513627320321
1303692529750216706
1303692533210337280
1303692564017577986
1303692721522180103
1303692776148787200
1303692789243416577
1303692803969515521
1303692814451126279
1303692821078007808
1303692838719369217
1303692841726742528
1303692881417433089
1303692945019858949
1303692956248014850
1303693018587951109
1303693071562035200
1303693123562987521
1303693197680484353
1303693212079579139
1303693221638307842
1303693232430288896
1303693248087691266
1303693373476417537
1303693403948019714
1303693435245748224
1303693463800619009
1303693536093765635
1303693712376115201
1303693749202149376
1303693838146564096
1303693869112938496
1303693973270065152
1303694039825383431
1303694246600302592
1303694269753032706
1303694297347301377
1303694323624615936
1303694363160051714
1303694364418375682
1303694493628104707
1303785310690701312
1303785348015808520
1303785588445777920
1303785635501797376
1303785644716630021
1303785667223314442
1303785703931867136
1303785725322821638
1303785784051462145
1303786153162674177
1303786206459617280
1303786227640881152
1303786256606863368
1303786370364661760
1303786434088771585
1303786502577696775
1303786580872704001
1303786610421506049
1303786624468353024
1303786696245489687
1303786750779813890
1303786755431202816
1303786773865086976
1303786847299162112
1303787049674313728
1303787081693573121
1303787122306899968
1303787296794316801
1303787461559148544
1303787481612144643
1303787505934905344
1303787510775021570
1303787550880923648
1303787735975682048
1303787781500465152
1303787906901958656
1303787952628264965
1303787962468052995
1303787983921971203
1303787984777441281
1303788069737431041
1303788174779572226
1303788264277434368
1303788496226787330
1303788660496588800
1303788674497368065
1303788691576553474
1303788780592214016
1303788789039587332
1303788861559103489
1303788906643513346
1303788917850808323
1303788959089061888
1303789063636430848
1303789116170137605
1303789177620893696
1303789284269256704
1303789297787703296
1303789819579908096
1303789921799290880
1303790125965553665
1303790193502294020
1303790221893332993
1303790222782545920
1303790308279218178
1303790325270491138
1303790392723243008
1303790514014236676
1303790547564466178
1303790549909020674
1303790586168705024
1303790588848943105
1303790754272288768
1303790797645582344
1303790812610916352
1303790812694626304
1303790841153150979
1303790872929206272
1303790915253870592
1303790936682639360
1303791006874308609
1303791010259128320
1303791031687684096
1303791099035688960
1303791295421460482
1303791359799721988
1303791448253399042
1303791486064975872
1303791544575692801
1303791782275305473
1303791788243726336
1303791822456619010
1303791845776920576
1303791910881034241
1303791936306688000
1303791998705467395
1303792016879284224
1303792078120521730
1303792094335709195
1303792186685755392
1303792209662222336
1303792222689587201
1303792366634098688
1303792415443161090
1303792465238003712
1303792634436165632
1303792717068107780
1303792813851717642
1303792859460653058
1303793047273197571
1303793058471796736
1303793062204903427
1303793100989566977
1303793277745782784
1303793334234701824
1303793448546336769
1303793464027484160
1303793556553777152
1303793664808845313
1303793676309721103
1303793680453644297
1303793707859062785
1303793724787494913
1303793828080558086
1303793946292822021
1303793967561977856
1303794030698930176
1303794042740920320
1303794047677534208
1303794122361364485
1303794139897761795
1303794195027681297
1303794250451218432
1303794306986258432
1303794346970484745
1303794347465256960
1303794446438367232
1303794547462471680
1303794581650116609
1303794697069096960
1303794735061045251
1303794790795010048
1303794988447338499
1303794992121602051
1303795066222325762
1303795073231073281
1303795108869844992
1303795309521367040
1303795317477867531
1303795360326975488
1303795375631892481
1303795380476407809
1303795494196568065
1303795544444211200
1303795598957719553
1303795603131039745
1303795694218534912
1303795908887416838
1303795940944310272
1303796012427943937
1303796043813920768
1303796062285697030
1303796113749704706
1303796148394774530
1303796199472812032
1303796202564128768
1303796341278089216
1303796362362970117
1303796374597775361
1303796503564161025
1303796548321644546
1303796584447119360
1303796589245460481
1303796648238346240
1303796654341054465
1303796678609309696
1303796742744346625
1303796793377992710
1303796845404188673
1303796886185431058
1303796903998418944
1303797052749611008
1303797140347478016
1303797178331066369
1303797188020113409
1303797304013459456
1303797377820553216
1303797392354037766
1303797595429462017
1303797615696510977
1303797621727916044
1303797627197075457
1303797627230670848
1303797639620759552
1303797729429086208
1303797748232224774
1303797790946988033
1303797801944600580
1303797838355279872
1303797857162612743
1303797878947606529
1303797944118906880
1303797945930743813
1303797989908021250
1303798087660564480
1303798195965685761
1303798214710226945
1303798231055380486
1303798246859444224
1303798334642098178
1303798343190097924
1303798493044191233
1303798497674747906
1303798503114715137
1303798507321556993
1303798515752005633
1303798541844971523
1303798587361579023
1303798603694170115
1303798627723173888
1303798682547085312
1303798887262687232
1303798990329192449
1303799011304849408
1303799190762467331
1303799227949240320
1303799299894120451
1303799318768480260
1303799334849458179
1303799336787218433
1303799339970703366
1303799350120734720
1303799441476943872
1303799450779951105
1303799560175628288
1303799560586764288
1303799596452327425
1303799643847815168
1303799673312997381
1303799699313512450
1303799761250799618
1303799808986148864
1303799832868511748
1303799841705791488
1303799999537598464
1303800000917327872
1303800008643411971
1303800054495547392
1303800094110744580
1303800107062554625
1303800150616412160
1303800195445071872
1303800251023872000
1303800286713016321
1303755059554136064
1303755099538223104
1303755116277886979
1303755162952105985
1303755298369343489
1303755432272580619
1303755635385921536
1303755716193378304
1303755776473870336
1303755790168227841
1303755819947831304
1303755976928047109
1303756014525788161
1303756139847319553
1303756182386094082
1303756730161979392
1303756789964509193
1303756810264829954
1303756898366300160
1303756985830191107
1303757024254136321
1303757050548084736
1303757089408339968
1303757158241058818
1303757256668839938
1303757271118344192
1303757292974661632
1303757393059172352
1303757461892075520
1303757543118958595
1303757550031167488
1303757578669830152
1303757589029806081
1303757599574233090
1303757714250706944
1303757761851936768
1303757841375719425
1303757851425464321
1303757861466578946
1303757895289495554
1303757912578220032
1303757988474351618
1303758294150836228
1303758294452854785
1303758295497404419
1303758307492913152
1303758319622922240
1303758349461118976
1303758421322272769
1303758477727277058
1303758515979264000
1303758588070903809
1303758661752324097
1303758741972475904
1303758769776721923
1303758778530103302
1303758867461963778
1303758899493961732
1303759015432933377
1303759163877539840
1303759203169972227
1303759210560266244
1303759364017319936
1303759389761974274
1303759431063265281
1303759515100344321
1303759597497319424
1303759659057250304
1303759685347147776
1303759751390658564
1303759775797260289
1303759944823570432
1303760055922294784
1303760254266613760
1303760265390043137
1303760410374438917
1303760435229782016
1303760461079482369
1303760594927935488
1303760607540400130
1303760694257610754
1303760806136471552
1303760871701635075
1303760918501752832
1303760946112815104
1303761027952074752
1303761094012334080
1303761102103216129
1303761163541504006
1303761262380163072
1303761330885722113
1303761440466038785
1303761443007864832
1303761464025591809
1303761493096267777
1303761568484790283
1303761690530586625
1303761703944028160
1303761812048011267
1303761983771226117
1303762055510589441
1303762078784802816
1303762289309425665
1303762315020509186
1303762330560405504
1303762403075796998
1303762417999130629
1303762510395387915
1303762643577077760
1303762778436571137
1303762803241684992
1303762821600116736
1303762848548638720
1303762876977623047
1303762891477331970
1303763006006996995
1303763032137498624
1303763034020642816
1303763042900074496
1303763126211375104
1303763340255268880
1303763437852516354
1303763538939273216
1303763597558976512
1303763651111813134
1303763656430161920
1303763686394408967
1303763709618262018
1303763715972648967
1303763760587386882
1303764011645906944
1303764047825965059
1303764087114027010
1303764176549052418
1303764377124909069
1303764405814005765
1303764467872862212
1303764682982002690
1303764684831707138
1303764709670297603
1303764801835933699
1303764969163554817
1303765031163768832
1303765107827257346
1303765232142217216
1303765238542729216
1303765711538589700
1303765716521418753
1303765721680408576
1303765735538331649
1303765825179004929
1303765879621115905
1303765923749416960
1303765930409955328
1303766008000327698
1303766217480720385
1303766568875294725
1303766569701474304
1303766574525018120
1303766609547481090
1303766746600337408
1303766758751375361
1303766849365118976
1303766876946825218
1303766885893320706
1303766931397390336
1303766932584386560
1303767111223910400
1303767133583671296
1303767133172555776
1303767165666045956
1303767180773855238
1303767435187806208
1303767501134655491
1303767549335699459
1303767552691187713
1303767553903222784
1303767572152754178
1303767576661680128
1303767618160128000
1303767728168337413
1303767849866006529
1303767882778718215
1303767893054836736
1303767916005847043
1303768056720695297
1303768115604582401
1303768245900640256
1303768323121766400
1303768521697120256
1303768583663759365
1303768613615104000
1303768643600297985
1303768760361381890
1303768765474185217
1303768878175195137
1303768929295310848
1303769084736270336
1303769142273757187
1303769147298533377
1303769286779875328
1303769315569741824
1303769356480909312
1303769498202193920
1303769729526497281
1303769744047308803
1303769756734902273
1303769852230995979
1303769925367066625
1303769929515175937
1303769960347394048
1303769978319958017
1303770020342792195
1303770102026907655
1303800350357565459
1303800403448852480
1303800600262516742
1303800650539634690
1303800751077040131
1303800825064624128
1303800836112474112
1303800838536790020
1303800924113195008
1303800976583856129
1303801017839030272
1303801023593680907
1303801033559216128
1303801142439223297
1303801235934412800
1303801299809398784
1303801309770977288
1303801363948802049
1303801385364992001
1303801534363377664
1303801748059033617
1303801815947980810
1303801972001320962
1303801989525053441
1303802087143284736
1303802147499175936
1303802203358912517
1303802239178465285
1303802338663047168
1303802369671536640
1303802412403023872
1303802473522454529
1303802517730529281
1303802541579395072
1303802642485870594
1303802682419765248
1303802711553585157
1303802802133757953
1303802859134345223
1303802896308297729
1303802919037423618
1303803117784322048
1303803150789419011
1303803211199983616
1303803337196871680
1303803337377222656
1303803369652453382
1303803438938157059
1303803612796248064
1303803736557596674
1303803794342531075
1303803832556826626
1303803857634504706
1303803945492647951
1303804033040289799
1303804087490605057
1303804125214208000
1303804232701816833
1303804233414832130
1303804273340362752
1303804273873031168
1303804321667129344
1303804396313157632
1303804462767595520
1303804571584585728
1303804577981050882
1303804658784317445
1303804707337535488
1303804807208202240
1303804868205871111
1303804891006144514
1303804892708913152
1303804932550729729
1303804989849051136
1303805017846099979
1303805068219621377
1303805156321038344
1303805162994114560
1303805175132377088
1303805366333927424
1303805368284467206
1303805377662783489
1303805415168249857
1303805453026177024
1303805458575233028
1303805601294680064
1303805626229968901
1303805645687152640
1303805711466496001
1303805740570771456
1303805788318773248
1303805830446198784
1303805841401933824
1303805884628381701
1303805932871151616
1303806163637723140
1303806249469960198
1303806372824281088
1303806373742997504
1303806526067478529
1303806647291326464
1303806659115057153
1303806701674659840
1303806873968300033
1303806931224522752
1303806976569290757
1303807003354189824
1303807060400844800
1303807070760652801
1303807096652095488
1303807111038550016
1303807128898088965
1303807192387198976
1303807210946846720
1303807227808055301
1303807268580814848
1303807305046274050
1303807323056545792
1303807332636340230
1303807417948528641
1303807429113765898
1303807508176199681
1303807630058696705
1303807688158187526
1303807695724703744
1303807789182128128
1303807794756411399
1303807805774848005
1303807811453939713
1303807903757860864
1303807995810373638
1303808153293791232
1303808198537699329
1303808377160699911
1303808601522401280
1303808640508289025
1303808658090807296
1303808790362558464
1303808878681956352
1303808930825383936
1303809056965001217
1303809085029191686
1303809089580027905
1303809116100538368
1303809187798044676
1303809201945432067
1303809320811864064
1303809356425695233
1303809413040476163
1303809488940654604
1303809521408552960
1303809525154115584
1303809529814147107
1303809595026976768
1303809668247179274
1303809699004002305
1303809788120268809
1303809795158421529
1303809822379380736
1303810015371890689
1303810061832269833
1303810117427630080
1303810200588242944
1303810222671171587
1303810245660037121
1303810272461758465
1303810305399627776
1303810336911503364
1303810419010592770
1303810451629899779
1303810479073132546
1303810573625368576
1303810653849817089
1303810731603881985
1303810797903122432
1303810885601890305
1303810929230934016
1303810980653264898
1303811025943302144
1303811028245868544
1303811140816957446
1303811187302436868
1303811278910173184
1303811357922349056
1303811526512574464
1303811535093952512
1303811576114409473
1303811815596601345
1303811831216197641
1303811908194177025
1303811992868794370
1303812270233772032
1303812378522394625
1303812410952876035
1303812451549372417
1303812478204293122
1303812478795681799
1303812506595532801
1303812518033461248
1303812533955055617
1303812649059119104
1303812812725055488
1303812897152397313
1303813003985539072
1303813158289588225
1303813381804056577
1303813476851298306
1303813541581983744
1303813715930669057
1303813736646561792
1303813751611691008
1303813769437392896
1303813882050473989
1303813908541693960
1303813941974491141
1303814060496941058
1303814069884006401
1303814147860176896
1303814178164092931
1303814402282590209
1303814413309280256
1303814437724467203
1303814482595115014
1303814500982824960
1303814652057583621
1303814683615518720
1303814694923272196
1303814733867503618
1303814759377182721
1303814794772873218
1303814873294548996
1303814946355019776
1303814994686078983
1303815146268229632
1303815146976940032
1303815223678251016
1303694903088685062
1303694918649556994
1303694954590621699
1303694989210288129
1303695231007809537
1303695432086949888
1303695441523924993
1303695507110400006
1303695549170962433
1303695595056529409
1303695605072646145
1303695622973743106
1303695658805854208
1303695678460375040
1303695822341771265
1303695989576957952
1303696189636988939
1303696198197370883
1303696300530171904
1303696353046990848
1303696470038712326
1303696495166853121
1303696520622022659
1303696610610872321
1303696699622404097
1303696846439632905
1303696857680535552
1303696878421368833
1303696917927526400
1303696981928407040
1303697047267291136
1303697119920812033
1303697240595152896
1303697250489716742
1303697332899385345
1303697395767599105
1303697409067769857
1303697456136417280
1303697483881689088
1303697554111188994
1303697621073133575
1303697712697704449
1303697724072693761
1303697728652935170
1303697831257989125
1303698168786415616
1303698178613673984
1303698344041238537
1303698378837155841
1303698414845136898
1303698442741583884
1303698470025474049
1303698481006227457
1303698514497732611
1303698553697701888
1303698569694765058
1303698572555165696
1303698690503331840
1303698796916998144
1303698818542825479
1303698918685904897
1303698953142177792
1303698988806275073
1303699069169262592
1303699073296367616
1303699153206292483
1303699189881167873
1303699248526110720
1303699304205352961
1303699314611544064
1303699356466515968
1303699448892133376
1303699607990534145
1303699824412372992
1303699939541897216
1303699944226910208
1303699963432452102
1303700050707648512
1303700221499551751
1303700346586492929
1303700410729930756
1303700429830787072
1303700455168638977
1303700522361393152
1303700543441956865
1303700559606710272
1303700564115705858
1303700605316235265
1303700669493379073
1303700726401699843
1303700838095958022
1303700929607237635
1303700939673686020
1303701126907269123
1303701141364994052
1303701202526298112
1303701277847756801
1303701312866000898
1303701466474045440
1303701563890954240
1303701699425689600
1303701731528773632
1303701795882053632
1303701908323020806
1303702068713013248
1303702115202797568
1303702390940499970
1303702446984687621
1303702466849124352
1303702493512298497
1303702508586577928
1303702783212818434
1303702819371773955
1303702837902409728
1303703070522650624
1303703072468660224
1303703188789436416
1303703325683179522
1303703488665444355
1303703585360838659
1303703610648334338
1303703619431067650
1303703620676968448
1303703684514295808
1303704017252491264
1303704087083593729
1303704136324648960
1303704139101216770
1303704261268828163
1303704269871296513
1303704312191696897
1303704365547401216
1303704420933304323
1303704456819650560
1303704609781768192
1303704756645441537
1303704790594187265
1303704899537063937
1303704999814475777
1303705109575081992
1303705147315548160
1303705254136033280
1303705269998727169
1303705503730524164
1303705558990561280
1303705611142680576
1303705700346912771
1303705775185915905
1303706001854480384
1303706106754002944
1303706119802482690
1303706206381498368
1303706219467534341
1303706261012193281
1303706263784693763
1303706370173272067
1303706483314442243
1303706484786827268
1303706495331135488
1303706495444451331
1303706498858733569
1303706617968562177
1303706639044878337
1303706642471694337
1303706674700726272
1303706777113038849
1303706826765152256
1303706970298421248
1303707018386190336
1303707043807875073
1303707090385543176
1303707255028805632
1303707386440495104
1303707442040238080
1303707651289878529
1303707673393848325
1303707728850771968
1303707764334694402
1303707791232729095
1303707793828921344
1303707803761082369
1303707869729230848
1303707964201725952
1303707981868150784
1303708137401151489
1303708384193998850
1303708422261665796
1303708478285008896
1303708517052940288
1303708541665054720
1303708578214227968
1303708704957587458
1303708792379580423
1303708921236873217
1303708990728269824
1303709079802609666
1303709115571728390
1303709294878011392
1303709298283823105
1303709308841062401
1303709369708810240
1303709395189071874
1303709421240029185
1303709488562819073
1303709668070522884
1303709722126684160
1303815653393039367
1303815698586705921
1303815708124631041
1303815854904111104
1303816150095142918
1303816179262410754
1303816233649872896
1303816339631431680
1303816358753456134
1303816396464427010
1303816495437209600
1303816527637082112
1303816590840954881
1303816623472615424
1303816664442523648
1303816697791610880
1303816829513527296
1303816872836689934
1303816884593324033
1303816943187656704
1303817033251991552
1303817183148019713
1303817263347306499
1303817265310248971
1303817295043624963
1303817303155331072
1303817306078937090
1303817407534858242
1303817524509843456
1303817605648707584
1303817666973650951
1303817719029141505
1303817799782072326
1303817963036966933
1303818123833999360
1303818132440580097
1303818191416811520
1303818378939949072
1303818581117984768
1303818659350020096
1303818661459881984
1303818676811059200
1303818772361379841
1303818802820534275
1303818906126168069
1303818943350611970
1303818946550919169
1303818995762712581
1303819055502065666
1303819070542839808
1303819186288893953
1303819220409516042
1303819243465650179
1303819331034382343
1303819379289792512
1303819385610539010
1303819621099876353
1303819627907219456
1303819713697337344
1303819726884417536
1303819840512118789
1303819872007266305
1303820213150863360
1303820237742190592
1303820341479792641
1303820419502354433
1303820453551706113
1303820500741881868
1303820594786365440
1303820766429970434
1303820790073303044
1303820837154250752
1303820847027834898
1303820911192219661
1303820924819566594
1303821012577005568
1303821056822726656
1303821061729861632
1303821085931118594
1303821168533741570
1303821198485315585
1303821345998794752
1303821381256142848
1303821586655588352
1303821631790309376
1303821704049745920
1303821770919743493
1303821898460131329
1303821915807649792
1303821939316793352
1303821944576520194
1303821944786243584
1303821977254162432
1303822036058464257
1303822085299621901
1303822099996463106
1303822138856488960
1303822159941263360
1303822162005037063
1303822426883723264
1303822459674607616
1303822509851185157
1303822629594427393
1303822857877684224
1303822901574094849
1303822942204301318
1303822997942394880
1303823000110854151
1303823080138121218
1303823079999758338
1303823254008725504
1303823339945775104
1303823346027487233
1303823623803662336
1303823635950559240
1303823699154546691
1303823844998819840
1303823939530088451
1303824133248233472
1303824179373002752
1303824182250287105
1303824214835843073
1303824307928276993
1303824352476114945
1303824383048286208
1303824387489972226
1303824463151104000
1303824614498340865
1303824633628692481
1303824775073030145
1303824778843783176
1303824804772900864
1303824848553160705
1303825031324082176
1303825130452381703
1303825131089858560
1303825444068667392
1303825474708267009
1303825512318537730
1303825587983720448
1303825698616832001
1303825702911963143
1303825872307261442
1303826003555504130
1303826071637372931
1303826280673148928
1303826554145759232
1303826582390308864
1303826583979991040
1303826615454007301
1303826624924839937
1303826692650217472
1303826724711350272
1303826823755816961
1303826840042176512
1303826844072865792
1303826863241003010
1303826868701859840
1303826916751810561
1303826933084553217
1303826970845892609
1303827084297596928
1303827217030545415
1303827378108538880
1303827384819384320
1303827389965832196
1303827437743230977
1303827473470296064
1303827530114359297
1303827624096141312
1303827642907492353
1303827714001035270
1303827771123171333
1303827772914176000
1303827781411799040
1303827813661802500
1303827832834076672
1303827965613092867
1303828014631968771
1303828022194302977
1303828047733243905
1303828068256145417
1303828202029285380
1303828205363752962
1303828217749536768
1303828276834709505
1303828431419842560
1303828447320510464
1303828457244291074
1303828560025726979
1303828584025526279
1303828594234462208
1303828596558123010
1303828606129446918
1303828738224914436
1303828827785887744
1303828865291177984
1303828893091028992
1303828914033373184
1303829095705382913
1303829141456904193
1303829202026856450
1303829355777400834
1303829452649115648
1303829467475972096
1303829576867409920
1303829581183422464
1303829672564797440
1303829693993369600
1303829730936979458
1303829945219559424
1303829994582560768
1303830014669062144
1303830103873392641
1303830128288382977
1303830299785261063
1303830314620420101
1303770147279245314
1303770271766245377
1303770301629685762
1303770361117519873
1303770450519089154
1303770456030232578
1303770602097045509
1303770691712348160
1303770725614981120
1303770758989131778
1303771026757570560
1303771036983463938
1303771123381870593
1303771131669815297
1303771237647224832
1303771256735571975
1303771407130583040
1303771431533268992
1303771470754189312
1303771509522149381
1303771730377400328
1303771758638624777
1303771791316389889
1303772060955668482
1303772063950307328
1303772178991677444
1303772250106019840
1303772282477858822
1303772335632257029
1303772357027389443
1303772404896993281
1303772430448680960
1303772525785165831
1303772540880396288
1303772592889901056
1303772635885690880
1303772668265553920
1303772675995697152
1303772789363683328
1303772801841627138
1303773044482211846
1303773134106103808
1303773230512009217
1303773479997788162
1303773556862529546
1303773755462701056
1303773855509549057
1303773957217284104
1303773977823846402
1303773979317088256
1303773990071275521
1303774127271170048
1303774195218878474
1303774200872615936
1303774263284039681
1303774309765328900
1303774324265037826
1303774527890116614
1303774592201355265
1303774746425790464
1303774784547885059
1303774789719465984
1303774905289396225
1303774915288596483
1303774956795449352
1303775113452556288
1303775201059115008
1303775294470475784
1303775302041169922
1303775417980063753
1303775463769337860
1303775550876516352
1303775567121088513
1303775751863439367
1303775912585027586
1303775938711183360
1303776010891124736
1303776031493386240
1303776389150187520
1303776441851547648
1303776462177275907
1303776586559184896
1303776590577442818
1303776653429088262
1303776858325082127
1303776978227560467
1303777062084378624
1303777072968540161
1303777098511912975
1303777489399865344
1303777513622175745
1303777709877874692
1303777715644964865
1303777718463377408
1303777931353878530
1303777946012979207
1303777972403331072
1303778018540748800
1303778025423724545
1303778215635419142
1303778311177474055
1303778334631919617
1303778481604526080
1303778529255931904
1303778639431888896
1303778650077134848
1303778663503142914
1303778841438154753
1303778876246708224
1303778947214323720
1303779039493136384
1303779105654140938
1303779198348091392
1303779205637959680
1303779305751801861
1303779323841781768
1303779390128566272
1303779563756027905
1303779593317355521
1303779597658488838
1303779639744245761
1303779724578058240
1303779744194854914
1303779755527933955
1303779763715100672
1303779831566434309
1303780006674362368
1303780037859049473
1303780248862052353
1303780278410846210
1303780375240609797
1303780481041801216
1303780495306690561
1303780503447896064
1303780684276924418
1303780703776243716
1303780815302807559
1303780867051905024
1303780952276164611
1303781154580029440
1303781166953177088
1303781167431204864
1303781255901634561
1303781277099843586
1303781599662620672
1303781678733721600
1303781695741591552
1303781714703953921
1303781739882479623
1303781902449405952
1303781916194332672
1303782065696116738
1303782182658478080
1303782262962565128
1303782275562106881
1303782289357373440
1303782397893373953
1303782458404605957
1303782601384173569
1303782605012205569
1303782643339796480
1303782733005553666
1303782825485770752
1303782846369271818
1303782974685499392
1303783025235365888
1303783039890329600
1303783061809704962
1303783082483503110
1303783119041048576
1303783209298268160
1303783329532125185
1303783332803641345
1303783453167677440
1303783460314714135
1303783499627986946
1303783517583601664
1303783557370871808
1303783809465356289
1303783922761977861
1303783950054113282
1303783952688336897
1303783985806536712
1303784028911226880
1303784186965307392
1303784366921842688
1303784579346698240
1303784623181312000
1303784653086580736
1303784808426897409
1303784835228602370
1303785015168380930
1303785021275209728
1303785048156577793
1303785105010417667
1303785111524184065
1303785135989575681
1303785160618446854
1303513599265124352
1303513641971585040
1303513686154375168
1303513732757110784
1303513749261897728
1303513780236754945
1303513892514082816
1303513967491506176
1303514025473396736
1303514278394097664
1303514298069798913
1303514355586142209
1303514386296967169
1303514460519366658
1303514532275539968
1303515229578498051
1303515308402110466
1303515334461321221
1303515383928942592
1303515388437622784
1303515392745242624
1303515473233899522
1303515482050498560
1303515549981433856
1303515624010903552
1303515716277219329
1303515780747636736
1303515819473764357
1303515819591180289
1303515856257847298
1303515913514147842
1303516162551054337
1303516367417683968
1303516379727921152
1303516452696317952
1303516462225727489
1303516609802313729
1303516669239726080
1303516818154418176
1303516879408029696
1303516947666137088
1303517015739572225
1303517130038505472
1303517149856751616
1303517226339913728
1303517336826118146
1303517386197221377
1303517398977458177
1303517483169722370
1303517510201868289
1303517546327531520
1303517590468386822
1303517592393412608
1303517606763204608
1303517620348440577
1303517626107273217
1303517683867148290
1303517727869538305
1303517737059311617
1303517811520626689
1303517906156875778
1303517955305754624
1303518059026616320
1303518106749370371
1303518120754245633
1303518331308138498
1303518335913598976
1303518384886353920
1303518401063682048
1303518477970440193
1303518584346480640
1303518609914896384
1303518615552094208
1303518630349545472
1303518682002288640
1303518851070488576
1303518892594212864
1303518970427904003
1303519110911782913
1303519166826270720
1303519194563174413
1303519310938353664
1303519335336620032
1303519350046031875
1303519405633155072
1303519431168077825
1303519460754698241
1303519556455989248
1303519580271321090
1303519590232682496
1303519692074528768
1303519693907439619
1303519712794509312
1303519795141160961
1303519912686690306
1303519924116238337
1303519972593786880
1303520076004577280
1303520177104080896
1303520470596280321
1303520516104355840
1303520524677591040
1303520603484418049
1303520620378902534
1303520639366688769
1303520707914203138
1303520782841073665
1303520801363288064
1303520812385947649
1303520855281012737
1303521087427432449
1303521089717497857
1303521246508986369
1303521270374576128
1303521293946454016
1303521425140207616
1303521735615029250
1303521872781418499
1303521962988363777
1303522037562892288
1303522081557094403
1303522114079604736
1303522172246388737
1303522183302520837
1303522239367852034
1303522253087236097
1303522304106921985
1303522335996235777
1303522357991137280
1303522385342197760
1303522432289067009
1303522523263504385
1303522545765933061
1303522639332417539
1303522681330040832
1303522775903227904
1303522785222852608
1303522906169913349
1303522916827529216
1303522918597496832
1303522947546710016
1303522966198779904
1303522984477552642
1303522989498007553
1303522996859088897
1303523036935548929
1303523050978267145
1303523133887074305
1303523168766668800
1303523207840960512
1303523422836752384
1303523512905273344
1303523578361638913
1303523669994426369
1303523715335049216
1303523747882827778
1303523765901377536
1303523844502835205
1303523914958675969
1303523925750669313
1303524220849123328
1303524228092829700
1303524310796165120
1303524326570827776
1303524385739993090
1303524389309251585
1303524393256210433
1303524499057520641
1303524513141977089
1303524543588216832
1303524597959073792
1303524653248413697
1303524668972896256
1303524677936177152
1303524842076020737
1303524849508376576
1303525001568583680
1303525046288347136
1303525050566488065
1303525127259402240
1303525163787485185
1303525223036325889
1303525311162626048
1303525338756997120
1303525366875779074
1303525381773950978
1303525404469202946
1303525414044921859
1303525462849720320
1303525494739144705
1303525671549972485
1303525706396303360
1303525724783964160
1303525727460110336
1303525744455417857
1303525779108749318
1303525790370463744
1303525840253313029
1303525851036676096
1303525866845200384
1303525939331108865
1303526011880038401
1303526017835835393
1303526024458584070
1303526027369549831
1303526044029181952
1303526060345098240
1303526081140535303
1303526100778196992
1303526105052098560
1303526246949756930
1303526284761288704
1303526356458844161
1303526384174870528
1303526407738241024
1303526425220141057
1303526475749117953
1303526589926432768
1303526615465385984
1303526806126030849
1303526818075553793
1303526936635867141
1303526957884125185
1303527029367885827
1303527272570331138
1303527402690150400
1303527411267432448
1303527522697646080
1303527548501012485
1303527577341001728
1303527629623095296
1303527730667876353
1303527834783297537
1303527850427977728
1303527947714797568
1303527986063441920
1303528095991947265
1303528100135948288
1303528134583689216
1303528142783557633
1303528257753473025
1303528452654592001
1303709953161650177
1303710056333168641
1303710064763711490
1303710109080657921
1303710407811629057
1303710417374633984
1303710459518881793
1303710504494534657
1303710535033200645
1303710651509092352
1303710682551115776
1303710748263223299
1303710827036528641
1303710832350695426
1303710853154385921
1303710949908582404
1303711090015166464
1303711123666014209
1303711157526487042
1303711310211809281
1303711330810068995
1303711382378954754
1303711819484270592
1303711829638688769
1303711843517632513
1303712021515440129
1303712064851136512
1303712158795149313
1303712161290768387
1303712161915711490
1303712169398276099
1303712278198587392
1303712387036590081
1303712559057510400
1303712595980046337
1303712606176378883
1303712719028199425
1303712745028751366
1303712816919015424
1303712882593599490
1303712902462033921
1303712903854354433
1303712948238667779
1303712953141616643
1303712974364905474
1303713094011629569
1303713111736823809
1303713151180046339
1303713531213287425
1303713604525457409
1303713721152233474
1303713735442399232
1303713762675798016
1303713818426576896
1303713882830188544
1303713941822955520
1303713977252409345
1303714015403585536
1303714034496151552
1303714082655100928
1303714112749404162
1303714365724667905
1303714367616188416
1303714380639621120
1303714453205155840
1303714641479114754
1303714697691230211
1303714735507070977
1303714739344736257
1303714790099959808
1303714796206985217
1303714829811638274
1303714833838362627
1303714846349819905
1303714863399743494
1303714910375784449
1303714933360807937
1303714980676530178
1303715108154007558
1303715224323719168
1303715354124918787
1303715378133176320
1303715395593842688
1303715422768959493
1303715432424075269
1303715508836020225
1303715584039944192
1303715735903113221
1303715793465675777
1303715878517829638
1303715981622206471
1303715992938446849
1303716015981948928
1303716080519704576
1303716364339884038
1303716524759363587
1303716618871209990
1303716619793977345
1303716676769386497
1303716759040438275
1303716831161712640
1303716920764649472
1303716925084704768
1303716989047844864
1303717019779436546
1303717058111209474
1303717184200486915
1303717243235250176
1303717407345709058
1303717441239838722
1303717568960757760
1303717882900217856
1303717918782320642
1303717947681243137
1303718049015570442
1303718053041954816
1303718067378085890
1303718299545538560
1303718422237401094
1303718427756957696
1303718441631854597
1303718492064149506
1303718506752434176
1303718738810855431
1303718766572908544
1303718771610193921
1303718919627186176
1303718970416082948
1303718994185277441
1303719116428247043
1303719257612652544
1303719274008252422
1303719413284208647
1303719430090784768
1303719476182036482
1303719548831531010
1303719571170512899
1303719657212391425
1303719759406563331
1303719798564687872
1303719823365505030
1303719824955248642
1303719856315883520
1303719891724374016
1303720029981114369
1303720043541336064
1303720077301288966
1303720112227323906
1303720244725387269
1303720372261584897
1303720395997155330
1303720437734612998
1303720488179560452
1303720638377418753
1303720825040797697
1303720936676392966
1303720964404854784
1303721125042696192
1303721193829089280
1303721227836588032
1303721245691666435
1303721369775955969
1303721385303453700
1303721706482139137
1303721711242637312
1303721771875667968
1303721793342111751
1303721859322699782
1303721878964637699
1303722055913922562
1303722076008861698
1303722110280441858
1303722231302742018
1303722245752266758
1303722373997301763
1303722397867147267
1303722454758518786
1303722505333506048
1303722674791673856
1303722720702603264
1303722736603324417
1303722838948556800
1303722920762433536
1303722947677310977
1303722959480160257
1303723010080141312
1303723142741811200
1303723216054124545
1303723223096332289
1303723251537977344
1303723351433764864
1303723547018158082
1303723720737988608
1303723766623678464
1303723886324805632
1303723902753964034
1303723999050915840
1303724017946329088
1303724020269948933
1303724090910359554
1303724110560874496
1303724201011023873
1303724549805084675
1303724660723511296
1303724744215334924
1303724746538807297
1303724754524925952
1303724807238815745
1303724855657787392
1303724865795563521
1303725211603304451
1303725259946889219
1303725325071904768
1303725491774304258
1303725583009021958
1303725599131922432
1303725674528681987
1303725703263916033
1303725807311912960
1303725960404111360
1303726021091438594
1303726032508387330
1303726212666331139
1303726238062661632
1303726288495144960
1303726288570650624
1303726303473020928
1303726344048537601
1303726356992339972
1303726521161584640
1303726538010099714
1303726548529426434
1303726571224813568
1303726579172990977
1303726665470816257
1303726897130614784
1303726914155286530
1303726941762138112
1303727195555151872
1303727216069496834
1303727286613684224
1303727340829192192
1303727406822416386
1303727409535938560
1303727410572079105
1303727451848282113
1303727552779833346
1303727651991908353
1303727664281387012
1303727723018358785
1303727728110247936
1303727794996871173
1303727831189458944
1303727979797917697
1303727985791504393
1303728229946015744
1303728319360372737
1303728518552059906
1303728599242100736
1303728709438976001
1303728752841707521
1303728860702412801
1303728946370863104
1303729004323770369
1303729020660518913
1303729113270751232
1303729224889651200
1303729255772291072
1303729285950255105
1303729532126597120
1303729582500085760
1303729615635185664
1303729988131225601
1303730019475353602
1303730088605888516
1303730127294132225
1303730736118235136
1303730757593047040
1303730793118924804
1303730851688062978
1303730887301922816
1303730889180901376
1303730951952818177
1303730978062364674
1303730977802395649
1303731029199515650
1303731055040569346
1303731074988535808
1303731228089221120
1303731461330092032
1303731543094030337
1303731829695021056
1303731918618480646
1303731947403988994
1303731959710068738
1303732010297569287
1303732041792524288
1303732111376101380
1303732139234598919
1303732167650934791
1303732400426450945
1303732424224976896
1303732478511783937
1303732490981572609
1303732574087454728
1303732617074765824
1303732628651159554
1303732709139779584
1303732824277737472
1303732869462884353
1303732876933042176
1303732927683915777
1303732993710669824
1303733088099368965
1303733292127211521
1303733364604665859
1303733372284538880
1303733408728842240
1303733611695280128
1303733621925314562
1303733663473917952
1303733697171005440
1303733725243432960
1303733764732878853
1303733832294772739
1303733842952552448
1303733924296888333
1303733953971486720
1303733983662862336
1303734033050935297
1303734112189067265
1303734223975731207
1303734597834870784
1303734636485509121
1303734739623321600
1303734827498127360
1303735025238593538
1303735028128641026
1303735030368346112
1303735095564668928
1303735098173460480
1303735111922462720
1303735129974726659
1303735198606077953
1303735443649966080
1303735590714781696
1303735660189282312
1303735714119643138
1303735865227710464
1303735978553683968
1303736020588879872
1303736158346645504
1303736218371399683
1303736236503334912
1303736240844558341
1303736427344084992
1303736683767246848
1303736768940761088
1303736772212527105
1303736809755729921
1303736837496807433
1303736865606991875
1303736876092723200
1303736895801884676
1303737250463834112
1303737278897020939
1303737383758618624
1303737432907579399
1303737528520855557
1303737605385842690
1303737643369287681
1303737651841900545
1303737782947504133
1303737811384832000
1303737843290759174
1303737887540871170
1303738246992592897
1303738249995784192
1303738329888968705
1303738349711249409
1303738367696347137
1303738374113693697
1303738525406420992
1303738525754548224
1303738560965742592
1303738578573328384
1303738584688717825
1303738634135384076
1303738774355152898
1303738802607919104
1303738925220089857
1303738979259305985
1303739007642214401
1303739037669142530
1303739158851203079
1303739347477368832
1303739506944741376
1303739556047384578
1303739584350740480
1303739658711363584
1303739717947740162
1303739781570936832
1303739867822567426
1303739942871408647
1303740155212169216
1303740193787310080
1303740282450706433
1303740360837992452
1303740599095312384
1303740623539695616
1303740711322361856
1303740729781436416
1303740862602637312
1303740938590867463
1303741040101404672
1303741117230440450
1303741149602091013
1303741156891729923
1303741183311720449
1303741289221951488
1303741336596561921
1303741432507711489
1303741492368875520
1303741594106032128
1303741612288335873
1303741695473987584
1303741839070187527
1303741936310849541
1303741938714116097
1303741969290727424
1303742006351605767
1303742059241771013
1303742092011876354
1303742180876525569
1303742213529235457
1303742270156369921
1303742589196271616
1303742598562095105
1303742646859431936
1303742762676662272
1303742779617611782
1303742820679905281
1303742838472093696
1303742863780397056
1303742892624801793
1303742963307048961
1303743021306052608
1303743023378030599
1303743038309556230
1303743066428370944
1303743382515331072
1303743431106129920
1303743469333155840
1303743486458499072
1303743544159596544
1303743574509588481
1303743586719145985
1303743672576483328
1303743672735932416
1303743934061932546
1303743960670707712
1303743996880183299
1303744259766403072
1303744648536416256
1303744842586107906
1303744851205410816
1303744851939393540
1303745046257307649
1303745079614615557
1303745098560274434
1303745107628355586
1303745127643373568
1303745231398096898
1303745311450562568
1303745456955101187
1303745486046851073
1303745653709787136
1303745705249509377
1303745773209882637
1303745809628897280
1303745810857947142
1303745951098720256
1303746083969994753
1303746203612516352
1303746333082181633
1303746374760951808
1303746431740764167
1303746467325267975
1303746541568618501
1303746754475634688
1303746762948194305
1303746771395411968
1303746958088048640
1303747042292924418
1303747151604969481
1303747164070383616
1303747196135727104
1303747274913263616
1303747327857963011
1303747329493807107
1303747347286028289
1303747443964743685
1303747495915335683
1303747505046171648
1303747626249023488
1303747805069086721
1303748021423759365
1303748037546856450
1303748055339094020
1303748304296173569
1303748380288454657
1303748403025903616
1303748627114811392
1303748626708156416
1303748644647075841
1303748774607622145
1303748945286492161
1303749179995553792
1303749283993313288
1303749309712797698
1303749460267356160
1303749520799526913
1303749633244454912
1303749773015556097
1303750002687135744
1303750005560401922
1303750166898446336
1303750318706978817
1303750343399018496
1303750546998939653
1303750558940123137
1303750621699420160
1303750839157235712
1303750881033158656
1303750934061776898
1303750959374520320
1303750994396758016
1303751041423351809
1303751144762638339
1303751175259463680
1303751276551901184
1303751304229994496
1303751394760036353
1303751402771173378
1303751480135036928
1303751525110607873
1303751566080442369
1303751595625119744
1303751621126402049
1303751639573180417
1303751697836257288
1303751856745832453
1303751857022607361
1303751903357083655
1303751940510187520
1303751994675527683
1303752100950794242
1303752158798589953
1303752176397885441
1303752325098602497
1303752330383421440
1303752356631318533
1303752429234802694
1303752435266134017
1303752463380623360
1303752501842370560
1303752553054842881
1303752645304291331
1303752659397226502
1303752773079457792
1303752817656688644
1303752887382704134
1303752914842914816
1303752998363906048
1303753203381460992
1303753278224830466
1303753332004188166
1303753415256801281
1303753513525301248
1303753580420231177
1303753699995648000
1303753745965232134
1303753831348498433
1303753851523170307
1303753880715644932
1303753909677232133
1303753934662762504
1303753971148840960
1303754092800425984
1303754093861560320
1303754287445491712
1303754301542719494
1303754518686052353
1303754532623540224
1303754573304262657
1303754714765504512
1303754715348467718
1303754737427251201
1303528647752589315
1303528792191688705
1303528822558666752
1303528840317358081
1303528842263326723
1303528891374399488
1303529075194114048
1303529121729966081
1303529220577071114
1303529316760907776
1303529368375889920
1303529407160528896
1303529423405281280
1303529531681075201
1303529711751094273
1303529871306620928
1303529911714369536
1303530002428829696
1303530124378243072
1303530144741691394
1303530228095033350
1303530257774006276
1303530315084894209
1303530337323155457
1303530352636563457
1303530471867981824
1303530548456034305
1303530619872387075
1303530679989342208
1303530706874892290
1303530838525726725
1303530870398095360
1303530900551077890
1303531035838287873
1303531077022121984
1303531104020967424
1303531110824108039
1303531269599432712
1303531339270901760
1303531461887356928
1303531621765623809
1303531648458293249
1303531670008520704
1303531708201996290
1303531978839425035
1303531989140676610
1303532215939207174
1303532317655339009
1303532358574972929
1303532425134235650
1303532658962632709
1303532841700069376
1303532902878150657
1303532937690963969
1303533202800222208
1303533374825431040
1303533400746328064
1303533748521234437
1303533825419608064
1303533923360796672
1303534226919362562
1303534388915965952
1303534431630757888
1303534439838826498
1303534508981977090
1303534562920759297
1303534623331418113
1303534650653114368
1303534831284830208
1303534858765991936
1303534965389504514
1303534966882541568
1303534978014167040
1303534999841300481
1303535069320171521
1303535104212361220
1303535424321851392
1303535505384988672
1303535558325665792
1303535851696054277
1303535903730794496
1303535929534173185
1303536024367308800
1303536038607020032
1303536053245153281
1303536218596990976
1303536249316073475
1303536395663732737
1303536472100876288
1303536614392713217
1303536762405388289
1303536794617737217
1303536859889377281
1303536946476539904
1303536978022084608
1303537287096078336
1303537319811588096
1303537395611041792
1303537400229105664
1303537439919632384
1303537441563979776
1303537669306232832
1303537692794183680
1303537749463650304
1303537763304775680
1303537818321530880
1303537828471603200
1303537857567490048
1303538081522421761
1303538128179720193
1303538323970031617
1303538497500983296
1303538520829689858
1303538570800619520
1303538896110837761
1303538990121979904
1303539031339339777
1303539081553440769
1303539249891938305
1303539634870181889
1303539694311936000
1303539710753566722
1303539721046499334
1303539827300798464
1303539944569401345
1303540191689347077
1303540201969586176
1303540238258704385
1303540302733545474
1303540410363543552
1303540429044948994
1303540528215138305
1303540690580799492
1303540783341993984
1303540923033292800
1303540998677696512
1303541085549936643
1303541130978455553
1303541301296730113
1303541330136756228
1303541417151586305
1303541486261350400
1303541494138187776
1303541520470077440
1303541967385776128
1303541983122616322
1303542037153804289
1303542044762214405
1303542123891953666
1303542129541763073
1303542254527635456
1303542652412063745
1303542726764498944
1303542760146972682
1303542788542410752
1303542876928962560
1303542931253592065
1303543006629449729
1303543181120696323
1303543248733048834
1303543318140399617
1303543406053019653
1303543416760889345
1303543473081995264
1303543533668896769
1303664833292898305
1303665335275581442
1303665428150001667
1303665464975986688
1303665659860131845
1303665757310648320
1303665862247886849
1303665895248666624
1303665927289008128
1303665976483946498
1303666060823060481
1303666111519498242
1303666212098973698
1303666267610636288
1303666511559774211
1303666519768002561
1303666545848193026
1303666576768602112
1303666603008155649
1303666797133139968
1303666832474161152
1303666859636477952
1303667312474628096
1303667353406799874
1303667421908291591
1303667519476174850
1303667607443247110
1303667839530864640
1303668007047229440
1303668177679851520
1303668206893232128
1303668963759591424
1303668994818428929
1303668997708279808
1303669111851868160
1303669246468263939
1303669588790595584
1303669615382466563
1303669820567715840
1303669841308594178
1303670130799513600
1303670207806726144
1303670216317177856
1303670254216916993
1303670321229295617
1303670345174528000
1303670574355546113
1303670805834985472
1303670905772453889
1303670978904555520
1303671001985638400
1303671117178187776
1303671317095493636
1303671336896790530
1303671896895090689
1303672043058139136
1303672088595755009
1303672090244022275
1303672235375419392
1303672624631881729
1303672743934787588
1303672849836773376
1303672922402254848
1303672948788666370
1303673032851034114
1303673435562881025
1303673454131138560
1303673497227612160
1303673587560316930
1303673659052167169
1303673797531373568
1303674075089432578
1303674132807196673
1303674518410530816
1303674740184354819
1303674818265518083
1303675050365722629
1303675134834888704
1303675140107051015
1303675163762860037
1303675262341648384
1303675270789033984
1303675347775492097
1303675606769508352
1303675616512716801
1303675827570315265
1303676188053983233
1303676264012709891
1303676349148782593
1303676375753252864
1303676410536636416
1303676465389752320
1303676532548931585
1303676841572683777
1303676950607810561
1303677367014096896
1303677441282629633
1303677472375025665
1303677606735286273
1303677689149222912
1303677800029868035
1303677947853918208
1303678160563834881
1303678185998086146
1303678188141400066
1303678295741992962
1303678362339008512
1303678451988205569
1303678519365390336
1303678706053976079
1303678752698765313
1303678760278020096
1303678828573790208
1303678885842698240
1303678932768546816
1303678988498472962
1303679005741072384
1303679091921559552
1303679104491937792
1303679124788195329
1303679140256714752
1303679223471763456
1303679227624030208
1303679229503119363
1303679296553263105
1303679387116670976
1303679432108978176
1303679448634535936
1303679485900976129
1303543786438615040
1303543854583472129
1303544004458565633
1303544146427285509
1303544501609418752
1303544506072133635
1303544659302518784
1303544890953838592
1303544970263982080
1303544982163222529
1303545282257391617
1303545349534101504
1303545436494532608
1303545476378107904
1303545599027941377
1303545695496888323
1303545755886596098
1303545911465967616
1303546043582345220
1303546135701671936
1303546185530171392
1303546345840500737
1303546362848477184
1303546383987806209
1303546453311270919
1303546590431531009
1303546884326219777
1303547395469225985
1303547448095313927
1303547522535759877
1303547770419269633
1303548096647966720
1303548590246244352
1303548687931510785
1303548947768774656
1303548974574571520
1303549458806759424
1303549598716354561
1303549612301541379
1303549614906159104
1303549646887817218
1303549763091038208
1303549843365941248
1303550031862132739
1303550042813456384
1303550323894738946
1303550505465950208
1303550863609397250
1303550966378225665
1303551186520465409
1303551245316227072
1303551296344072193
1303551378082664448
1303551575772852225
1303551712339394561
1303551768169795584
1303551931697082368
1303552003562405888
1303552057916428288
1303552260258099200
1303552822068359170
1303553308582440962
1303553400718663682
1303553675424563200
1303553678180220929
1303553823777198080
1303554043457892352
1303554444357963781
1303554564122128386
1303554594379718656
1303554696934641665
1303554786290147328
1303554845144563713
1303555083821613057
1303555272514904065
1303555313052909568
1303555330459070464
1303555400172744705
1303555765945249794
1303555865220325378
1303555868072443904
1303555980081364993
1303556075531141120
1303556168460234752
1303556419069804544
1303556436585193472
1303556529673695233
1303556592583966725
1303556623361740800
1303556665976008709
1303556793252020224
1303556826298867712
1303556863510937602
1303557344266133504
1303557387668852737
1303557802762346498
1303557838870990848
1303557901621932032
1303558125581225985
1303558479895056384
1303558578985299969
1303649419368202241
1303649674209964033
1303649793898618889
1303650372771360768
1303650563058536450
1303650642007789568
1303650748098633728
1303650778360487936
1303651150856704000
1303651736192561152
1303651809299316736
1303652192625340416
1303652232932581384
1303652309499613186
1303652341074321408
1303652710688927745
1303652725775896577
1303652980785319936
1303653257160675329
1303653318246440963
1303653641769963520
1303653800188751872
1303654060390834176
1303654070004088832
1303654101180452864
1303654423185350659
1303654519113351168
1303654527195852802
1303654703759347714
1303654816204324865
1303655170006552577
1303655279339483136
1303655298897514496
1303655469345468416
1303655499058081793
1303655505433366528
1303655676749676546
1303655837458599938
1303656080593973250
1303656220667121669
1303656319295975429
1303656555641012224
1303656723182317568
1303656725459988480
1303657102980919301
1303657219251204096
1303657318521995264
1303657334938501120
1303657362759323648
1303657368845193216
1303657479436460032
1303657574584197121
1303657672734986240
1303657721225510912
1303657856265342977
1303658254057299969
1303658269496545280
1303658274374418432
1303658418696261637
1303658529841004544
1303658615799033858
1303658621482524673
1303658659562561536
1303658739917037570
1303658765431037953
1303658828559454210
1303658831315185665
1303659102732783616
1303659115554713602
1303659208114544640
1303659419406946304
1303660780265635840
1303661073250349063
1303661345091588098
1303661454109810688
1303661593494945794
1303661619512303616
1303661815893811200
1303661851880730624
1303662290466729989
1303662474982551553
1303662683800195072
1303662828767805441
1303662906513317888
1303662997404090368
1303663018954416128
1303663168867233792
1303663215407017985
1303663358982356992
1303663387310788609
1303663438137360384
1303663505774706688
1303663533822017539
1303663805625331712
1303663861459976200
1303664041907322880
1303664165232533504
1303664291187437568
1303664336330780674
1303664342492164097
1303664376856154119
1303558732173910018
1303558960713138176
1303559144264404992
1303559411059884032
1303559413031206915
1303559556296060930
1303559628857384962
1303559663640866816
1303559710440783874
1303559771971174401
1303559857434488835
1303559945485520896
1303560427100569601
1303560957818540032
1303561152127881216
1303561350161944578
1303561619713044481
1303561965755752448
1303561968612237324
1303562108655730690
1303562326813995008
1303562361341530113
1303562378982744064
1303562420686745600
1303562497220210688
1303562569127350272
1303562665177030656
1303562730864025600
1303562766830034945
1303562873780674560
1303562874615468032
1303562958618927104
1303562982408876032
1303563119973761024
1303563166589296641
1303563644094025730
1303563731629211649
1303563858582282240
1303563902740037632
1303563907844509699
1303564103135318016
1303564325232222209
1303564365031825409
1303564433768296448
1303564692217049089
1303564801008959488
1303565014079541248
1303565526388609025
1303565576951009280
1303565669481365504
1303565859110227974
1303565973056901120
1303566441065701382
1303566955090042880
1303567125924188162
1303567137995255808
1303567139098431488
1303567183608389633
1303567467277672448
1303568017243041792
1303568037174484993
1303568105231192064
1303568394462076930
1303568467149221888
1303568495997669376
1303568616420335616
1303568841394532353
1303568925087547392
1303569237206687744
1303569537959301120
1303569575183675398
1303569668335173633
1303569728255012864
1303569784152391680
1303569793149210625
1303570082883198977
1303570139518922752
1303570266606333955
1303570393534468096
1303570637693349888
1303570693687332865
1303570698565120011
1303570750893207552
1303570958729572353
1303570961334177793
1303571413895458817
1303571645089546240
1303571646310121472
1303571711070150658
1303571764002213889
1303572140059492352
1303572184363827200
1303572445547425792
1303572550144925697
1303573208981889025
1303573326393208833
1303573477920657409
1303573528663318528
1303573545390428162
1303573737808171008
1303573765603889152
1303634268560732160
1303634521527644162
1303634858850152448
1303635107157364737
1303635314452443142
1303635589242269696
1303635820432195584
1303635941811269643
1303636037281878017
1303636589134970881
1303636932614918149
1303636988088770560
1303637205789835264
1303637595101057025
1303637601916776451
1303637762248183809
1303637920113360896
1303638086052646914
1303638962989412353
1303639018668781569
1303639116538671104
1303639230388862976
1303639283769712641
1303639291642474496
1303639340367646725
1303640356043579392
1303640674269564931
1303640921708343296
1303641252328599552
1303641664616042498
1303641819088072704
1303642052681519104
1303642152606588929
1303642411462086656
1303643196531060736
1303643335421198336
1303643449653161986
1303643628406009858
1303643651332018176
1303643668897652737
1303644204401389570
1303644283313029121
1303644573625978882
1303644623777214464
1303644879214477313
1303644903558316032
1303645081002561537
1303645498046402561
1303645509530324994
1303646248050798592
1303646497570017281
1303646597100830721
1303646970997686272
1303646981814923265
1303646996625068032
1303647070998474753
1303647082344001537
1303647116212961280
1303647181342224385
1303647940129492993
1303647992004608002
1303648141909073924
1303648195835301888
1303648356976254977
1303648384482377728
1303648679329492993
1303649014739542017
1303649257849851904
1303573934940598272
1303574399610576897
1303574455998767104
1303574556003663873
1303574777504776192
1303575275549024262
1303575302640205827
1303575540583063553
1303575885468008448
1303575988635271168
1303576038539173888
1303576234916540416
1303576297080266758
1303576298535759873
1303576615637712899
1303577230522580994
1303577443714781185
1303577617275256832
1303577634589220865
1303578493037481984
1303578735938097152
1303578909724651520
1303579169960284160
1303579328400093185
1303579723813933057
1303580080677875712
1303580197602562049
1303580225306058753
1303580413500313602
1303580820498722818
1303580859191222272
1303581051412000768
1303581316538011649
1303581445068218368
1303581544305524737
1303581598303039490
1303581939438292993
1303582229310959616
1303582637655838720
1303582680412336129
1303582709428531200
1303583040254414848
1303583743064629250
1303583847150354432
1303583940213604352
1303584118454718464
1303584144463507456
1303584233445875712
1303584302190530566
1303584426551660545
1303584439444799488
1303584479919955969
1303584502988632064
1303584684408844289
1303585130309545985
1303585265483689985
1303585383071055873
1303585685673259009
1303586121113202689
1303586122942078977
1303586387506221056
1303586840272949249
1303587010691596288
1303587487302836224
1303587776424804352
1303588034659545088
1303588278743060481
1303588483118882816
1303588783590432769
1303588859951816704
1303619152662294529
1303619383097348096
1303619881716285442
1303620215423393792
1303620710036893697
1303620721642479616
1303621300657815552
1303621321255989248
1303621475979661312
1303621543491244033
1303621781706682370
1303622065103278080
1303622170275348482
1303622226269278214
1303622691832832002
1303622693519060992
1303623393095249921
1303623860835758081
1303623887763144704
1303624036166127617
1303624408599113728
1303625034473394178
1303625092375736320
1303625387126132736
1303625543259127809
1303625939897647104
1303625944326758400
1303626047158616065
1303626260585672707
1303626370359197698
1303626494296686593
1303627227599380480
1303627753334415360
1303627802588086273
1303628052585308160
1303628411223633920
1303628422791475201
1303628857363308544
1303629113417248768
1303629722270806016
1303629870149271552
1303630325831159811
1303630504051314688
1303630669147447296
1303630789813456897
1303630848965644289
1303631520402255873
1303631589776130049
1303631680515833856
1303631696634445825
1303631814649618432
1303631898552553473
1303631952537432070
1303632841205526528
1303633064652877825
1303633575368163333
1303633691575554048
1303633970194780160
1303634208565407746
1303588948741173248
1303588966701072384
1303588991900495872
1303589621524299776
1303590257456082945
1303590362250981377
1303590657114558465
1303590675208957952
1303590717730754560
1303590931803774977
1303591086590291968
1303592033697673216
1303592935943008256
1303592969291870209
1303593022639099905
1303593825873678336
1303594547331489792
1303594841545220097
1303594926324682752
1303595035217162247
1303595353107763200
1303595445554425862
1303595506799652864
1303595875793502209
1303596006576140289
1303596093402382336
1303596610669219840
1303597108637790208
1303597443767054336
1303597486314061825
1303597995305426945
1303598027509293057
1303598583858573312
1303598673587183616
1303598962436259840
1303599415525957633
1303600068017102849
1303600411849314305
1303600779756933120
1303600842843525120
1303600953866833920
1303601029372694528
1303601188164628480
1303601291718012929
1303601498740461568
1303601709000749056
1303602058419871745
1303602206789177345
1303602282341306368
1303602497336930304
1303602529339465728
1303602664891011072
1303602868742545408
1303603145533128705
1303603175794995200
1303604156528168960
1303604494677217280
1303604654672998400
1303604743273504768
1303604939164442624
1303605079245836288
1303605868106330112
1303606086105169920
1303606875510931457
1303606886890180608
1303607342290796544
1303607687469506560
1303608057579081728
1303608452372144130
1303608653489070081
1303609351446331392
1303610577839960064
1303610814893633536
1303610969596157954
1303611071299612672
1303611356365631494
1303611727163076608
1303612145188265984
1303613289776271362
1303613584417660929
1303614083321790465
1303614403166773248
1303614664614580224
1303615936058912768
1303616258110357506
1303616306302734336
1303616435260923904
1303617137857175552
1303617889182851073
1303618198487658496
1303618535374032899
1303618886063984642