1303860751011020801
1303860752051298306
1303860881835675648
1303860945815572480
1303860992896458754
1303861010881810433
1303861137512034304
1303861145825144832
1303861186849460224
1303861203995963392
1303861249168551940
1303861285071859712
1303861319544774658
1303861378428608513
1303861539989008385
1303861547874299904
1303861610205925377
1303861707253493760
1303861826900365312
1303861925500125185
1303861934442381313
1303861994303356929
1303862008098545666
1303862021314818053
1303862040403083265
1303862306712047616
1303862363301588992
1303862520579579905
1303862548484116480
1303862552347070464
1303862569694720000
1303862621863632897
1303862726524108800
1303862820522602496
1303862913673953282
1303862934091653120
1303862943768088576
1303863000676347911
1303863050336899080
1303863063435776000
1303863187855618049
1303863244671447041
1303863306600419328
1303863372585283585
1303863420941467648
1303863479967846400
1303863545268846594
1303863548905435136
1303863556425703424
1303863702676893696
1303863753675386886
1303863874643427328
1303863958504386565
1303863963801718785
1303864010073350148
1303864021322530816
1303864030629593088
1303864033880219651
1303864036048728066
1303864106236211201
1303864163735924739
1303864358116745218
1303864415071109121
1303864443282096133
1303864499804475392
1303864516438978560
1303864565537665026
1303864609909153792
1303864645984219136
1303864778780270594
1303864796761079808
1303864835323510785
1303864877136650240
1303865055751147528
1303865282176397314
1303865338069528576
1303865389907087361
1303865401466642432
1303865566554238976
1303865586171011072
1303865607641862149
1303865612658122757
1303865639761838081
1303865687673376768
1303865820712521729
1303865864920469504
1303865904871034881
1303866068763652097
1303866157003284480
1303866200255066114
1303866312767057920
1303866391800446977
1303866403091439616
1303866415921987586
1303866437740756994
1303866630527528960
1303866659426443264
1303866725633531905
1303866725641879552
1303867027447185409
1303867033449189376
1303867089313320960
1303867117251342336
1303867151330226181
1303867152718598145
1303867390539845632
1303867448307912715
1303867461922705408
1303867558882193413
1303867582882037760
1303867669637148672
1303867784363941889
1303867800096772096
1303867980208513025
1303868026882846721
1303868097292578816
1303868218788909057
1303868286548017153
1303868327710928898
1303868422854512640
1303868619827351552
1303868642208157696
1303868714757095425
1303868758101028872
1303868833124548609
1303868912900083712
1303868999214731264
1303869047902216193
1303869139556200449
1303869193499152392
1303869309123395584
1303869359194955776
1303869485246423041
1303869532918943745
1303869571473047555
1303869573716901889
1303869617157406722
1303869651106004993
1303869743745564672
1303869753094676481
1303869821055053825
1303869934087405568
1303870048692580352
1303870095295422465
1303870146814062592
1303870209254592513
1303870229282390016
1303870378956132352
1303870414255542277
1303870431208845314
1303870480525467649
1303870500322435072
1303870530022510592
1303870552348782592
1303870647618027521
1303870666471600128
1303870757412298753
1303870773237436417
1303870783412793344
1303870908784881665
1303870934034464768
1303871013969485824
1303871022635065344
1303871188050087937
1303871219582693377
1303871252914864128
1303871264021450754
1303871302294335488
1303871306232987648
1303871366266064896
1303871400571293696
1303871407793807361
1303871498717986816
1303871504686477315
1303871534751272966
1303871567445753857
1303871590422261760
1303871624400125953
1303871709427183616
1303871742591537152
1303871762812342272
1303871890851848198
1303871943100243973
1303871983403368454
1303871996451790848
1303872077364105218
1303872131151912961
1303872217097404421
1303872260659445760
1303872276383830017
1303872289218408449
1303872328913256449
1303872389709692929
1303872401126686723
1303872451919585281
1303872470106152960
1303872486296244225
1303872547390398465
1303872557708226560
1303872587097759744
1303872751992745986
1303872899380654082
1303872925578166277
1303872956192321536
1303872968116895745
1303872991722459137
1303873158290653185
1303873257129619462
1303873330957619201
1303873337941131264
1303873376679723013
1303873397156458496
1303873736039444480
1303873843233251328
1303873857472917505
1303873951580463104
1303874017468854273
1303874126629793793
1303874234637221888
1303874305009356800
1303874384168325121
1303874403156086784
1303874629988233218
1303874667271393283
1303874858313375745
1303874902273986567
1303874914617786368
1303874984524349441
1303875048478892032
1303875215324139522
1303875228968325125
1303875257703563265
1303875287919206400
1303875322862080000
1303875376280727552
1303875405535801345
1303875498326585344
1303875534946840578
1303875686197846019
1303875686688387072
1303875708729602048
1303875748323876865
1303875789419622401
1304041968058675200
1304041981753135106
1304042108647387137
1304042316399816704
1304042349178355712
1304042524374261763
1304042579688853505
1304042623414480908
1304042641542139910
1304042664564789249
1304042711490723840
1304042769552416770
1304042837491814402
1304042852763262977
1304042891644481536
1304043060368683009
1304043072288890883
1304043089972080640
1304043144225476609
1304043188093681665
1304043445233868801
1304043641565073409
1304043651002032136
1304043677715632134
1304043738583322624
1304043797630857217
1304043842132467713
1304043905915088896
1304043906682716162
1304043940467879936
1304044016317739008
1304044138086707201
1304044171708293121
1304044189685080065
1304044339753033728
1304044586243825666
1304044602543009793
1304044605269106689
1304044635506040833
1304044669257633792
1304044705043406850
1304044851449585672
1304044859414712321
1304045010283720707
1304045062398058496
1304045174402801664
1304045237560639488
1304045249489141760
1304045278169837570
1304045307114582016
1304045325167005699
1304045352438374406
1304045415701131266
1304045424379076612
1304045490816778240
1304045532994822144
1304045609427533825
1304045679845797888
1304045693296939009
1304045776629313536
1304045836964433923
1304046092607258626
1304046114455330817
1304046279681552385
1304046468479815683
1304046531968929798
1304046549475954690
1304046677066756101
1304046697018949633
1304046709518020612
1304046713355763712
1304046737313599489
1304046738395734018
1304046752320774145
1304046796252090368
1304046796906393600
1304046985557598208
1304046997880500226
1304047006248247297
1304047135432667137
1304047283143667713
1304047410172305408
1304047456062263297
1304047496138764290
1304047500433797121
1304047652141752330
1304047667249664000
1304047735096725504
1304047752377139200
1304047769271885829
1304047769901043718
1304047928802189314
1304047940781182976
1304047962008563717
1304048000784793602
1304048063523303426
1304048190967218179
1304048209321492482
1304048292909715456
1304048391811457030
1304048420534050819
1304048437000835079
1304048718270943232
1304048809585135620
1304048931681247232
1304049074296020993
1304049298297028608
1304049312331071489
1304049400709292032
1304049438990700544
1304049480547917824
1304049572516372487
1304049590057000965
1304049691752095746
1304049714728402945
1304049815957852161
1304049829543383040
1304049861717827584
1304049990868897793
1304050155814039552
1304050161627344898
1304050338022985729
1304050672955011072
1304050678097092614
1304050713052491778
1304050747638767618
1304050837057142789
1304051023187554305
1304051132818501633
1304051150820438016
1304051295809163264
1304051319041220609
1304051336334512128
1304051338746052608
1304051379246256128
1304051449043836929
1304051471051182080
1304051579612520448
1304051670226210816
1304051686395314178
1304051716762079238
1304051722852106240
1304051727138787329
1304051816489865219
1304052029988376576
1304052104357699587
1304052244929744897
1304052257328173057
1304052288902832130
1304052324172783617
1304052350953414659
1304052439574745088
1304052502363475969
1304052583477243904
1304052614028505093
1304052640523800576
1304052737080995840
1304052849651994625
1304052876738613248
1304052971970473985
1304053081307570176
1304053191366127617
1304053244604411904
1304053315207081987
1304053545767972864
1304053555033042944
1304053603687161856
1304053607701139457
1304053671806861313
1304053701003431936
1304053786902753280
1304053798223126529
1304053923536351232
1304053984341241861
1304054105690660864
1304054238595735553
1304054274813550592
1304054333122650114
1304054377091457025
1304054421828055042
1304054468506316800
1304054506754367488
1304054544029155338
1304054577034125312
1304054657443012615
1304054673377300483
1304054930743885825
1304054970707185666
1304055113321861121
1304055163989168128
1304055192950919169
1304055238685589504
1304055294750752770
1304055467287760897
1304055525873782785
1304055561621630976
1304055607813578753
1304055654290653188
1304055719201779712
1304055727477198848
1304055788403601408
1304055810356580352
1304055813363896321
1304056041521455105
1304056054053888000
1304056064585822215
1304056109397938178
1304056133141835776
1304056173847404546
1304056946866044928
1304056947272974336
1304056969062473733
1303875881975283714
1303875990888865794
1303876110913073152
1303876139862106112
1303876150855454720
1303876188121698305
1303876393592332290
1303876414698131458
1303876441428373507
1303876452451061760
1303876755988545536
1303876981021384705
1303877007902748673
1303877036822454274
1303877072075526144
1303877248144085008
1303877303647305729
1303877393174736898
1303877448740876288
1303877535915225089
1303877552608403456
1303877677645008897
1303877758922170368
1303877803872382976
1303877820754669568
1303877825150189568
1303877838521671681
1303877853596061697
1303877884319326213
1303877956461187077
1303878012404989952
1303878031979683840
1303878110727659520
1303878150913359873
1303878176288829441
1303878188863455232
1303878367045980162
1303878379251392512
1303878385773535232
1303878496784089088
1303878557303820289
1303878598114205696
1303878647997173762
1303878700140765190
1303878716402151424
1303879015024013312
1303879063463800838
1303879176320098305
1303879183496441858
1303879218317623297
1303879486719406080
1303879582370721800
1303879591505747969
1303879606743650304
1303879644895219714
1303879653220732933
1303879863091290119
1303879939813511174
1303879958582800385
1303879963616083968
1303879969186119682
1303880066548592641
1303880075306299393
1303880093719199744
1303880199457722369
1303880261290143744
1303880294584512512
1303880324003377152
1303880342701395968
1303880346170265600
1303880357712982023
1303880359239716865
1303880447995326464
1303880530128142336
1303880555914825728
1303880662777294852
1303880711439618054
1303880728044859392
1303880744033423360
1303880795443154949
1303880976318238720
1303881053862596608
1303881221856952321
1303881239359877120
1303881243969417216
1303881361594486785
1303881484118392835
1303881599738695681
1303881611197308928
1303881794123493376
1303881947308011521
1303881947630927873
1303882003507539968
1303882242821947392
1303882293212336129
1303882313114288128
1303882362019815429
1303882382844493825
1303882393363849216
1303882484266930176
1303882590093365248
1303882750039130113
1303883015240646656
1303883051315810304
1303883078537011200
1303883096593489920
1303883102260002818
1303883186284294144
1303883212591169537
1303883274876588037
1303883285873987585
1303883323253469184
1303883387296382976
1303883521904254977
1303883545203617792
1303883554586275840
1303883560563208197
1303883652133253122
1303883654494552064
1303883714431258625
1303883780369846272
1303883784387997698
1303883826209452036
1303883920086364160
1303883957323390978
1303884023014600707
1303884103176028160
1303884129738600449
1303884227058958336
1303884259514437632
1303884271220789248
1303884276090322946
1303884284516872193
1303884344650592258
1303884377873616899
1303884406910857217
1303884465735786496
1303884595994165248
1303884641414180865
1303884753398042624
1303884780266811392
1303884933224640512
1303884976392413186
1303885071913541632
1303885174627655682
1303885331540840449
1303885357629530112
1303885531328032769
1303885543160320000
1303885656498733058
1303885663884980230
1303885704359968768
1303885706109112320
1303885706385862656
1303885722907279360
1303885723981012992
1303885794936061952
1303885840314241025
1303885918840016896
1303885926079303680
1303886026050605056
1303886106614693889
1303886177687273472
1303886333492883456
1303886346784829441
1303886409242161152
1303886410982846469
1303886432054980609
1303886469073956865
1303886483774992385
1303886530935574529
1303886560891412481
1303886632203018246
1303886635856166912
1303886712473559041
1303886770711527424
1303886823480057856
1303886944812793856
1303887144558252036
1303887152934199297
1303887183833595905
1303887190372618250
1303887282928193536
1303887302083506176
1303887360661229569
1303887408736342016
1303887483491569664
1303887493058584578
1303887508430819330
1303887590463074305
1303887738475868162
1303887804590632966
1303887879500894209
1303887923633242112
1303887927567699975
1303887995406147585
1303888038003580928
1303888096824442881
1303888177577381889
1303888297702416384
1303888582294171648
1303888688129044480
1303888775504773122
1303888820790853633
1303888822434897921
1303888899681394690
1303888907516473350
1303888941167374336
1303888998708973575
1303889075309408257
1303889123195920384
1303889132331073539
1303889262169878529
1303889456890511360
1303889526822178818
1303889695483584512
1303889795744030721
1303889799275839489
1303889835166400512
1303889917311815680
1303890022819606528
1303890024396730368
1303890024841216002
1303890338130649088
1303890486449512450
1303890668692135936
1303890758492205057
1303890776032792577
1303890865040101376
1304057038973153282
1304057216249589763
1304057226890539009
1304057266598019074
1304057286609047552
1304057288647376896
1304057330930200576
1304057374139973632
1304057493560193024
1304057542457335811
1304057580633890821
1304057982402138112
1304057991742861314
1304058015482548228
1304058255837147136
1304058267325394947
1304058301454352386
1304058324875456515
1304058352645931008
1304058382043803649
1304058429414215682
1304058556681945099
1304058592220258305
1304058715499360256
1304058720146595842
1304058724735221760
1304058725527883776
1304058891752189952
1304058982768807939
1304059035105271809
1304059238084497408
1304059249690112000
1304059286172114946
1304059363485777927
1304059370720854018
1304059374009225216
1304059424256950272
1304059500631031812
1304059506683531266
1304059619032080385
1304059683062284288
1304059694726742016
1304059862264016899
1304059954999906305
1304059982967721985
1304060000055308288
1304060080015454208
1304060098726289409
1304060191642615810
1304060302502383616
1304060335201095689
1304060357976248321
1304060399931678720
1304060441241550851
1304060448132694016
1304060658296803329
1304060659160821762
1304060713007185921
1304060790572486659
1304060799225298950
1304060881098211331
1304060967991554054
1304060995351052290
1304061099327717389
1304061133238788097
1304061299937161220
1304061313388347392
1304061348133953538
1304061362562191360
1304061398796959745
1304061431126646785
1304061447136325634
1304061447899619336
1304061522814087169
1304061558033580033
1304061561338834945
1304061659380477953
1304061693786427393
1304061871981555720
1304061932752830465
1304062048188469248
1304062236193951746
1304062264270639104
1304062324664406022
1304062331484340227
1304062422257414146
1304062438757871616
1304062449797287936
1304062471649533959
1304062505363427329
1304062570463141890
1304062602121826304
1304062668873977858
1304062750780522498
1304062839829737475
1304062912349298688
1304062943902879744
1304062994347745285
1304063050446548992
1304063079202918400
1304063079433621509
1304063241665028098
1304063279413821447
1304063306945175553
1304063514936586243
1304063527766949894
1304063721665224704
1304063837788942336
1304063875940220930
1304063927135776768
1304063967803904002
1304063979724177409
1304064294653493249
1304064300739420160
1304064320246964227
1304064488077955072
1304064516565553153
1304064518591447040
1304064590138036224
1304064606739062784
1304064613659684866
1304064661051056128
1304064776545411074
1304064803229425664
1304064854727290880
1304065015935365122
1304065094997901313
1304065231086407680
1304065242461122560
1304065352859553793
1304065394332839936
1304065530098188289
1304065573589000193
1304065581893648384
1304065593419726856
1304065776106733568
1304065778015236102
1304065839264681984
1304065897036906499
1304065923616309253
1304066070161043456
1304066170589413377
1304066226298261505
1304066228303126530
1304066253993119745
1304066442397061120
1304066455277907971
1304066463679082496
1304066468661932032
1304066484562538497
1304066486470762496
1304066521438789640
1304066576971227136
1304066588182818819
1304066641303605249
1304066686648307712
1304066731661459456
1304066792466386946
1304066807146438659
1304066814834552832
1304066825567772674
1304066839618740228
1304066947173163010
1304066971953238016
1304066997869711361
1304067020728807426
1304067083328778240
1304067236802572289
1304067266078797827
1304067338795397120
1304067364569444353
1304067450980446208
1304067507515465731
1304067685555286017
1304067705520168969
1304067731201953792
1304067785165803520
1304067785748873216
1304067897405431809
1304068085721313280
1304068117728030720
1304068324519796739
1304068365468737539
1304068372460711936
1304068390638755841
1304068422238691329
1304068440618078209
1304068490668707841
1304068808601006083
1304068854684045312
1304068874065924097
1304068900083163136
1304068997164523520
1304069050557923328
1304069110272323585
1304069215142387712
1304069275339108352
1304069320838766592
1304069342456360960
1304069407589707776
1304069577417125890
1304069639014461441
1304069785085513731
1304069922448977926
1304069940278951937
1304069960881311750
1304069965323145216
1304070151977959424
1304070191471624193
1304070298577272837
1304070340901875713
1304070350238609409
1304070371801550848
1304070372720025606
1304070460225642497
1304070561434230786
1304070645228032002
1304070863785013248
1304071014146625536
1304071027111202819
1304071042940297217
1304071125438099456
1304071132929232897
1304071202986655745
1304071255134404608
1304071292551860225
1304071388580511748
1304071437985239040
1304071493995945986
1304071594797654020
1304071607858626560
1304072085178740738
1303845685301714944
1303845876314640390
1303845937748549633
1303845964030107648
1303845965116387330
1303846043361181696
1303846058330652673
1303846124244160513
1303846237385359361
1303846269979426816
1303846271489380352
1303846304511123456
1303846308025905153
1303846456990855170
1303846496555724800
1303846510078066690
1303846509667061767
1303846535122255873
1303846564373331968
1303846604840017920
1303846623991209984
1303846688059273219
1303846692173877249
1303846772549259266
1303846952522653696
1303847010588598272
1303847092000100353
1303847127966191616
1303847395550257152
1303847402063892480
1303847432506101760
1303847453574287360
1303847511732490240
1303847533093875712
1303847592728510464
1303847668150603784
1303847683396829185
1303847793400967169
1303847804612358144
1303847937923977219
1303847982425690112
1303848028621680640
1303848180396642304
1303848254774194176
1303848339679580160
1303848380670660608
1303848557393457153
1303848591681880064
1303848749811277825
1303848797252931585
1303848897895428098
1303848912155897857
1303848994154647552
1303849091177250816
1303849102569078784
1303849129164959745
1303849144335904768
1303849234790219778
1303849336556716033
1303849354361335808
1303849409374040066
1303849420568457216
1303849491653636096
1303849505482301450
1303849554442362881
1303849601737334787
1303849649124630529
1303849683618377728
1303849684721598464
1303849769522155520
1303849858697170944
1303849888447213568
1303849986233438210
1303850017850040320
1303850065501405186
1303850234225848321
1303850302563590144
1303850309542907905
1303850338831593472
1303850501222604802
1303850508881362944
1303850543954051072
1303850557568946177
1303850561759043586
1303850659096203264
1303850702054154242
1303850747944153088
1303850751421161473
1303850827304624128
1303851038940725249
1303851100013883393
1303851125511278592
1303851141269082114
1303851187637280774
1303851217911771136
1303851261733863424
1303851263688310784
1303851389357940736
1303851405329956866
1303851416868487171
1303851530567602177
1303851570031861762
1303851599857680386
1303851603158601729
1303851658619875329
1303851678513410049
1303851733685338113
1303851777930833922
1303851825477623808
1303851862056108034
1303851876480319488
1303852011910303744
1303852086912839680
1303852120341348352
1303852233990127616
1303852305939345409
1303852322703831041
1303852521191084033
1303852545777958914
1303852551037751298
1303852551326949376
1303852562731368450
1303852648131592192
1303852666561462273
1303852708428951553
1303852719380201472
1303852754666831872
1303852791954276352
1303852852343984129
1303852854864752640
1303852893905121280
1303852982535159809
1303853079050280961
1303853098297774081
1303853111694548994
1303853205625819137
1303853215767842817
1303853351663144960
1303853361054314497
1303853364141338625
1303853372127281152
1303853395745349632
1303853437373693954
1303853474233200640
1303853525362003979
1303853712692060160
1303853809769295878
1303853829503344640
1303853994612273153
1303854028670066689
1303854097225916418
1303854115383136257
1303854131325665281
1303854132806201344
1303854135305854976
1303854145250701319
1303854230244126720
1303854239928791040
1303854371264966658
1303854415032573952
1303854441372815364
1303854464726495232
1303854520540246016
1303854586231435265
1303854592820760576
1303854732163735552
1303854733518610433
1303854781522489346
1303854817052250114
1303854827383009280
1303854906445639680
1303855053539864576
1303855069994143744
1303855118589329415
1303855128341078018
1303855193491222533
1303855244166660096
1303855257739341824
1303855277331030016
1303855339520040960
1303855339670921216
1303855353466097664
1303855396835205122
1303855465026256897
1303855480205463552
1303855596836397057
1303855621721255938
1303855876629958658
1303855932460470272
1303855933848719361
1303856318218940416
1303856443381166080
1303856498909552642
1303856528575868928
1303856714681397249
1303856753252147201
1303856805026689026
1303856841617584128
1303856885733433344
1303856921095606273
1303857015953829889
1303857081506725891
1303857099101949952
1303857122451623936
1303857207977693185
1303857283995181056
1303857388471058438
1303857498625986560
1303857523695386624
1303857560231882753
1303857583850172417
1303857695124893696
1303857695406067713
1303857977741410305
1303857984452222976
1303858004337590273
1303858022486282240
1303858068669726722
1303858109551697925
1303858114081554432
1303858130619715585
1303858238832750593
1303858513031036928
1303858649283137537
1303858825963823104
1303858909875261440
1303858942418788352
1303859134534746113
1303859352269447170
1303859398482288640
1303859440827863042
1303859449799626752
1303859465540702208
1303859488995377153
1303859611703939076
1303859617672302592
1303859651524558848
1303859797712867330
1303859801294811142
1303859835361005568
1303859895767359496
1303860004458430466
1303860080279015427
1303860152119033862
1303860273858711553
1303860394906341376
1303860428586577921
1303860470504468480
1303860476431020033
1303860702894055425
1304087284560678915
1304087317968232454
1304087426923716613
1304087531986857988
1304087695740858368
1304087760115036163
1304087806629875716
1304087816641695749
1304087842373558273
1304087973919629316
1304088002147291138
1304088104265940992
1304088137472176128
1304088577261871104
1304088626230259712
1304088723336957959
1304088808527400965
1304088845529444357
1304088870385061888
1304088977423519744
1304089078393053185
1304089091990941702
1304089114422079489
1304089214640947202
1304089283863609344
1304089370471866368
1304089398452125696
1304089408556142600
1304089417271971842
1304089525472432138
1304089648789151746
1304089658784186368
1304089668191952896
1304089700693614592
1304089716699131911
1304089791177211904
1304090073332363264
1304090074821193728
1304090086213062662
1304090095956324352
1304090123798228995
1304090190043066376
1304090238923534337
1304090274319208449
1304090340593369088
1304090407932813313
1304090477252284422
1304090501281390592
1304090509917351936
1304090592474025990
1304090619963473920
1304090723550203911
1304090854152380417
1304090890676441089
1304090897139802118
1304091046821982210
1304091084436525057
1304091155844526080
1304091231668985856
1304091285318504448
1304091309431492613
1304091369363906560
1304091391639908354
1304091545893834752
1304091648683630592
1304091825788026885
1304091834889666560
1304091962199416844
1304091983946883072
1304092008814960647
1304092121788370945
1304092133545005057
1304092208698621952
1304092309588328448
1304092366366674944
1304092409702223872
1304092434683564040
1304092509027610629
1304092573032763392
1304092627650871298
1304092712757493761
1304092773772144648
1304092871201497089
1304092873227292672
1304092891749298176
1304092917275996162
1304092987392028677
1304093092509814786
1304093102408380418
1304093191340204033
1304093340892368898
1304093419447312384
1304093602813968384
1304093625173913600
1304093640625541121
1304093704752443392
1304093715972198402
1304093792866381824
1304093907169546243
1304094022731018242
1304094044415549440
1304094059544350720
1304094084261388289
1304094110911954944
1304094122190413826
1304094250145951745
1304094257377087494
1304094519302914048
1304094607270195203
1304094701629341696
1304094752745365507
1304094800900247554
1304094805195214850
1304094831518642181
1304094855841214469
1304094895993311234
1304095114780905473
1304095181730443265
1304095257471066115
1304095439533338624
1304095463281491969
1304095517253738496
1304095706840551425
1304095726943821830
1304095814063665160
1304096009723805696
1304096075565785088
1304096183607066631
1304096190045327360
1304096703998554113
1304096708704444416
1304096713674756099
1304096727226609664
1304096821464182796
1304096877504155648
1304096920294641664
1304096926779006978
1304097001945128965
1304097572538257408
1304097572923949057
1304097579106533376
1304097613919195137
1304097763009929227
1304097854353440773
1304097890944466944
1304097934762536961
1304098110910525440
1304098133723488256
1304098181920165888
1304098433217826816
1304098499043168256
1304098545612587009
1304098549202853889
1304098550557671424
1304098567368445952
1304098571017285633
1304098613140709376
1304098722964533251
1304098843559157761
1304098875448459266
1304098886517219335
1304098908352770050
1304099104537092097
1304099235860639744
1304099312448630786
1304099507156791298
1304099596772155392
1304099626421633024
1304099747083370498
1304099858752696325
1304099908694274049
1304100056598011904
1304100110968803331
1304100114294685701
1304100247669551110
1304100275200851968
1304100315021615106
1304100453873901570
1304100675077443592
1304100690227343360
1304100702537633795
1304100796599087107
1304100866006413316
1304100870167166976
1304100900676554752
1304100918842085376
1304100960231456769
1304101036886556672
1304101084609294336
1304101318190149633
1304101362872004611
1304101455360450560
1304101524424085504
1304101535316574210
1304101537233268736
1304101613120954369
1304101660747354113
1304101699674501121
1304101713675198471
1304101813952544769
1304101901005287425
1304101955967606787
1304101964427321345
1304102031217618944
1304102172435546114
1304072167705980928
1304072226245881856
1304072378524332032
1304072459516248067
1304072509743140864
1304072558900281347
1304072588256260103
1304072675770462218
1304072741545541633
1304072800999739393
1304072845773996032
1304072875213684736
1304072961318465536
1304073169452576778
1304073209596325888
1304073195524435970
1304073311362654209
1304073539461545986
1304073597812535299
1304073710777831424
1304073710987612166
1304073740012019713
1304073801764950018
1304073954387283969
1304074068451262464
1304074119902887938
1304074152731705344
1304074175217270784
1304074251914313731
1304074331392282624
1304074382529171456
1304074418461839362
1304074514662395907
1304074516788736000
1304074551450533888
1304074551706304513
1304074593230041094
1304074661873868802
1304074722464931846
1304074820926070789
1304074826835873792
1304074900005675009
1304074943941013511
1304075090028457987
1304075108731039745
1304075109548744704
1304075143619072001
1304075225634668545
1304075270710857730
1304075350884773893
1304075358526898176
1304075368966451203
1304075550290448384
1304075559132164098
1304075597879144449
1304075632729612288
1304075636198109184
1304075769438707714
1304075791429505028
1304075809578156032
1304075870966030339
1304075898170171392
1304075942369820673
1304075981699739648
1304075990507884544
1304076031108608000
1304076285983981569
1304076364476223489
1304076480171978759
1304076481040007168
1304076621993988103
1304076734975873029
1304076747730632706
1304076787379560448
1304077041021714432
1304077066061656065
1304077120319025152
1304077154569924609
1304077169065418765
1304077186190782468
1304077243526918147
1304077260924899331
1304077277194522625
1304077316709117952
1304077352306008065
1304077370819837954
1304077379099189248
1304077461739786241
1304077471772336128
1304077547353726976
1304077722700963842
1304077730481188864
1304077818117062656
1304077822781161472
1304077833136992257
1304077926422450176
1304078014125240320
1304078163337719813
1304078205591093260
1304078376529997826
1304078586241077251
1304078640150441984
1304078768558964736
1304078848200454152
1304078896913145856
1304079016018800640
1304079041033457665
1304079045328547840
1304079069152186368
1304079135019593728
1304079148382670849
1304079259690967041
1304079348320948229
1304079419217190912
1304079452217974784
1304079515472322561
1304079581515845636
1304079612062953472
1304079697878241280
1304079704983470083
1304079731109830656
1304079910655279104
1304079955622596608
1304080007480963076
1304080084551303170
1304080104230850560
1304080122484408321
1304080148367634434
1304080178134614016
1304080204936159232
1304080281125748739
1304080311765135360
1304080336511537153
1304080423614476288
1304080500777246723
1304080570155241480
1304080633774379010
1304080716892962816
1304080758554861568
1304080808924385281
1304080855338545152
1304080857783775237
1304080972619554816
1304081111761539079
1304081190375362560
1304081358155853824
1304081368645873666
1304081411176050689
1304081654630080515
1304081672011313153
1304081746401648641
1304081832749793283
1304082101965381634
1304082211335884801
1304082242256470021
1304082285172383745
1304082314507497472
1304082353921298432
1304082368223825920
1304082487014981632
1304082650811031552
1304082737746382848
1304082844445073408
1304082992499916800
1304083212617109505
1304083303960461315
1304083367839911938
1304083539529531393
1304083559385268225
1304083575323717632
1304083594386632704
1304083736741511179
1304083770509635586
1304083887782539264
1304083896032690180
1304083974503960576
1304084003306299393
1304084227919679491
1304084238787112960
1304084263730638850
1304084307938598914
1304084326112530439
1304084501006618629
1304084512306065409
1304084546942644225
1304084571512860672
1304084605864206338
1304084680828792832
1304084748638261253
1304084793261346816
1304084932654968833
1304084933120532480
1304085005707091969
1304085448482979840
1304085462852698119
1304085525549248512
1304085744185536514
1304085918467469312
1304085967989596164
1304085999622987777
1304086041637380096
1304086056053088256
1304086084222169089
1304086100944867329
1304086211099754497
1304086335549046787
1304086489962225665
1304086497184935943
1304086581163298822
1304086714277941249
1304086734385197057
1304086755008634881
1304087018981462017
1304087027055497216
1304087044243640321
1304087122455023616
1304117437697110016
1304117542194216962
1304117622120878080
1304117689137475584
1304117730400927747
1304117750399459329
1304117803201560588
1304117859262619649
1304117930435764227
1304117938711080960
1304117943790428162
1304118022723055622
1304118293519765505
1304118300734099457
1304118434687524864
1304118463863103494
1304118494368280578
1304118518753918977
1304118540954472452
1304118550265765893
1304118577285402625
1304118610999291906
1304118623242465288
1304118627218718723
1304118726065750016
1304118823189204997
1304118846643675136
1304118950393982978
1304118984296587264
1304119018949873665
1304119097463054337
1304119101363818497
1304119174428585987
1304119210449072128
1304119266992705537
1304119320465813511
1304119330821595138
1304119368918462465
1304119457309249538
1304119611458072576
1304119816505225217
1304119932653768704
1304119938550886402
1304119957991510016
1304120048139862019
1304120214661914624
1304120334149353472
1304120396808151040
1304120415099314177
1304120438293958656
1304120503410421760
1304120522800795648
1304120537979944966
1304120542941843457
1304120581764374528
1304120645375201283
1304120810517311488
1304120901617815555
1304120911642202113
1304121098087346176
1304121113031606273
1304121171059847168
1304121242358743040
1304121276022235137
1304121422713884672
1304121514510475266
1304121644856872962
1304121676607619073
1304121738784112641
1304121845902454790
1304121997530525697
1304122042753658882
1304122306277507073
1304122358152736768
1304122376657936384
1304122403757453313
1304122684666605568
1304122717847855104
1304122733673013254
1304122958206636037
1304122958995226624
1304123068260986880
1304123193595232258
1304123446415171584
1304123477872517121
1304123479269150720
1304123538475950080
1304123913430069251
1304123961178021889
1304124076160479233
1304124084926775296
1304124172730273793
1304124259179134976
1304124396773146624
1304124530361880577
1304124660112654336
1304124757181423620
1304124859786694657
1304124897224871936
1304125000325230598
1304125015751880705
1304125298359894019
1304125351132622849
1304125440676818944
1304125510893670401
1304125829622804480
1304125842692493313
1304125924682547201
1304125938632810498
1304125979128930304
1304125981544845312
1304126079637041153
1304126191645974528
1304126204052529153
1304126204270776321
1304126206804201473
1304126320859807744
1304126342284349443
1304126344725291008
1304126380058259457
1304126482097278976
1304126526972198913
1304126663794585600
1304126712427548674
1304126738235109376
1304126782732263424
1304126944502579201
1304127081278771203
1304127133250449409
1304127334870667270
1304127355435257856
1304127410535886848
1304127444857876481
1304127470346604544
1304127473408503809
1304127483483099137
1304127546552922112
1304127636810080256
1304127654124290048
1304127813604134912
1304128061621895170
1304128099047661571
1304128153569439745
1304128190143778817
1304128254958280707
1304128376429580291
1304128462047916033
1304128588262776832
1304128656080543744
1304128779762065408
1304128955218354176
1304128958611566592
1304128968501596161
1304129030661300225
1304129059413209089
1304129081852780545
1304129147355234304
1304129314095538176
1304129364762689536
1304129610859204608
1304129661199319044
1304129670334623749
1304129817676308482
1304130114108698629
1304130139635068928
1304130189786517504
1304130286494474240
1304130306446888962
1304130344820649992
1304130437258895361
1304130467092811776
1304130526685597697
1304130560147808259
1304130599293276161
1304130632285597696
1304130755887591424
1304130800179458049
1304130810136666119
1304130870329192448
1304130954793869312
1304131096087613442
1304131180183408644
1304131181521317890
1304131209698709509
1304131217088868352
1304131220973015046
1304131287813427200
1304131447071158272
1304131523004829703
1304131584250048512
1304131636649488384
1304131717167374336
1304131882565513216
1304132053076590592
1304132061062668290
1304132121271980032
1304132324616007691
1304162738764120064
1304162821542940679
1304162823908384768
1304162841075695616
1304162937410596865
1304162966997102592
1304163078607704069
1304163112778633217
1304163116050251776
1304163228298215425
1304163245071237121
1304163368022941696
1304163406220603394
1304163429197008903
1304163517809831937
1304163571467784195
1304163579109744641
1304163817245548544
1304163823419449344
1304163910770098177
1304163926158999552
1304164047374315520
1304164080161357826
1304164414707453962
1304164439306850304
1304164533775134721
1304164645628977153
1304164691279843332
1304164780190527488
1304164947207901186
1304164968762208256
1304165013654048771
1304165022306885632
1304165084524998656
1304165098219622405
1304165183204532231
1304165221481799680
1304165226162470912
1304165250191638528
1304165332962156545
1304165359952572418
1304165509630488585
1304165546364035072
1304165749125251077
1304165797489713152
1304165866418958336
1304165932395364356
1304166061349187584
1304166077186760704
1304166101090283528
1304166104814645248
1304166137358413824
1304166196741378054
1304166245613232129
1304166261299924992
1304166324537561089
1304166326433394692
1304166592901570562
1304166625097248768
1304166672991956992
1304166771780321280
1304166930941534209
1304166960003940353
1304166988042760193
1304167027448446976
1304167028538912768
1304167081802371075
1304167082083274752
1304167200203378688
1304167264921550849
1304167269287813120
1304167468248645632
1304167476704563203
1304167525307961344
1304167643386052608
1304167715314085888
1304167864304271366
1304167903227523073
1304167906415185923
1304167936077312001
1304168049264783360
1304168073016958976
1304168078654214145
1304168140973117440
1304168266923900929
1304168283059425280
1304168403926740992
1304168407332540420
1304168429683912707
1304168467222982657
1304168708374441985
1304168708747583489
1304168980039397377
1304169010083237888
1304169042245283840
1304169203067363328
1304169207140151296
1304169364438958080
1304169552004231172
1304169753892851719
1304170009401290752
1304170035401895943
1304170036894920704
1304170067526123521
1304170076673720322
1304170141605924868
1304170174732406785
1304170272082198528
1304170289924902915
1304170294056288256
1304170314226708483
1304170319775772675
1304170373789831168
1304170431394578432
1304170560004521994
1304170711003672578
1304170889852997633
1304170896622575619
1304170902662176768
1304170997352980486
1304171059730550786
1304171163451625474
1304171184116899847
1304171263598919682
1304171321098731520
1304171333719339008
1304171369358331905
1304171389860020230
1304171527877918726
1304171577983016962
1304171586279350272
1304171611164155904
1304171633033318400
1304171768362536962
1304171785408184322
1304171846573662212
1304172035120062464
1304172142834126848
1304172167047905282
1304172177680486400
1304172180729729031
1304172191437729792
1304172331514773504
1304172426763407360
1304172469104893952
1304172499865829377
1304172523479879681
1304172717344788483
1304172766304694272
1304172831803047937
1304172998602248193
1304173093259223040
1304173107071066112
1304173221357461508
1304173225438523392
1304173324822548482
1304173388240359424
1304173616397979651
1304173671767060480
1304173694831468545
1304173785516511232
1304173811198287873
1304173993738539008
1304174008674455553
1304174245489057793
1304174373553811458
1304174404838940673
1304174472677806081
1304174567829770240
1304174574989316096
1304174726013546497
1304174817298411520
1304174883832770560
1304175152071139329
1304175161625772034
1304175364118204417
1304175384821477377
1304175537582153728
1304175562244513792
1304175603457769473
1304175644109086720
1304175871528321024
1304175899420418048
1304175931871735808
1304176208972832770
1304176211988484102
1304176329135255552
1304176399322767360
1304176433422630912
1304176487004688384
1304176507460423680
1304176555510444038
1304176582643384320
1304176678802001921
1304176695063314433
1304176792480219139
1304176824792961024
1304176831831080960
1304176948575436803
1304176961250562049
1304177222681583616
1304177315560251394
1304177414684114945
1304177675120988160
1304177758273110016
1304147763362279424
1304147860628230144
1304147956145123328
1304147978861510656
1304147988747517952
1304148193618178054
1304148199226175492
1304148263252250627
1304148309905473536
1304148323683766272
1304148520887345152
1304148585450070016
1304148740685656069
1304148784079712256
1304148895945994240
1304148907367313408
1304148946445508608
1304149096832229377
1304149182136147968
1304149269260185600
1304149278013652992
1304149390886604801
1304149434444513282
1304149521706950656
1304149538110799872
1304149726879649792
1304149895784337410
1304149920291659776
1304149986385559554
1304150004471271424
1304150275221893122
1304150318398152706
1304150334395289601
1304150435641659394
1304150439718510593
1304150493724377113
1304150663820177409
1304150765502693377
1304150845613719552
1304150854472269846
1304150875099856896
1304151222899757056
1304151244752248832
1304151421542072328
1304151429414711296
1304151625720909825
1304151637943103489
1304151665843396608
1304151709418008577
1304151715495649280
1304151893271347204
1304151978336026628
1304152132002738178
1304152173719281665
1304152272960512000
1304152282385313794
1304152445787013150
1304152478909255681
1304152545208795142
1304152627983212544
1304152689266360334
1304152773215375364
1304152779632635905
1304152869784834048
1304152887652618240
1304152949061488640
1304153106566049797
1304153134650908672
1304153177974026244
1304153259247050753
1304153274308648960
1304153284064628736
1304153293124501529
1304153352704528384
1304153516710264839
1304153546493956097
1304153773049360385
1304153864896163840
1304153963495936002
1304153977001373698
1304153985348022272
1304154158245781506
1304154176373641218
1304154283009609729
1304154331688710144
1304154414375206923
1304154608462368768
1304154621141811200
1304154622316093445
1304154703584997376
1304154725726781448
1304155037631995905
1304155114341629961
1304155130280005634
1304155149976449025
1304155175666487298
1304155334018301962
1304155347498795012
1304155496107180033
1304155615791656960
1304155698037620736
1304155709026828288
1304155723534925845
1304155836948705281
1304155898806444032
1304156048350216193
1304156052254912512
1304156094697058304
1304156187479302145
1304156284145541120
1304156304450215937
1304156433341181954
1304156486696759296
1304156501272137729
1304156522394669056
1304156544855089155
1304156583497273346
1304156681014833160
1304156808307671043
1304156811973595136
1304156937282621442
1304156981293391873
1304157001681780742
1304157041229955075
1304157297292304390
1304157409976266752
1304157436291493889
1304157438069874691
1304157475021770754
1304157521775656960
1304157853607890944
1304158071170592769
1304158117048000519
1304158146009600000
1304158309751164930
1304158338851024897
1304158526600863744
1304158532992933890
1304158559739895808
1304158618238025728
1304158652731801600
1304158679617490948
1304158776199708678
1304158884819546113
1304159028176658437
1304159196548456448
1304159203716673543
1304159364069109762
1304159396344209408
1304159405441576960
1304159488715390982
1304159491185881088
1304159633016152065
1304159633783881728
1304159636971548681
1304159783470198785
1304159831574618116
1304159888457818112
1304160024135004160
1304160455552720897
1304160461122867202
1304160605025304576
1304160606535200768
1304160626256809984
1304160693298425856
1304160780988735488
1304160802165764096
1304160913017237510
1304161005719687169
1304161123898458114
1304161301917294593
1304161380749250564
1304161425280040960
1304161457643364353
1304161744328298499
1304161781909262338
1304161829455884290
1304161872489316353
1304161970053091330
1304162006254190592
1304162257392275456
1304162315328262144
1304162432907202561
1304162440662462470
1304162462548148229
1304162489735749632
1304162616038879242
1304162616345059331
1303891081797533696
1303891126751961088
1303891172201566209
1303891238597214209
1303891270738165762
1303891383799943169
1303891461272821761
1303891521146626050
1303891778131693569
1303891797974884359
1303891888676585472
1303891962450173954
1303892031358611456
1303892684717854720
1303892755500892160
1303892778326405120
1303892822408531975
1303892827697549312
1303892902452637696
1303892910404902912
1303892973239906304
1303893039669276673
1303893122905255936
1303893184041418752
1303893219013464064
1303893306821275648
1303893541786132480
1303893733579132928
1303893814818385920
1303893823739826178
1303893961333858305
1303894019668402180
1303894154552815618
1303894209808789504
1303894331091189760
1303894443674578944
1303894509848326144
1303894662860681217
1303894736584028160
1303894761976160258
1303894794129805313
1303894834445508608
1303894836878008321
1303894851600121856
1303894864116043777
1303894869132414976
1303894920416108544
1303894961843326976
1303895123546251264
1303895168156946433
1303895260947533824
1303895304232669185
1303895316186292224
1303895512978915328
1303895517450178560
1303895565457977344
1303895580909985794
1303895655472005120
1303895753157378050
1303895777136132117
1303895782626439169
1303895845029515266
1303896002529767424
1303896041142484998
1303896246386659333
1303896296521048064
1303896323255611392
1303896430587924480
1303896454457511937
1303896470102433797
1303896523890196483
1303896549047451648
1303896577585459201
1303896670346723329
1303896692941438978
1303896801758646273
1303896803545288704
1303896820335034369
1303896900077334528
1303897014095282176
1303897025029779456
1303897070005256192
1303897167283630080
1303897260120567808
1303897535602462726
1303897577830723584
1303897586890354689
1303897682218569730
1303897699473907713
1303897759737618432
1303897829119799296
1303897845494288385
1303897854545666048
1303897897591812099
1303898104500953088
1303898106895847424
1303898250840219648
1303898270326898689
1303898292875558912
1303898719906131968
1303898845735251968
1303898934490750978
1303899003042574337
1303899046180945921
1303899080616271872
1303899136593453056
1303899148102414336
1303899205380050945
1303899218206048257
1303899267837329409
1303899298984157187
1303899316432637953
1303899343812874241
1303899388855504897
1303899479419113473
1303899502949040129
1303899602295218176
1303899642631827456
1303899740086517761
1303899751260119041
1303899873603973126
1303899885771665409
1303899888355246085
1303899918218608641
1303899937537757186
1303899954683969537
1303899958849024000
1303899966994341889
1303900005196066819
1303900103061667840
1303900181772075010
1303900402048364544
1303900497393455110
1303900562493235202
1303900657724715009
1303900754185318400
1303900828428795904
1303900898091991041
1303901222085079040
1303901231069315072
1303901319791554560
1303901337499783169
1303901398195728392
1303901401811169281
1303901512041594880
1303901527191572480
1303901560108318720
1303901616387440640
1303901672121401344
1303901697706582017
1303901860634464257
1303901869551611906
1303902023897755650
1303902071435993088
1303902074371858434
1303902189035823104
1303902250809655297
1303902340345294849
1303902368128552965
1303902394091266048
1303902431017926659
1303902440790523906
1303902491331956736
1303902521774100482
1303902704700452864
1303902757053628416
1303902760304291842
1303902775428882432
1303902821411098625
1303902879028305921
1303902895360880640
1303902967154667526
1303903035702358016
1303903041318350848
1303903047328833537
1303903049564467200
1303903066316574723
1303903102924394496
1303903120423034882
1303903125439348737
1303903269794787334
1303903304368435200
1303903371573764096
1303903398580813825
1303903420517097473
1303903435683700736
1303903483960201221
1303903595163598851
1303903621021609985
1303903799271133184
1303903810184593410
1303903944951894017
1303904021967761408
1303904259952570368
1303904384280035329
1303904392484184065
1303904505285677062
1303904530678063105
1303904562756157443
1303904611590443008
1303904712073175041
1303904816649785345
1303904832944836609
1303904930864848898
1303904965992288257
1303905067775463424
1303905071487307777
1303905107663351815
1303905116051963905
1303905232934580224
1303905432977600513
1303905754873815040
1303905862487027713
1303905872331051009
1303905922301870081
1304027110122627073
1304027126727929857
1304027184118607873
1304027246496223232
1304027290498727937
1304027462830108677
1304027504718409730
1304027599719391232
1304027709673213952
1304027718124789765
1304027746977361920
1304027872210939906
1304028063974522882
1304028109805629441
1304028157318701061
1304028377108619264
1304028405256642560
1304028482356248577
1304029097346174978
1304029131160662016
1304029372668686336
1304029554751594496
1304029558555971584
1304029558988066821
1304029567229853696
1304029708217192449
1304029851800739847
1304030093614804992
1304030139693498369
1304030153568378881
1304030311530016773
1304030346669969409
1304030440408395777
1304030524500045824
1304030554149576705
1304030555701469190
1304030622197911552
1304030652170412032
1304030810643849216
1304030833062416384
1304030884220334081
1304031495389143040
1304031658010644480
1304031788575199234
1304031871811178498
1304031950685036544
1304031995895443463
1304032047548321792
1304032074870001665
1304032137235107840
1304032175113764865
1304032525954633729
1304032528039211014
1304032544434786304
1304032639326838784
1304032889525473281
1304032961474498561
1304033011172810752
1304033017636229121
1304033076117483521
1304033084220768257
1304033123546480641
1304033127778582530
1304033141271691265
1304033159735017478
1304033208489697282
1304033230815981571
1304033274998730752
1304033391294152704
1304033607451901954
1304033627131478016
1304033642382057473
1304033664431521792
1304033672211955712
1304033730084864002
1304033792642998272
1304033920216948736
1304033966480150528
1304034043269468161
1304034136827465729
1304034146113802251
1304034167898873856
1304034227298668545
1304034477111496704
1304034706430857219
1304034707273777152
1304034759534837760
1304034835011457024
1304034979719110658
1304034982973911040
1304035040242925577
1304035066033692673
1304035096396259328
1304035201685893121
1304035251317026816
1304035400386707456
1304035429738598405
1304035543194284032
1304035807263633412
1304035835793362944
1304035861349019648
1304035942949359617
1304035946359410689
1304035959080710145
1304036150936510465
1304036255441858561
1304036259342491653
1304036270616842240
1304036311934873600
1304036322533924869
1304036515832619008
1304036538028711936
1304036541891739648
1304036650251685893
1304036687463493632
1304036706514018305
1304036805822603269
1304036905785290752
1304036918712324096
1304037020843610112
1304037033661419521
1304037071216979968
1304037126829465600
1304037143195549697
1304037209260142592
1304037318173642753
1304037337329004544
1304037338708938752
1304037363555991552
1304037390634356737
1304037496993570818
1304037508079063043
1304037535920906240
1304037563469099009
1304037782369828866
1304037813172674560
1304037851177324544
1304037963383283718
1304038105918386181
1304038192333688832
1304038212734779395
1304038339901825025
1304038418444288000
1304038430888701952
1304038522450571264
1304038531027939328
1304038757071564805
1304038760632459266
1304038803015905281
1304038817834336256
1304038863963394049
1304038879465320448
1304039018586427394
1304039042884009984
1304039139394936832
1304039226670014465
1304039283255373825
1304039320182050820
1304039434770427906
1304039464138936320
1304039474922483712
1304039544787009538
1304039600839630850
1304039619634364417
1304039662676189184
1304039749523402752
1304039796445196288
1304039800635301889
1304039820327563269
1304039887813910529
1304040018839834624
1304040122330107905
1304040149123301378
1304040224733966337
1304040236557766656
1304040302701875200
1304040313749676034
1304040316136284162
1304040363171209216
1304040376186044416
1304040437682929672
1304040677672710145
1304040755955142657
1304040816256655365
1304040818907508742
1304040824284512256
1304040860259057669
1304040895596068864
1304041134902185985
1304041165407150081
1304041203344846848
1304041309821337601
1304041368126476290
1304041377718624256
1304041424829190144
1304041442935889920
1304041598825750530
1304041634900836354
1304041641863413765
1304041755138981888
1304041770754473984
1304041798898196481
1304041798898196482
1304041806703648768
1304041831727075335
1304041839280914433
1304132546624663556
1304132561787027457
1304132570981052416
1304132590228705282
1304132596293566472
1304132667538014211
1304132868273209344
1304132883305639939
1304132907355828226
1304133130777845760
1304133149769621504
1304133210956337153
1304133257936728067
1304133313981018113
1304133316992552962
1304133353608798210
1304133444327206912
1304133532189691910
1304133544034275328
1304133596010213377
1304133600586203136
1304133650351415296
1304133787089924098
1304133792420954112
1304133984914419713
1304134055198257152
1304134206432440320
1304134265723146243
1304134353966960641
1304134387844493316
1304134473215213568
1304134536704536576
1304134583714222082
1304134598029434884
1304134672729997318
1304134762370564099
1304134787125239808
1304135074787491842
1304135384725630976
1304135412517154816
1304135471472291840
1304135506238861322
1304136038059855873
1304136051779416066
1304136083723124742
1304136132930744320
1304136162710351872
1304136165440749570
1304136218230358016
1304136242527973377
1304136242523770882
1304136289265102848
1304136308697174017
1304136325403217920
1304136652781223936
1304136719793623040
1304136967307714560
1304137044592152578
1304137072031264772
1304137082097590273
1304137123511939072
1304137151836123136
1304137214331297792
1304137242097725440
1304137268182032384
1304137472822194184
1304137496952016897
1304137549154119680
1304137638593679360
1304137679353688064
1304137690468802560
1304137759876091904
1304137862783201280
1304137906735312902
1304137913349804032
1304137962137870336
1304138025668997120
1304138123312377857
1304138337247256576
1304138412413382657
1304138421292748802
1304138457862811648
1304138661563375616
1304138673781342213
1304138746082676736
1304138770334257154
1304138809836220417
1304138877146402817
1304138887317483520
1304138966493466626
1304138993475313665
1304139018603429888
1304139068381507586
1304139143530897417
1304139256265420806
1304139607924240384
1304139643789737987
1304139738144804864
1304139819988201474
1304140003979784194
1304140006710222848
1304140009516208132
1304140069884833792
1304140072812503040
1304140101296029698
1304140167901519880
1304140397946564615
1304140536132112385
1304140601223344128
1304140656345067523
1304140802940166146
1304140912591663105
1304140957462540289
1304141088496721920
1304141145006657541
1304141162815664128
1304141166976397314
1304141347008516097
1304141585710567424
1304141667688230912
1304141671580479489
1304141707785560064
1304141734713098241
1304141761963536391
1304141772734562312
1304141791726313474
1304142126049972224
1304142152365232133
1304142251837325313
1304142296024219651
1304142456716320768
1304142494221778944
1304142502790918150
1304142628162805762
1304142653034881024
1304142682986438656
1304142724669480960
1304143060935286785
1304143065419059203
1304143139767283714
1304143157064589312
1304143173917315072
1304143180397457409
1304143323674873856
1304143323892912128
1304143355388059648
1304143372601434114
1304143377500430336
1304143555531739136
1304143584409587712
1304143752618029056
1304143805906649091
1304143917307191296
1304144091513532417
1304144242676170752
1304144291158061058
1304144319314644992
1304144391456526337
1304144446724993030
1304144504052744192
1304144588853129216
1304144661502504960
1304144868466479107
1304144902444535815
1304144988201050113
1304145059609227264
1304145284822437889
1304145307677208582
1304145387805057024
1304145406662766593
1304145530524782593
1304145600036831233
1304145681867661312
1304145746384560132
1304145777640513539
1304145783944622080
1304145807692754948
1304145901510733824
1304145941671239681
1304146028380053504
1304146083967152128
1304146175688232960
1304146192763240448
1304146265593114627
1304146401451012096
1304146492790251521
1304146495361482757
1304146555059023872
1304146600604778496
1304146629054926849
1304146705089257474
1304146734701056000
1304146782050496514
1304147056190078977
1304147100263829504
1304147198532358151
1304147213400961024
1304147248582922246
1304147261673426944
1304147281864785921
1304147304375615490
1304147366677807105
1304147417437270020
1304147419224047620
1304147431353974786
1304102424953716737
1304102460647239685
1304102492138020865
1304102505773707264
1304102557158002688
1304102582659559432
1304102592537145344
1304102666843426816
1304102887325302785
1304102908636651525
1304102940735664131
1304103170843578370
1304103502004785152
1304103670636666881
1304103677070839810
1304103678320746497
1304103877923409925
1304103894646226946
1304103901256249344
1304103920898371585
1304104015894949888
1304104226671538176
1304104253074608128
1304104404900089856
1304104451268128769
1304104511095681026
1304104543156797440
1304104545006411776
1304104663474634758
1304104782420819968
1304105000893808641
1304105036222357504
1304105089016016897
1304105118036619264
1304105181009846272
1304105358030446594
1304105365357854721
1304105371091562496
1304105533817917441
1304105606207410176
1304105699354566657
1304105709848719366
1304105737048616960
1304105803624972292
1304105847874748416
1304105848373874688
1304105863871959042
1304105947976040451
1304105989684293635
1304105998420971520
1304106245192929282
1304106422284804097
1304106434930507776
1304106449614766081
1304106661578182657
1304106728930381824
1304106751097176064
1304106933931184129
1304106949047398400
1304107056476172290
1304107403370049536
1304107494763974656
1304107516637458432
1304107646610534401
1304107699035086848
1304108119434424320
1304108121472860160
1304108269502427136
1304108406072963072
1304108429091332096
1304108630854250497
1304108642174668800
1304108700685262854
1304108910765277184
1304108950950948864
1304108998170345472
1304109022828793856
1304109099576184832
1304109199710978048
1304109226764140544
1304109318271315969
1304109344179531779
1304109426077577218
1304109511574269955
1304109552107835392
1304109590351618050
1304109660753063937
1304109710665289731
1304109855502811137
1304109855410712578
1304109899178274816
1304109933936304128
1304109980656771072
1304110073682239488
1304110125427257344
1304110139868418048
1304110285658009601
1304110290687197185
1304110312010977281
1304110376003358722
1304110381435154434
1304110408349884417
1304110443250810881
1304110492722421760
1304110576117973000
1304110588012920832
1304110688177197059
1304110793030393856
1304110816631947264
1304110890241851392
1304111078704582659
1304111145117192195
1304111193624248320
1304111269432061953
1304111359404040197
1304111422801088512
1304111533543362560
1304111574345547777
1304111654423142402
1304111673658290183
1304111703861465089
1304111733955538949
1304111757062025217
1304111794022223877
1304111916739162113
1304111918039420934
1304112109953769472
1304112122427707393
1304112336161173504
1304112349981413376
1304112526611951618
1304112527413063685
1304112550808780801
1304112915339980802
1304113041563410435
1304113086132113412
1304113088984158212
1304113131891892224
1304113305557110784
1304113356316393473
1304113457369878528
1304113611753680896
1304113652228861953
1304113668699951106
1304113777156255745
1304113959272931328
1304114122221432832
1304114161501327360
1304114360718168071
1304114378526961664
1304114456088195072
1304114541685596160
1304114565320511491
1304114579732148225
1304114702566395904
1304114775023026183
1304114844375810048
1304114906099310594
1304114931286134785
1304115073728745476
1304115104112422919
1304115228523798531
1304115267052732416
1304115293673926656
1304115299671736320
1304115445755260930
1304115504919883776
1304115614806683653
1304115761074581507
1304115784684371969
1304115836840341504
1304116097675931651
1304116304828395521
1304116399682486272
1304116436294447104
1304116500417060864
1304116725407911937
1304116885328457729
1304116929439858690
1304116952827392000
1304117154061651971
1304117287079862274
1304117305459183616
1304193076697628673
1304193219215986688
1304193470421258244
1304193610779426816
1304193645713731584
1304193652651110405
1304193712432574466
1304193759693934592
1304193810885488642
1304193836663570439
1304194018209824770
1304194045846192128
1304194151643099138
1304194161390891008
1304194182194565125
1304194248502378498
1304194287551361024
1304194597443301378
1304194678934458370
1304194732881588227
1304195057831026691
1304195168875282434
1304195194225651714
1304195353495961600
1304195383162286080
1304195599240171521
1304195732988100608
1304195868954943490
1304195899069997056
1304195958188589057
1304196036714430465
1304196358627356680
1304196390101356544
1304196459647115265
1304196505419395072
1304196507411849236
1304196695790628864
1304196768616378370
1304196784114274306
1304196832520736773
1304196842666831872
1304196867752824833
1304197076448948224
1304197120908562432
1304197281877561346
1304197435846262784
1304197453709750274
1304197499977166850
1304197788465426432
1304197869277048832
1304197907575377922
1304197945873530880
1304198091315310594
1304198458828615680
1304198472871088132
1304198479820910595
1304198567574360065
1304198667612561408
1304198868024856577
1304198876472188933
1304198903789740032
1304198953441861637
1304199046563852291
1304199124678594561
1304199324411326465
1304199443961589764
1304199501100572674
1304199567370575877
1304199601289740290
1304199744437145600
1304199770144206850
1304199841157971968
1304199898527494144
1304199904877838336
1304199927422124032
1304200270612779011
1304200283971629056
1304200325402972160
1304200331522441216
1304200393870671875
1304200399168114688
1304200503065276417
1304200812189581312
1304200871073456134
1304200893919711233
1304200917214920704
1304200981169737729
1304201022068334592
1304201079207452672
1304201219804717062
1304201275244982272
1304201323936579584
1304201442245320705
1304201489175306241
1304201781665292288
1304202150592032769
1304202328048885760
1304202400929067009
1304202479144521729
1304202503282659329
1304202533477515269
1304202578750701568
1304202695838846977
1304202773576077313
1304202818585206784
1304203031098142721
1304203036634603520
1304203058696597505
1304203106767392768
1304203322375565312
1304203347860295680
1304203726685691904
1304203761758474240
1304203816883990528
1304203898815741952
1304203965618241537
1304204147055624192
1304204269982281728
1304204401142362117
1304204421908307969
1304205007970095105
1304205030119993344
1304205125922295815
1304205503975886853
1304205527153508353
1304205693755355146
1304205711702986752
1304206017450868737
1304206024904245248
1304206054813728768
1304206115706736649
1304206289355055105
1304206606188654593
1304206624840511488
1304206716469346304
1304206862506655745
1304206880718442497
1304207312454852609
1304207414401490944
1304207450350944257
1304207451328258048
1304207556185784320
1304207844170842112
1304207923598495749
1304207995933544448
1304177850292068352
1304177868302413825
1304177933922308098
1304178254627119109
1304178288894636032
1304178354753597441
1304178410596507649
1304178511351930881
1304178707196710916
1304178752272896005
1304179033907789832
1304179184688746496
1304179239646879749
1304179413316239366
1304179472585895936
1304179475597451265
1304179492970266625
1304179623035637762
1304179819698171906
1304179825909825537
1304179983447986176
1304180251895967744
1304180307155996673
1304180371890864128
1304180393256669188
1304180420464967680
1304180465604022273
1304180519320473600
1304180756781072384
1304180839132078082
1304181217693036545
1304181243362398209
1304181347196563457
1304181416989609984
1304181502054465536
1304181612876386304
1304181786340188165
1304181817579368449
1304181932830449664
1304182120810598400
1304182202574528512
1304182409945133057
1304182469818679296
1304182479302127617
1304182555445518337
1304182618989064192
1304182666602795008
1304182727042891782
1304182745732505600
1304182844877537280
1304182857976471553
1304182882173431809
1304182898652663814
1304182992961777665
1304182998124830721
1304183075585261568
1304183183362134016
1304183238949130240
1304183255617347584
1304183432553967616
1304183597759430662
1304183648514527232
1304183850206212097
1304183887439028225
1304183901229785090
1304183924252442625
1304184019735715840
1304184025217671170
1304184132101054465
1304184262724378628
1304184282127233025
1304184453854617600
1304184544854118402
1304184548406763520
1304184636420042752
1304184674827341824
1304184878163001345
1304184883540090880
1304184891802877953
1304184969544241153
1304185053040185344
1304185156324995073
1304185266937229312
1304185525709017089
1304185539667656704
1304185630939901953
1304185659494719490
1304185680189370370
1304185704545689606
1304185772954857478
1304185776826183680
1304185936046108672
1304186014135660544
1304186096167903235
1304186317601996803
1304186340125409280
1304186381196038144
1304186438116732928
1304186438494425088
1304186659718615041
1304187028905570304
1304187071960092689
1304187210380587008
1304187231020756994
1304187266156228608
1304187345307160576
1304187359618125824
1304187383454355456
1304187405134594049
1304187570268508160
1304187662530686976
1304187671124873218
1304187711289462785
1304187783100104704
1304187866277392384
1304187947655200769
1304187961341366272
1304187987996086273
1304188131248398344
1304188163536171012
1304188404410671104
1304188682136477696
1304188812604497920
1304188916098977792
1304188956330856448
1304189163852517377
1304189269972459520
1304189275450245120
1304189285546045450
1304189400411181062
1304189842365059072
1304189902053978113
1304190048036847618
1304190270381133826
1304190399859380225
1304190499826421760
1304190787220111360
1304190800285372416
1304191074303455232
1304191096923328512
1304191108184899584
1304191172785696768
1304191196391186434
1304191284672974851
1304191367183298561
1304191368969875456
1304191387555028994
1304191404688773122
1304191468756758529
1304191492446134272
1304191547391520781
1304191657982660608
1304191688487792640
1304191702413041665
1304191723728449537
1304191785573453836
1304191802694606848
1304191851784699905
1304191877298692099
1304191920344911872
1304192166407798784
1304192251887665153
1304192277741359105
1304192422361010177
1304192434730143746
1304192513863856133
1304192635997806592
1304192649067474946
1304192659020484611
1304192700820983813
1304192705417928705
1304192738343219200
1303906140409876481
1303906193283391488
1303906305518825473
1303906416504250368
1303906680313348097
1303906684834734080
1303906802761895936
1303906984102510592
1303907050313768960
1303907062162878466
1303907287183089665
1303907338437496832
1303907403159597068
1303907435632095234
1303907537557712896
1303907609938804737
1303907783520247811
1303907885274009601
1303907956325449728
1303907995227570176
1303908113448230913
1303908127658700800
1303908145912111104
1303908199733456898
1303908301156036609
1303908530781523968
1303908905286807554
1303908947443810304
1303908998249418752
1303909194194653184
1303909455067668480
1303909817350860800
1303909888100360193
1303910078953803776
1303910098931195904
1303910441433825280
1303910545779810306
1303910555141517312
1303910578805714945
1303910726772445184
1303910871538823169
1303910878752899073
1303911211730337792
1303911466970513412
1303911540110708739
1303911698508718080
1303911741659779073
1303911778137436166
1303911836216164352
1303911987265630209
1303912086762815488
1303912127439286278
1303912250537721856
1303912306091253761
1303912349615771649
1303912493794893825
1303912908380803072
1303913283049709569
1303913352125702144
1303913562260361221
1303913564994904066
1303913661484990464
1303913824895016961
1303914112913567744
1303914202365485056
1303914223123263490
1303914360213913600
1303914402341695489
1303914576166162432
1303914741803307008
1303914753035649024
1303914805749846022
1303915074663469057
1303915151087689728
1303915154338394112
1303915308151963648
1303915373738127360
1303915552432365568
1303915563727622145
1303915628936466433
1303915677787582465
1303915700143247361
1303915732300894209
1303915832330784768
1303915854912991232
1303915881853071360
1303916236787441664
1303916268311867393
1303916565142761473
1303916638459162630
1303916796408455169
1303917035349446661
1303917104446414850
1303917293223776256
1303917468373508096
1303917551529922560
1303917945198796802
1303918079961899008
1303918136232677378
1303918235507720192
1303918482484989952
1303918895875731457
1303918946945466368
1303919214349123584
1303919243386392576
1303919296242946049
1303919315889139712
1303919581082210304
1303919589982638080
1303920034755104768
1303920280046317568
1303920404461842432
1303920607223066625
1303920613292089344
1303920898169167872
1303920986316836865
1304011731765690370
1304011847021088769
1304012211392860161
1304012327541288962
1304012346138992641
1304012524296302594
1304012567271137285
1304012740290400258
1304013138535354368
1304013263261368321
1304013361252892675
1304013582116495360
1304013742234128387
1304014196003217410
1304014290106683392
1304014304161738752
1304014326613913601
1304014332007718914
1304014439067332608
1304014617816043520
1304014662074134529
1304014798368264192
1304015194599960578
1304015210244640770
1304015215374331904
1304015352968474625
1304015455078801410
1304015542416744450
1304015550457303040
1304015587228766213
1304015668128485377
1304015696553275394
1304015760541380608
1304015762563239936
1304016015400013824
1304016029748801538
1304016129938075649
1304016342295744513
1304017619566108672
1304017887204708352
1304018130373619712
1304018232421027845
1304018360364077057
1304018382463864833
1304018566572920835
1304018599493812225
1304018997277601792
1304019350253375489
1304019496672337927
1304019566704631809
1304019668366249984
1304019687911698432
1304019825791062017
1304020020926840832
1304020098865336320
1304020191286882304
1304020453833531392
1304020507122184192
1304020665461280768
1304020775549177863
1304020898291294208
1304020949088579585
1304020953798782978
1304020986199564289
1304021033729568773
1304021449582219265
1304021714913951746
1304021839346311174
1304021900494999553
1304021930870276096
1304021966685376512
1304022025892237313
1304022101351899136
1304022182570397696
1304022607726030850
1304023052569767936
1304023353439576066
1304023566673829894
1304023823092776960
1304023825093455873
1304023911328288770
1304024075115941888
1304024102370410496
1304024114009522176
1304024205332279296
1304024256406343683
1304024331870183427
1304024416574205954
1304024510618906626
1304024511755497474
1304024590876893189
1304024612460781569
1304024755629166592
1304024801858682883
1304025267955007489
1304025346971402241
1304025464307146755
1304025500457881605
1304025504123625474
1304025860173750273
1304025918092967936
1304026132661121030
1304026213262995458
1304026365352726529
1304026750750523394
1304026784422338561
1303921161617715200
1303921327695298560
1303921419906998272
1303921781523312642
1303922151511080960
1303922287935213569
1303922296592183296
1303922298232152064
1303922331325136897
1303922928745144320
1303922940698918912
1303922990183309312
1303923194420752384
1303923244412686336
1303923266885742592
1303923352860463104
1303923516601970689
1303923571597606914
1303923776191696898
1303923981590945796
1303924004978294785
1303924069411287045
1303924117398200322
1303924155021058049
1303924161522401280
1303924374894911488
1303924414875082753
1303924500019503125
1303924588154241024
1303924809106161664
1303924846951239681
1303924991923122177
1303924992971767809
1303925334480285696
1303925492421140480
1303925541267963904
1303925580933537795
1303925856327274496
1303925886412972032
1303926071482613760
1303926145323335682
1303926607720013824
1303926798426677249
1303926827145211904
1303926839065288710
1303926972414791680
1303927052639248387
1303927185703567360
1303927365303640065
1303927501580898309
1303927599102558209
1303927746393858048
1303927881995816962
1303927953470881793
1303928003605405696
1303928321663668224
1303928549561180160
1303928690053537794
1303928909390426112
1303928914981474304
1303929005536501760
1303929771391365120
1303929808926183424
1303929939083890688
1303929969857314817
1303930006578421760
1303930977023074304
1303931160439844865
1303931405911633921
1303931714956333056
1303931828060016641
1303932005281792001
1303932079730642944
1303932279270658050
1303932857815986176
1303932981925392384
1303933076293251072
1303933212989816833
1303933230605897728
1303933241305501697
1303933671691505664
1303933737948917760
1303934036449153024
1303934260600922113
1303934283946500097
1303934448468029440
1303934847019290624
1303934855995158530
1303935538550976513
1303935769682350080
1303935856139554816
1303936205965287426
1303936216065335298
1303996635073056769
1303996726672527360
1303996738240499716
1303996782955778050
1303996872474779648
1303997969868390400
1303998189863755777
1303998265726242818
1303998473285431296
1303998504847708161
1303998902035644421
1303999340646510592
1303999638379220994
1303999828473516032
1304000308163620867
1304000373141770240
1304000481086365697
1304000676565934080
1304001147863289856
1304001178372632577
1304001680950910977
1304001763020886016
1304001803017547777
1304001977261621248
1304002027631054848
1304002028377702400
1304002302794256384
1304002854638825472
1304003031621603332
1304003168741752832
1304003182432006144
1304003865197588481
1304004067967066115
1304004208698548227
1304004401288404993
1304004515033747456
1304004809343762433
1304005157177491456
1304005331169746944
1304005633310519297
1304005806489305088
1304006020109275136
1304006117895348225
1304006188980293632
1304006228197150722
1304006469688451072
1304006696294125570
1304006966449188864
1304006998737014784
1304007241574633472
1304007722615156736
1304007787605897217
1304007851589984257
1304007970582388746
1304007987707523074
1304008043743473665
1304008092380733440
1304008178946854917
1304008190686830592
1304008219124281348
1304008233988882433
1304008645076713472
1304008731185864708
1304008800312217600
1304008997863919616
1304009270355165186
1304009430225367042
1304009699503697926
1304009806550794242
1304010093860655105
1304010247359561728
1304010377135562752
1304010615288201216
1304010789758492673
1304010827511599106
1304010872839376896
1304010959497891840
1304011171943665664
1304011319671218176
1304011534734184448
1304011542002839552
1303936312202985473
1303936389625589761
1303936424530583552
1303936536875094021
1303936667506618369
1303936743150727168
1303936967659282434
1303936968472932352
1303937330223382529
1303937580724092928
1303937597912346624
1303937673846034432
1303938238630047746
1303938436286406656
1303938530477891585
1303938775869845504
1303938840776847360
1303938977049858048
1303939047044382720
1303939133530755073
1303939588935888896
1303939936261943296
1303939961138356224
1303940363804057600
1303940371509063680
1303940664296484864
1303941388380319745
1303941698129551362
1303941815226179584
1303941935090999296
1303942028577783809
1303942069312987144
1303942533496569857
1303942585409445888
1303942659174785024
1303942733040553984
1303942786090180608
1303942824983887872
1303943469111664645
1303943618865094658
1303944014010421252
1303944096151601152
1303944294726873088
1303944466907066371
1303944493339639809
1303944505440309248
1303944529419153408
1303944952465027072
1303945401519702016
1303945476409040896
1303945679832788992
1303945714742038528
1303945862779936773
1303945970066108416
1303946593964441605
1303947211647066112
1303947244916420609
1303947770768760833
1303948249208958976
1303948441614077953
1303948498891661312
1303948571084021761
1303948828815642625
1303948873459613696
1303949125730414592
1303949216297828354
1303949275454414855
1303949599086870528
1303950112016621568
1303950140890177536
1303950486081470465
1303950508718043141
1303950875401105418
1303950934356250624
1303951129445711872
1303951897213235202
1303952114985693184
1303952375477137413
1303952419009814528
1303952489905942529
1303952540913070080
1303952631375724544
1303952709930819585
1303952848795955200
1303952984267780101
1303953191986499585
1303953281618771970
1303953340099944448
1303953483444506625
1303953509616775168
1303953592953573376
1303953720124870657
1303953892540067840
1303953910755987462
1303954523505922048
1303954718897639426
1303954819611230208
1303954878969114626
1303955003070009344
1303955086897369088
1303955614016499718
1303955764281667586
1303956298212478976
1303956602169384960
1303956842486181888
1303957090654916608
1303957353021272072
1303957496416088064
1303957985849470977
1303958879043084290
1303959051932495872
1303959170471796737
1303959238675517441
1303959430854144001
1303959673549144066
1303959938641924097
1303960700281262080
1303960941487251457
1303961334824935424
1303961560545591296
1303961767173926917
1303962710283923458
1303962950777085952
1303962985837162500
1303963650332356608
1303964203737387008
1303964451532611584
1303964714301444097
1303964996787871745
1303965879672229896
1303966018256203776
1303966329008017408
1303966381730271236
1303981517656461313
1303981669280624641
1303981804253216769
1303981928241074176
1303982029713936384
1303982453883842560
1303982979056914433
1303983267058577408
1303983327062360066
1303983378656628736
1303983426463293440
1303983527034343424
1303985274553282565
1303985312356601856
1303985547946471424
1303985940105437185
1303986964270665728
1303987393402474497
1303987448943443970
1303988017913384960
1303988358750900225
1303988546399883265
1303988830941442050
1303989028430073856
1303989182512144384
1303989267404816385
1303989387185860608
1303989999621140481
1303990048736632832
1303990370896941058
1303990422641897472
1303991195295797258
1303991645243928579
1303991706275246082
1303991928455823361
1303992053878140934
1303992134358323201
1303992410133925888
1303993193503965184
1303993214458720256
1303993802131206144
1303994388603981824
1303995137794756613
1303995158275395584
1303995303834640386
1303995787475660800
1303996018976067591
1303967058275831813
1303967121030950912
1303967479690002434
1303967590851596288
1303968123918446595
1303968234610122752
1303968747179454464
1303969548505284608
1303969993739120641
1303970251797913600
1303970388657963008
1303970427648307200
1303970450385571840
1303970994881622018
1303971158220509184
1303971957898194947
1303972750642601984
1303973183008190464
1303973346741084160
1303973607639523328
1303973664296022016
1303973739483127808
1303973777655513089
1303974079804964869
1303974161644019712
1303974754404184064
1303975099247267840
1303975232236118016
1303975800946003973
1303976033180237827
1303976718709989376
1303977718778748929
1303978224918167552
1303978233201922048
1303978259751854082
1303978264332042242
1303978395743793152
1303978485594161152
1303978573565394949
1303978756281958400
1303978773977628672
1303978848703275008
1303978891527073793
1303979438724526081
1303979932368936962
1303980434796281856
1303980505357058048
1303980901039308800