1304238233589612545
1304238234650673155
1304238335397855232
1304238345011298304
1304238397700141057
1304238443376058369
1304238460149133312
1304238591523127297
1304238600947666944
1304238643683430400
1304238662150955009
1304238707558490112
1304238745873510406
1304238779889340416
1304238838462787593
1304238879772479489
1304238906137862146
1304239001545486336
1304239010139832320
1304239071364091904
1304239161684168704
1304239276809433091
1304239322321899521
1304239382203969536
1304239392928661504
1304239455256162304
1304239469671972864
1304239484406558721
1304239501661921282
1304239529726021632
1304239655617998849
1304239774333456391
1304239829337755652
1304239939274461185
1304239987567800320
1304240016172802048
1304240019905814528
1304240036729294855
1304240091771138055
1304240121156374528
1304240197580845062
1304240297472385025
1304240395044388864
1304240416984883200
1304240428385030147
1304240486748741633
1304240538581970944
1304240545070493703
1304240552146132993
1304240571926495233
1304240682324955136
1304240741473030144
1304240747328278531
1304240806182760449
1304240870171045889
1304240916673245186
1304240976282624000
1304241043781623814
1304241047946452994
1304241055659888640
1304241142498820096
1304241195430940674
1304241197804855297
1304241246752223232
1304241368487858176
1304241453657460737
1304241459575562240
1304241507122192389
1304241517968740355
1304241528794222592
1304241530539061249
1304241534028656641
1304241576839909376
1304241580170252288
1304241604039905280
1304241614391566336
1304241663368454150
1304241858713849856
1304241873415032832
1304241922270089216
1304241956990615552
1304242023734611968
1304242042948722691
1304242076025061376
1304242098984685568
1304242145902161921
1304242184372224002
1304242205230542849
1304242301871546368
1304242315712696322
1304242352421208071
1304242385598152704
1304242389062750208
1304242556520280066
1304242575801487360
1304242598798712834
1304242692713398272
1304242771096727552
1304242825945587713
1304242876809842688
1304242886372982784
1304243046796591104
1304243065201348613
1304243084625154055
1304243089184260101
1304243117466497027
1304243128036069377
1304243162517512196
1304243287629467649
1304243331711500289
1304243368994787335
1304243377190219776
1304243514948157442
1304243592303697923
1304243630140542976
1304243732049321984
1304243798763909120
1304243810118098946
1304243813284798464
1304243821417508865
1304243841843826689
1304244015227904005
1304244042474160129
1304244051718426626
1304244101768978433
1304244101857054720
1304244232102858755
1304244377347391488
1304244379243118592
1304244382523109378
1304244436717711362
1304244463037026306
1304244494649503744
1304244496339738625
1304244726305091585
1304244780885516290
1304244794814730240
1304244888859541505
1304244910674137090
1304244994220396544
1304245106761850881
1304245120821325826
1304245198646587395
1304245310353534977
1304245360089595912
1304245435238883330
1304245515933032449
1304245557158916096
1304245562557042690
1304245622720073728
1304245625668673536
1304245668354174976
1304245769973587969
1304245982339780608
1304246005135634432
1304246051377827841
1304246081539248128
1304246126892154881
1304246207145943040
1304246256655650816
1304246288536547329
1304246376516198401
1304246426474614784
1304246452995141633
1304246520997314560
1304246577809240066
1304246588131258368
1304246698852704256
1304246750698504194
1304246888653299712
1304246939291209728
1304246984094568449
1304246985420165120
1304247033168121858
1304247070904156160
1304247168853635073
1304247177305300993
1304247251389288450
1304247369635110913
1304247488422064130
1304247534924300291
1304247586719698945
1304247653589549056
1304247674498093057
1304247831600001029
1304247847844540417
1304247868086202368
1304247886679429120
1304247937095086084
1304247956481204226
1304247989335216129
1304248015616581635
1304248086915510273
1304248113637531649
1304248133782831110
1304248157530976256
1304248174735953920
1304248231719653378
1304248248778084352
1304248260626919426
1304248386632265728
1304248389169709056
1304248415715561472
1304248439073505280
1304248500276858884
1304248508514537472
1304248687590141953
1304248720049885185
1304248756343320576
1304248766602653698
1304248808193363973
1304248811863371776
1304248832893620225
1304248876396949508
1304248913143226371
1304248922827829248
1304248954507464704
1304249016784478208
1304249023969320962
1304249057729286145
1304249092357394432
1304249118211149829
1304249159009132544
1304249164457484288
1304249254760845312
1304249292337577985
1304249312373805056
1304249454850080776
1304249512089866241
1304249556968910848
1304249569698512898
1304249586320633861
1304249657493774337
1304249666926792704
1304249714972545024
1304249718936145921
1304249811034607622
1304249823265271808
1304249859155718144
1304249873605287937
1304249890147622912
1304249931876704260
1304249992635441152
1304249998566195203
1304250011501441024
1304250067088535554
1304250076785762304
1304250086763966464
1304250103205683201
1304250168720662528
1304250180431228934
1304250211099979777
1304250211582259205
1304250239071780864
1304250393849982977
1304250551903883269
1304250580769083393
1304250616714334208
1304250628668096519
1304250654605664256
1304250700520665090
1304250831978598401
1304250832951693312
1304250940325793798
1304251021879902209
1304251029744226304
1304251069040668673
1304251091270414336
1304251301430276097
1304251343654264833
1304251471458959360
1304251526010097665
1304251587011973120
1304251603705311234
1304251605420855298
1304251705236901888
1304251780595953672
1304251901991505920
1304252026830888964
1304252101871230976
1304252191339941890
1304252212982374400
1304252286089269249
1304252289360723968
1304252469963362305
1304252514930483200
1304252671189307392
1304252730182119425
1304252782711435265
1304252795495886848
1304252816073072641
1304252877389606914
1304252923510128641
1304252952975224832
1304253143623110659
1304253158252851200
1304253190473424901
1304253226540244992
1304253265543073792
1304223124800655363
1304223126394482689
1304223151983738880
1304223185978744835
1304223195659227137
1304223244094930945
1304223281164189698
1304223433190977536
1304223439847211009
1304223440040321027
1304223462987198466
1304223502640263173
1304223544105144324
1304223636904202240
1304223654423810049
1304223801421504512
1304224042921209859
1304224066300243969
1304224082938925058
1304224113087508481
1304224277009330181
1304224338317582336
1304224388305358854
1304224400414257154
1304224411868958720
1304224437852672000
1304224492126982144
1304224557306445826
1304224645374246912
1304224665238294528
1304224718820704260
1304224933141073920
1304224947552706560
1304224969434574849
1304225019229335552
1304225034584682498
1304225086879096833
1304225186460434432
1304225393558392832
1304225482628571136
1304225631295672321
1304225634944655362
1304225645019328512
1304225677642731523
1304225750204084224
1304225817745121280
1304225872170422274
1304225952327753730
1304225953917341696
1304225994350493698
1304226092727767040
1304226243550818304
1304226285288382464
1304226304527601664
1304226360567750662
1304226493367713796
1304226600091877382
1304226794162327552
1304226812650827776
1304226816308191238
1304226823719526401
1304226853029371904
1304226895794405376
1304226940002287618
1304226964711104514
1304227125944356864
1304227134685294598
1304227323575705600
1304227386020360192
1304227448431816712
1304227528010280961
1304227585984024581
1304227610524815365
1304227623674040320
1304227657337495552
1304227693525954567
1304227715038535682
1304227748899160065
1304227825684275209
1304227836991926272
1304227921830252545
1304227973667729408
1304228065405530119
1304228150243663877
1304228170158071809
1304228273300426753
1304228352337891328
1304228551705591808
1304228551709917184
1304228680718102528
1304228708815958017
1304228920154378244
1304229157015085056
1304229238975934465
1304229254675214342
1304229257820999681
1304229417514725377
1304229445750972422
1304229461165068290
1304229465912991749
1304229496237817856
1304229498259476481
1304229514772389888
1304229572188286977
1304229572817432577
1304229687158345729
1304229799758446593
1304229817303232512
1304229827269079040
1304229984521924611
1304230164457500672
1304230200981573633
1304230319189495808
1304230375149928450
1304230424852549633
1304230429138984961
1304230617811386368
1304230635418972160
1304230710711025664
1304230729631625216
1304230747998498817
1304230750112210944
1304230908136914946
1304230947051585536
1304230960381095936
1304230985651847174
1304231035169767425
1304231109551677440
1304231265705500672
1304231271955009536
1304231287088132097
1304231387587735553
1304231506236395520
1304231541107765249
1304231559961214977
1304231772914364417
1304231900072960000
1304231900949688320
1304232006985887746
1304232152821895169
1304232323190263814
1304232436067377153
1304232590765780993
1304232605848604672
1304232701361156097
1304232712174055424
1304232763508158464
1304232812946624514
1304232919322460160
1304232941023834115
1304233066504826880
1304233084104118275
1304233095009316866
1304233213582217218
1304233229424222209
1304233268536061952
1304233417953902592
1304233613391572993
1304233619754553344
1304233829008322566
1304234196597116928
1304234215135993856
1304234221310029824
1304234264481816576
1304234303060996097
1304234406622760961
1304234438587486214
1304234627901521920
1304234756511608833
1304234777474674688
1304234826417881089
1304234950410096640
1304234980726325249
1304235000049610752
1304235003031814144
1304235050456752128
1304235131247489025
1304235154941018112
1304235287187464193
1304235389973135360
1304235403000647680
1304235428988571654
1304235432981430272
1304235436353650690
1304235508571176965
1304235515038793730
1304235573587124224
1304235593631764481
1304235681963806722
1304235697143009282
1304235762540519426
1304235888113721344
1304235900985946112
1304235916765011968
1304235930275008514
1304235936876843008
1304235964168941568
1304235987078348800
1304235989351542789
1304236070196908032
1304236127641956353
1304236172663689216
1304236185854914561
1304236202640453633
1304236233594408960
1304236258407804929
1304236348816207872
1304236367573118977
1304236450091761664
1304236453841506305
1304236476629225472
1304236565233762305
1304236670716436481
1304236766367559683
1304236805320044546
1304236836936658944
1304236858520539136
1304237010320855040
1304237042939752448
1304237050598621184
1304237079250034689
1304237094919954434
1304237096870334465
1304237154374234112
1304237170618634240
1304237180596957184
1304237252927655937
1304237264705265665
1304237296405950465
1304237330941833216
1304237372717006854
1304237423539482631
1304237531765055488
1304237592494379008
1304237650916896769
1304237681573064704
1304237733758611458
1304237769695334403
1304237802280882176
1304237835646578688
1304237864918622211
1304237894639341569
1304237919692115970
1304237920845361152
1304237988487061508
1304238000369528832
1304238113733185536
1304208019526426624
1304208071233687552
1304208251563597825
1304208313245147147
1304208350171795457
1304208413740597249
1304208510025117697
1304208771497984000
1304208865026662401
1304208918407716864
1304208984216346629
1304209048770805760
1304209142081556481
1304209153586495488
1304209185534509057
1304209244485541889
1304209276739747840
1304209280569151488
1304209590381355008
1304209606269378560
1304209619661721600
1304209629870583809
1304209679397146624
1304209691682263047
1304209709239382016
1304209760011644928
1304209877913317377
1304209946024828928
1304210456295415809
1304210626818891776
1304210703029538816
1304210704791228417
1304210730074267648
1304210854288805894
1304210931740585986
1304210980742799365
1304211122166272000
1304211153225166849
1304211164465958917
1304211205985390594
1304211377901506565
1304211440245657606
1304211442506371072
1304211466837516288
1304211475003707392
1304211499456630791
1304211512207310853
1304211653509222401
1304211862993674240
1304212133757026307
1304212170272632844
1304212209107697669
1304212213687816192
1304212251268669441
1304212468579827712
1304212477836767234
1304212550087847937
1304212666374905857
1304212726785478656
1304212744904880131
1304212864660582401
1304212880212938754
1304212888266055682
1304212926975410178
1304213054855540736
1304213095540195331
1304213167296446465
1304213233709060101
1304213258946187265
1304213263329058816
1304213283407355904
1304213303749681154
1304213347718529026
1304213420552720387
1304213449136766976
1304213525024342019
1304213551725322240
1304213658587803648
1304213707992584200
1304213743795154946
1304213759028867078
1304213988474060803
1304214005817446400
1304214013262393349
1304214162072121344
1304214238362132482
1304214289046294528
1304214350903652352
1304214420084658176
1304214443262464006
1304214484202991621
1304214838336532486
1304214902266101760
1304215015688466439
1304215052099244033
1304215061343469570
1304215104410415104
1304215122920042501
1304215445243822080
1304215558305411073
1304215570582208513
1304215589510983681
1304215638471307269
1304215651192639489
1304215842259959808
1304215871166926849
1304215910400524295
1304216008899600387
1304216032203210753
1304216038788263938
1304216041006997505
1304216045335576577
1304216166072750080
1304216176659234817
1304216201103540225
1304216332813193219
1304216407937294336
1304216449549053953
1304216486530158592
1304216512773881857
1304216516506910721
1304216532600393729
1304216534693236736
1304216646744145920
1304216710472437761
1304216745415237632
1304216777094725632
1304216806626914309
1304216868367077376
1304216906505781248
1304216966027071488
1304216973010702336
1304216985111343104
1304217004459601920
1304217010507845632
1304217068263309312
1304217309184102400
1304217322136141825
1304217425483837442
1304217660977082368
1304217684549283843
1304217691562090502
1304217807421427713
1304217851528585216
1304218015437852672
1304218163916279808
1304218179296583681
1304218301871075329
1304218372104691720
1304218419428982785
1304218553743273993
1304218618054369282
1304218618855653378
1304218691647672321
1304218703714803714
1304218762963419136
1304218785331675146
1304218837106262023
1304218982321393669
1304219008422621184
1304219048645980164
1304219072419299328
1304219135216357377
1304219161866964997
1304219174508662784
1304219289961066497
1304219418323345408
1304219596359176194
1304219723236667394
1304219844657602561
1304219879910895617
1304219895010336768
1304219904829198337
1304219922445279233
1304219928602574849
1304220009951096833
1304220036069052416
1304220097679167489
1304220109435744256
1304220146677026816
1304220178608041984
1304220214385692673
1304220352395046913
1304220374620688385
1304220375816044550
1304220384741535745
1304220391083249664
1304220391834034177
1304220482531667969
1304220483785719813
1304220547065184258
1304220614031360000
1304220618297139200
1304220649544613891
1304220661225848833
1304220757296209920
1304220795309228032
1304220813650997248
1304220864817364996
1304220944756551680
1304220971117752320
1304221070556368897
1304221100352483329
1304221112587423750
1304221116949434368
1304221126361571330
1304221188223242241
1304221219663876100
1304221251142025217
1304221318813044738
1304221326304043008
1304221464564957184
1304221514720587776
1304221571607863296
1304221637819215872
1304221669423304705
1304221839351328768
1304221888307134469
1304221991029878788
1304222065189253122
1304222111343484932
1304222165068382211
1304222192847077376
1304222202582237184
1304222291262410752
1304222318047051776
1304222321255694338
1304222522901135365
1304222535181950977
1304222596096053253
1304222652387729408
1304222658247176195
1304222677922582528
1304222690740285441
1304222692585938946
1304222692669820933
1304222706485940224
1304222707706335233
1304222764757397504
1304222801960857607
1304222867240951809
1304222876405559302
1304222968046854144
1304223016323293184
1304223048321699845
1304464720829845504
1304464990309507075
1304465008949104641
1304465092243787777
1304465095985111041
1304465119284469763
1304465151849099265
1304465163513454592
1304465183545454592
1304465211005468674
1304465242022449154
1304465312792936450
1304465316718796801
1304465401162747904
1304465465239113731
1304465517831483392
1304465584063565825
1304465651008974848
1304465674052354051
1304465688237543424
1304465871964909570
1304465882630860800
1304465893406068736
1304465929066049536
1304465937370951684
1304466047509069824
1304466068061089794
1304466138995265536
1304466198889807872
1304466285699297285
1304466295438573571
1304466303323901952
1304466313364955138
1304466411096473601
1304466588901531648
1304466672221409280
1304466762918965248
1304466817390272512
1304466821282754560
1304466903151370243
1304466950920179712
1304466969492508673
1304467026686218242
1304467126410006530
1304467142021005312
1304467269364350981
1304467476705619969
1304467519147667458
1304467574323900417
1304467613490262016
1304467747967991808
1304467767865880576
1304467845141745671
1304467857313538048
1304467912690774016
1304467915362783233
1304467945548988416
1304467988054257664
1304468008375590915
1304468016755806219
1304468058103308289
1304468130316640257
1304468224340234242
1304468263884263425
1304468286755745793
1304468298621362178
1304468412039442432
1304468462467788802
1304468507502039042
1304468698401570816
1304468783420104712
1304469003788668928
1304469025871683585
1304469125830340610
1304469129269739520
1304469171439165442
1304469274522791936
1304469405808631808
1304469408417484802
1304469408983650304
1304469579071139842
1304469817731227650
1304469978238922754
1304470020437807105
1304470263338213377
1304470380711563266
1304470403289624576
1304470520084267015
1304470523611504642
1304470619334094850
1304470665672749056
1304470765308346369
1304470877317234689
1304470893637271552
1304470949287190529
1304470975765905408
1304470979666558981
1304471042102943746
1304471105734836224
1304471272932487168
1304471290984636416
1304471343706959873
1304471401424920577
1304471776160698369
1304471851901558785
1304471865033801729
1304471877772021760
1304471879357530117
1304471894599634945
1304471951340175362
1304472009129287681
1304472152905711618
1304472234128535553
1304472247189544961
1304472296883712000
1304472327434964992
1304472368044109824
1304472407751766017
1304472481823174657
1304472501054046209
1304472664942280704
1304472719522779136
1304472844663959558
1304472914784288772
1304472923621806082
1304472932148801538
1304472934346559488
1304473174566936576
1304473224995115015
1304473285179052033
1304473302157660161
1304473357853761537
1304473379206955009
1304473577933078528
1304473669813452800
1304473683621105670
1304473732451270656
1304473844053311491
1304473853599637504
1304473857902800898
1304473931026497536
1304474040711524353
1304474050014654464
1304474212740902912
1304474305087102980
1304474319616200704
1304474323386761218
1304474569990864896
1304474705085169664
1304474745455415302
1304474768830345217
1304474877638868993
1304474882961559555
1304474906810294273
1304475025936977921
1304475033234894853
1304475192647921664
1304475242090434562
1304475269323984902
1304475277242691584
1304475336118276098
1304475397116002307
1304475405122846721
1304475406171504647
1304475714025000963
1304475715136491521
1304475757213872136
1304475777216458754
1304475793314189313
1304475868568444929
1304475911580913664
1304475924834942977
1304475935756947461
1304475997023199232
1304476074403926018
1304476222332768257
1304476268130263040
1304476424095531008
1304476430387077121
1304476487094067203
1304476628580474880
1304476682812878849
1304476751679160324
1304476776618360833
1304476829714190343
1304476852598108160
1304476915810668552
1304476969027866624
1304476994353078272
1304476996110409728
1304477114700378113
1304477172149649409
1304477175828148230
1304477244191051779
1304477331411664897
1304477388735045632
1304477676682395649
1304477721989316611
1304477776083263488
1304477956111302658
1304478252396806144
1304478261217357825
1304478273146150913
1304478297573785602
1304478393115848705
1304478402406223880
1304478545775820800
1304478571566698496
1304478587962224641
1304478622388977666
1304478637807329281
1304478679490342912
1304478689325768706
1304478776156278784
1304478826777452545
1304478925624471553
1304479053370609670
1304479191262547968
1304479294069051395
1304479306102591490
1304479356195090433
1304479424885080065
1304479432262909957
1304479510574792704
1304479520314064896
1304479565927063558
1304479566258470913
1304479582230392841
1304253324590546948
1304253370073518083
1304253403661586432
1304253436288958467
1304253651658117121
1304253668221476866
1304253784411996166
1304253908303392773
1304253941383860225
1304254056911843331
1304254105653833728
1304254168648110080
1304254220410015744
1304254234892873729
1304254339305930752
1304254423703662597
1304254536945750016
1304254630591967233
1304254638150094850
1304254663030640640
1304254842815287296
1304254886603784194
1304254916576391170
1304254922582568967
1304254927112372225
1304255021681442819
1304255044485812224
1304255053079994373
1304255112152571907
1304255230129909765
1304255263713746945
1304255299294035968
1304255365614374914
1304255573165305856
1304255675082698752
1304255779277602817
1304255853462253569
1304255870600122370
1304256015773454343
1304256069372456960
1304256231570276352
1304256243725479938
1304256296078774275
1304256305968959496
1304256322976837632
1304256557346099200
1304256560068268032
1304256614388707335
1304256635225899014
1304256713160359936
1304256746442162177
1304256941225631744
1304257071894999045
1304257123304513539
1304257144582279173
1304257147438534661
1304257153457418241
1304257180670070784
1304257352745574400
1304257416419254281
1304257430767968261
1304257448262479872
1304257459574497282
1304257466134392833
1304257485394644999
1304257488225738754
1304257534035886081
1304257608115773440
1304257625023016960
1304257693662801921
1304257756044591111
1304257815159156736
1304257859002269700
1304257898273439751
1304257917143732225
1304257927180623875
1304257941063827456
1304257960886108161
1304258107888013313
1304258139408216064
1304258174514593797
1304258207544741889
1304258207666364417
1304258287181987840
1304258410108653568
1304258489481560065
1304258529272967180
1304258622684307457
1304258658419777537
1304258775348543489
1304258846643359745
1304258911889952768
1304259084808581120
1304259109680754689
1304259133965832197
1304259142492844032
1304259168568848387
1304259211614920705
1304259213573660685
1304259356108746754
1304259594353627138
1304259635562590209
1304259904497225733
1304259959987806209
1304259969311793154
1304259995756879872
1304260037083308032
1304260063406813189
1304260134533816323
1304260521122820099
1304260556468166658
1304260618900459520
1304260635786608642
1304260642166239233
1304260676676923393
1304260812387876864
1304260883942715392
1304260968160071681
1304261060594204679
1304261089006362624
1304261096312799232
1304261113002037248
1304261194660958208
1304261260331159555
1304261267729850368
1304261291381579776
1304261379705143296
1304261519505592322
1304261616066859009
1304261652590874630
1304261701173477377
1304261916253196290
1304262117210681345
1304262142082846721
1304262173192073216
1304262177675771904
1304262179072413697
1304262221711716352
1304262461487489024
1304262486112309249
1304262513828212744
1304262616584515584
1304262668627345408
1304262706183241728
1304262730950549504
1304262743906758656
1304262777549328384
1304262779533176834
1304262908789088256
1304263057112289280
1304263182844862464
1304263484134371328
1304263582520049666
1304263707556536320
1304263726112149506
1304263750913064960
1304263872921186304
1304263882442256385
1304263981125828608
1304264038831005703
1304264053016195072
1304264114336915459
1304264242108010497
1304264256465047554
1304264328556797952
1304264415341162502
1304264564985520129
1304264583146856449
1304265305829650433
1304265465510924289
1304265780092112896
1304265884450594816
1304265926871842819
1304265929241636864
1304266058539429888
1304266085567549441
1304266199375720451
1304266352555896837
1304266384751329281
1304266439285710849
1304266443475890179
1304266501130719234
1304266506683981826
1304266761320173568
1304266824406781952
1304266846766497792
1304266846754009092
1304266884947247104
1304266933617987586
1304267000307494913
1304267033186652162
1304267143220002817
1304267149662466049
1304267185993535489
1304267283834056704
1304267568526524419
1304267672931139584
1304267805559226368
1304267865361653760
1304267961646166016
1304268335941550081
1304268346716827649
1304268402492612609
1304494945974267904
1304494994267541510
1304494999938232321
1304495020788064256
1304495078413611008
1304495252489859073
1304495259595010052
1304495453791309826
1304495744045510657
1304495862488469504
1304495915294654464
1304495950589812737
1304495969451401216
1304496012116008961
1304496210468896768
1304496251530952706
1304496378014502913
1304496400152104967
1304496445396004864
1304496990500409345
1304497058318036992
1304497082523410433
1304497186869334016
1304497302082662401
1304497351885819904
1304497387122110464
1304497437063688194
1304497530135289856
1304497648569905153
1304497663388389379
1304497693285261312
1304497814316167169
1304497894863458304
1304497914778210307
1304497992444137472
1304498001793122305
1304498036983259137
1304498049931239425
1304498061331304453
1304498200724865029
1304498256932634625
1304498357990289410
1304498370619285509
1304498370996772870
1304498382153617410
1304498425015099392
1304498446456373248
1304498542883549184
1304498919074721797
1304498919485788161
1304498920677167105
1304498935806001160
1304498951425589249
1304498990298271744
1304499084083056640
1304499157890023424
1304499208800567297
1304499308033572864
1304499337326505984
1304499375650074625
1304499403617574923
1304499484811034627
1304499508483555328
1304499543443009536
1304499555405148160
1304499673110122497
1304499712704286723
1304499859479842816
1304499885560008705
1304500044318547969
1304500087087865857
1304500096214675456
1304500162711244802
1304500264095932416
1304500274711670785
1304500293917442051
1304500339849285632
1304500441418551301
1304500522729103360
1304500547437735938
1304500625024188416
1304500661632065541
1304500743311818753
1304500772005203970
1304500899528675328
1304500990926753792
1304501136670560258
1304501402711056385
1304501416510345218
1304501607393120256
1304501636790980610
1304501670806605826
1304501849345740801
1304501865896386560
1304501977108418563
1304502122260631554
1304502201839226880
1304502265986920451
1304502302246662145
1304502416566517760
1304502486418350080
1304502503891894272
1304502512234397697
1304502591896813568
1304502716568395780
1304502803835039746
1304502844633092097
1304502949692035072
1304502953097732097
1304502980377444356
1304503017337618432
1304503121696165888
1304503287283150853
1304503302579773441
1304503448671531008
1304503672064413696
1304503755002523655
1304503784551243776
1304504063225212930
1304504097001832448
1304504117650509826
1304504211649032197
1304504227792912384
1304504344079863808
1304504507955638274
1304504588448530432
1304504676101095432
1304504708728578048
1304504735773241344
1304504756849831939
1304504774172311552
1304504818384461829
1304504839553114114
1304504875548434432
1304504995342094338
1304505032562192385
1304505035104149508
1304505047816994817
1304505160568311811
1304505443100897280
1304505577020829696
1304505703906897921
1304505786421465090
1304505853001764870
1304505859821764610
1304505904830787590
1304505935273111552
1304505942499905537
1304505944412319744
1304506001345908742
1304506284578832387
1304506323963445250
1304506365222809600
1304506435695501313
1304506461188501507
1304506534085324800
1304506662590406656
1304506692789469190
1304506725425459200
1304506794824302593
1304507033773912068
1304507050639216641
1304507052765700098
1304507080297140226
1304507196689002496
1304507410665689088
1304507486104293376
1304507581323530240
1304507637514592262
1304507744276434944
1304507751457083393
1304508499053944837
1304508507140640770
1304508515340304384
1304508541407866882
1304508680818360322
1304508684488380416
1304508770660290560
1304508830538067968
1304508841174929409
1304508964223307781
1304509014013874180
1304509315806572546
1304509570757296134
1304509890325557255
1304509890640130051
1304509898688999424
1304509957136625669
1304419576009166849
1304419595730653184
1304419676676599809
1304419708888928256
1304419747145175041
1304419792410030082
1304419808058814464
1304419880255369218
1304419881094443009
1304420170484641792
1304420206685683714
1304420207797174272
1304420254374924289
1304420278005641224
1304420307650969600
1304420449431027712
1304420696412622849
1304420797692489729
1304420874959892480
1304420880739569664
1304420883629473793
1304420911039143937
1304420918450679809
1304420982807916544
1304421151679143938
1304421339789393920
1304421390045589505
1304421405287763968
1304421438703702017
1304421644652421121
1304421650134425600
1304421734624493571
1304421929793724416
1304422042549198850
1304422192600543234
1304422295612645376
1304422318689542144
1304422409961967616
1304422450311069704
1304422482624028672
1304422492522516486
1304422647460134912
1304422651650363395
1304422654502371332
1304422810945806337
1304422883196768260
1304423091171405827
1304423168191459328
1304423175468584961
1304423363574726656
1304423404326486017
1304423464015728641
1304423658031665152
1304423982494486531
1304424003004751889
1304424022608949254
1304424154242977793
1304424251185868802
1304424256693035008
1304424301735694336
1304424327304024065
1304424336909127680
1304424388184375297
1304424497961934849
1304424560519974912
1304424589229948928
1304424634461249536
1304424695169609730
1304424904880775169
1304424972257882112
1304425112683372546
1304425211211595776
1304425227598913539
1304425230262304773
1304425341793046528
1304425415587573761
1304425440996724739
1304425469463363587
1304425478208454656
1304425490837577730
1304425628066865161
1304425749445779457
1304425825807212547
1304425838386053127
1304425905553575939
1304425931998715906
1304425986965069826
1304426122952601602
1304426245975834625
1304426396568215554
1304426482194935809
1304426684687372288
1304426709090013184
1304426829781008387
1304426904909484034
1304426977286410240
1304427021536124931
1304427144572006403
1304427187383275522
1304427243108798464
1304427278273851394
1304427319151472643
1304427375762042882
1304427406736982016
1304427535531413506
1304427587217784832
1304427622131281920
1304427740985262082
1304427812296810501
1304427855741423621
1304427887932702721
1304428153218256897
1304428195530395648
1304428240308760584
1304428277512142849
1304428356436328448
1304428434022694913
1304428434840522752
1304428478524207104
1304428564792717312
1304428774444990464
1304428931530084353
1304428945337536513
1304429004083081219
1304429052875468801
1304429083753811970
1304429185704685568
1304429293599158272
1304429358979985413
1304429410687348736
1304429485459111937
1304429542166142976
1304429543848112131
1304429578492850176
1304429591084380172
1304429592166490114
1304429653478834178
1304429746298601473
1304429769677832195
1304429836140765190
1304429977002274816
1304429982865743873
1304430088167944192
1304430145508446209
1304430273052975104
1304430353524953089
1304430382276907008
1304430384860598272
1304430432243523585
1304430507053252610
1304430544839729156
1304430607544586244
1304430722669621253
1304430732203393026
1304430750423543808
1304430780311982081
1304431019853066242
1304431023346855936
1304431034814083076
1304431092989145090
1304431148383133697
1304431154272010240
1304431280814084096
1304431342449385477
1304431375215329280
1304431402348236801
1304431495520583680
1304431535693721602
1304431590471168002
1304431646410715136
1304431655856214016
1304431714580811777
1304431779105964038
1304432070593335301
1304432178416283648
1304432225308508160
1304432336449142785
1304432338768719872
1304432532734308353
1304432684962394112
1304432701672509442
1304432753996443651
1304432971127037952
1304433044032499712
1304433087468765185
1304433102647898113
1304433137599107075
1304433138744131585
1304433215298564102
1304433227533254656
1304433260571889664
1304433279043538949
1304433303647326208
1304433386946269191
1304433410983759873
1304433434111217664
1304433487395528705
1304433492911034369
1304433545725829127
1304433571407360001
1304433583671504896
1304433683965722625
1304433699837140992
1304433714466828292
1304433823145512963
1304433863481933825
1304433986165497857
1304434018767769603
1304434064644956160
1304434074925379585
1304434178214244358
1304434183855656960
1304434195658346497
1304434204231565313
1304434312935219202
1304434430325424128
1304510135662977025
1304510144051642368
1304510200175566849
1304510350730108930
1304510456950919168
1304510781107638272
1304510837298802691
1304510862862974977
1304511013501444097
1304511059366227974
1304511183903391744
1304511258075394048
1304511277054791682
1304511277293883392
1304511295446814732
1304511429643362305
1304511472047984647
1304511477471215616
1304511516729843713
1304511624011829250
1304511644211580933
1304511823190937601
1304511878081773576
1304511957496627200
1304512053906993158
1304512089055092737
1304512093182402565
1304512097108320261
1304512166901489664
1304512242336047104
1304512277794582528
1304512375970824193
1304512381620498434
1304512411819532291
1304512619642978304
1304512673661497344
1304512711141797888
1304512735548526598
1304512830113230848
1304512852854796289
1304512877152350211
1304512907129090048
1304512942734409728
1304512978671284224
1304513074343407623
1304513110720602112
1304513142886731776
1304513250080567297
1304513343185547264
1304513427545628672
1304513433069662210
1304513510668464130
1304513584123133952
1304513615014301697
1304513666100785152
1304513668718252037
1304513735340548116
1304513795541303304
1304513798049497097
1304513940265762817
1304513998558294017
1304514124827721729
1304514229324582912
1304514447554347009
1304514461739487236
1304514518299664385
1304514835800096769
1304514858839429121
1304514955916394496
1304515067673747457
1304515260926373890
1304515432548794372
1304515581232787461
1304515623863582732
1304515677831663616
1304515716318670848
1304515716750737410
1304515753618497536
1304515768386805761
1304515787789660160
1304515952244121600
1304516176542867463
1304516293664571398
1304516438011633665
1304516647479324672
1304516960735105030
1304517090133585920
1304517178100781058
1304517424503500801
1304517450931855366
1304517471177715718
1304517491910090752
1304517496939085824
1304517497782185985
1304517642871623687
1304517651717218304
1304517685141794819
1304517729823739907
1304517890725482496
1304517902276661248
1304518013610274818
1304518054534172673
1304518195244482560
1304518371283816448
1304518389684207616
1304518425046380544
1304518483628167168
1304518508538142720
1304518707981570048
1304518734393073665
1304518754026414081
1304518770183098368
1304518820766326785
1304518854274498560
1304518900881686531
1304519010889994242
1304519108843769857
1304519178729279493
1304519207841796096
1304519382584963072
1304519383289663489
1304519482690416640
1304519959729627142
1304520006437408768
1304520122774814720
1304520143553216512
1304520189950783488
1304520191179722754
1304520232963158016
1304520372474138624
1304520554225958912
1304520830848651264
1304520847021965312
1304520933860880384
1304520987556433920
1304521049653096448
1304521065176145922
1304521087666008064
1304521138807205890
1304521168700018692
1304521360702664705
1304521369040945155
1304521570560417795
1304521644371849219
1304521833530699777
1304521844649799680
1304521973792411651
1304522014921637889
1304522041241022465
1304522193553027072
1304522229758087169
1304522262930952192
1304522379465498624
1304522499783159809
1304522557400526855
1304522702775087111
1304522717090050049
1304522745909309444
1304522795200770048
1304522875894861825
1304522967746064384
1304523062243663872
1304523086558113794
1304523219647504385
1304523233534914562
1304523344914513920
1304523430960783360
1304523448367153154
1304523522069364741
1304523557817458693
1304523654043258882
1304523749895688199
1304523869638852609
1304523881898795013
1304523889486094336
1304524026627399682
1304524491515547648
1304524502672584706
1304524731605872640
1304524782315110400
1304524834655727616
1304524877328789504
1304524916910325763
1304524933607849984
1304524978931535873
1304525034208342018
1304525055045652480
1304525060947021827
1304404428963930112
1304404593993019395
1304404632282828802
1304404793021075462
1304404849975595014
1304404912252563461
1304405044348018689
1304405052547792898
1304405088803328001
1304405177038905347
1304405226947051520
1304405318840078337
1304405405955743744
1304405424108695553
1304405485660053505
1304405564449935360
1304405627503079427
1304405644351422464
1304405876200022018
1304406186649890823
1304406362366017538
1304406370058416133
1304406397468114944
1304406536492429313
1304406779787440131
1304406814176538624
1304406961795010561
1304407056116527104
1304407085438980098
1304407120385892352
1304407212400480258
1304407240456261635
1304407243954290688
1304407266905464832
1304407273473794053
1304407330000257026
1304407414427574274
1304407496912560128
1304407654924800001
1304407780808245249
1304407795417186308
1304407830242324482
1304407836894658560
1304407985586921473
1304408049260601352
1304408071255588864
1304408148057391104
1304408242618015746
1304408286679228419
1304408445102166016
1304408495635210247
1304408628926001152
1304408815610269696
1304408861202427907
1304408943763042308
1304409093331980288
1304409301612736518
1304409365441466368
1304409736599789568
1304409812709437441
1304409839641276416
1304409875355701255
1304409895110934528
1304409976211873793
1304410270219923456
1304410314822184960
1304410337895157760
1304410650647564292
1304410652056879104
1304410811599904768
1304410958949789696
1304410983415382016
1304411194971754501
1304411317797711873
1304411350601474048
1304411363075395591
1304411365315051520
1304411446437183495
1304411807843594240
1304411880237170691
1304411976022491137
1304412045400510464
1304412049200631810
1304412184122777602
1304412203479638016
1304412214732951563
1304412266926874625
1304412331447848960
1304412399643103233
1304412403409485825
1304412447990640640
1304412635937607680
1304412820818268163
1304412866049695744
1304413001034932224
1304413139245477890
1304413263745015809
1304413275724095490
1304413324222894080
1304413457400377345
1304413479156187137
1304413560827650049
1304413780177293312
1304413853409665024
1304413888939798528
1304413922452279298
1304414040949624832
1304414135359340546
1304414422262321155
1304414547365822469
1304414567347482624
1304414674746826759
1304414693767835649
1304414750563074048
1304414755155832835
1304414880355713028
1304415021275975686
1304415022395789312
1304415037893742593
1304415038426558465
1304415041815486469
1304415108521537536
1304415129329700864
1304415197612904448
1304415197977866242
1304415223445479427
1304415228579516425
1304415276147126280
1304415409047769088
1304415477628796928
1304415662014689285
1304415731392696321
1304415766675030016
1304415835151360000
1304416037476196355
1304416207697739777
1304416279198150656
1304416562238164998
1304416589031370752
1304416664725803012
1304416707713277952
1304416742731657223
1304416746535870465
1304416760137945088
1304416847039803393
1304416968552755201
1304416991508393986
1304417198044258304
1304417533282471943
1304417582338932736
1304417656100065280
1304417703461924865
1304417734483210240
1304417786395910144
1304417958890999809
1304418075597561856
1304418248142786560
1304418339427692544
1304418457262358529
1304418498421104641
1304418671452880898
1304418718026526726
1304418722271178752
1304418732756918277
1304418806572359693
1304418841875935232
1304418874570485761
1304418962223042562
1304419190053298179
1304419257975844864
1304434664183083008
1304434726166507522
1304434736404799491
1304434926721413133
1304434955536171011
1304435302107361283
1304435341261254661
1304435407052963840
1304435539005767680
1304435565752795139
1304435614717112321
1304435746913173504
1304435785815347201
1304435867075768321
1304435916946145282
1304435966451625986
1304436008902066181
1304436170831671296
1304436227328946177
1304436239861342211
1304436315967172610
1304436346182926337
1304436426667446272
1304436534838546432
1304436623774552064
1304436731911970816
1304436734696910848
1304436775939485697
1304436785213091841
1304436790045085705
1304436926288662530
1304437078424518656
1304437158032412673
1304437188420042757
1304437262965497859
1304437334025273344
1304437445795119104
1304437647633506304
1304437661478694912
1304437878156439552
1304437889120579584
1304437938835599361
1304437978073268224
1304438242394206211
1304438347285237765
1304438534753996802
1304438642593718277
1304438646028873728
1304438667159769089
1304438799477465088
1304438842649444354
1304438996320374784
1304439047687778304
1304439051307679751
1304439116323581952
1304439201673498625
1304439226222563328
1304439259932160002
1304439384570310671
1304439433899511809
1304439471312646147
1304439492695138305
1304439590279884803
1304439658861015046
1304439668826615810
1304439987111370755
1304439996368277508
1304440113406017541
1304440132192272384
1304440298509082624
1304440339592347648
1304440792690294785
1304440827251433472
1304440954003177472
1304441054439993344
1304441098299994112
1304441158467301376
1304441280118751232
1304441508976906240
1304441530200064001
1304441539901313031
1304441570717061120
1304441586944634881
1304441600337235968
1304441611514974211
1304441621639962626
1304441680133849089
1304441695715708930
1304441712140595202
1304441830214438916
1304441887575683072
1304441893938442241
1304441926180012032
1304442040525099008
1304442079309901827
1304442289989844992
1304442333841305600
1304442607985192960
1304442672103464961
1304442766630543360
1304442856254259203
1304442969433559041
1304443027713396739
1304443049431281666
1304443079638659072
1304443085951250432
1304443085968027649
1304443133116248064
1304443216695971840
1304443281393229833
1304443298342469633
1304443350964211719
1304443379074228225
1304443381267992580
1304443751809650688
1304443798584467456
1304443866364420096
1304444020689641478
1304444294091214849
1304444349489401856
1304444359966892033
1304444397669543936
1304444469698273285
1304444471967453185
1304444571183656960
1304444571410198529
1304444665001840641
1304444785139343363
1304444882556256256
1304444896145801218
1304444904131760134
1304445184176865285
1304445228229767168
1304445242934878208
1304445325512306688
1304445491401326592
1304445507356561410
1304445620577394689
1304445851717099521
1304445910508683265
1304445914359230467
1304445960408502273
1304446080508198912
1304446133457092614
1304446172107624455
1304446177086263297
1304446272057815041
1304446473996771328
1304446499829538819
1304446687293865985
1304446692075372544
1304446727919988736
1304446782747938817
1304447011702276097
1304447015917686784
1304447126546640903
1304447127242911745
1304447345044619265
1304447455967301633
1304447490465443843
1304447508102418432
1304447530625716230
1304447618769203205
1304447740257083393
1304447743847469059
1304447946600206337
1304448110811213824
1304448197440540672
1304448458628063232
1304448555927646208
1304448613578354694
1304448798488440832
1304448828809064448
1304448831036162049
1304448870550831104
1304448883368620036
1304448963937030145
1304449003363405830
1304449137165860864
1304449159005577217
1304449163896262656
1304449188198055943
1304449195802271744
1304449269886222337
1304449292548083718
1304449343412412425
1304449515383140352
1304479906902884352
1304480133416284160
1304480143058939904
1304480149828706305
1304480228388077568
1304480241243619328
1304480281047502851
1304480362089918467
1304480506260619264
1304480536178626561
1304480646358872067
1304480724628713475
1304480728277815303
1304480741758316546
1304480793507504129
1304480824847458305
1304480854043959296
1304481028241727488
1304481102430646276
1304481116137676800
1304481152019976192
1304481183397564421
1304481384527007744
1304481390277193730
1304481411945107459
1304481501384380416
1304481718011863041
1304481739717455879
1304481754158333953
1304481911499362305
1304481945699581952
1304481957569605639
1304481961361043456
1304481975546200064
1304482076742348806
1304482151535194114
1304482272666550272
1304482325976154112
1304482361967607808
1304482388630700032
1304482633091551237
1304482696475934720
1304482774490009601
1304482980144979969
1304483111741173764
1304483129579708416
1304483278011985920
1304483283779059712
1304483414167429123
1304483441971539975
1304483487039270912
1304483704236986369
1304483761594273794
1304483781466750976
1304483853998882820
1304483881500934145
1304484005287469060
1304484037684326404
1304484068109807620
1304484119468937216
1304484281906081792
1304484304987262977
1304484629953548289
1304484812602961921
1304484855397441537
1304484943704338438
1304485078064607232
1304485086583238657
1304485303541837825
1304485431648702464
1304485486216572930
1304485530088828929
1304485854820347905
1304485906062233605
1304485920863694848
1304486036760932358
1304486044084006913
1304486054909665285
1304486204365127680
1304486232001597449
1304486353468624896
1304486452701487104
1304486489204629504
1304486547371298817
1304486607324680194
1304486938502524928
1304486984061276161
1304487031637250049
1304487152961503232
1304487165800267776
1304487234658332673
1304487396663156736
1304487417856946176
1304487422768680961
1304487578444468224
1304487683004268548
1304487729904877569
1304487750637441025
1304487804114669568
1304487835488186369
1304487908691369984
1304487949388611585
1304488092171206661
1304488118385606656
1304488191790022661
1304488256424292353
1304488304436486144
1304488314922172417
1304488466839937027
1304488487081709569
1304488746495090688
1304488861901389825
1304488997268402176
1304489121021341701
1304489133042270210
1304489151589421058
1304489503307042816
1304489623263965184
1304489682634506243
1304489926063349761
1304490075028324353
1304490227466207239
1304490263012876289
1304490265042989056
1304490278846369792
1304490476649803776
1304490569767563266
1304490578135179264
1304490622263406593
1304490667847159809
1304490734683381760
1304490753217961987
1304491029542961154
1304491052083023873
1304491119217082368
1304491325916577798
1304491373618323456
1304491381960904705
1304491527331344391
1304491543940739072
1304491600320573440
1304491810744602625
1304491928449437696
1304492053645217800
1304492062503350275
1304492211820785671
1304492268154486786
1304492383363633153
1304492386677149699
1304492408340656128
1304492660384608256
1304492676214132736
1304492730974953472
1304492887648997376
1304492923329839104
1304493018158903296
1304493042615963660
1304493415502098435
1304493545508798466
1304493598218637312
1304493619739594753
1304493645874237442
1304493819640061958
1304493823830224896
1304493913709973504
1304494195462135808
1304494361946796033
1304494483141263361
1304494501558398976
1304494534685007872
1304494610555826178
1304449632853012483
1304449841397788674
1304449900206264320
1304449961958858753
1304450026719059969
1304450049917681664
1304450091139371009
1304450252477358081
1304450361508458496
1304450446535397377
1304450791529418752
1304450817936814089
1304450892050001921
1304450892310040577
1304450934030950401
1304450947041685509
1304451032425140229
1304451128268996610
1304452091197272065
1304452208424103937
1304452245602344961
1304452315995279360
1304452322362187781
1304452329790296064
1304452441904017409
1304452456978489354
1304452559499796480
1304452664613371904
1304452782523584512
1304452874903134208
1304452893500731393
1304452929475182592
1304452930209296384
1304452980800806912
1304453062405353472
1304453422670905344
1304453730348265473
1304453748408946689
1304453856391098370
1304453867497717761
1304453891325480961
1304454088306827264
1304454171559591937
1304454187590262784
1304454281949478914
1304454317966061569
1304454362278899712
1304454445107879936
1304454531317673985
1304454541518221313
1304454642265333762
1304454799899983872
1304454826126979075
1304454934369189889
1304455085800423424
1304455151663579136
1304455168017215494
1304455286858620928
1304455322854187008
1304455369461121025
1304455429540454406
1304455432854003712
1304455452483301378
1304455471009615872
1304455478160887808
1304455558070767618
1304455617814257666
1304455631357779970
1304455736722849797
1304455876510703616
1304455943611133958
1304456092676763652
1304456103560871936
1304456159059820544
1304456178127319040
1304456325720662016
1304456488912662530
1304456497829761031
1304456569573212160
1304456590712471558
1304456645016248321
1304456707087638529
1304456814893785088
1304456859458433024
1304456895151984640
1304456903477649410
1304456926806315008
1304457008448507904
1304457249633513472
1304457271817236481
1304457309104435200
1304457425420873728
1304457458081914880
1304457622888656897
1304457698520383490
1304457739691753472
1304457899436126208
1304457937864265730
1304457961180475394
1304458041794928642
1304458076251185152
1304458119150530567
1304458257604521985
1304458292312158208
1304458306711433217
1304458451112747009
1304458453440749568
1304458479843913728
1304458599289282561
1304458767669407745
1304458783536672768
1304458856651579394
1304459005687984128
1304459148235505665
1304459259074224128
1304459341567647745
1304459555980574720
1304459615904714753
1304459628814766082
1304459737921196033
1304459760473968640
1304459786382008320
1304459883295760393
1304459986978783232
1304460011020718087
1304460023217750017
1304460089034760196
1304460402630090752
1304460404354027520
1304460620071407616
1304460651184545793
1304460684684558339
1304460865240928257
1304461305282277380
1304461495384842241
1304461620899241986
1304461722913107968
1304461787207737350
1304461834704113665
1304461838097289216
1304461914815291400
1304461930258558976
1304462005621776385
1304462022130704385
1304462089545814016
1304462131816005637
1304462160144273409
1304462200917168130
1304462264896946176
1304462384120115201
1304462391132991489
1304462425455054849
1304462566698094593
1304462624839540736
1304462770570555392
1304462782805540865
1304462958001610752
1304462975789608961
1304462978687868932
1304463024284217348
1304463048057516038
1304463072053145601
1304463078562570240
1304463090205982726
1304463144463601665
1304463163275042817
1304463289460699136
1304463335769997316
1304463340001992704
1304463395677184000
1304463710748958721
1304463850868277249
1304463946359934977
1304464083832324098
1304464087321997313
1304464151314653187
1304464197082730497
1304464221447618560
1304464333477474304
1304464391946088454
1304464426972508160
1304464440713269255
1304464688282054656
1304525264974761985
1304525278505508864
1304525391537860609
1304525415315243009
1304525501311131649
1304525505480146944
1304525511918383104
1304525613835915271
1304525668206612480
1304525687848534017
1304525730756386820
1304525809483419648
1304525888457850881
1304525915506892800
1304525930543616001
1304526165042888704
1304526175872708611
1304526387848634375
1304526454835818497
1304526459915116546
1304526566123134976
1304526620716232705
1304526706343120904
1304526828623794177
1304526865030356999
1304526908462370816
1304526926992805888
1304526944508223490
1304526956793401344
1304526971209232384
1304527041262432258
1304527086036475904
1304527109839257600
1304527335161556996
1304527382204813318
1304527412185751552
1304527416124149763
1304527434323197954
1304527480552853504
1304527495002230785
1304527567160999938
1304527582612856832
1304527601516638211
1304527697905741825
1304527793540050944
1304527803015196672
1304527810497671168
1304527813513445376
1304527836322070533
1304527856698118146
1304527888952291328
1304527914084585472
1304527920963219456
1304528114928816129
1304528162659991553
1304528256159420416
1304528277126684673
1304528292154945537
1304528324018999296
1304528345418403841
1304528418185379846
1304528566772797440
1304528600406818818
1304528832335151105
1304528848298541056
1304528990573658117
1304529018537082887
1304529115291283463
1304529435455094784
1304529601448861697
1304529614841303042
1304529766809100293
1304529794638381058
1304529834555703296
1304529900020228097
1304530023328563200
1304530164647440384
1304530184100605953
1304530305169018881
1304530357501349888
1304530489873637376
1304530494734897152
1304530544563281920
1304530554734469122
1304530705842659331
1304530744778391553
1304530968099913731
1304531111578677250
1304531283444457491
1304531356509040640
1304531483001061378
1304531497072820225
1304531553318514689
1304531725406679041
1304531960346288128
1304531974103732224
1304532027434315776
1304532096900313088
1304532140017643520
1304532305977974784
1304532347249807360
1304532389742354432
1304532436613697536
1304532545707573249
1304532553219612672
1304532578985222145
1304532700192268289
1304532881008623624
1304532925992652806
1304532968157872130
1304533171891994624
1304533202258796544
1304533205240995845
1304533226506117121
1304533253680967681
1304533274790854658
1304533845761351680
1304533858440941570
1304533878003167238
1304534113999712256
1304534174112591874
1304534299018895360
1304534302621945857
1304534303695663105
1304534314638426112
1304534460495429633
1304534614099329025
1304534746735603712
1304534863454834694
1304534914436599808
1304534926696632328
1304535090022752257
1304535125112356875
1304535221564510216
1304535306125955072
1304535334605262850
1304535337126047744
1304535397679075328
1304535402771083270
1304535431833321473
1304535598095572992
1304535623462785025
1304535676868857857
1304536185348354048
1304536216201822210
1304536319650136064
1304536488101646336
1304536505675845633
1304536547329441794
1304536587418497024
1304536625649778689
1304536711838523392
1304536783779061760
1304536788766138368
1304536831929643008
1304536887152054278
1304536910946357252
1304536972636102657
1304537010917568514
1304537014033842184
1304537329848250369
1304537362773540864
1304537364489015297
1304537381354135552
1304537480830627840
1304537726885212160
1304537802202259457
1304537854467436545
1304537858431004672
1304537923547787265
1304537931231752194
1304537931353329665
1304537973568888832
1304537978627334144
1304537995106635776
1304538016787181573
1304538033681821702
1304538082100862976
1304538115437219841
1304538181656817664
1304538363039539200
1304538523731623936
1304538700441739265
1304538735942524930
1304538763281010691
1304538797942677509
1304538812215898118
1304538906973614086
1304539014809051136
1304539209513029635
1304539228060164096
1304539310935269376
1304539341876850690
1304539428212420613
1304539568637648898
1304539582835421188
1304539618373705730
1304539707196485632
1304539778688393217
1304539895407489025
1304540113062506501
1304540168326721536
1304389333248430081
1304389454082310146
1304389454493151233
1304389533211951104
1304389638602125314
1304389708437430275
1304389733653643265
1304389859730100227
1304389866097082370
1304389963421757442
1304390005465513994
1304390032623579136
1304390058557009921
1304390233232998400
1304390315139379201
1304390559793123328
1304390610065989634
1304390806640431104
1304390863867371522
1304391095447683073
1304391208777719813
1304391293712375809
1304391339560312834
1304391381591482369
1304391523816165376
1304391529180561408
1304391547983601665
1304391728024092672
1304391879983796227
1304392059529375744
1304392066777198592
1304392084275826688
1304392154643529728
1304392174612680706
1304392508550647808
1304392547176001536
1304392553115123721
1304392760087191552
1304392831088418827
1304392864386949120
1304393030418403330
1304393213441081344
1304393236207738882
1304393432207634432
1304393456010354696
1304393528634728449
1304393632791883776
1304393661082406912
1304393733325180929
1304393782679547907
1304393871510712320
1304393925151649792
1304393981430652928
1304394014548926464
1304394016788746246
1304394062842167297
1304394108870504450
1304394291482165248
1304394310251499521
1304394361027751936
1304394411757809666
1304394598874316801
1304394785965445121
1304394818756505600
1304394876096671744
1304394894606323713
1304394943100850176
1304395146746888192
1304395301306986496
1304395404629413893
1304395405191450625
1304395559726440448
1304395573165002752
1304395592936730629
1304395822977757185
1304395925977264128
1304395973960052736
1304395997775196166
1304396124585971712
1304396168475140098
1304396185554374657
1304396644994224128
1304396651147210756
1304396677957275648
1304396737113718784
1304396765379125249
1304396857658011648
1304396883016609793
1304396934543597568
1304397050457579523
1304397128169451522
1304397158167252993
1304397208301842434
1304397376006782978
1304397393341935616
1304397573072056320
1304397603447209984
1304397678164488195
1304397747655774211
1304397974198513664
1304398027398889472
1304398047393185793
1304398182768685058
1304398294886612992
1304398331800477696
1304398346874912768
1304398419562246144
1304398564810829826
1304398595072888832
1304398689172152326
1304398697279651841
1304398736165015552
1304398868877017089
1304398964960223232
1304399129968246784
1304399356234067970
1304399414312800256
1304399443702304769
1304399576879824896
1304399600833515521
1304399742043029504
1304399764906217478
1304399767724843008
1304399768190242816
1304399859986948096
1304399887128236032
1304400005218725890
1304400014169509888
1304400358295437315
1304400470044102658
1304400480085438464
1304400609349640193
1304400631533273089
1304400723719852032
1304400726836293634
1304400736902672386
1304400803617275905
1304400865722339329
1304400879966183429
1304401169515601921
1304401333504610305
1304401402794512386
1304401468968009734
1304401478384316417
1304401489755090947
1304401701680545793
1304401807549104135
1304401826251526145
1304401913211949057
1304401948766924800
1304402052634742785
1304402078949928961
1304402257492967424
1304402324803256320
1304402338510143488
1304402548665847809
1304402575303888896
1304402624645681159
1304402631905943553
1304402632187039749
1304402648540557313
1304402692333342720
1304402707583848454
1304402890694561797
1304402908721553409
1304402910462312448
1304402919932997633
1304402946181025793
1304402953109938176
1304403049251733504
1304403312977031168
1304403335194333192
1304403366521511937
1304403660252876800
1304403685515067392
1304403763852201984
1304403786027368448
1304403825822961667
1304403901240815617
1304403904571080705
1304403906026508289
1304403958006509573
1304404073161134091
1304404165058326533
1304404199044722689
1304404215457079298
1304404286596616192
1304404294939025414
1304540269845585920
1304540321427132425
1304540513337565184
1304540523689107460
1304540776844550144
1304540846159794178
1304540925981532161
1304540973880545281
1304541235600740352
1304541339590197250
1304541489423417346
1304541547506040834
1304541691609710592
1304541794936320000
1304541878319226880
1304541901845155841
1304542022527676422
1304542172482543622
1304542214073315328
1304542251117432832
1304542579644563457
1304542640386355201
1304542686058348545
1304542941046665216
1304543187193810946
1304543228461486081
1304543330727014402
1304543388147032075
1304543661003214848
1304544240496783361
1304544265759002638
1304544314563977217
1304544397711810561
1304544443299749891
1304544444025364481
1304544447083032577
1304544532764282881
1304544569216958466
1304544569208573953
1304544642877337602
1304544679015395333
1304544700540436481
1304544896158703616
1304545206797123584
1304545313697312768
1304545716417818625
1304545842876084224
1304545883061727239
1304545901336317954
1304545917924790272
1304545971238580224
1304546023344349190
1304546119846948868
1304546157851537408
1304546200062959617
1304546524182056960
1304546562220142595
1304546648811544579
1304546663223173123
1304546780168814592
1304546839182544897
1304546854160404480
1304546965137567744
1304547112986779648
1304547185414017026
1304547197199892480
1304547273016258560
1304547331384193026
1304547370038956034
1304547406407753733
1304547517250646018
1304547842988691458
1304547959804170242
1304547974878556163
1304548029362511873
1304548348855230467
1304548365435392001
1304548402013769729
1304548426420572160
1304548477767122947
1304548515893456897
1304548583757185025
1304548693094342662
1304548711046012930
1304548840633229312
1304548886434836480
1304548929346744321
1304549006828351493
1304549137136918531
1304549273145454592
1304549313918521351
1304549880321449993
1304549937456218116
1304550094155341824
1304550230914981890
1304550525774561280
1304550531877212161
1304550536155463681
1304550634537050117
1304550639121309696
1304550657454555136
1304550684679983104
1304550791303311361
1304550863676092423
1304551174062903296
1304551391617314817
1304551505362587648
1304551588875448321
1304551826834952192
1304551984092119040
1304552053302349826
1304552269648666626
1304552357510995968
1304552384203456515
1304552390486642688
1304552433406767104
1304552672922664961
1304552812345462789
1304553071280758785
1304553203342737408
1304553208510066689
1304553262872440832
1304553308984684547
1304553354497003521
1304553372264038407
1304553404103110656
1304553616624234497
1304553962457034752
1304554005960351744
1304554173854289923
1304554247950917632
1304554396316061696
1304554403144388618
1304554413294522370
1304554515300057089
1304554575505088517
1304554590436761600
1304554702009520129
1304554796872011777
1304554838823505921
1304554891763875842
1304554962643496961
1304555045485248512
1304555190155182081
1304555546595471360
1304555554904236033
1304555672508526601
1304555704292913158
1304555736274546689
1304555745858457601
1304555997449641984
1304555997994848256
1304556055951622144
1304556086645723136
1304556096942567425
1304556169743261697
1304556404431351808
1304556450937794566
1304556566973222914
1304556664687861762
1304556755158933506
1304556798926639111
1304556843453251584
1304556887988473856
1304556989377372163
1304557028317310978
1304557036143808517
1304557331364155393
1304557575627829250
1304557592149196800
1304557652282937346
1304557695140327426
1304557815026135047
1304557907590160384
1304558007708254208
1304558044441964544
1304558149165342726
1304558269067718656
1304558601504161797
1304558655396868099
1304558796736548864
1304558908149829632
1304559269929463813
1304559301781057538
1304559374988455936
1304559436451721216
1304559463375015936
1304559661123862528
1304559769995411458
1304559913717424128
1304560021926273029
1304560066989830145
1304560076833910784
1304560114012127232
1304560264264781824
1304560329565908992
1304560464593072129
1304560551306158080
1304560689294372865
1304560712069591040
1304560826427142145
1304560872069754884
1304561038667517955
1304561179910643716
1304561182519357441
1304561226433933313
1304561279215042560
1304561355635085312
1304561405358735360
1304561419225124865
1304561532580364288
1304561582756769797
1304561658170228736
1304562098954010625
1304562112069619712
1304562186258444293
1304562356916285440
1304562383386370048
1304562442698215427
1304562464969961473
1304562498419462144
1304562536663179264
1304562642992820224
1304562724349902848
1304562727692767237
1304562748731392007
1304562791169261573
1304563100771921927
1304563252349685760
1304563318070349824
1304563353973673984
1304563373485379584
1304563395191091201
1304563478305280000
1304563529152946182
1304563546085355527
1304563671151116293
1304563671872319488
1304563863837388806
1304563868341997569
1304564011418161152
1304564045479997441
1304564096910716929
1304564446317219840
1304564449957892096
1304564699309248518
1304564976896618496
1304565249077645314
1304565263350857728
1304565263946469376
1304565542800351232
1304565590238035970
1304565617366896641
1304565628842328064
1304565659985039360
1304565738427092993
1304565820824211457
1304565870983864322
1304565939841757184
1304566147488993280
1304566189318762497
1304566433020555264
1304566516034174978
1304566613702828034
1304566665334513665
1304566666320384001
1304566861258985475
1304566904678354944
1304567049897807875
1304567097645821952
1304567218508791808
1304567318220083204
1304567326948425730
1304567409555066881
1304567465754734593
1304567485648207872
1304567528191123457
1304567553071689728
1304567599519485953
1304567708101402624
1304568008371834880
1304568023479705601
1304568037694156803
1304568305513115649
1304568425247846403
1304568580802072576
1304568600032927744
1304568638637322247
1304568755306061824
1304568838034423816
1304568839150145540
1304568870276038657
1304569006620389377
1304569078967828480
1304569094906273793
1304569265757052932
1304569517478158336
1304569820730372096
1304569842834563072
1304569869820661760
1304570042617663488
1304570234922176512
1304570298616995841
1304570350248878080
1304570385401286658
1304268675579621377
1304268675839524865
1304268698241380353
1304268864021311489
1304269088714260480
1304269217441685504
1304269392453214211
1304269524787699718
1304269555410317313
1304269741239021568
1304269816711335937
1304269965000880129
1304270138561232897
1304270193779257344
1304270459932946433
1304270464118919168
1304270494812844034
1304270678410092549
1304270839433625601
1304270871293505536
1304270904063557633
1304271197664935938
1304271212948881410
1304271301964640259
1304271305420738561
1304271617011388416
1304271675979038720
1304271746636410880
1304271780991897603
1304271833517170689
1304271901385256961
1304271957467299845
1304272040703262720
1304272079005548544
1304272217107247104
1304272255006932994
1304272258525999104
1304272383948156929
1304272394949922816
1304272510993813504
1304272568984231936
1304272625129205761
1304272663809011714
1304272666283724800
1304272698323931139
1304272725247172608
1304272800992067585
1304273016520691712
1304273016818405377
1304273081809154048
1304273137169817600
1304273164126519296
1304273209198608385
1304273353469902849
1304273434097090560
1304273458545799168
1304273657414459393
1304273667791237122
1304273703119839232
1304273742701395969
1304273805951594498
1304273813962657793
1304273851635961858
1304273906858033152
1304273981969702913
1304274114291445760
1304274117458362368
1304274138694127616
1304274304994074627
1304274346698047488
1304274362107744256
1304274466999066628
1304274509373947904
1304274625615081472
1304274774399606785
1304274909883817985
1304274921699246085
1304275025705472000
1304275104470360064
1304275232262418433
1304275380543471616
1304275479331971073
1304275660731543552
1304275690402054144
1304275729715265537
1304275860040691714
1304275889581035520
1304275939275059202
1304275984892526593
1304276022011944960
1304276078110732289
1304276253302755328
1304276279332605952
1304276282364948480
1304276598581948416
1304276618433589248
1304276867919368192
1304276977688473601
1304277001931575298
1304277068645937152
1304277304219062273
1304277305536045057
1304277341544361984
1304277400839237632
1304277781027516416
1304277920190550018
1304277974577971202
1304278201846255616
1304278252379426816
1304278280783237123
1304278284562100224
1304278363847012353
1304278673831473152
1304278756702351360
1304278930980036608
1304279104246616065
1304279204670787584
1304279275231735810
1304279299734810624
1304279404114132992
1304279484347097089
1304279526764023808
1304279790216769538
1304279920185454592
1304279958232035328
1304280076092014598
1304280146359222272
1304280295491862532
1304280501021147137
1304280529257328640
1304280537452830721
1304280674686234626
1304280723315064832
1304280824280477697
1304280868131872768
1304280893268389888
1304280930677293062
1304280970451914753
1304281108494921729
1304281241349488641
1304281358961963008
1304281458966695942
1304281506760855558
1304281546187132928
1304281713963458565
1304281771383468032
1304281825116934146
1304281864744689664
1304282034127339522
1304282046869639169
1304282119510736896
1304282170484289536
1304282183268315137
1304282321831432192
1304282449850109952
1304282562521522178
1304282768956747776
1304283057248243713
1304283101300883456
1304283135664771072
1304283199195938817
1304374311617204228
1304374410867085312
1304374610675331072
1304374804754112519
1304374808982028288
1304375253204963329
1304375258934370305
1304375441659228160
1304375738829856769
1304375834682298368
1304375849559511046
1304376207425691649
1304376298488442883
1304376400929931265
1304376450133487616
1304376598494408705
1304376715150528513
1304376794632523777
1304376987822284800
1304377143108014081
1304377247680299008
1304377294488834049
1304377305603674112
1304377491834847232
1304377511250362369
1304377536152055810
1304377623729111040
1304377781678215171
1304378117734178818
1304378268955471872
1304378543883788288
1304378686557188096
1304378749249519618
1304378829784387584
1304379105568264192
1304379460431548416
1304379966751232006
1304380070400671745
1304380350471327744
1304380376828325890
1304380463440568320
1304380574988197896
1304380845734735872
1304380981185572864
1304380995718672384
1304380997539110917
1304381026886651908
1304381136135749633
1304381221259096065
1304381351056101377
1304381410766069760
1304381419209154560
1304381687187595265
1304381847804301312
1304381864879075328
1304382219679600644
1304382322876264448
1304382532750684161
1304382590577565696
1304382639839817728
1304382651080626176
1304382718138970112
1304382926520541185
1304382951300517893
1304383066140483585
1304383128560173056
1304383285389414400
1304383356642230275
1304383409813426176
1304383602235449345
1304383614440931331
1304384118063591424
1304384536869056512
1304384582486233088
1304384671736758272
1304384728162856960
1304384929619378181
1304384931657900034
1304385044144967681
1304385178723323904
1304385442624737280
1304385452045004800
1304385535188893696
1304385553954209792
1304385622594015232
1304385686481625088
1304385731071291394
1304385903142592512
1304386035686821890
1304386040598351872
1304386062765228032
1304386074131693568
1304386076992245762
1304386128636776448
1304386379288371200
1304386447378702337
1304386449782038531
1304386521496276992
1304386590551298049
1304386651280547841
1304386833493749760
1304386843941666816
1304386907837784065
1304386954696503296
1304386973600186368
1304387001916051456
1304387095683887106
1304387119083851776
1304387144329224192
1304387484646879232
1304387515139403776
1304387639634731008
1304387675068272641
1304387687651123200
1304387786800279553
1304387812754632706
1304387851807752194
1304387998956560384
1304388017885507584
1304388037330305026
1304388224886874115
1304388291530162176
1304388465505849344
1304388575719546884
1304388636151033857
1304388714572009475
1304388995544215552
1304389067090558976
1304389193058189312
1304283564410916864
1304283664117686272
1304283690860593152
1304283902740230145
1304283990401060864
1304284511568617472
1304284574839693312
1304284935918940160
1304284978012971009
1304285053057486848
1304285080760664066
1304285432478277632
1304285442674774016
1304285685327826946
1304285809282080770
1304285948310478849
1304285955432603648
1304286016035983362
1304286214674153489
1304286217458970625
1304286328599834629
1304286412594982912
1304286481800855553
1304286735996776448
1304286745979219971
1304286773980409857
1304286829865246721
1304287104415883264
1304287204588630016
1304287215556505600
1304287400609406977
1304287523150020609
1304287902910705664
1304288024155402245
1304288041947688960
1304288222596403200
1304288225037635584
1304288261049929729
1304288267274248193
1304288412556460033
1304288453266345984
1304288619851636736
1304288893869596672
1304288957937586178
1304289058986897409
1304289161575358464
1304289442384023553
1304289630691393536
1304289633191116801
1304290051552018432
1304290101644722176
1304290179365187584
1304290300618211328
1304290318313902081
1304290349628694529
1304290355412692992
1304290492809531394
1304290618789818370
1304290731192967169
1304290788356927488
1304290953016958976
1304291430588915714
1304291447147962374
1304291452273520640
1304291629734522881
1304291770726068225
1304291885037449217
1304291895468789760
1304291946978967553
1304292046207737856
1304292085160243201
1304292171344945152
1304292176776630272
1304292405173252097
1304292508180992000
1304292526409486336
1304292652230348800
1304292931377995776
1304293137083375617
1304293920399077378
1304294461669650432
1304294759104733185
1304295155537711105
1304295540499177472
1304295676923318273
1304295875561369600
1304295902329352193
1304296177718964229
1304296230973968384
1304296860908244992
1304296922027634688
1304297136201379841
1304297465311563776
1304297707729833984
1304297816789979141
1304297962034655232
1304297996016734209
1304298201420357632
1304298277349634048
1304298515879923712
1304298564265312256
1304359046435278848
1304359181214941185
1304359247073902594
1304359789049393157
1304359891205644289
1304360225282039808
1304360488286007298
1304360749255385089
1304360766590590978
1304360847230337025
1304360860777930753
1304360941476249600
1304361056152760327
1304361549553979392
1304361917193105408
1304362457650077697
1304362458946076673
1304362657793929218
1304362747514232833
1304362793093693440
1304362847393198080
1304362934638972929
1304363047067287552
1304363168270032897
1304363382657646597
1304363816147390464
1304363833868406784
1304364035568283648
1304364319690420225
1304364537043390464
1304364776865378309
1304365023138123776
1304365387186876417
1304365577633370114
1304365728036986881
1304365801726763008
1304365804918575106
1304365908459163649
1304365961512923136
1304366224395116546
1304366262215159808
1304366276819791877
1304366325972627456
1304366419522596864
1304366494147424256
1304366605267279873
1304366687236558848
1304366749475799040
1304366913582235648
1304366916878970881
1304367039193034754
1304367073120972800
1304367307360092161
1304367383243640836
1304367471617544193
1304367759447425031
1304367891781836800
1304368098582106114
1304368219071770626
1304368378832855041
1304368436970057729
1304368445040066563
1304368707041402881
1304369000869236738
1304369049380372480
1304369147648905216
1304369500402352129
1304369645651218432
1304369908717936645
1304370531681087488
1304370576333647873
1304370683447832577
1304370826993573889
1304370829455745026
1304370915002720256
1304371295128375297
1304371463575629824
1304371711442329611
1304371851498606593
1304371861896286213
1304371863045496833
1304371897296191488
1304371974496497664
1304372120399548416
1304372577134092290
1304372594712498176
1304372659065675776
1304372899483189250
1304372960543862786
1304372984891678722
1304373083646693376
1304373277834514437
1304373316166148096
1304373344125497345
1304373602893135873
1304373844854083584
1304373874876915713
1304373950290550785
1304374009493061637
1304374057748570112
1304374063297691649
1304298907980111872
1304298982584332288
1304299126327181312
1304299287174668289
1304299608047144960
1304299672337616899
1304299677232189441
1304299743787450370
1304300001540165637
1304300003284922374
1304300539438489600
1304300594455289857
1304300765801066498
1304300888106827776
1304300890111655937
1304300968121495552
1304301027823439872
1304301510403137537
1304301569966448647
1304301907603845120
1304302043927064576
1304302672972050432
1304302855956955136
1304302922797211649
1304302994297503744
1304303169854414848
1304303225420443648
1304303244471136256
1304303437828378624
1304303494023671809
1304303528517672961
1304303637955571713
1304303879195103232
1304304214936621057
1304304472265338881
1304304662384959488
1304304869721829378
1304304916907712522
1304305166544441345
1304305303928868871
1304305385831051265
1304305442009624576
1304305915676340224
1304306270275383296
1304306322243026946
1304306568910041088
1304306771574558720
1304306964357435393
1304306973354217472
1304307144179752960
1304307316670574592
1304307514406731777
1304307854795440128
1304308473736212480
1304308537229602816
1304308637247168512
1304308756830969858
1304308775721906176
1304308815408410625
1304308825336492035
1304308872816013314
1304310079206772736
1304310222312230914
1304310488302583809
1304310792557416449
1304310843094437888
1304311188889632768
1304311706865328131
1304311898695970816
1304312077914316800
1304312207669227520
1304312344114163712
1304312696632872967
1304343983049658369
1304344161273946112
1304344230932946945
1304344234997157888
1304344427163344897
1304344757255073793
1304344790826471424
1304344818076721152
1304345388640591872
1304345763070095360
1304345915847630849
1304346457978400768
1304346554749399040
1304346971247972355
1304347007587287040
1304347052265156608
1304347377692807170
1304348172991463424
1304348193925345280
1304349472919441408
1304349570898579456
1304349628142366724
1304350072050716673
1304350242494713857
1304350941991309314
1304350959624024066
1304350993270759424
1304351138456588289
1304351146555985922
1304351158304223232
1304351221625413632
1304351345609146368
1304352804929073152
1304352904262955013
1304353200263385088
1304353291179040768
1304353583660400640
1304353629168640000
1304354214634754049
1304354781453058050
1304354802323697664
1304354944326283264
1304355035560718336
1304355186769502209
1304355211369213952
1304355277496610816
1304355458845749250
1304355944827154433
1304356126763479041
1304356216865304576
1304356360159719424
1304356673004490752
1304357371775508480
1304357412481175552
1304357714685026304
1304358145804955650
1304358285680750592
1304358359454359552
1304358630309924866
1304358718058921984
1304358721338839040
1304358780793225217
1304358810790891520
1304313843477348353
1304314718031671298
1304314726780997632
1304315028540133376
1304315203971026944
1304315286422720512
1304315312506990594
1304316519900483584
1304316863376056321
1304317095619039232
1304317219141120000
1304317379065778176
1304317396770066434
1304317440810274816
1304317642220728320
1304317653939621888
1304318064893231104
1304318152751415296
1304318192559558656
1304318261077606400
1304318372516106240
1304318602200395776
1304318756760551425
1304318800955760642
1304319063397548032
1304319614499856384
1304319661341839362
1304319909195739136
1304320290122379264
1304320464961986560
1304320605001601024
1304320693257920513
1304321138835644416
1304321581808844800
1304322094507974656
1304322152959795200
1304322188330270721
1304322652346003457
1304323460563378176
1304323587151671296
1304323710225055745
1304323837933154306
1304324069408608257
1304324110357614592
1304324233955172352
1304324335235104769
1304324510103953411
1304324533197746181
1304324592249507840
1304324625006911488
1304324862807281665
1304325479189622784
1304325663885864960
1304325820647968769
1304326226106966017
1304326835900166144
1304326840027246592
1304327166591725569
1304327792352395264
1304328022548336641
1304328640340074496
1304328678336270336
1304328940165586944
1304328982284980224
1304329138673778688
1304329301677035521
1304329626269999104
1304329854792486918
1304330236318945280
1304330331089244160
1304330431538638854
1304330638196170753
1304331126924869634
1304331476201336833
1304332026326245377
1304332042742751234
1304332680960507904
1304332703173545984
1304332878822567937
1304332963379773440
1304333203851878400
1304333521599819778
1304333619578589185
1304333684359659520
1304334153010360321
1304334156361592833
1304334973189730305
1304335479786082304
1304335507795652610
1304335683226607616
1304336138107224064
1304336856830668801
1304336925277523968
1304337254140252160
1304337451327074304
1304337493328687104
1304337999027724289
1304338006904459264
1304338141030088704
1304338440771821570
1304338565363572738
1304338719818821632
1304338859635945472
1304339610290528256
1304340064571461632
1304340254653120513
1304340303500005377
1304340437377798144
1304340638415097856
1304341097741651971
1304341117681491968
1304341667617546241
1304341986883727362
1304342830412947456
1304343031378636802
1304343558854340608
1304343762227912704