1305702891680743427
1305702895178805249
1305703038049452032
1305703109348319235
1305703164117614595
1305703185626005504
1305703353004027905
1305703365343576064
1305703417827000320
1305703496319143937
1305703546415755264
1305703588329480194
1305703663491448833
1305703864843239426
1305703873856839680
1305703952982462464
1305704070783602688
1305704212706148372
1305704315206733826
1305704324580945920
1305704388997058565
1305704402297253888
1305704418608906240
1305704439018328066
1305704725174722562
1305704786738601984
1305704961960038401
1305704993320624135
1305704997363957762
1305705017798619137
1305705073406742529
1305705186309083138
1305705294488625153
1305705399593517056
1305705420929904646
1305705433361977344
1305705496121241602
1305705554405470208
1305705567785291776
1305705705844936704
1305705839941103617
1305705911835660289
1305705967292686336
1305706033772474368
1305706105511706624
1305706111132196864
1305706117981376512
1305706279722131456
1305706335267364864
1305706468751089671
1305706557993291776
1305706566146957312
1305706616256372736
1305706628818366464
1305706638368804865
1305706641426272257
1305706645457076226
1305706721143402496
1305706785190281221
1305707005580120065
1305707074345734144
1305707111175905280
1305707186065154048
1305707207560847361
1305707268864868353
1305707321402765312
1305707522544881665
1305707542769668098
1305707590027022336
1305707637837832192
1305707841634873345
1305708097403588609
1305708163153321990
1305708222314020864
1305708234787885062
1305708420654419968
1305708441693040641
1305708466254774272
1305708471187275776
1305708503194046465
1305708557673705472
1305708708140376064
1305708802549772290
1305708994011381760
1305709092120547330
1305709141038571521
1305709270885781504
1305709351752134656
1305709363571707905
1305709376590626816
1305709397327265793
1305709589506281475
1305709619566665728
1305709689011752961
1305709690022625282
1305710008802439169
1305710013898424326
1305710076196462592
1305710105980141568
1305710143397679104
1305710144332984320
1305710407504424961
1305710469936812032
1305710486332334080
1305710592553103361
1305710617970405379
1305710718080163845
1305710848707444736
1305710865459687424
1305711083055919104
1305711138705825792
1305711226261966848
1305711372005707776
1305711449260666886
1305711501991456769
1305711613048238087
1305711851217522693
1305711876131581952
1305711962265989122
1305712013960605696
1305712103710273536
1305712199017484289
1305712299479457793
1305712354974294017
1305712460096176129
1305712525560946688
1305712658289692672
1305712714900058113
1305712862552305671
1305712964993986562
1305712966495420416
1305713017527717889
1305713058577133570
1305713167322972160
1305713176902881280
1305713259438206976
1305713390644461574
1305713519799672832
1305713574682087424
1305713633716920320
1305713708274982914
1305713730605453312
1305713905793150977
1305713944418496512
1305713964614025216
1305714020972998656
1305714043894689795
1305714078430625793
1305714107174154240
1305714216855392257
1305714238397100033
1305714343082962944
1305714375165202435
1305714517331128322
1305714545395081216
1305714636801675265
1305714833573150721
1305714870197788676
1305714908395261954
1305714920860921862
1305714966318559234
1305714970655686656
1305715038972448773
1305715080164716544
1305715088498872320
1305715189870768129
1305715197911293952
1305715231805636608
1305715270082859009
1305715297761062912
1305715339846709248
1305715438173650944
1305715478837354497
1305715499565641731
1305715647154925568
1305715705564676096
1305715752058535936
1305715765019107331
1305715858283655169
1305715920023638016
1305716020833902592
1305716074005041153
1305716091113537536
1305716107525922816
1305716221543944192
1305716234676310017
1305716292255649792
1305716312736280576
1305716331141103618
1305716398925242369
1305716410400686082
1305716808209633280
1305716838005833734
1305716875234549762
1305716888530497537
1305716915269181447
1305717107322216450
1305717307058970625
1305717315896569857
1305717358300991493
1305717383424737282
1305717778138226693
1305717902591614976
1305717917204516864
1305687834041475080
1305687914555281408
1305688052182908929
1305688182978162688
1305688269838057474
1305688367326167040
1305688392164765696
1305688669152571398
1305688715126284290
1305688916729757697
1305688966633459713
1305688979447205888
1305689058291531776
1305689126788902912
1305689309891223553
1305689323547885568
1305689356582170624
1305689427797323777
1305689487373152256
1305689624988147712
1305689664875982848
1305689839610683393
1305689839657005059
1305689864990531587
1305689910112858112
1305689956300525568
1305690064928665600
1305690082414792704
1305690246567407616
1305690506354135040
1305690548217544704
1305690766606585857
1305690833035894794
1305690887792529408
1305690912064827392
1305690938468044800
1305690999998611456
1305691068847939584
1305691160950706176
1305691181846794243
1305691239736516608
1305691466598146049
1305691508209844224
1305691579378798593
1305691634995269634
1305691973219745799
1305692233501474816
1305692245853720577
1305692359141871618
1305692431526969345
1305692489374990336
1305692573642575872
1305692574565445634
1305692619482202114
1305692720497909760
1305692879260651520
1305692921958731776
1305692943538245632
1305693135981469699
1305693449774141440
1305693470888058881
1305693475204214785
1305693513296670720
1305693601205227521
1305693778032963584
1305693786417369088
1305693936510476288
1305693991212584962
1305694116907487233
1305694184901357568
1305694197521854464
1305694230761877506
1305694263544410112
1305694284402896896
1305694314245226496
1305694389700714497
1305694398680768512
1305694474329296897
1305694523868229632
1305694612590391296
1305694691795574784
1305694708635639808
1305694805188644864
1305694880446836736
1305695178590547969
1305695204075159553
1305695400800776193
1305695623102988288
1305695699141623809
1305695719248912384
1305695853378666496
1305695874241134592
1305695885662261252
1305695888199749633
1305695912040304640
1305695912933507072
1305695924749033474
1305695969057660931
1305695970404061184
1305696163786522624
1305696177061535745
1305696185592684544
1305696482201415680
1305696617362841602
1305696667811840001
1305696713726988289
1305696877224947712
1305696893754843137
1305696964881911808
1305696982011346947
1305696999245844480
1305697002487832576
1305697182897582080
1305697204443787265
1305697249704341505
1305697317786329089
1305697459813994496
1305697480571576322
1305697572992901120
1305697682548162560
1305697714882011138
1305697732070440961
1305698148451577856
1305698286972534784
1305698450126770178
1305698701554233344
1305698818692874247
1305698911307337728
1305699015959355393
1305699036955947008
1305699150919593991
1305699175464448000
1305699288178192387
1305699302015078400
1305699338560172037
1305699481598402560
1305699665900380160
1305699671579426823
1305699859123433481
1305700223533154304
1305700227651862528
1305700267107610624
1305700304420249600
1305700402604769281
1305700610923098112
1305700732033798145
1305700752334245888
1305700912330141696
1305700938024398849
1305700958165299200
1305701003837288450
1305701079007604736
1305701104865271808
1305701227376840712
1305701334876925953
1305701351872061440
1305701385804021760
1305701390438854656
1305701395136380930
1305701494633762817
1305701737437814784
1305701820447285249
1305701994007531521
1305702031227838470
1305702069928685568
1305702103663353856
1305702203311697920
1305702274484690944
1305702364930805760
1305702401282904064
1305702431205064707
1305702540357464066
1305702668699078657
1305702694955474944
1305702800429637633
1305929421438824457
1305929547196448768
1305929694316048387
1305929966480220162
1305929979293626368
1305930038508830720
1305930042195804167
1305930121593999362
1305930155588816898
1305930258151960578
1305930424267558913
1305930495188971520
1305930638604873728
1305930802308419584
1305930844415041536
1305930915823128577
1305930972630839296
1305931027781529600
1305931082492076032
1305931128449138688
1305931171394584576
1305931308892291079
1305931326399356928
1305931628632440832
1305931678104408066
1305931850125279232
1305931913375428608
1305931951077953536
1305932013686276097
1305932097501171712
1305932332608753664
1305932411742703617
1305932458810945536
1305932521251643392
1305932580865421315
1305932668832542721
1305932680878456832
1305932760561971201
1305932789678735361
1305932793613111301
1305933112313028608
1305933125529284616
1305933184803143682
1305933217048834050
1305933267628163073
1305934249032179712
1305934249552482306
1305934274583953408
1305934493946183685
1305934617183215616
1305934643909324802
1305934656429228032
1305934693892796416
1305934904199245824
1305934925263142912
1305934954346364928
1305934966811889665
1305935285620862976
1305935529062604802
1305935562847653888
1305935600269262855
1305935642199760896
1305935851474448385
1305935915433500672
1305936025554948100
1305936098233901059
1305936208678322177
1305936380288208897
1305936484931899395
1305936547724681216
1305936569316962304
1305936573771513859
1305936594055188483
1305936653299724293
1305936745385476096
1305936813824057345
1305936837546975233
1305936937484779520
1305936983529750530
1305937014043430913
1305937029998415872
1305937244310646793
1305937261003968513
1305937265533825026
1305937404050706433
1305937475853058049
1305937525270249472
1305937575471964162
1305937630220042240
1305937650172526592
1305937987243356161
1305938045489745921
1305938175009804289
1305938180340883461
1305938220727914496
1305938527277002754
1305938631773700097
1305938641118810117
1305938661213691904
1305938700136624128
1305938711859916803
1305939039837544448
1305939060964302850
1305939068736491520
1305939076915265536
1305939186604630021
1305939198260674563
1305939220163366913
1305939341148127234
1305939412254101504
1305939450241769472
1305939484329074690
1305939509134098432
1305939513143963650
1305939526175666177
1305939529816252433
1305939630605430792
1305939719293825024
1305939748884750336
1305939870435639303
1305939927989981184
1305939965755314176
1305940024500850690
1305940247721775107
1305940571316338688
1305940594976579585
1305940599854555142
1305940750329413633
1305941039652450306
1305941053669740544
1305941275326193664
1305941463310782465
1305941463642054661
1305941530742419456
1305941820610760704
1305941883538022402
1305941908225581057
1305941970813169666
1305941995924287488
1305942008716984321
1305942117873664000
1305942247863726080
1305942437093834752
1305942756787990528
1305942800979177472
1305942831345864707
1305942851398832132
1305942858566758400
1305942956524756992
1305942987122253824
1305943061252444160
1305943074674274305
1305943121277022208
1305943199735779329
1305943360402796546
1305943387896532999
1305943397732057089
1305943405365809153
1305943515000721412
1305943518368718848
1305943589847855105
1305943669556600834
1305943673994186758
1305943724657123331
1305943833268682752
1305943875945672708
1305944047484391426
1305944077259517952
1305944190405218311
1305944227931619329
1305944241089122304
1305944245329522688
1305944256822095875
1305944328007815168
1305944366003888130
1305944399713644557
1305974678985605120
1305974854152261633
1305974913216507907
1305975055780925443
1305975089398243332
1305975261117243401
1305975522686623745
1305975697576468481
1305975726441545729
1305975923762753536
1305975937117421569
1305976066176057344
1305976074434678790
1305976117027835905
1305976121003929600
1305976121167458304
1305976138708246529
1305976141883211776
1305976223135420417
1305976272221351936
1305976360318504960
1305976369181057025
1305976480975843328
1305976574072836096
1305976654473449473
1305976826548764672
1305976842248228864
1305976909663215617
1305976911181410304
1305976935189749760
1305976977199976449
1305976993591238657
1305977048045957120
1305977082774781952
1305977161384419333
1305977165293387777
1305977253365297152
1305977378942976001
1305977510098763777
1305977744132640774
1305977777154392069
1305977782674116609
1305977887221145600
1305977978543845379
1305978033543806977
1305978117660573698
1305978127013883905
1305978145544310785
1305978403951185925
1305978482002931714
1305978612898820096
1305978616807907329
1305978695962603520
1305978742502817792
1305978810404278273
1305978901873688581
1305979035973976067
1305979359132516353
1305979479718875139
1305979573960663053
1305979627387711488
1305979628146884608
1305979719502815232
1305979727556096002
1305979766105726977
1305979829632864263
1305979916312342529
1305979968242024448
1305979980346732544
1305980124639236102
1305980338066403328
1305980416348884998
1305980608900771840
1305980718531698688
1305980722335952899
1305980761040973831
1305980853181448192
1305980969040699398
1305980970181505024
1305980970256998401
1305981322721136650
1305981488115200001
1305981690431635458
1305981787135455242
1305981804684488710
1305982208092463104
1305982220050587649
1305982269669232640
1305982291647377410
1305982295405473793
1305982345116356608
1305982396127350784
1305982538230509568
1305982596720087040
1305983008617320448
1305983045611261952
1305983331339767809
1305983343704469504
1305983385429569536
1305983411425669120
1305983444674056193
1305983481542062082
1305983536436928512
1305983683124441088
1305983725293858816
1305983867518623744
1305983873084424192
1305983880059588611
1305983881011634177
1305984070409531393
1305984174843727874
1305984237091389440
1305984472651886593
1305984485297737731
1305984526481584129
1305984615203524610
1305984623214821376
1305984626981089280
1305984685185662977
1305984774473879552
1305984782514491392
1305984911812292611
1305984987427028993
1305984999498428422
1305985193501655040
1305985298837446657
1305985331771117569
1305985352427958272
1305985445306662912
1305985466244542464
1305985700630855680
1305985736148160514
1305985764107472897
1305985814220873728
1305985864191930368
1305985872374923264
1305986112511447040
1305986113115389955
1305986178265395202
1305986271400136704
1305986283701821441
1305986396533010432
1305986510362210309
1305986544545738754
1305986677857546241
1305986720559763456
1305986927179567105
1305986944996958210
1305986988227440640
1305987005420109824
1305987049216978945
1305987089486536712
1305987109896040451
1305987110504103937
1305987202904502272
1305987244872921089
1305987249171886080
1305987371293454338
1305987415987884033
1305987635274551296
1305987710914445312
1305987857207574530
1305988086753615872
1305988117812387847
1305988192458416129
1305988200939347970
1305988313573142528
1305988331570974720
1305988344493547521
1305988372507365378
1305988416623046657
1305988494263758848
1305988532414996480
1305988614761963522
1305988713240027136
1305988822124036096
1305988913371152389
1305988951170314241
1305989014059724800
1305989081814503424
1305989116711010305
1305989316250947585
1305989362056753153
1305989396521336832
1305989644006293504
1305989660313706496
1305959696386400258
1305959841353981952
1305959889144090625
1305959948774502400
1305959998896263169
1305960011881951234
1305960393408421889
1305960401402843150
1305960426123923456
1305960630814420994
1305960657842581509
1305960661470588934
1305960736771002371
1305960755314020353
1305960762213634048
1305960816097677312
1305960950084837378
1305960980493545477
1305961043106070528
1305961227311611904
1305961319112335363
1305961472141524992
1305961486699954176
1305961617407045633
1305961664425029632
1305961822386872320
1305961868842938368
1305961878498291712
1305961893673263105
1305962099168874496
1305962099978498048
1305962166806294528
1305962230253604869
1305962262704816128
1305962426710585345
1305962541399433216
1305962603722792961
1305962607585701893
1305962637096878080
1305962854399594497
1305962867590606858
1305962879762354176
1305962884158107649
1305962902336147456
1305962905070972929
1305962942836486151
1305963009269993472
1305963021756444680
1305963081827221505
1305963134948118531
1305963187993370624
1305963274345869312
1305963282809982976
1305963295317397506
1305963312212041728
1305963437810266112
1305963466134622208
1305963522061369344
1305963592311869441
1305963761136697344
1305963878044651520
1305963907568238593
1305964008835616771
1305964075218694144
1305964273223507970
1305964297001021441
1305964389263081472
1305964389653270529
1305964516765847552
1305964767996239873
1305965006937378816
1305965060926267392
1305965081847566336
1305965116865863680
1305965137191473152
1305965195131584514
1305965557909422082
1305965610711625728
1305965631641137152
1305965661034668033
1305965773941280770
1305965833294721024
1305965903352336387
1305966025616158722
1305966096537858049
1305966151130783744
1305966176594546690
1305966251546742785
1305966449295421440
1305966520527466496
1305966851403296768
1305966869397090305
1305966895263363072
1305966901630324736
1305967115686547465
1305967157805805570
1305967278111027201
1305967325959655424
1305967337594470400
1305967361112059904
1305967363091726338
1305967460122800128
1305967573939478534
1305967670152630273
1305967917213782016
1305968092942675974
1305968106448322561
1305968123305222147
1305968219107266564
1305968227604819968
1305968304083828737
1305968362439278597
1305968407792308225
1305968517695639554
1305968573437874176
1305968638692929538
1305968751460773888
1305968765130203137
1305969310582661121
1305969427796688904
1305969665844424706
1305969741585149956
1305969773818175488
1305969775072296960
1305969867854553090
1305969889082068995
1305969968522162177
1305970106560700416
1305970144221560833
1305970147874738187
1305970189423476740
1305970191176577024
1305970375201894402
1305970422026874881
1305970438451986432
1305970438695194624
1305970471591178242
1305970505602695168
1305970555192053760
1305970580068487168
1305970656031408133
1305970659386888197
1305970760394190848
1305970969903861761
1305971041135661056
1305971134563676161
1305971176427204610
1305971503729717248
1305971511698882560
1305971550009651202
1305971578153447424
1305971649515327488
1305971675624869888
1305971746483236865
1305971851563155456
1305971981368483841
1305972262856785920
1305972447204630528
1305972539059912704
1305972644035002368
1305972694010265605
1305972908846583808
1305972950395478016
1305973138958610432
1305973197184077824
1305973319288709121
1305973336741093378
1305973436435570691
1305973549379788802
1305973562516353024
1305973595877896193
1305973613678358528
1305973721773948928
1305973844524650497
1305973935394238465
1305973948304093185
1305974032865558534
1305974052750856200
1305974112326750208
1305974170849861637
1305974229100240896
1305974271643090944
1305974272117088256
1305974375779241984
1305974481807179776
1305974518750552068
1305974637784952832
1305989774130503681
1305989832825540610
1305990113189453826
1305990118071611393
1305990155258470403
1305990347403780096
1305990356526338049
1305990398154661890
1305990418954432512
1305990529293918208
1305990579520704517
1305990633677520896
1305990637997576192
1305990729794289665
1305990969775382528
1305991040445239296
1305991069226733570
1305991086322716672
1305991137665130500
1305991221014269952
1305991224378228738
1305991364107218952
1305991384453787651
1305991397330149376
1305991526401572867
1305991568940204034
1305991602947715074
1305991609780236288
1305991677429964800
1305991699928317952
1305991765242138625
1305991816391593984
1305991870267285505
1305991908972523525
1305991925674246147
1305992080045617154
1305992168016928768
1305992206210170880
1305992332634918919
1305992416558608384
1305992433147301889
1305992664114921479
1305992693630279686
1305992700894863362
1305992700974465026
1305992713918177282
1305992813918564352
1305992834911272962
1305992894742962176
1305992935838814216
1305992978973036544
1305993049848320001
1305993099836108801
1305993201443106816
1305993318590013440
1305993339263647756
1305993356225388544
1305993468242726912
1305993477411532802
1305993635964616704
1305993645758185472
1305993649751171072
1305993658248957954
1305993687168622595
1305993737487757312
1305993780231680001
1305993838536912896
1305994052266061824
1305994160990752773
1305994182478016513
1305994375265091585
1305994412657438722
1305994490663108608
1305994511986950144
1305994529573687298
1305994530081079296
1305994533688225793
1305994543469338625
1305994640039071745
1305994802874535936
1305994853151510528
1305994882998104065
1305994911586693132
1305994975256158209
1305995050330066954
1305995058231963649
1305995222522920962
1305995223152156674
1305995277032206337
1305995318866010112
1305995331088257025
1305995424751185920
1305995599377043456
1305995678850539520
1305995691265789954
1305995768273272832
1305995826939023360
1305995843195944962
1305995867627941888
1305995939849658371
1305995939946156033
1305995957218275329
1305996007126241281
1305996090479697925
1305996107592470529
1305996241638248450
1305996268179685379
1305996560191242240
1305996627342249985
1305996628042698753
1305997063012802560
1305997202490372096
1305997266822586368
1305997301819662336
1305997512084353024
1305997609023287297
1305997646780342278
1305997696226881536
1305997734567010304
1305997843807825923
1305997919871528963
1305997938511015939
1305998061408260096
1305998148628819969
1305998264165175296
1305998388886941701
1305998417890549765
1305998456301981698
1305998480935059457
1305998602821566469
1305998921039319041
1305998928303718407
1305998971114938368
1305999021962661888
1305999068536213504
1305999073007276033
1305999092494016512
1305999214736941056
1305999525669031937
1305999683299545088
1305999885762666496
1305999978876329986
1306000015991517184
1306000234376572928
1306000485841809408
1306000540237615104
1306000598962237440
1306000616603279361
1306000644759789573
1306000787307245568
1306000792206422017
1306000831288807425
1306001002600906753
1306001006719832065
1306001048054751233
1306001115788357632
1306001240690655232
1306001329408614400
1306001412837474306
1306001552281399302
1306001686046150657
1306001727058051072
1306001774390763520
1306001781923610625
1306002039751745536
1306002171868196872
1306002218558971904
1306002234732425222
1306002238683275266
1306002319901749248
1306002361257791492
1306002372783534080
1306002474235555841
1306002478094340096
1306002545110913025
1306002558809497600
1306002642649268225
1306002679508774913
1306002759628464130
1306003053011591168
1306003183039385601
1306003208737677313
1306003212298846209
1306003334277394432
1306003505602232321
1306003686699696129
1306003719515901952
1306003783332302848
1306004102061719552
1306004228129914880
1306004369310134274
1306004375110733825
1306004462096601089
1306004462406959104
1306004469973483520
1306004776446951424
1306004790002974720
1306004822613782529
1305944538389843969
1305944579988955136
1305944706694742017
1305944832620335114
1305945033099669506
1305945108244770818
1305945163613769728
1305945176569982976
1305945208413204480
1305945356534861824
1305945390361931777
1305945510755184642
1305945552530489344
1305946068748828673
1305946123421585408
1305946237032595457
1305946338023157766
1305946380192624640
1305946412421713920
1305946531363725314
1305946647176806400
1305946663975096326
1305946689312706560
1305946802592428033
1305946879188852736
1305946978933780488
1305947009120165891
1305947021698719744
1305947033384022016
1305947156029870083
1305947293972037632
1305947306005614592
1305947314805256192
1305947352478306306
1305947370006274048
1305947456627240961
1305947772651294722
1305947776002392064
1305947788312805376
1305947801193508869
1305947830708629504
1305947905820246017
1305947961776640001
1305948002511720453
1305948157940043776
1305948241117065216
1305948267365109760
1305948276110356487
1305948371836907520
1305948670257328128
1305948712049553409
1305948719783780354
1305948891662168065
1305948930815926272
1305949013657767937
1305949101800914944
1305949160395300865
1305949189894025218
1305949257002704897
1305949282181287937
1305949457587023876
1305949570933940224
1305949772314894336
1305949781680943104
1305949928372477953
1305949952347119616
1305949975289958401
1305950100842139648
1305950113479745536
1305950196371775488
1305950376374333441
1305950423459811328
1305950451880333315
1305950607275110414
1305950666062532609
1305950762242109441
1305950829657104389
1305950934669950979
1305950938461429761
1305950956228612099
1305950981583069185
1305951055751110658
1305951169194450946
1305951181282443266
1305951278623870977
1305951441731821568
1305951525806768130
1305951723396030464
1305951748016795648
1305951761144840192
1305951832179699722
1305951844628402177
1305951928774529024
1305952054066573312
1305952183725289475
1305952205720051712
1305952225676623872
1305952251211517952
1305952280525508608
1305952293804802058
1305952445437157376
1305952734454185985
1305952833976627207
1305952934463713280
1305953043574292483
1305953048288735232
1305953106711080960
1305953149199548417
1305953388786483202
1305953459959746561
1305953543065661447
1305953740705402880
1305953769310564352
1305954038631071744
1305954063624749056
1305954156545482753
1305954374838038531
1305954449098240004
1305954579071279104
1305955137031028737
1305955141384835076
1305955158384410625
1305955259651682307
1305955321949687809
1305955379868823552
1305955468007952384
1305956131471327234
1305956131701952512
1305956139553693702
1305956353471643649
1305956458325061632
1305956499978514432
1305956551451082753
1305956752521859072
1305956777628925954
1305956831966228483
1305957124552433665
1305957198242017280
1305957256983384065
1305957259801960448
1305957277111922690
1305957283948625923
1305957330400325632
1305957455654912000
1305957591437242369
1305957628829466625
1305957640925843464
1305957666041344002
1305957884589674501
1305958337410932742
1305958438099443712
1305958471540469760
1305958605556834304
1305958728580165638
1305958787145236486
1305958954489520131
1305959016707706882
1305959021216755712
1305959172962476038
1305959205300506624
1305959407394717696
1305718071320027137
1305718087111577600
1305718100168335361
1305718204476485632
1305718281400135681
1305718315613126657
1305718335284359168
1305718380847149056
1305718466490576897
1305718516725678080
1305718772259598337
1305718823459393536
1305718926769258497
1305719002128248832
1305719014652620800
1305719016137191425
1305719097842429953
1305719149369450497
1305719192176308224
1305719207800180736
1305719313299582976
1305719405071007744
1305719467331194880
1305719476432695296
1305719548071403520
1305719695526354944
1305719907611324416
1305719972048506880
1305720139006898176
1305720222326820865
1305720273195413504
1305720324051197952
1305720356133629952
1305720445778292737
1305720516263718912
1305720574224642050
1305720616952061953
1305720641295876096
1305720737353801728
1305720894174703616
1305720986105331712
1305721010914832384
1305721245980266497
1305721308227960832
1305721430911442944
1305721431225896960
1305721463807246339
1305721531411173377
1305721824349761536
1305721882977529856
1305721920969756673
1305721946148044803
1305722029375717376
1305722118261207040
1305722210774990850
1305722316622630912
1305722319705444352
1305722357236072448
1305722357806493697
1305722402991730688
1305722474437410816
1305722538417414151
1305722643648143360
1305722731611205632
1305722778092363776
1305722937069117441
1305722958434902017
1305722961169653761
1305722999664906240
1305723086646505478
1305723134889295872
1305723221665361920
1305723229919567874
1305723242741551104
1305723438661857282
1305723448040316928
1305723489782038528
1305723527484461056
1305723530810593280
1305723674297729024
1305723696997371906
1305723717146816513
1305723783811010562
1305723813099982849
1305723859505643522
1305723904845967360
1305723913780027393
1305723956314492929
1305724236560871425
1305724323936841728
1305724445806428160
1305724446280314881
1305724716213297152
1305724730872221697
1305724772987342849
1305725045713653760
1305725071705530368
1305725130660868097
1305725168464080896
1305725184175898625
1305725201376714752
1305725264014585856
1305725284394635265
1305725302329360385
1305725346759806976
1305725386026778624
1305725406583033856
1305725415588130819
1305725519992815616
1305725603501367296
1305725793625149440
1305725802097659904
1305725899015221248
1305725905290047490
1305725915796627456
1305726019656130560
1305726117500788736
1305726277396041733
1305726324695330816
1305726514583937024
1305726745308323840
1305726802967572481
1305726941622927360
1305727033637396480
1305727087253229568
1305727216052035586
1305727277318115329
1305727350697603072
1305727366153428993
1305727487423524864
1305727584513130497
1305727664347648002
1305727704818282496
1305727777295998978
1305727848288849928
1305727881692286977
1305727971315994625
1305727978542899205
1305728006938226690
1305728203814731776
1305728253060173825
1305728309557301254
1305728394089373696
1305728415132196864
1305728436258967552
1305728464691933184
1305728497437024256
1305728527342292992
1305728611249315842
1305728644132868096
1305728671035006976
1305728766321266689
1305728849284562944
1305728922714337281
1305729086904504321
1305729133247442945
1305729191632089088
1305729240738955264
1305729244308238336
1305729374243696645
1305729534042333184
1305729622592557056
1305729813613699072
1305729823873138689
1305729873734819841
1305730149833474048
1305730168485543937
1305730250819633152
1305730344583217153
1305730653099642881
1305730772041519104
1305730808603316226
1305730855189401600
1305730886349066240
1305730931022594049
1305730947422343168
1305731078372630530
1305731262020087809
1305731358266777600
1305731475590074368
1305731640342138880
1305731886459711488
1305731988788097025
1305732058422161416
1305732247912407040
1305732268292550657
1305732284855721984
1305732303977504769
1305732458705453056
1305732495963430919
1305732625227685888
1305732634321080321
1305732722657308672
1305732754894544896
1305733004560683009
1305733017261027334
1305733044544794624
1306004882004926464
1306004902263623681
1306005091510616069
1306005104366161920
1306005142362230785
1306005170409451520
1306005208393228288
1306005288210894852
1306005364597575680
1306005414635601920
1306005570428772353
1306005570697261064
1306005649428488193
1306006139662983168
1306006156264046592
1306006224350085120
1306006468039245825
1306006685635534848
1306006752928858112
1306006794431594496
1306006849376878592
1306006869056663552
1306006903290556416
1306006924719271938
1306007070525870080
1306007235185774595
1306007440450822152
1306007548512923648
1306007717698568192
1306007744202387457
1306007771280744448
1306008098184876032
1306008107525517316
1306008128295784449
1306008367090016258
1306008483448446976
1306008576465534977
1306008651585531904
1306008698633031681
1306008724159565825
1306008794657415170
1306008862923853824
1306008954846302209
1306008962882506755
1306008970646126592
1306009071166857216
1306009411769511940
1306009591491317766
1306009696080461825
1306009721728643072
1306009734122811397
1306009767639474180
1306009822425477125
1306009826594562049
1306009943716360196
1306010057646243840
1306010087165767686
1306010212243996679
1306010250894618626
1306010295790456832
1306010388249612288
1306010393047969792
1306010481883312132
1306010523146883072
1306010589848838145
1306010649370202117
1306010661953179650
1306010707822088193
1306010811815661570
1306010992942428160
1306011227299164170
1306011361990897666
1306011366797574145
1306011387865563136
1306011488017145856
1306011676332834816
1306011814124236807
1306011882055184385
1306011902854787077
1306011928767201281
1306012003106983936
1306012024766451718
1306012043066179584
1306012049466630146
1306012092101689353
1306012163501416448
1306012351074840577
1306012450312118273
1306012461015932932
1306012666079711233
1306012682592686080
1306012746719399937
1306012825475784704
1306012863522385926
1306013027154657284
1306013132532461570
1306013285435822086
1306013320701452290
1306013391073443840
1306013509642260484
1306013681189359617
1306013727808991232
1306014014422618114
1306014071704227841
1306014093145518085
1306014122585321472
1306014431772585985
1306014466413334534
1306014485963067395
1306014730285461512
1306014733712097281
1306014854201909251
1306014993717112832
1306015266061651968
1306015300790423553
1306015304242417665
1306015370805993474
1306015786738298880
1306015840740036608
1306015966464274432
1306015974903218177
1306016068838862849
1306016310426578950
1306016454710525954
1306016596197027842
1306016806268801026
1306016844734779393
1306016949110009857
1306016965715206144
1306017255331946498
1306017305692954624
1306017397468475397
1306017795998650369
1306017812025049090
1306017896682979329
1306017909467217920
1306017954736345089
1306018055307374592
1306018165563027458
1306018177583898626
1306018177671999488
1306018181463650306
1306018299550068737
1306018320961990657
1306018324179038208
1306018358744297473
1306018462788202496
1306018512331210758
1306018656363610113
1306018709518000128
1306018734969151490
1306018781605621762
1306019079241646081
1306019132048113666
1306019343168401408
1306019364295114752
1306019457328963587
1306019485497917440
1306019486747762688
1306019565437161481
1306019657493680129
1306019674073763841
1306019835772575744
1305869132899012608
1305869187462639623
1305869221071654913
1305869288180510720
1305869413959204864
1305869498373869569
1305869624215572487
1305869695254433792
1305869816436264960
1305869993784078336
1305869997693116419
1305870009223258116
1305870068052525057
1305870093251903493
1305870115112615937
1305870182628364288
1305870353907015682
1305870404863524864
1305870701056987136
1305870710108229633
1305870860310515712
1305871162950529024
1305871192730071041
1305871247616733188
1305871352545640450
1305871373047300097
1305871515318194177
1305871548708990977
1305871612416331776
1305871649624010760
1305871690828861441
1305871724664193027
1305871855828586497
1305871900380467208
1305871909733761024
1305871972430229505
1305872061030694913
1305872216077238274
1305872303528517634
1305872304665223169
1305872333601636356
1305872341822574592
1305872346234798080
1305872450970882050
1305872572215627778
1305872656173092864
1305872719142178816
1305872773487656963
1305872860301451264
1305873026463002626
1305873196730773505
1305873205194829824
1305873265483829249
1305873469779963904
1305873762517053440
1305873764283023363
1305873781446119424
1305873880121315328
1305873910832001024
1305874060652412929
1305874064989454336
1305874173928050688
1305874190130647042
1305874308321796096
1305874343331725312
1305874368736698368
1305874456594743297
1305874506011914240
1305874514119712768
1305874753295654920
1305874759645835264
1305874846778355718
1305874862091759617
1305875009320243200
1305875357459910656
1305875382525218816
1305875600071155712
1305875645654659073
1305875738474631170
1305875907337486342
1305875931932897280
1305875978149822466
1305875987159298048
1305876049952112640
1305876062207979521
1305876150837800960
1305876191740481537
1305876196153004033
1305876220949786628
1305876305804759041
1305876334476955649
1305876489133588482
1305876524143312896
1305876724362686465
1305876771250860034
1305876841962655745
1305876909117505536
1305877035810803712
1305877052416032774
1305877076549857280
1305877080991830016
1305877114915352578
1305877173425836032
1305877223044513792
1305877236659101698
1305877298927730689
1305877571192709121
1305877604872998912
1305877651962429445
1305877765279887370
1305877990505459713
1305878034638163969
1305878075012517894
1305878130624811009
1305878133472722950
1305878206126276614
1305878208730992641
1305878373286248448
1305878461236428805
1305878465992953857
1305878726148677633
1305878737720954882
1305878800614518784
1305878939211005953
1305879027282923522
1305879209412366348
1305879255050579968
1305879258288582656
1305879292371402752
1305879430020190210
1305879459258662919
1305879463494811651
1305879538837065729
1305879685679775746
1305879703421624322
1305879845587628032
1305879849177808900
1305879874180186113
1305879916198662146
1305880197317574656
1305880504093364226
1305880536540426242
1305880570635988994
1305880759773822976
1305880763892674560
1305880936102457344
1305881145264033793
1305881359634837504
1305881632117719040
1305881657375940608
1305881660823605250
1305881690309525511
1305881698861801472
1305881761587646464
1305881792042414080
1305881887928389632
1305881908492918785
1305881930307690496
1305881937656111110
1305881992744112133
1305882051120451584
1305882176957943810
1305882323376726017
1305882503639515136
1305882508882579456
1305882513613692928
1305882609440960512
1305882672439472128
1305882780887404545
1305882802806640640
1305882885509935104
1305882948554682373
1305882961108140035
1305882995669127168
1305883019610411008
1305883163877543943
1305883217095012354
1305883226297294849
1305883254524764160
1305883426365595648
1305883443969093633
1305883704238026752
1305883816905576449
1305883842239180807
1305883851449749505
1305883854498967552
1305883864368402432
1305884009885503495
1305657613745631234
1305657686109941760
1305657710487252993
1305657911574757382
1305657961675730946
1305658194224582656
1305658297257783303
1305658311321088001
1305658431542628362
1305658436122673152
1305658533564698625
1305658596701560834
1305658834086752257
1305658890135240706
1305659036860395521
1305659224823869440
1305659240300773376
1305659619885408257
1305659652030562306
1305659716345921539
1305659815709093889
1305659821232922624
1305659983271518208
1305660080147267584
1305660151785897984
1305660429532884998
1305660441910280192
1305660655471656960
1305660676124405760
1305660836401221632
1305660863932755968
1305660906341371904
1305660949072949253
1305661183589068800
1305661215482445827
1305661250102333440
1305661539807039488
1305661543770718214
1305661665677963265
1305661741078962176
1305661829851410433
1305661853926793218
1305661902106824704
1305661930070249472
1305662031018823685
1305662047934230531
1305662147624603649
1305662178503069696
1305662186191163393
1305662306441977856
1305662316592193538
1305662578530680833
1305662672495611904
1305662769551880192
1305663032597581824
1305663113346375680
1305663327272611846
1305663431056465920
1305663536434036736
1305663561700708353
1305663574078038018
1305663796351053824
1305663801354850304
1305663868262285313
1305663921903349763
1305663935182376961
1305664149532348417
1305664216066654208
1305664379015376897
1305664421923033088
1305664537392226307
1305664547676712961
1305664589187743744
1305664743928213504
1305664831945453569
1305664921477275648
1305664929328848896
1305665042524835841
1305665088708280324
1305665192731312128
1305665377238765568
1305665541739294723
1305665566926143488
1305665637759561731
1305665658894520321
1305666015502663681
1305666087565000706
1305666212404355072
1305666216116314126
1305666280259805189
1305666484807626756
1305666603292524547
1305666690529853441
1305666724633731076
1305667110111268871
1305667131472670720
1305667328064057353
1305667336477777920
1305667545639288834
1305667558264061952
1305667585048891392
1305667630553075712
1305667638199164928
1305667826678718465
1305668082736783361
1305668126034612225
1305668237678399488
1305668247103078401
1305668433854574592
1305668468889522177
1305668540347953152
1305668628734291968
1305668695583150081
1305668787342016512
1305668792756961280
1305668892556234752
1305668909341777926
1305668973103587330
1305669148807225344
1305669177806598144
1305669311680450561
1305669340973404161
1305669349689028609
1305669416592367616
1305669593378234374
1305669626471182336
1305669874052726785
1305669974246055936
1305670079972028418
1305670095960764417
1305670104428945409
1305670302693601281
1305670419064774659
1305670469467676673
1305670553190019073
1305670758711074817
1305670771042385921
1305670771281403905
1305670859995185153
1305670880962306048
1305671208726298624
1305671287541583872
1305671304305995777
1305671321754374144
1305671346311946240
1305671510724616193
1305671677133627392
1305671798743273479
1305671878908866560
1305671890858582016
1305671904125222918
1305672017849401346
1305672223030734850
1305672226931441665
1305672268543131649
1305672357957308416
1305672457475350530
1305672478795104256
1305672604729184258
1305672655190720512
1305672668033630208
1305672692092329985
1305672713776893960
1305672752020500480
1305672848095150082
1305672974201229312
1305673103507427330
1305673149283999744
1305673208276881410
1305673464758415361
1305673581502828545
1305673607608180736
1305673611491958785
1305673648276213761
1305673691435540480
1305674027147489281
1305674249173172224
1305674295646081028
1305674328072101891
1305674484104519680
1305674512562663424
1305674698747854848
1305674705567969289
1305674731962724352
1305674790275919873
1305674823234920448
1305674848899944448
1305674940272836609
1305675045113659394
1305675188051349509
1305675368200798208
1305675373540188162
1305675553345662977
1305675588401803264
1305675599793598465
1305675695553761280
1305675697164349441
1305675858598912002
1305675859072880646
1305675863644659712
1305676026777948160
1305676082125746177
1305676143807397888
1305676291191066625
1305676768687403019
1305676773208850433
1305676928565882880
1305676929421381634
1305676950057353216
1305677021884940290
1305677118542544897
1305677142718644226
1305677257256697857
1305677351246725120
1305677649776320512
1305677731414388740
1305677775949508608
1305677809625567238
1305678103025508356
1305678140476452864
1305678187364581377
1305678230268018688
1305678329211695104
1305678367736254466
1305678627594481664
1305678808268365824
1305678816103354369
1305678838131757056
1305678866887970816
1305678996198371328
1305678996701614080
1305679106302865408
1305679159826370562
1305679340437471235
1305679347790032896
1305679436524773377
1305679553013198848
1305679582389968896
1305679656184614912
1305679780658978818
1305679794131083264
1305679835231129600
1305679932018896897
1305679994669142017
1305680099786862597
1305680149610889216
1305680179730223104
1305680414963650560
1305680645595607040
1305680712905961473
1305680737258082305
1305680761924677634
1305680967730737152
1305681072743690240
1305681182353289216
1305681274607030273
1305681353229447174
1305681476067799040
1305681492937453568
1305681705966153733
1305681823851315200
1305682285677760513
1305682301930545152
1305682331798298624
1305682368515117056
1305682372986155011
1305682561423859713
1305682561692307456
1305682598954442753
1305682632622116865
1305682704298577920
1305682783541624832
1305682839195840517
1305682889120583681
1305682897781825537
1305682910456938496
1305682914160517120
1305682952282660870
1305683152904617984
1305683182805712896
1305683191349551110
1305683311994564608
1305683435919417346
1305683652534181888
1305683664471236608
1305683668497764352
1305683761296814080
1305683970391187457
1305683984102424577
1305684168953794562
1305684277380620288
1305684335161470983
1305684725764292608
1305684931444695042
1305685044426612737
1305685044929933312
1305685128950288386
1305685153327521802
1305685186923974657
1305685234483109890
1305685267492278272
1305685271510429698
1305685340125102080
1305685645344542722
1305685828757147648
1305686144064069634
1305686365531758592
1305686369377964032
1305686400948482049
1305686571358679040
1305686626467680256
1305686643773374464
1305686710483931136
1305686927601958912
1305687007629316096
1305687188663750657
1305687214114906112
1305687250567671808
1305687267592343552
1305687465873866760
1305687624896700417
1305687628730122240
1305687667162533888
1305838941879361538
1305838990109503489
1305839041217277952
1305839111505240066
1305839147458785281
1305839261665558531
1305839395719622656
1305839663966543872
1305839684858384385
1305839776344559616
1305839849350586368
1305839920725004290
1305840813457444864
1305840818171850757
1305840909259595776
1305840918189297664
1305840993724497922
1305841073391099904
1305841169348415488
1305841241079402496
1305841282942730240
1305841384507748354
1305841648023277569
1305841870073987073
1305841957902651393
1305841966995865600
1305842126828298242
1305842189537349634
1305842349239660545
1305842412527464449
1305842566357757952
1305842705487065091
1305842788454600704
1305842976858550272
1305843064934723584
1305843091757314049
1305843129552179200
1305843178101145603
1305843179342778368
1305843208795156481
1305843215723982849
1305843274943524865
1305843321584185346
1305843510973734917
1305843666381090816
1305843732852486144
1305843958438912002
1305843963832795136
1305844018186776576
1305844034771058688
1305844118317404162
1305844231060283392
1305844257517973504
1305844265138950146
1305844336819613697
1305844520110624769
1305844564322906114
1305844790769065984
1305844848612782080
1305844880762187778
1305844999846797312
1305845027797692418
1305845044851556352
1305845104918364161
1305845131594080257
1305845162589986816
1305845405733838851
1305845427254833154
1305845510964740101
1305845633056559105
1305845644884471808
1305845694633312256
1305845800602415104
1305845904516304898
1305846195013718023
1305846239674720256
1305846248801546240
1305846362764750848
1305846429223718913
1305846501344718855
1305846518470017027
1305846529626906625
1305846798318215168
1305846799584854017
1305846954140864512
1305846975020105729
1305847000034811904
1305847439803527168
1305847573006217216
1305847667805884416
1305847738756722689
1305847783631577089
1305847817060179968
1305847876132585479
1305847888182833154
1305847943916933121
1305847956038471682
1305848006722416640
1305848039307964417
1305848057536356352
1305848086485401602
1305848133545594886
1305848225392451584
1305848249773821952
1305848346570088450
1305848388555079682
1305848488891166721
1305848497598537729
1305848623331250177
1305848636358758400
1305848639030308864
1305848668747165701
1305848686275108865
1305848703131975680
1305848710300135425
1305848718915260421
1305848756991143936
1305848854684762114
1305848932854050818
1305849147669569536
1305849244713136128
1305849312384094213
1305849407150190592
1305849579569516546
1305849649631318016
1305849964703215616
1305849972475285505
1305850057057591297
1305850129992351744
1305850133570031617
1305850246069710849
1305850260065902593
1305850292718665728
1305850348167462914
1305850405042221058
1305850430027689987
1305850591005081601
1305850599557169152
1305850753341419528
1305850799097106433
1305850800975966208
1305850909344313344
1305850970837057544
1305851055477932032
1305851084682989568
1305851113548255232
1305851148176437249
1305851158435704841
1305851205789323264
1305851233610199040
1305851404167376896
1305851457405628416
1305851458965954565
1305851474908504065
1305851517329694720
1305851579149418497
1305851593296764928
1305851664587321349
1305851743234740224
1305851747815043072
1305851751749353473
1305851765502480387
1305851826953216000
1305851966061449217
1305852003122384897
1305852069572743170
1305852095371902978
1305852116284702725
1305852130125848577
1305852180218478592
1305852309470142466
1305852489464524808
1305852499539169283
1305852631508811779
1305852700777754624
1305852926255079424
1305853051421495296
1305853057771671552
1305853166014132226
1305853190244651008
1305853220426641408
1305853269198151680
1305853365956608001
1305853464279502849
1305853480196743168
1305853576539930624
1305853611956674560
1305853709029699586
1305853711697223680
1305853745532727297
1305853753149591553
1305853862075486208
1305854356361801728
1305854456492417024
1305854511190355973
1305854814585266180
1305854826278838273
1305854864690491394
1305854914623668225
1305854947406340100
1305855069028458496
1305855099726630913
1305855166604861440
1305855246007238666
1305855251249946625
1305855271898619906
1305855363577712640
1305855501230632960
1305855531714842626
1305855564749119489
1305855735948083203
1305855790327234564
1305856245514067969
1305856420080955392
1305856558866333696
1305856562137903107
1305856562657988610
1305856570459336705
1305856677137317888
1305856788860993536
1305856970558255106
1305857007304552448
1305857019451265024
1305857134534569986
1305857300134080512
1305857321327878144
1305857321885671428
1305857371974049793
1305857393180446722
1305857514710458369
1305857533077327879
1305857572726099976
1305858155977551872
1305858252861829120
1305858320545312770
1305858379563388928
1305858413377859589
1305858454339411969
1305858471745720323
1305858521305673734
1305858550720352261
1305858805884911618
1305858819055116289
1305858890630868993
1305859076061106181
1305859133380456450
1305859171422818308
1305859175281569795
1305859221800484869
1305859229610315786
1305859259893243905
1305859264192356359
1305859276838187009
1305859294039085062
1305859340067377152
1305859364880777216
1305859411181793281
1305859544405467138
1305859814124335104
1305859859192188937
1305859868402814985
1305859935700484097
1305860010363228160
1305860161584746501
1305860215942918144
1305860300869120001
1305860405592494083
1305860417147809792
1305860504821420037
1305860781540610049
1305861025175146499
1305861025401626629
1305861083266244616
1305861314431119361
1305861319179096065
1305861383121252354
1305861415421517825
1305861452897693697
1305861574855454720
1305861796771880964
1305861831685267457
1305861964904706049
1305862311681429504
1305862339263188992
1305862444074631176
1305862460319170561
1305862693480476673
1305862816646266888
1305862821037694976
1305862836543946753
1305862887362179072
1305862900439973888
1305863140194889730
1305863168972001286
1305863172889415680
1305863316292669440
1305863365655498754
1305863513320173570
1305863655016345607
1305863671931981824
1305863811518390272
1305863827934924803
1305863877234696194
1305863948818878464
1305863970448986114
1305864055006154753
1305864195968299008
1305864220332916737
1305864221134147585
1305864288242995201
1305864422825570304
1305864435584708610
1305864472368746497
1305864506103468032
1305864787310587904
1305864876246654984
1305865018999812100
1305865206409637890
1305865315587424259
1305865341520748546
1305865501374140418
1305865618286088192
1305865736435503107
1305865748888330240
1305866062005768197
1305866063716978688
1305866125096484868
1305866143022882817
1305866209183830025
1305866230180478978
1305866420178350086
1305866452193378306
1305866575061422080
1305866679612772360
1305866748386738176
1305866943077982209
1305866980843548672
1305866993472598019
1305867083801133056
1305867159197941765
1305867183227052032
1305867238646439937
1305867356036640772
1305867421287411719
1305867426412867589
1305867452295917569
1305867539738697728
1305867715652005890
1305867871210307585
1305867911739969536
1305868020800249860
1305868034477875205
1305868125708136449
1305868142833475584
1305868143827529728
1305868209699069953
1305868226409234433
1305868306893733890
1305868622049562632
1305868721622319110
1305868801192452096
1305868802425597954
1305868810201763842
1305868898252861441
1305884312810684416
1305884357865988102
1305884413251776512
1305884560270544896
1305884641585496066
1305884656114569217
1305884720111255553
1305884745247547393
1305884966111281155
1305885013406294018
1305885024907034625
1305885180348043267
1305885200736555010
1305885239248588805
1305885239441580035
1305885251370127362
1305885284622573568
1305885293971681280
1305885432216006656
1305885445071478784
1305885454793728000
1305885473810808832
1305885478906933253
1305885549987876865
1305885747086532610
1305885763259645952
1305885784898187266
1305886001844367360
1305886019913265159
1305886082303750146
1305886129275768832
1305886182899736577
1305886186611843072
1305886225451094016
1305886313795612673
1305886405709750272
1305886417910980611
1305886472164110336
1305886476886896641
1305886534781087744
1305886698157473792
1305886702968410126
1305886919897886721
1305886997123276800
1305887172084609024
1305887239843516416
1305887336496902145
1305887374275219457
1305887469884387331
1305887537785966594
1305887591489732610
1305887605503021056
1305887688499789826
1305887788881960960
1305887815079608321
1305888136652902400
1305888468266962944
1305888494393360385
1305888560692723712
1305888598537859074
1305889164936843264
1305889182754111494
1305889215692107777
1305889269219696640
1305889300006031366
1305889383212556289
1305889383212515330
1305889434131476487
1305889455627276288
1305889471695482882
1305889819919183873
1305889890400448519
1305890154482204676
1305890237982347269
1305890264050003968
1305890275961774083
1305890322875060224
1305890352268705792
1305890415955120128
1305890443415224321
1305890469600268289
1305890679143436289
1305890700890759170
1305890846353453056
1305890884383199232
1305890896509100032
1305891094618464257
1305891198981283841
1305891245085134850
1305891253293379585
1305891367848153092
1305891468016525315
1305891681896673280
1305891760913096704
1305891769876467713
1305891807151239169
1305892016291631105
1305892025972137984
1305892097845850112
1305892126052368391
1305892165143461888
1305892235787919363
1305892247506956289
1305892329023320064
1305892357448052737
1305892385704960001
1305892432991711234
1305892515539812354
1305892624923013120
1305892986060967948
1305893023759216645
1305893121117614081
1305893208531054597
1305893397073481729
1305893401523560449
1305893405009096704
1305893464681439238
1305893467759935488
1305893564799483905
1305893800477368325
1305893941674422272
1305894009827545088
1305894063430926339
1305894214383710208
1305894319447040011
1305894361654276098
1305894487395315712
1305894545456918531
1305894562527948801
1305894566554406913
1305894738860617731
1305894979248717824
1305895059351638016
1305895062950146049
1305895099818078208
1305895125835329541
1305895162497957891
1305895183511441410
1305895514718773250
1305895540488581124
1305895640988299267
1305895683182993411
1305895846253395969
1305895883762995201
1305895892675948544
1305896018978930693
1305896044274753542
1305896076545871872
1305896118635569152
1305896454926426114
1305896459582177285
1305896534056341505
1305896554406920192
1305896571956088835
1305896731347886080
1305896764478611457
1305896781394440193
1305896785966174210
1305896967420153858
1305896996209917953
1305897171242409986
1305897223239217153
1305897348187521026
1305897532606820354
1305897687276048384
1305897733841014785
1305897762504884225
1305897834474950659
1305897889470787586
1305897947704578054
1305898032332931072
1305898103267102720
1305898306833231872
1305898341679722501
1305898425645502466
1305898493349953536
1305898707745869824
1305898731598823425
1305898807226400775
1305898823949135879
1305899014018170880
1305899100567728128
1305899167819202561
1305899193530277888
1305899201394606087
1305899223632826368
1305899318667350018
1305899357707870209
1305899444894871552
1305899499253051392
1305899591007645704
1305899680535109641
1305899810545860615
1305899902149550084
1305899902954885125
1305899965558923264
1305900011608092672
1305900041035493377
1305900119800377344
1305900149630283776
1305900196770050049
1305900481940787203
1305900530988920833
1305900632700792832
1305900649247371264
1305900686773760000
1305900699444797440
1305900720592478208
1305900745494069255
1305900809624973313
1305900859252002817
1305901130296299521
1305901164710359040
1305901197346340870
1305901210130698242
1305901257345978369
1305901283530997764
1305901294327128065
1305901370286002178
1305901586531532805
1305901606853120001
1305901638343897088
1305901853280890882
1305902180034117632
1305902351966822406
1305902359856340992
1305902577624776705
1305902584943632384
1305902699532234752
1305902609438511105
1305902669425328129
1305903563764314114
1305903610488782848
1305903672895746048
1305903706349678597
1305903706626547719
1305903828223561730
1305903945739460608
1305904167559585792
1305904201915138049
1305904255887437825
1305904286132363264
1305904351928397824
1305904537807486976
1305904546862919681
1305904554182160387
1305904722340179968
1305904799196631044
1305904906079997954
1305904931707252736
1305905001001177091
1305905048543793154
1305905048841588736
1305905066105331722
1305905153426546690
1305905196044877825
1305905204584476672
1305905467412164618
1305905652791873536
1305905666050015233
1305905682340667393
1305905897730785280
1305905966865690624
1305905988013191168
1305906170649931779
1305906185799970817
1305906294503673856
1305906646326091776
1305906739536158721
1305906892569485312
1305906943874064384
1305907371521331200
1305907376067883011
1305907519030689794
1305907653906804736
1305907678347251718
1305907875798188032
1305907886636310528
1305907946543558658
1305908194644905985
1305908244590850050
1305908266854158337
1305908344893341703
1305908437675540480
1305908464170995713
1305908555384586242
1305908581141807106
1305908664985944067
1305908746909028352
1305908786322984962
1305908823685767173
1305908941889638401
1305909087352295426
1305909087318814720
1305909130268422145
1305909167409029126
1305909213135241217
1305909305950961664
1305909355963985923
1305909372544004096
1305909507273392128
1305909511845109765
1305909533055815684
1305909599325822977
1305909604812034053
1305909632548982784
1305909666921295874
1305909713272320002
1305909797800288257
1305909809649246210
1305909910404771840
1305910015186948104
1305910040252026880
1305910115195813895
1305910303792738304
1305910374680670210
1305910425465180160
1305910501709426688
1305910593413550080
1305910652083605504
1305910757192871938
1305910878127230979
1305910895969816577
1305910925581484032
1305910975103733760
1305911009631182849
1305911126597799936
1305911127101014019
1305911315169386502
1305911327483932686
1305911536893001729
1305911550021001216
1305911725829451776
1305911726181937153
1305911747426086914
1305912124976238593
1305912296234004481
1305912297181900801
1305912342618677248
1305912521342279681
1305912568821809157
1305912666242727936
1305912816713568257
1305912857876287488
1305912871969337344
1305912975572656129
1305913148390674434
1305913306444640257
1305913344658817024
1305913537315905536
1305913555225579520
1305913633260544000
1305913714806149120
1305913735957999617
1305913751712026628
1305913864656007168
1305913932293353472
1305913999767351307
1305914053705957377
1305914078808940544
1305914226012119046
1305914255699521537
1305914380694028288
1305914418484711425
1305914448310341632
1305914456321425408
1305914599154364417
1305914658369536000
1305914770755694592
1305914917954953217
1305914943275896832
1305914997940211712
1305915257785913352
1305915467970666496
1305915560102948864
1305915597134401537
1305915878333014016
1305916100631310336
1305916129768996866
1305916365895880705
1305916527280091139
1305916548960325632
1305916856289689606
1305917015539044352
1305917292337795073
1305917438492639234
1305917475792527360
1305917480901267456
1305917543475900417
1305917593866235904
1305917647582879744
1305917669925957633
1305917849790275584
1305917877556514816
1305917984368553984
1305917994808336385
1305918017184776192
1305918084260065280
1305918119052029954
1305918416675577858
1305918495998214149
1305918550360510464
1305918869345886210
1305918974388056064
1305918998467547138
1305919149755871232
1305919381260517377
1305919510361378820
1305919641261355013
1305919671196160001
1305919729505153024
1305919808333066240
1305920110507560963
1305920140274475011
1305920207580475394
1305920252610371584
1305920253751222273
1305920433879879681
1305920505195778048
1305920517749211136
1305920563685228549
1305920571570401280
1305920596497358849
1305920790081286146
1305920831546036225
1305920987112841216
1305921129979064320
1305921149625405442
1305921192021372928
1305921461031444483
1305921536868659205
1305921570515251200
1305921611304902656
1305921741747884037
1305922090672050176
1305922106840895488
1305922115023982593
1305922199228882946
1305922295609860096
1305922493451046919
1305922501889921025
1305922530629226496
1305922580805640192
1305922673122316293
1305922749634879489
1305922942187057152
1305923060223094788
1305923118284894208
1305923185410441225
1305923222269878272
1305923348514451456
1305923373168570369
1305923440147337218
1305923494732083205
1305923499383545859
1305923516726829058
1305923847514763265
1305923860324179968
1305923897985060869
1305923905652219905
1305923965169303554
1305924069511114757
1305924359048122370
1305924414010134530
1305924435073851392
1305924456129466368
1305924518263881731
1305924556750761986
1305924610244911105
1305924740339515392
1305924787047477248
1305924833813897222
1305924941968220163
1305924984007778305
1305925278275862529
1305925638004658182
1305925806116438018
1305925877402931206
1305925949293125633
1305925977168584704
1305926004205002752
1305926049042034689
1305926159385931776
1305926239115501573
1305926284028108800
1305926486386503681
1305926494292774915
1305926515356561410
1305926564840968192
1305926766964477953
1305926791866052613
1305927165758898180
1305927198428336131
1305927254124290049
1305927333363298311
1305927400119730176
1305927576314023936
1305927703082663936
1305927835689857024
1305927856850165768
1305928432535175172
1305928453972205569
1305928544640552960
1305928905442942979
1305928926246572032
1305929078327767040
1305929094500986881
1305823669290242056
1305823699749175296
1305823759497003008
1305823931153211392
1305824242232066048
1305824347970572288
1305824495442317318
1305824947357528064
1305825050982068224
1305825088458182656
1305825089368322048
1305825194389495808
1305825475499941889
1305825552301916160
1305825625941438466
1305825681964707840
1305825699014545408
1305825764143697920
1305826080780148736
1305826113361453058
1305826179518271488
1305826341154033664
1305826541755076608
1305826583891111937
1305826869829345281
1305827030206996480
1305827088679792645
1305827261808082946
1305827322273169411
1305827325762850818
1305827343232098305
1305827472693493761
1305827663911714816
1305827669393780736
1305827824293552129
1305828088018853889
1305828204733751296
1305828224157601794
1305828251420561408
1305828293543899138
1305828343107989506
1305828570573557760
1305828648436539396
1305829029400981504
1305829053052653571
1305829151480389633
1305829216299220993
1305829300764061698
1305829412353568768
1305829588526870528
1305829619854180353
1305829737277853698
1305829929645473792
1305830009588850688
1305830217823342596
1305830272206876672
1305830280889094149
1305830357086937090
1305830421184344069
1305830471029469184
1305830533302308864
1305830551178358784
1305830650201677824
1305830663246041088
1305830685161263105
1305830794313621504
1305830799292403713
1305830874995396610
1305830977684598784
1305831027533905920
1305831220580954113
1305831381344432130
1305831427934740480
1305831625549377537
1305831661704155137
1305831696575664130
1305831787252330497
1305831792075776000
1305831895524085765
1305832017603461120
1305832293739753475
1305832381773946880
1305832418780344325
1305832622619340803
1305832628046704640
1305832635739054080
1305832711097995264
1305832794979934208
1305832890777907200
1305832996709203969
1305833250905034754
1305833265048236035
1305833352142958592
1305833380605501440
1305833398511054848
1305833420514299904
1305833486268248064
1305833490890416128
1305833637867335687
1305833716783091713
1305833795866824704
1305834011017777152
1305834034325585922
1305834072997081090
1305834123819442176
1305834332809039872
1305834681439596544
1305834719909679107
1305834854127489025
1305834873366687745
1305834908196184064
1305834982712250369
1305834996444340224
1305835020121190401
1305835040052445185
1305835201193537537
1305835290523840512
1305835298409111552
1305835336602394624
1305835406248861699
1305835478214750208
1305835555322822657
1305835569851793409
1305835595529416704
1305835733811425280
1305835763460866049
1305835989693132807
1305836243595538434
1305836358645186560
1305836452346032128
1305836486168727554
1305836674161815554
1305836776263684096
1305836786401378304
1305837290686738433
1305837342691930113
1305837475173027842
1305837678001303554
1305837801028673537
1305837890174410753
1305838146765103104
1305838159381569537
1305838409047515142
1305838431222804481
1305838441175887872
1305838524625682433
1305838606691508224
1305838682256093185
1305838683367579653
1305838699112927233
1305838712492883968
1305733219040587776
1305733316629467136
1305733413962383362
1305733642539462656
1305733646238834688
1305733750177882113
1305733904871993344
1305733955531034624
1305733963806244864
1305734155498590208
1305734200817979392
1305734255692058625
1305734361262616576
1305734421690146817
1305734646177492992
1305734705241878528
1305734738896998401
1305734840264716288
1305734851673415680
1305734864407199744
1305734911144259585
1305735184378101760
1305735503900217351
1305735538805215252
1305735581713027077
1305735734029152256
1305735938375430144
1305736228701114368
1305736285127151617
1305736454363123712
1305736728272146432
1305736807875776512
1305736815605932032
1305736833700179969
1305736946912690176
1305737059425038336
1305737064864980997
1305737337620619265
1305737544840040449
1305737604604866560
1305737726071771136
1305737756337897473
1305737786260156416
1305737830963048448
1305737945220091910
1305738053240205312
1305738145464496130
1305738188061913093
1305738218235592704
1305738330236092416
1305738649359855617
1305738926821224448
1305738978956468224
1305739134472912897
1305739135848677376
1305739214672351232
1305739554511560704
1305739619086917632
1305739768429387777
1305739896624209920
1305740016103174147
1305740024823062533
1305740062563295234
1305740252309385216
1305740305321340929
1305740307477266433
1305740417879531520
1305740464365211649
1305740601195855874
1305740650630000640
1305740684285095936
1305740699527049217
1305740721039831040
1305740787901104133
1305740804519059461
1305740824089681925
1305741296338759680
1305741346846670849
1305741456326311937
1305741624605962245
1305741673033465857
1305741801958060037
1305741919390183426
1305741974578909186
1305742238585159681
1305742328779272193
1305742365227978752
1305742433238609925
1305742599060242433
1305742864601632768
1305742897908776960
1305743083506556929
1305743102741680130
1305743139609735168
1305743154335768576
1305743330140069888
1305743335731146753
1305743627470077953
1305743794420277249
1305743876657995776
1305744010586193920
1305744015376039941
1305744202114850816
1305744260461809665
1305744351306293248
1305744409674371072
1305744602994008065
1305744664088190976
1305744673823240192
1305744763652640770
1305744784930213891
1305744874877190144
1305745085129261056
1305745156923166721
1305745208760586240
1305745333906010114
1305745421764038656
1305745680216932352
1305745737792262145
1305745745199456258
1305745758830780416
1305745762136076293
1305745820877238273
1305745923117469696
1305745947847258114
1305746022157619200
1305746237266763776
1305746245881933824
1305746249208000513
1305746328652115973
1305746441026011136
1305746445627162624
1305746466217000960
1305746509879676928
1305746527403544577
1305746562186973185
1305746564649046017
1305746708765310976
1305746716235313154
1305746769771339777
1305746887144767489
1305747652211077120
1305747815579213824
1305747972534276096
1305748032349143040
1305748125303238658
1305808655024091136
1305808679237808129
1305809003553918976
1305809302498746370
1305809419574423554
1305809556065394688
1305809574319067139
1305809680623636482
1305809831304011776
1305809885498662913
1305809954528538624
1305810152159764480
1305810192890761222
1305810318472425474
1305810406401871872
1305810497586028549
1305810531287207936
1305810534411825152
1305810562563989504
1305810598886805505
1305810910519406594
1305811107848871937
1305811254414651392
1305811278770909185
1305811307174735872
1305811352188071939
1305811403295592448
1305811461353205760
1305811789268111363
1305812144328519681
1305812381814095873
1305812549611511810
1305812742863876096
1305812744113983489
1305812816213966848
1305812936657645568
1305812954886090752
1305812962809176065
1305813025232957442
1305813062411259904
1305813117914329088
1305813179843272704
1305813258348232705
1305813258985766912
1305813318490361856
1305813335825416192
1305813443161845760
1305813479274803200
1305813818900185088
1305813962718670859
1305813990250024960
1305813993731305477
1305814289064906752
1305814333549686784
1305814508854743042
1305814576093691904
1305814708126056448
1305815018831740929
1305815046417768448
1305815103191777281
1305815214215094272
1305815282007638016
1305815535658119168
1305815811127488515
1305815903217627143
1305815908804366336
1305815909513277442
1305815932267376641
1305816356135276545
1305816365891293185
1305816403166011393
1305816547664035841
1305816581302345729
1305816596133412864
1305816654748803072
1305816813280862208
1305816961008443393
1305817127845351424
1305817169524072449
1305817227766104065
1305817232434319360
1305817372138364934
1305817397769637893
1305817453637840897
1305817511821225985
1305817652158443520
1305817677500280832
1305817774552383490
1305817775278034947
1305817995453902849
1305818094242344960
1305818123216580608
1305818146381737985
1305818316586582016
1305818336538705921
1305818459780141057
1305818505409949696
1305818799669731328
1305818915491270658
1305818942422818816
1305819030444544001
1305819165673107456
1305819276725551105
1305819359563010049
1305819423740178435
1305819508934811649
1305819584738603009
1305819624601251840
1305819654112178176
1305819833855078400
1305819965518381057
1305820040227221504
1305820165616087040
1305820168237522944
1305820220142039048
1305820646967054338
1305820667091312643
1305820740122562562
1305820759252762625
1305820779284750336
1305821283511341056
1305821374011912194
1305821501753618438
1305821712517275648
1305821803873435649
1305821842461073408
1305821946517618689
1305822248511713280
1305822306653089793
1305822354321408001
1305822429105844225
1305822446042247168
1305822660425912322
1305822693216919553
1305822840420290560
1305822945118498816
1305822955570696192
1305823033521651719
1305823218314260480
1305823222798192640
1305823528487452673
1305823642035650560
1305748186217304070
1305748355524386817
1305748361883127808
1305748368149315585
1305748402697842689
1305748408196456448
1305748424046850048
1305748452509351936
1305748839203246080
1305748915245907971
1305748938855718912
1305749017217904640
1305749029452689409
1305749181512982528
1305749344382070784
1305749457581912064
1305749533855543296
1305749722921988096
1305749749899780100
1305749788114075649
1305749869319958528
1305750076204216320
1305750088350945281
1305750320866304000
1305750358191296512
1305750377560788993
1305750459139919873
1305750487195701251
1305750487682039810
1305750608989749250
1305750854532816896
1305750939446501379
1305751005720539136
1305751012028841984
1305751450379837440
1305751517362876418
1305751609159409665
1305751663609884674
1305751806572662786
1305751974818840576
1305752054321668097
1305752200405229574
1305752279945945093
1305752427426062336
1305752461110464514
1305752480412659712
1305752599799492608
1305752703390212096
1305752842561622018
1305752982701576193
1305753255369150464
1305753287216582656
1305753357143990272
1305753388500484098
1305753413615980546
1305753455772958720
1305753460898291712
1305753474798288896
1305753481932931072
1305753691673165824
1305753740759056385
1305753781020381190
1305753882866393089
1305754037627826176
1305754128354770944
1305754278926008320
1305754337084227584
1305754498560937985
1305754588977475584
1305754667587112960
1305754803667050496
1305754899351625728
1305754920797134848
1305754947028504584
1305755123063422977
1305755212984983553
1305755338763915265
1305755342480039938
1305755499627835392
1305755538400174080
1305755555047247873
1305755619681611777
1305755695300505600
1305755844877844480
1305756032954585088
1305756153561919488
1305756162512400384
1305756201418850304
1305756471502671872
1305756566562451457
1305756612057939968
1305756737744429056
1305756768279068672
1305756838298877952
1305756870766804992
1305756908914184192
1305757118167805952
1305757285604564994
1305757301903708161
1305757500071800833
1305757505574891520
1305757646146994176
1305757970630754304
1305758119587266561
1305758173236731904
1305758230627442689
1305758275204333568
1305758296939388928
1305758514564927489
1305758539659448320
1305758575134900232
1305758610312527872
1305758639723077633
1305758658450477056
1305758988919693312
1305759066833195008
1305759271586590722
1305759314565632000
1305759418722725888
1305759517531992068
1305759522980605952
1305759532354801671
1305759733052252160
1305759938736656389
1305759972827906054
1305760065522216961
1305760082710482945
1305760148070313985
1305760196090908677
1305760510424489984
1305760828277231617
1305760843863265283
1305761109077454848
1305761345527115776
1305761438510710784
1305761466734260224
1305761504478724096
1305761635659853827
1305761657071611905
1305761773795119104
1305761813255073792
1305761841583452160
1305762262314082306
1305762276721524736
1305762433735294976
1305762443583340545
1305762644557737985
1305762736064925696
1305763081746870273
1305763178748375040
1305763317294612480
1305763349792161792
1305763373699792897
1305763422773092353
1305763454633086977
1305763513831362560
1305763577039446016
1305763679959425025
1305763719503400962
1305763745449218048
1305763815339044865
1305763827133210630
1305763868082233344
1305763930275491840
1305764007274573824
1305764014715072513
1305764286728347648
1305764370312384512
1305764416479088640
1305764494459559937
1305764534246944768
1305764764480667648
1305764834659708928
1305765076700409857
1305765213136969728
1305765319231909888
1305765563386519554
1305765622186377217
1305765840877432832
1305766228586356736
1305766296261292032
1305766341622804480
1305766371708432384
1305766451144519680
1305766664626085889
1305766982369923072
1305767069879803904
1305767229993050112
1305767326965477384
1305767810698752000
1305767905791942658
1305767920220291072
1305768186932080640
1305768438799822851
1305768547973574657
1305768657407086592
1305768775044739074
1305769148404826113
1305769201269784577
1305769337194643456
1305769358027702272
1305769374935121921
1305769434632597504
1305769579285827591
1305769733975732224
1305769926469332993
1305770048309559297
1305770071097315329
1305770087417176064
1305770109710012416
1305770149379739650
1305770854219833344
1305770870594363392
1305770969693327360
1305771125801021440
1305771577842298885
1305771776820088836
1305771800631169024
1305772046534680576
1305772202265108481
1305772293893894145
1305772412030476288
1305772494947782656
1305772563021197312
1305772604557389824
1305772657028276225
1305772946636455936
1305773132893040640
1305773158654521344
1305773535663513603
1305773771438071808
1305773802748620800
1305774016423026691
1305774150632448000
1305774550823702528
1305774564488687622
1305774878608494593
1305775182099804160
1305775587357794304
1305775598896402434
1305775950374809606
1305776083426394112
1305776705374568448
1305776736408399873
1305776896618229760
1305776946861748225
1305777227309568001
1305777470730248194
1305777850516156416
1305778058230521857
1305778178061787141
1305778238724210688
1305778255996354565
1305778267652227072
1305793618762924032
1305793698618388482
1305794399222276098
1305794598325882882
1305794669717016576
1305794785672744961
1305794845429071872
1305794860432191490
1305794991009263617
1305795024735567875
1305795286887854080
1305795441448103938
1305795504605859841
1305795754993152000
1305796157784948736
1305796599042453505
1305796805926572032
1305796811194589184
1305796822540009472
1305796823685246978
1305796878987075585
1305796918295969792
1305796953792376832
1305797030363701253
1305797038655774720
1305797069240709120
1305797093009887232
1305797331648995329
1305797553708060673
1305797759807574016
1305797791034286080
1305797964749852673
1305799108603543552
1305799267836194816
1305799491900116992
1305799688713654272
1305799737694715904
1305799767214166016
1305799931429617664
1305800010601242624
1305800138833752064
1305800305011957761
1305800810765352967
1305800854973435904
1305800995293687808
1305801167566376961
1305801226467106816
1305801280317796352
1305801359644651520
1305801554428080128
1305801771244167170
1305801814839898112
1305801880518483970
1305801905038340096
1305802265652015104
1305802548595494912
1305802558729072640
1305802560788459520
1305802686638559232
1305802796655149056
1305802977991688192
1305803264445886464
1305803299485028352
1305803743351504898
1305803895906721793
1305803912427925504
1305803942635470848
1305804064605827073
1305804123661574144
1305804235804520448
1305804452369235968
1305804527573008384
1305804654719037440
1305804720607563776
1305804924295491584
1305804948676980736
1305804978070499329
1305805064036995072
1305805139656298497
1305805322863419392
1305805523527188483
1305805545614565382
1305805609514577920
1305805626543681537
1305805929535938560
1305805994350522368
1305806142145261568
1305806325088161794
1305806399268622336
1305806572048846848
1305807424646000640
1305807572058791937
1305807629818699776
1305807927928913920
1305807948191543299
1305808060309549057
1305808388127944709
1305778605985804289
1305778743949090817
1305778784616972288
1305778958231834624
1305779280677404672
1305779284502433792
1305779490954641408
1305779653983035392
1305779656264572933
1305779781120729089
1305779806848520192
1305779888322801664
1305779991255363584
1305780016614182913
1305780336501157889
1305780518315855873
1305780814345572352
1305780917798154240
1305780919182163970
1305780992758644736
1305781427816992770
1305781593387102208
1305782135542829059
1305782186113732608
1305782384823017472
1305782526678630400
1305782707205492736
1305782852936753152
1305783155727781888
1305783477753831424
1305783621429600257
1305783837188853760
1305783911952207873
1305783981040861185
1305783992030035968
1305784121088770054
1305784319726825472
1305784373434777600
1305784499364536320
1305784544247726087
1305784868836499456
1305784944451637248
1305785152698802176
1305785342386040832
1305785479867097089
1305785633705799680
1305785653045735424
1305785880850968576
1305786042633670656
1305786265510445063
1305786515297955846
1305786955523936256
1305787203373727745
1305787234591875074
1305787432407830529
1305787442809765890
1305787733881782275
1305788018876444673
1305788270358429696
1305788437975494656
1305788517180735489
1305788531999113216
1305788938326609920
1305789029728890882
1305789434294611968
1305789440636325890
1305789600003248135
1305789614536429568
1305789672338206728
1305789793675116544
1305789894040616961
1305789941729943552
1305790003973255168
1305790017776676864
1305790055739342849
1305790201822769152
1305790281527291904
1305790338641035264
1305790341963042820
1305790586407071745
1305790882478776322
1305790884483661824
1305791015542902787
1305791198716665857
1305791534994984960
1305791672027099136
1305791891288584192
1305791908208353287
1305792092203933696
1305792529443545088
1305792583738761216
1305792703494578176
1305793359144005637
1305793432850444289