1306231374815408128
1306231377763983362
1306231520705875968
1306231591732084737
1306231647159742464
1306231671130386432
1306231843373678594
1306231854773596163
1306231910268432385
1306231989771612160
1306232036483575808
1306232078921416704
1306232153454383104
1306232351773646849
1306232360585900032
1306232440344645632
1306232560213725184
1306232707773591555
1306232843291496454
1306232858370080770
1306232936132415488
1306232955421954049
1306232973247774720
1306232997046296585
1306233345236295680
1306233416485142531
1306233621288804352
1306233655883436035
1306233660144668672
1306233684761014278
1306233751471620097
1306233870652567555
1306233978093998083
1306234088307613696
1306234112404000769
1306234125167321089
1306234192204910597
1306234251159900160
1306234264506204160
1306234413328424960
1306234553309241352
1306234629335052296
1306234687275311111
1306234758213464071
1306234833614536709
1306234837888454656
1306234846432251905
1306235014103744512
1306235073470103557
1306235215438901248
1306235310746075137
1306235316706201603
1306235371475202057
1306235383701676032
1306235396351832064
1306235397735960584
1306235401070313472
1306235484390199296
1306235551146627072
1306235778683543553
1306235853958598656
1306235891325825031
1306235966152007682
1306235991687077897
1306236055507685376
1306236113820868608
1306236323456581632
1306236344474251265
1306236394898157569
1306236445355577344
1306236659143520259
1306236931521601536
1306236998496256003
1306237061083652098
1306237074048253954
1306237267401465858
1306237291724181508
1306237316487426056
1306237321382170625
1306237354655363072
1306237410162937856
1306237572662923265
1306237673523290114
1306237875206451200
1306237979522981890
1306238028424208384
1306238164357591040
1306238256217051137
1306238269777235968
1306238286269091841
1306238312080986113
1306238537667358720
1306238571318251520
1306238647172313088
1306238647193276416
1306239007014125568
1306239011829305348
1306239082595586048
1306239116150026240
1306239154125185024
1306239155001856000
1306239406429409280
1306239464482770944
1306239481574547461
1306239582414008320
1306239607202250753
1306239700131143680
1306239822235947011
1306239838295937026
1306240051437809670
1306240107247214593
1306240190458015746
1306240332992978945
1306240409367183360
1306240459040153601
1306240564887613440
1306240797239541762
1306240823541952513
1306240907457355778
1306240957029941250
1306241043151687695
1306241137930317825
1306241235447881729
1306241293073350656
1306241397939372032
1306241460921081856
1306241591720505344
1306241650218487809
1306241797446938624
1306241901415153665
1306241902056857605
1306241954204839936
1306241993895546880
1306242098828435456
1306242110694273024
1306242187403952129
1306242317502816260
1306242450919489538
1306242503025328130
1306242560197881858
1306242634353176576
1306242656780120064
1306242829254098945
1306242870266007554
1306242890855636992
1306242945754959872
1306242967057977345
1306243002453590016
1306243029536329728
1306243135551356928
1306243159391830017
1306243263326810113
1306243293852790793
1306243432684363777
1306243461314760705
1306243549294362624
1306243742387535872
1306243776608833537
1306243813648801792
1306243823631302664
1306243868913020930
1306243872994013188
1306243940690128898
1306243978300456961
1306243986500321285
1306244088484700162
1306244095539580930
1306244129580515328
1306244166385569793
1306244191450791936
1306244229979668482
1306244313618104321
1306244347361456131
1306244366864842762
1306244493474254851
1306244544191627264
1306244586273030145
1306244598201753600
1306244679692767233
1306244736907382786
1306244828259397632
1306244874904240129
1306244888690860032
1306244905170337797
1306245010182926337
1306245022426243072
1306245076461510656
1306245095491022848
1306245114000535557
1306245176449478656
1306245186389860358
1306245550988079104
1306245579585060865
1306245614250930176
1306245626678644738
1306245651181731845
1306245831645900801
1306246020091777024
1306246028492972034
1306246070230450177
1306246091873148928
1306246465040388097
1306246581981794304
1306246597228072963
1306246703884967937
1306246779776708608
1306246899754729472
1306247019120525312
1306247098384502785
1306247187714711559
1306247206681411584
1306247491176861698
1306247562320637952
1306247836250435584
1306247886561214464
1306247899471392769
1306247978919882752
1306248050751336448
1306248230490050560
1306248244188647425
1306248277185228803
1306248348140220421
1306248407695200263
1306248544706207748
1306248587236577281
1306248759353905152
1306248759517483009
1306248784440168449
1306248827070971910
1306248874684755969
1306248978602889217
1306248997976174598
1306249158878142464
1306249415884062722
1306249456329740289
1306249669664800768
1306249736454766593
1306249787239522306
1306249811826360324
1306249837663281153
1306249895305674752
1306249962905362437
1306250050809462790
1306250070954856448
1306250126336421888
1306250349423005696
1306250387171749890
1306250455719317504
1306250513206390786
1306250831247728640
1306251070742515712
1306251082386083841
1306251189546348544
1306251258706169859
1306251313450283008
1306251393204879367
1306251394005909505
1306251435705856002
1306251535802871809
1306251687741607937
1306251729898475527
1306251750379122688
1306251935046131712
1306252236092305410
1306252254186475522
1306252258078851074
1306252294824976386
1306252379998826497
1306252559821176833
1306252571200442370
1306252752440487943
1306252814981697538
1306252954001833985
1306253032951341056
1306253046264070144
1306253079893938177
1306253113549037571
1306253136856846336
1306253171208138752
1306253248207024129
1306253259405885440
1306253335872372736
1306253389546749952
1306253482450718721
1306253567196422144
1306253585735274500
1306253686969163777
1306253763288739841
1306254077110767617
1306254103106985985
1306254303917727744
1306254530758283269
1306254606574460928
1306254626891722752
1306254778687610880
1306254806890229760
1306254820198801410
1306254825106083845
1306254853958664192
1306254854617210881
1306254870530453504
1306254921159802882
1306254921432543242
1306255147241295872
1306255160893726720
1306255172448870406
1306255496140197890
1306255646329909252
1306255700310528004
1306255750654619648
1306255931618058240
1306255947690586115
1306256024328744961
1306256045526970378
1306256062924779520
1306256065609306117
1306256262930165760
1306256288100220928
1306256333880963073
1306256409252835329
1306256560692305921
1306256581483528192
1306256678548013057
1306256792029073413
1306256825801682944
1306256845523300353
1306257281995202560
1306257421615140864
1306257592281378816
1306257853271900165
1306257974457901056
1306258070419333120
1306258175914631168
1306258196596764673
1306258314091802624
1306258339043725314
1306258452948414465
1306258468966338566
1306258506291396608
1306258653150875649
1306258846365736961
1306258852069793792
1306259052708728838
1306259434641948674
1306259441566744576
1306259480112488453
1306259517873635329
1306259619451473921
1306259833574821889
1306259962075648000
1306259982774669314
1306260150404210688
1306260176241127424
1306260198068232193
1306260247497945088
1306260326938226689
1306260352271814659
1306260478797049857
1306260586695720960
1306260603988631552
1306260639061610496
1306260645906530307
1306260650516152322
1306260753696030731
1306261003559149574
1306261090582618116
1306261271172448262
1306261308413808640
1306261350440558592
1306261384062103554
1306261485610364929
1306337057837666304
1306337145402126346
1306337179510206466
1306337209658806272
1306337317846691841
1306337443595997184
1306337469525364739
1306337574009688070
1306337695002759168
1306337814129172480
1306337950838525952
1306338207152431109
1306338216941936642
1306338273795530754
1306338275540361216
1306338353248305152
1306338383728386049
1306338475902263296
1306338614335475712
1306338676830502924
1306338802252812293
1306338944645120000
1306338979994841088
1306339042796212224
1306339091718569986
1306339142549340168
1306339194881572870
1306339239014010880
1306339280847925249
1306339402281488384
1306339415820832769
1306339666958794752
1306339709229072384
1306339859037130756
1306339913693097986
1306339944034635776
1306339999214964738
1306340074527887362
1306340287892127748
1306340359375671300
1306340404502110209
1306340460210708480
1306340514954960896
1306340594654916608
1306340606008987649
1306340681212862464
1306340707070812161
1306340710195572736
1306341004602089472
1306341017663266817
1306341072478466048
1306341101733896192
1306341147875319808
1306342073805672448
1306342074334105600
1306342098988220416
1306342347744178179
1306342489264021504
1306342522780815360
1306342534734544896
1306342574207229952
1306342809759150081
1306342834283315201
1306342867452014592
1306342879783088128
1306343227126153219
1306343487105835019
1306343525018107905
1306343563224141824
1306343605477543939
1306343823300198400
1306343890216247307
1306344003319795712
1306344078481784833
1306344192910606336
1306344373219725312
1306344481503899650
1306344544817098752
1306344569446060032
1306344573434843138
1306344591470231553
1306344653885779969
1306344749868093440
1306344818042437634
1306344843216662528
1306344947554033665
1306344993918013441
1306345027870883840
1306345043716902913
1306345266887290880
1306345282985132033
1306345291021508609
1306345431723581444
1306345505702772738
1306345559456968713
1306345621058707457
1306345689698373632
1306345711068418049
1306346100715069441
1306346164166578183
1306346311361409025
1306346319443886080
1306346365060960256
1306346701029076992
1306346814690357248
1306346826803666945
1306346844977532928
1306346889776967681
1306346901734739968
1306347258095398913
1306347280325378048
1306347288667869185
1306347296452378624
1306347417596354560
1306347429781016577
1306347452128284681
1306347584953503744
1306347657514938371
1306347698199683074
1306347732802531328
1306347757653893124
1306347762045329408
1306347778076020738
1306347779145510912
1306347887417147397
1306347983349440512
1306348013783310337
1306348139478163456
1306348198542229504
1306348239814373377
1306348302342946816
1306348538079649798
1306348881308012544
1306348902879301633
1306348910382706688
1306349066725408768
1306349372532195329
1306349388055425024
1306349620835090432
1306349816885080064
1306349817036181511
1306349888402345985
1306350189834166272
1306350254082519040
1306350279126847488
1306350341785554952
1306350366842400769
1306350381807611904
1306350492671381504
1306350626326982656
1306350827079073795
1306351155447042048
1306351200456114177
1306351231313547270
1306351255393120256
1306351263295119363
1306351364885233664
1306351398016045056
1306351473933025281
1306351489871491074
1306351536742825989
1306351616656896001
1306351784240259074
1306351810131767296
1306351822253314051
1306351830373470215
1306351943783243779
1306351944781496321
1306352019536359425
1306352098993254401
1306352101774295041
1306216263014899712
1306216379775963137
1306216429188984833
1306216613947998209
1306216647578071040
1306216770068525057
1306216810883305473
1306216824246120448
1306216831896616960
1306216841602367490
1306216920002125825
1306216959181287428
1306216999463387139
1306217083840212993
1306217265390592003
1306217327164260363
1306217475072315393
1306217512099512320
1306217717985284097
1306218036601421825
1306218249416183813
1306218282974810113
1306218514311643136
1306218530522771457
1306218678468456450
1306218687221895168
1306218738379874305
1306218741655633924
1306218741827592192
1306218762559991809
1306218765911293958
1306218849201684480
1306218899847942154
1306218989635264518
1306219000842661891
1306219118207684608
1306219218338185219
1306219302786400257
1306219478997491713
1306219492050112516
1306219566570393600
1306219567409225729
1306219592411475970
1306219634887200768
1306219651047841794
1306219707134074880
1306219745474215944
1306219827439325184
1306219831553908736
1306219924218679298
1306220054313406464
1306220195925630976
1306220439006568455
1306220473890504705
1306220481884893189
1306220590483697665
1306220683295367174
1306220741315244038
1306220825209577472
1306220837004087298
1306220854158798848
1306221118395691009
1306221194430091275
1306221329260187649
1306221332544270337
1306221409224527873
1306221458612518914
1306221528191774722
1306221618868432901
1306221756567490560
1306222087531626497
1306222209447464971
1306222306382016513
1306222360362733569
1306222361029509120
1306222452616257537
1306222460858175488
1306222499752022016
1306222565929615360
1306222654853206016
1306222712063393792
1306222721660002304
1306222875691622401
1306223095007637505
1306223174712004608
1306223371273883649
1306223488190033920
1306223489930551299
1306223530644627456
1306223627726213120
1306223748484337664
1306223749465858049
1306223749465739268
1306224114223460353
1306224285166514176
1306224492050513922
1306224595884601345
1306224616889749504
1306225014757351424
1306225024291012614
1306225065655177217
1306225086677094400
1306225090380681216
1306225136463306754
1306225183468875776
1306225313102299136
1306225363937185792
1306225749242925056
1306225783870898176
1306226055615782918
1306226067837911040
1306226106459197441
1306226131423592450
1306226164583804928
1306226197639180288
1306226251401760769
1306226399854776326
1306226441760243717
1306226587860455425
1306226593216499712
1306226600418181122
1306226600883617792
1306226793578455045
1306226896590573568
1306226960323039232
1306227192175702016
1306227204163088389
1306227243023249413
1306227335428014082
1306227343363420161
1306227347012702214
1306227406043308032
1306227494861729807
1306227502612963329
1306227632200179712
1306227707278221315
1306227720150495232
1306227906859991040
1306227997985378304
1306228027068743680
1306228044231774209
1306228131267739649
1306228148711944192
1306228366434095105
1306228401385209857
1306228427796754436
1306228475158843395
1306228518536310784
1306228526543237120
1306228756294651910
1306228756638396421
1306228815580917762
1306228904382869505
1306228915380256768
1306229021475299331
1306229130686423047
1306229167432912896
1306229290430869505
1306229332889817088
1306229529845927937
1306229545624899584
1306229587836362753
1306229604538093571
1306229647508557826
1306229687610413056
1306229705104916482
1306229708531601409
1306229797811638273
1306229839851069440
1306229843579883520
1306229964061065217
1306230006482255872
1306230220303872002
1306230292399652865
1306230431323480066
1306230652644229122
1306230685884125184
1306230757640343553
1306230765890531328
1306230875303145472
1306230895293026307
1306230908165423107
1306230933880741894
1306230975756673025
1306231051807752193
1306231089288146949
1306231172121452545
1306231268703571969
1306035084953374720
1306035177374838785
1306035218328027137
1306035281330569216
1306035352642019328
1306035389006852096
1306035592904536064
1306035642317639688
1306035679663730689
1306035936560582657
1306035953484460032
1306036196636794880
1306036343512928259
1306036393685254146
1306036456855662592
1306036507224940547
1306036523196964865
1306036917268549632
1306036925392879616
1306036947840761861
1306037165252632577
1306037202841989121
1306037206784630784
1306037299134844931
1306037319938371586
1306037328322813952
1306037390847475712
1306037538373599232
1306037572167249920
1306037638877634563
1306037836303523841
1306037936308318208
1306038100066553856
1306038116147396609
1306038255733833728
1306038305847296001
1306038476047966208
1306038528099450882
1306038536525819904
1306038553110085633
1306038779988373507
1306038783498792961
1306038855032868869
1306038926805794816
1306038960561553410
1306039136910966787
1306039262287204352
1306039329177780224
1306039333242261505
1306039363554496513
1306039597831458816
1306039612742209538
1306039623165128705
1306039631067123713
1306039648481734656
1306039652210610176
1306039694119940096
1306039761862262789
1306039777578237952
1306039841294082049
1306039898420457473
1306039954372427776
1306040046802423808
1306040058567258114
1306040071217274880
1306040088992899072
1306040222476451840
1306040252432343045
1306040314554126336
1306040389636427778
1306040574890344448
1306040700971220993
1306040734085033984
1306040839559434241
1306040909558054912
1306041120846036992
1306041145563271168
1306041245500727296
1306041245727436802
1306041380784025601
1306041652734287873
1306041901070667776
1306041959027535874
1306041983610257409
1306042021807759362
1306042042892591104
1306042105400381440
1306042484095672321
1306042541918138376
1306042563321671680
1306042593424429063
1306042714023170051
1306042777495638016
1306042852007391233
1306042978415382538
1306043053371604992
1306043108480745477
1306043134095155200
1306043212788723712
1306043419098312704
1306043494520283137
1306043842592829440
1306043862742310912
1306043888046669825
1306043892697976832
1306044106762838016
1306044152459788289
1306044274002268162
1306044316930863104
1306044328444334080
1306044353534550017
1306044353731866625
1306044450469101569
1306044563329515520
1306044656564797440
1306044903227568128
1306045075022065664
1306045088309575685
1306045105548201984
1306045201434251264
1306045209889959937
1306045286133968903
1306045344111759360
1306045389737467904
1306045499372433410
1306045557182472192
1306045621225349120
1306045737906601984
1306045750837751808
1306046299549073408
1306046413365743616
1306046664562466818
1306046740500344833
1306046774050775040
1306046776395337729
1306046866388332555
1306046883693867011
1306046954254872577
1306047078645280768
1306047113881677827
1306047117631393792
1306047155392536577
1306047159335297034
1306047332102877184
1306047377896284160
1306047394795196424
1306047394711252992
1306047424654446592
1306047461513932800
1306047507642953728
1306047529360990209
1306047600580276224
1306047604606808065
1306047684340592648
1306047847817773058
1306047906785484800
1306047990117793794
1306048023995191299
1306048309027631104
1306048314534756355
1306048350727204865
1306048372583927808
1306048435183902720
1306048460186152961
1306048522219696129
1306048619351433218
1306048736599191552
1306048999607226369
1306049168952061952
1306049253152702464
1306049353157672960
1306049399534039040
1306049597580677122
1306049636994514944
1306049811137941510
1306049865533669378
1306049982965846016
1306049999067688960
1306050091636072448
1306261594075099136
1306261607450779648
1306261640061612033
1306261657052753921
1306261766318497794
1306261887903035393
1306261975534628864
1306261988281114625
1306262072926375936
1306262092840751105
1306262151682764801
1306262207169277954
1306262265008664577
1306262303617282048
1306262306565877760
1306262406977458178
1306262508739735552
1306262545376964609
1306262662721007623
1306262698229985282
1306262755960328192
1306263036500627456
1306263044004118528
1306263079769051139
1306263275500437504
1306263283851235328
1306263325643362309
1306263346631659523
1306263461127761921
1306263513891913728
1306263569466568705
1306263573518311425
1306263666203926530
1306263917602263042
1306263988930514946
1306264021411270658
1306264039027142657
1306264090717847553
1306264177275670528
1306264181356650498
1306264324567183360
1306264344959815682
1306264357328891904
1306264488459620352
1306264533590306816
1306264567845011457
1306264572484038658
1306264639064301568
1306264664217534466
1306264727920627712
1306264781599526912
1306264834078580737
1306264877292453888
1306264894434471937
1306265046511624192
1306265134470488064
1306265175180353542
1306265301437218816
1306265385801519105
1306265403992219654
1306265637627592705
1306265667197267968
1306265674814304259
1306265674877034497
1306265687091019777
1306265787594870786
1306265808004435968
1306265868071055363
1306265909602988034
1306265952519102464
1306266023147065345
1306266073126309892
1306266178306875393
1306266295772438531
1306266316010119175
1306266333659750401
1306266443261018123
1306266455110029313
1306266615173074944
1306266627034537985
1306266630972825600
1306266637666934789
1306266668860166145
1306266719258726400
1306266762556706817
1306266820400341005
1306267039036772352
1306267150940807169
1306267172675649538
1306267364921667584
1306267402674425857
1306267478931181570
1306267499806314496
1306267517191630849
1306267520140062720
1306267524137394178
1306267533964574720
1306267630169452545
1306267793155862528
1306267843747430400
1306267876119269378
1306267903189110784
1306267969232580614
1306268044591857665
1306268052653256705
1306268216214409218
1306268216646303753
1306268271088463874
1306268312544907264
1306268321738874880
1306268414030172160
1306268586235883521
1306268664874889216
1306268677570871297
1306268753605177344
1306268812375928833
1306268825936166912
1306268850326048769
1306268925265670146
1306268925508767744
1306268941858287616
1306268992386940928
1306269076239638530
1306269093658390529
1306269232036970498
1306269260751175686
1306269559486394379
1306269625798127621
1306269626557517824
1306270070931427328
1306270216737796096
1306270281271443456
1306270314557517824
1306270535630950401
1306270636591910912
1306270675137703936
1306270724823408640
1306270763524272131
1306270871418482690
1306270947721134081
1306270967073837057
1306271086846316546
1306271174867865603
1306271295122923522
1306271421090476037
1306271447598465024
1306271488173993984
1306271513188810752
1306271635259809792
1306271953632722946
1306271961639723009
1306272003855351809
1306272054392631296
1306272101150658560
1306272105428910080
1306272125263769601
1306272247728963586
1306272561840484352
1306272720511000580
1306272926883250177
1306273022945394690
1306273061163986946
1306273284057686019
1306273539343949825
1306273593299480576
1306273653185748992
1306273668540948480
1306273698442166273
1306273836996861952
1306273842155917313
1306273880424751106
1306274051577409536
1306274055557918721
1306274096649588736
1306274165389889536
1306274290698838016
1306274378385158148
1306274462657130502
1306274605590437888
1306274742836498435
1306274781290004480
1306274830648578048
1306274835941654529
1306275100350722048
1306275233943490565
1306275280533635072
1306275297621401603
1306275301236776960
1306275385152344064
1306275426680139782
1306275435429400576
1306275540706488324
1306275544091242501
1306275611074342912
1306275624697425921
1306275712316223488
1306275746239873024
1306275829643501569
1306276123857354752
1306276256778838018
1306276281986822144
1306276285845471233
1306276408784715776
1306276580801630210
1306050234452246535
1306050275900235777
1306050398394908672
1306050523418603525
1306050715215855617
1306050791795560449
1306050845134540801
1306050855578132480
1306050884934266881
1306051031902478336
1306051065129951233
1306051182327103489
1306051307640324096
1306051819764887552
1306051873359540224
1306051987197181952
1306052085054689280
1306052126720786435
1306052156835987456
1306052277187284992
1306052389846372352
1306052406522904577
1306052431768424450
1306052541818568706
1306052617412448262
1306052717497004033
1306052747251204097
1306052759565881345
1306052771565559809
1306052893645119490
1306053031335788544
1306053044178530304
1306053053230075905
1306053091326930956
1306053110801010689
1306053192396963842
1306053501936480256
1306053502188224513
1306053515689648134
1306053527333031936
1306053560279298048
1306053632572428288
1306053690160283648
1306053728189984768
1306053879386247168
1306053959149383680
1306053988006195200
1306053996377968640
1306054089411887104
1306054386867679232
1306054428596764673
1306054436993855488
1306054608960266246
1306054647166062592
1306054730745958400
1306054814414123008
1306054873260023810
1306054902590783488
1306054969989181441
1306054994593034240
1306055167377199104
1306055283794296832
1306055485569871873
1306055497859002368
1306055641484595207
1306055666159759360
1306055693108015104
1306055825002201089
1306055837669036032
1306055921529839616
1306056102522417152
1306056148974481413
1306056178082836481
1306056336535367687
1306056396069203968
1306056492060209152
1306056560427167744
1306056672884985859
1306056676722831360
1306056697832767489
1306056723120168961
1306056798944727040
1306056920055394305
1306056932537634817
1306057033502818304
1306057201635799040
1306057289409925122
1306057494410809344
1306057519442391042
1306057532826361858
1306057606599856128
1306057617018478593
1306057704373391366
1306057830441668609
1306057960620199944
1306057985580556294
1306058002458320897
1306058027917869058
1306058059811139586
1306058073300180995
1306058224370671617
1306058518554980352
1306058618870038530
1306058719470538759
1306058828878884864
1306058836483031041
1306058892150034433
1306058937121284096
1306059178973298689
1306059251874369536
1306059335076917248
1306059533186478080
1306059562131369986
1306059830436786177
1306059852037468163
1306059944089718785
1306060162621419520
1306060237359767553
1306060364333768705
1306060930778791936
1306060938232168448
1306060954795302912
1306061055907500032
1306061119937638400
1306061177257111552
1306061265018564608
1306061936195448832
1306061936518467584
1306061944860758018
1306062165103656960
1306062272234532864
1306062314895011840
1306062369169313792
1306062578414751744
1306062604347949056
1306062661214302208
1306062956527079424
1306063034939564036
1306063094448377856
1306063098017648641
1306063115944185859
1306063123263008768
1306063170033901570
1306063299574890497
1306063437722652673
1306063476058619905
1306063488381378560
1306063513874563072
1306063735514181633
1306064200977055745
1306064302273638402
1306064335693905921
1306064473741037568
1306064600434008064
1306064658671874048
1306064826452635649
1306064889476272134
1306064894068883458
1306065044862533632
1306065078052179969
1306321970431168513
1306322231421734912
1306322247590830080
1306322261054554113
1306322369271734272
1306322452776202240
1306322487144144896
1306322507788582912
1306322554823602193
1306322646620147718
1306322701078982662
1306322968612614144
1306323019602620416
1306323127899582464
1306323204861026306
1306323217196429313
1306323220430303233
1306323305058709504
1306323359408553984
1306323404874801156
1306323421681332224
1306323531102171136
1306323627219070979
1306323690494328833
1306323699616952320
1306323774996992006
1306323929326379008
1306324147060965376
1306324214463385601
1306324387897974790
1306324484048248833
1306324542713991176
1306324600989667331
1306324634321653760
1306324735043629057
1306324811317014528
1306324873636188165
1306324923112206336
1306324948542255105
1306325053273825280
1306325221301825536
1306325318270177285
1306325343494647808
1306325590992187393
1306325657983627266
1306325791806980096
1306325791794368513
1306325825055264768
1306325897453199362
1306326199317278728
1306326257269985283
1306326296348127232
1306326321480466434
1306326408357130240
1306326497028956161
1306326592935931904
1306326702273028098
1306326702977478656
1306326740923539456
1306326742953467905
1306326789640331265
1306326862285746182
1306326929461608449
1306327041894162434
1306327129672609793
1306327176740995073
1306327343443505153
1306327365031583744
1306327365765804032
1306327406668636168
1306327495499812866
1306327545625759744
1306327637355384832
1306327645374820355
1306327658180083723
1306327860051767296
1306327871988752384
1306327913613201419
1306327952309641217
1306327956718006272
1306328103094902784
1306328127774298113
1306328147898630151
1306328216706187264
1306328249300135936
1306328296322486275
1306328342254235650
1306328351020384257
1306328396914397202
1306328682856738816
1306328774296903680
1306328900725878786
1306328903657676801
1306329183568703490
1306329197766344704
1306329239294275585
1306329523831570449
1306329550494658561
1306329609034661889
1306329647223775238
1306329663388737542
1306329683643043840
1306329747509645314
1306329767403282434
1306329785224880128
1306329831366447104
1306329869484257283
1306329890082357248
1306329898433179653
1306330003492147201
1306330087462072320
1306330284359639040
1306330292660117504
1306330392937541639
1306330397341556736
1306330410029322240
1306330515033788416
1306330614963077120
1306330778775814147
1306330825252691969
1306331018920484864
1306331261166915585
1306331319689834496
1306331462208294915
1306331551588909056
1306331606081208323
1306331736243146756
1306331798075392000
1306331872029552645
1306331887443550210
1306332008776380419
1306332107917201410
1306332186853793792
1306332223390482434
1306332297063325696
1306332369033465856
1306332402680320007
1306332495248584704
1306332503326642176
1306332531906826242
1306332729257017344
1306332779014221824
1306332834571980800
1306332922027356163
1306332943552360449
1306332964406439936
1306332993292771333
1306333026402566148
1306333057092169728
1306333144090542082
1306333174897795073
1306333203561504768
1306333299250475009
1306333380351602694
1306333458948595718
1306333622035603456
1306333668533829632
1306333727434272768
1306333778407809024
1306333781746384897
1306333911614713859
1306334072646426624
1306334160185896964
1306334348283711488
1306334357662003201
1306334402985615360
1306334672046166023
1306334692493471745
1306334772491419654
1306334865328136193
1306335167250935818
1306335284343255040
1306335321152462848
1306335367549812737
1306335397530628097
1306335439394086912
1306335455382769664
1306335577755844608
1306335726242615296
1306335807498838016
1306335903636361216
1306336029637578753
1306336235426926594
1306336323561828352
1306336383292841985
1306336554886082568
1306336574842589188
1306336588453076992
1306336608552189955
1306336746922156032
1306336777108586497
1306336894125584384
1306336902216323072
1306336979114754054
1306337008567148544
1306276852751896576
1306276865636794369
1306276890919960578
1306276940547063814
1306276958477651969
1306277150467723269
1306277162979393538
1306277201743155200
1306277227403907073
1306277264527679488
1306277347428106241
1306277422484996096
1306277470799368192
1306277629763432448
1306277632305135616
1306277713070690305
1306278203221258241
1306278220338270210
1306278287589756929
1306278531127750657
1306278748161966080
1306278813580562432
1306278854118400001
1306278911807033347
1306278929611644929
1306278966735577090
1306278987749044225
1306279134042058753
1306279297703837697
1306279502948036611
1306279607864356865
1306279776399712256
1306279802425532419
1306279830183268352
1306280153757020161
1306280162586173441
1306280183356420098
1306280418388463616
1306280535216599040
1306280627247788033
1306280702846152704
1306280753324589057
1306280778507132930
1306280849990545408
1306280917367840769
1306281009273540611
1306281018555596803
1306281022703640577
1306281126374375424
1306281466830237696
1306281643754233856
1306281744056741888
1306281772733403140
1306281785660186630
1306281819038457857
1306281873820319744
1306281878182408195
1306281995174109189
1306282112631205893
1306282139902763010
1306282264372932608
1306282305812652033
1306282348149911552
1306282441531949058
1306282447743713282
1306282536759209984
1306282577871941633
1306282645081354240
1306282707857571841
1306282720314753036
1306282766603087873
1306282872127528961
1306283055980576771
1306283288244310016
1306283421736546306
1306283428996882432
1306283450094235648
1306283550627344386
1306283739488673792
1306283874561994756
1306283945898639360
1306283967092584451
1306283995840352256
1306284067843760130
1306284092187648001
1306284109187219461
1306284116707426306
1306284159296565249
1306284231073566722
1306284418860974081
1306284519776022528
1306284530186285057
1306284742065692674
1306284758767464448
1306284822046924800
1306284901176684544
1306284939663507457
1306285104055103489
1306285209093132288
1306285359228223489
1306285396452691969
1306285463070814210
1306285582168010755
1306285750095413249
1306285802792587265
1306286096507117569
1306286155500007424
1306286176505012224
1306286205852626944
1306286516734488579
1306286553795383301
1306286571155587072
1306286815029211136
1306286816857862147
1306286940321390594
1306287079517814787
1306287351291838465
1306287386066853889
1306287388767981570
1306287455675457537
1306287867442933761
1306287918231638016
1306288044031586305
1306288052424278022
1306288148188745728
1306288387133857792
1306288533783678977
1306288673437216773
1306288886126194692
1306288924541681664
1306289029604716544
1306289046063210497
1306289335206137857
1306289387546660864
1306289478399438848
1306289876640333825
1306289892284985344
1306289976322281473
1306289989664169984
1306290031368306688
1306290132518080515
1306290245403467776
1306290257676120064
1306290257869049858
1306290262021468160
1306290382402019328
1306290401381318656
1306290405818990595
1306290441919361024
1306290546625970177
1306290594428395520
1306290740335697920
1306290790545661958
1306290816328105987
1306290862855467014
1306291150618112000
1306291201692164096
1306291407490080769
1306291428499296256
1306291521033924608
1306291549378998272
1306291550989754370
1306291625623080960
1306291716845174785
1306291732976480259
1306291893844746242
1306292183016894466
1306292237748240384
1306292274112999425
1306292338063540225
1306292464337276930
1306292551389937664
1306292678599073799
1306292749445083142
1306292874842181635
1306293051069853697
1306293054958174208
1306293062872727553
1306293122960326659
1306293151863373830
1306293173589688326
1306293243487956992
1306293417408946179
1306293470194171911
1306293764361682945
1306293773387935744
1306293924059852801
1306294226309664768
1306294256424955904
1306294310162305025
1306294415447658501
1306294436519768064
1306294577691672577
1306294607903248384
1306294670465462272
1306294705102237697
1306294745887584256
1306294779584544768
1306294909641478144
1306294951601491969
1306294960183009285
1306295023344979969
1306295111131762692
1306295261455675392
1306295345756991489
1306295348651077632
1306295376220221441
1306295383853801474
1306295388069130241
1306295492524072966
1306295613995323394
1306295697826811907
1306295760133042176
1306295812213874688
1306295898675257346
1306296063901536257
1306296232051118080
1306296239579975680
1306296301617778689
1306296503435231240
1306296797254606852
1306296801021100035
1306296817924136961
1306296914875281408
1306296947024842753
1306297091195580416
1306297094961901568
1306297203275620352
1306297219989921792
1306297337166393344
1306297371811348481
1306297396440297472
1306297485309235200
1306297535468916738
1306297543190482945
1306297782030856192
1306297786820947968
1306297875295596548
1306297891284234246
1306298038227537920
1306298381640196096
1306298407032688643
1306298624939184129
1306298671089188872
1306298760562049024
1306298932134211584
1306298953546248197
1306299002808397824
1306299011519770624
1306299073851342848
1306299086971207680
1306299174141526019
1306299212771057664
1306299217267302400
1306299242168844288
1306299326604296192
1306299355310313473
1306299509857824769
1306299545588887552
1306299745627967488
1306299792419479553
1306299862607187969
1306299930437398528
1306300055914151936
1306300072720826368
1306300094375956480
1306300098830168064
1306300134871961606
1306300191532896257
1306300240291680257
1306300253369491457
1306300315327660033
1306300583901409280
1306300617351139331
1306300667506565126
1306300781025538050
1306301003554119680
1306301049326665728
1306301087721291776
1306301143060869120
1306301146315677696
1306301221263736832
1306301221339312131
1306301388989890561
1306301473232490499
1306301478102073344
1306301737725095936
1306301749691469824
1306301810160926722
1306301950892347392
1306302039102717957
1306302221148131329
1306302267226828802
1306302270397612032
1306302304979619840
1306302441986625537
1306302470658891776
1306302475494883332
1306302548190670848
1306302697402961920
1306302714716983296
1306302855758991360
1306302858271379462
1306302883407814656
1306302927347355652
1306303209473015812
1306303517703823360
1306303549085753344
1306303583336398853
1306303767999131649
1306303772122116100
1306303947678904321
1306304153308758016
1306304370498183169
1306304644185051139
1306304670827192322
1306304673536761856
1306304704234680321
1306304715441963010
1306304780357296129
1306304812833796096
1306304916646842368
1306304934606929922
1306304962457006080
1306304967171600387
1306305025359052800
1306305085924765699
1306305220104904705
1306305375520645123
1306305563337388033
1306305571352645634
1306305576067104768
1306305676550037510
1306305740185849856
1306305852689788929
1306305874311471105
1306305960743297024
1306306024807297024
1306306038061297664
1306306078087483393
1306306099893526529
1306306254646784001
1306306309663289345
1306306317871583232
1306306347160317953
1306306523325444102
1306306540979322881
1306306808525406208
1306352220800266242
1306352245949313029
1306352257424859137
1306352258964172802
1306352270372515841
1306352413444628480
1306352513654775810
1306352589014028292
1306352610824400897
1306352811618242562
1306352861534658561
1306353096717742080
1306353199272652803
1306353214174851072
1306353331858743296
1306353335994376193
1306353432333295618
1306353495310766081
1306353726957916160
1306353785023819776
1306353931258396672
1306354115816099841
1306354129837662208
1306354510378401792
1306354540539793410
1306354607648579586
1306354703480098818
1306354711185043459
1306354867187916800
1306354964286132230
1306355035765440522
1306355316301287424
1306355328410251264
1306355541602516992
1306355559332020226
1306355718111531008
1306355743415771142
1306355785492881408
1306355827775647744
1306356063432855554
1306356096148307970
1306356130042576898
1306356418124152833
1306356419508219909
1306356540719476737
1306356615738732545
1306356707669479425
1306356729228210176
1306356779345948673
1306356805623185408
1306356909029683202
1306356922904227841
1306357022905040897
1306357056023203840
1306357061387792393
1306357178702475264
1306357190882668546
1306357450837291008
1306357545334910978
1306357643448123392
1306357899275333632
1306357983597809669
1306358197532450817
1306358300888489987
1306358406198910976
1306358431566176256
1306358440965607424
1306358662034849793
1306358667034259456
1306358734067769345
1306358784869138432
1306358800803217408
1306359015056773121
1306359082320883715
1306359245206675464
1306359291251748866
1306359408675483649
1306359418225750016
1306359460072480769
1306359619208445952
1306359707028815872
1306359798972272640
1306359807172055040
1306359917524156419
1306359963514810369
1306360067911045126
1306360253290819585
1306360424875593733
1306360450439806976
1306360524356169729
1306360545365254144
1306360906155134976
1306360977986924546
1306361104029962252
1306361107993563136
1306361175374954502
1306361381621501958
1306361500622229504
1306361586957856768
1306361620206034944
1306362010964123649
1306362035404525568
1306362232775888896
1306362240958894081
1306362454486654976
1306362467862290432
1306362496815632385
1306362542894100480
1306362550536339457
1306362743428128768
1306363000442552321
1306363046474985473
1306363158328684546
1306363167954567168
1306363359755870208
1306363394211983360
1306363468845469696
1306363558045913089
1306363624919904256
1306363716666097672
1306363724681207808
1306363824459710466
1306363842235191296
1306363906621755393
1306364086309904384
1306364115544408064
1306364253188825088
1306364282892775425
1306364291705188353
1306364358285504512
1306364534882332672
1306364566859726849
1306364816668397570
1306364916324990976
1306365022231117824
1306365037855084545
1306365046352740354
1306365247217979395
1306365360606765057
1306365412183912448
1306365499014557696
1306365704447369218
1306365717441327104
1306365717730787329
1306365806176022531
1306365830079315968
1306366159047057408
1306366238466150407
1306366254920404992
1306366274885300227
1306366297408708609
1306366463888949248
1306366632881774592
1306366758828347399
1306366842009579520
1306366854642925568
1306366867993485313
1306366984444162050
1306367193668558849
1306367197548294152
1306019951510278147
1306020047547138057
1306020148764176384
1306020170025127939
1306020295975854081
1306020346034880516
1306020359074971648
1306020383502594048
1306020405115850752
1306020443204268033
1306020539463589889
1306020664948686850
1306020794187870209
1306020837208850436
1306020898823196672
1306021151718674432
1306021272481140736
1306021299110641664
1306021302348595200
1306021339308859393
1306021382938079232
1306021725398859777
1306021948158222338
1306021994308263936
1306022024356261890
1306022183530098688
1306022212319817728
1306022400899776513
1306022405425463298
1306022434320121857
1306022493241651200
1306022526787547136
1306022551555112960
1306022644387475457
1306022750016991232
1306022896532422656
1306023076795092992
1306023084852424708
1306023268818857984
1306023303438626818
1306023315367227392
1306023408677912576
1306023412016480257
1306023572226207744
1306023574910664705
1306023579151208448
1306023747183423489
1306023801809965061
1306023861431996416
1306024007997759491
1306024489969487872
1306024495065559051
1306024653182259200
1306024653996142592
1306024673910685697
1306024746358910976
1306024845797396481
1306024867469303808
1306024988726751232
1306025085136969733
1306025391262498823
1306025476247506945
1306025521579343879
1306025556174139392
1306025857748742144
1306025898211188736
1306025945221005312
1306025990833889280
1306026088620085248
1306026129640140801
1306026393793331200
1306026575377379329
1306026582713270272
1306026607392501761
1306026634072469504
1306026763881820160
1306026764037128194
1306026876767436802
1306026931339567104
1306027111090589696
1306027115905601536
1306027207635218439
1306027325633437698
1306027354909679616
1306027433976619008
1306027555967959040
1306027572208308227
1306027610544181250
1306027707545710592
1306027770271666178
1306027878543486977
1306027928778465280
1306027958746918921
1306028202175864832
1306028436759207938
1306028503784206342
1306028528958406657
1306028550537928704
1306028762157514765
1306028868340416512
1306028981766979584
1306029074750541824
1306029153502875649
1306029275452186624
1306029292233658368
1306029509775417349
1306029628704817154
1306030102074003456
1306030118637383680
1306030149096427520
1306030185788182528
1306030190212952064
1306030379233619971
1306030379778809856
1306030418316201986
1306030450146762753
1306030521139388417
1306030601233809408
1306030659002040320
1306030710277451777
1306030718246686721
1306030730997366784
1306030735179100161
1306030773745659905
1306030974715731968
1306031007137591296
1306031015652196353
1306031134153814019
1306031264101670913
1306031478510321670
1306031490766004225
1306031494687850496
1306031590926151680
1306031801316642817
1306031817229828096
1306032002446098433
1306032114526228482
1306032173217185798
1306032568190595077
1306032777826009088
1306032891214823424
1306032894637469696
1306032975423975425
1306033000308789249
1306033032072175616
1306033080273117185
1306033112862912513
1306033116994174977
1306033184224636928
1306033486629752832
1306033670583660545
1306033985273901056
1306034199359623177
1306034204203978752
1306034237741699072
1306034405090025472
1306034459897139201
1306034477764935681
1306034544404033538
1306034754169393153
1306034833584521216
1306035017710071808
1306035042934763520
1306307022506389504
1306307069306339328
1306307119352705024
1306307190760898560
1306307226198519815
1306307349867573250
1306307493182631936
1306307777246064640
1306307798393790464
1306307894787227650
1306307975204737024
1306308054305198084
1306308981229383681
1306308986245984256
1306309077396385792
1306309086334640128
1306309162687758345
1306309244606709760
1306309341264388097
1306309412919939074
1306309454959243264
1306309560261660675
1306309829254721536
1306310051397853184
1306310140258258944
1306310150966456320
1306310311683723264
1306310378385596419
1306310537240862721
1306310603817078786
1306310758188437504
1306310898596929538
1306310982054993920
1306311170958163969
1306311258677735425
1306311287576702983
1306311325828644870
1306311372049874945
1306311375514406914
1306311404618764288
1306311409936994305
1306311472046395394
1306311518578003973
1306311707715723264
1306311867170803716
1306311933931540480
1306312161338306561
1306312168284053506
1306312223472709632
1306312240681820160
1306312324207312898
1306312435410907137
1306312462132604928
1306312467434397696
1306312541749075970
1306312722108227584
1306312765225619456
1306312996147400704
1306313054544474114
1306313087025201152
1306313205803819008
1306313234153005056
1306313250657705990
1306313312674541568
1306313338809278464
1306313369700511744
1306313616195563523
1306313637187915776
1306313721057341440
1306313843740639234
1306313856189231104
1306313906428674048
1306314014918684673
1306314119172124672
1306314418272182273
1306314463579172864
1306314472630497282
1306314589630607360
1306314655913201670
1306314727602171907
1306314745436426242
1306314756878295040
1306315029898317824
1306315033106735104
1306315188455571457
1306315209506721795
1306315231497510915
1306315676492206082
1306315813746401280
1306315907044704260
1306315981497733120
1306316023952482308
1306316058328956928
1306316119402139648
1306316129443422208
1306316187400372224
1306316200029413377
1306316250054762496
1306316283173048320
1306316301485441024
1306316330979725319
1306316379855806464
1306316471946022912
1306316497136967682
1306316593257828352
1306316635301609473
1306316732760498180
1306316744332517377
1306316866575572995
1306316878596526086
1306316879544410117
1306316912394149889
1306316929620160515
1306316947513118723
1306316953993187328
1306316961530490889
1306317000088719362
1306317100940697601
1306317178740768768
1306317399352848384
1306317499173085185
1306317566890008576
1306317659173261321
1306317835317190656
1306317904259026945
1306318221696544768
1306318230018027529
1306318317100167173
1306318392694104064
1306318394799648769
1306318510080000000
1306318523459928064
1306318556481503232
1306318612718915585
1306318669589471232
1306318695078285313
1306318858437959683
1306318863735414785
1306319018136145921
1306319064583868416
1306319068304080896
1306319176534052865
1306319236248334349
1306319323779207169
1306319349976793089
1306319377957093377
1306319416129454081
1306319425281372170
1306319471758450692
1306319501508648961
1306319673093480453
1306319726751051776
1306319730588999681
1306319744501510148
1306319786901725184
1306319847819747328
1306319864743763968
1306319933354045440
1306320012265873409
1306320017483608064
1306320020981637121
1306320036760555521
1306320092003786752
1306320226557071362
1306320260132462593
1306320326188437504
1306320351526350849
1306320372439093249
1306320386058051584
1306320436360249346
1306320565179944967
1306320737989529600
1306320749754425344
1306320876602875906
1306320946718896128
1306321169856036867
1306321291968950274
1306321300206563328
1306321405605113856
1306321429412089856
1306321459023933441
1306321505781940227
1306321600883625985
1306321701932855296
1306321715186798595
1306321811764842498
1306321847173214208
1306065254305214464
1306065258222678023
1306065290615296000
1306065297149919232
1306065404968628225
1306065882804891654
1306065977533239296
1306066030528139264
1306066327807946754
1306066336984920064
1306066378076680197
1306066424411172864
1306066457596440577
1306066579205967873
1306066609199407105
1306066672361578497
1306066751218565120
1306066755979104258
1306066776673980416
1306066868696825856
1306067003539623936
1306067036766760961
1306067067121139714
1306067237531385856
1306067288815218694
1306067741174984704
1306067913779154945
1306068050387570693
1306068052082135046
1306068052383944709
1306068060436983810
1306068168973189120
1306068278251524097
1306068458652741632
1306068495948423169
1306068504769187840
1306068618220679169
1306068785527312385
1306068807203446784
1306068807459446785
1306068857019412485
1306068878036996096
1306068995892707328
1306069016218398722
1306069053807751170
1306069633083019264
1306069733868023810
1306069801136136192
1306069859588100099
1306069893067005952
1306069934632558593
1306069951657029632
1306069998616621057
1306070028396027904
1306070282805719040
1306070295661277184
1306070367375626247
1306070551643992076
1306070606492860421
1306070644191232000
1306070648737980416
1306070698025123844
1306070703217799168
1306070735752921088
1306070739909476352
1306070749606625280
1306070769496190976
1306070815927042054
1306070841076088832
1306070888232747008
1306071021020155909
1306071290051166214
1306071336247267329
1306071345575481345
1306071415792246787
1306071487481249792
1306071638279163904
1306071693308375040
1306071780600221702
1306071889144504321
1306071898435080193
1306071986511192065
1306072267781279746
1306072514913660935
1306072515719106560
1306072572992221184
1306072807923736576
1306072812260474881
1306072876068601862
1306072909459398656
1306072946537103362
1306073072366055425
1306073296203472900
1306073332803088385
1306073467218006016
1306073819094740999
1306073847955816448
1306073953014820864
1306073966956642304
1306074200864681990
1306074326370643969
1306074330787229700
1306074344473292800
1306074394725429248
1306074410030374923
1306074648640192513
1306074675273895937
1306074679644282880
1306074825769836546
1306074872863436800
1306075023564836864
1306075164912824320
1306075182033969154
1306075321481850880
1306075338150154241
1306075387756081153
1306075459906568192
1306075480999690242
1306075569034059777
1306075709450760192
1306075732104404992
1306075735539490816
1306075799297167362
1306075936849186818
1306075949721673728
1306075984190304258
1306076020659888129
1306076302445699074
1306076391138635777
1306076533920919552
1306076721955864576
1306076830823329792
1306076856651841536
1306077019290001409
1306077136235753472
1306077254288633856
1306077266749906944
1306077581582761984
1306077586091630592
1306077644702744576
1306077665154269185
1306077728903368707
1306077749279416322
1306077942628249601
1306077975486451714
1306078109532385280
1306078231699820544
1306078311399985152
1306078525246431232
1306078567202205696
1306078582138195968
1306078679785713665
1306078760303640577
1306078784953618435
1306078847629176833
1306078973495971840
1306079042005655552
1306079049467523074
1306079078248853507
1306079171697836032
1306079360500277248
1306079527412658177
1306079568885764097
1306079682463510528
1306079699081326593
1306079792186310656
1306079809517359105
1306079812595769345
1306079880103288832
1306079897849389057
1306079984444989442
1306080320505163779
1306367312161800195
1306367392008855552
1306367395100065801
1306367403341873152
1306367494198714368
1306367814232674304
1306367857731801089
1306367918880382976
1306368066402557953
1306368149785317377
1306368163194589184
1306368229992955904
1306368255691493386
1306368485178703872
1306368535367692288
1306368544607698944
1306368703965982720
1306368725009027078
1306368766717157376
1306368766817841153
1306368778301771778
1306368812619567104
1306368821792591875
1306368967859212288
1306368981025075201
1306368990525054977
1306369010368307200
1306369015133147138
1306369089699540993
1306369291814461440
1306369307908087809
1306369333057253378
1306369556064210944
1306369577006186496
1306369639505637377
1306369688906145800
1306369744069685248
1306369747748085760
1306369786226421760
1306369877901488133
1306369970666905601
1306369982746501120
1306370037335363584
1306370042074992642
1306370101558509569
1306370268693172232
1306370276154896386
1306370498557816832
1306370578748772358
1306370755282849794
1306370825969258496
1306370923310718976
1306370961751658503
1306371057612455937
1306371129041457153
1306371183529558017
1306371199979540480
1306371283224064009
1306371385124675585
1306371413213929473
1306371735118401538
1306372075469250565
1306372101482442752
1306372168071086081
1306372206553894913
1306372781110693888
1306372797355024385
1306372831761051648
1306372885611778048
1306372918981558273
1306373003874271232
1306373004079792128
1306373057037045760
1306373078700695553
1306373095721058304
1306373452585218048
1306373523389243393
1306373792407658498
1306373879489855488
1306373908707323906
1306373918438166531
1306373967851196417
1306373997718679554
1306374063607222272
1306374089569759235
1306374115469660160
1306374328624308226
1306374352972197890
1306374496404803584
1306374538582728704
1306374547516600322
1306374623013920768
1306374731785007105
1306374777536475136
1306374786101243911
1306374903407542284
1306375004011945984
1306375225550999554
1306375301988003845
1306375313505558529
1306375351149432833
1306375565029658625
1306375574689140736
1306375649398075393
1306375675671003137
1306375717454622720
1306375788191776768
1306375799939805184
1306375883570249737
1306375910501867521
1306375938892988416
1306375989237297154
1306376069356888064
1306376181856509953
1306376551454380032
1306376588968235008
1306376689564282880
1306376777434980359
1306376970834522112
1306376974730919937
1306376976052236289
1306377038757068802
1306377042259333120
1306377143019024384
1306377386599100416
1306377532577546240
1306377600256880640
1306377655256854529
1306377810118938624
1306377919753789441
1306377964464926720
1306378098523414541
1306378157122039813
1306378174209699840
1306378178181697537
1306378358389760004
1306378610220048384
1306378691312844802
1306378695645462528
1306378732484153344
1306378761684824065
1306378800117305344
1306378820576972802
1306379164740587520
1306379190602739719
1306379294608949253
1306379340515610624
1306379504051458048
1306379542353903617
1306379551296172034
1306379684842819585
1306379710436446210
1306379744267497472
1306379788253364226
1306380137563402240
1306380142034513920
1306380217657815041
1306380236058230785
1306380255020670976
1306380414551031811
1306380448508112896
1306380465050275840
1306380472377802752
1306380657954820099
1306380686933229568
1306380862120955905
1306380917691371522
1306381035110895616
1306381220561862656
1306381375361212416
1306381425294430209
1306381454037876736
1306381526444265473
1306381584547885058
1306381642815152130
1306381728001519619
1306381799350820864
1306382004884209664
1306382041701777408
1306382126460227584
1306382196689698817
1306080424481882112
1306080446342598656
1306080525413576720
1306080542711050240
1306080739293835267
1306080824643608576
1306080895384735745
1306080924455628801
1306080932068196352
1306080954088218624
1306081050486091776
1306081092206653442
1306081180190674945
1306081235135918081
1306081327188455424
1306081419488354304
1306081553014050817
1306081645070610432
1306081645431156736
1306081708027109378
1306081754319654917
1306081783721553924
1306081859949015041
1306081889048866817
1306081936562032640
1306082225071497216
1306082271296925696
1306082375684759552
1306082391681712128
1306082429719855105
1306082443187740672
1306082464230760448
1306082489283366913
1306082556765335553
1306082610850926592
1306082946806415360
1306082987663142912
1306083023289561088
1306083038736953344
1306083093577494529
1306083122925240320
1306083134249857027
1306083215275372545
1306083461200056320
1306083483224354818
1306083518699712512
1306083764163039233
1306084125833650178
1306084313298087936
1306084321879617537
1306084556727111680
1306084565505597440
1306084686226227200
1306084901729513473
1306084930171154434
1306085089886048256
1306085140687253504
1306085203627126785
1306085239681290240
1306085240469889025
1306085370031939584
1306085495609286656
1306085726476402688
1306085764661420032
1306085819791208448
1306085852540362753
1306085919670308867
1306086112734003200
1306086121647083521
1306086129658146816
1306086302350274560
1306086381924556801
1306086494986215426
1306086523981438976
1306086594651123712
1306086641921069058
1306086644869722118
1306086661621780480
1306086750889140224
1306086796971970565
1306086805813559301
1306087081429487616
1306087278046048259
1306087291249623041
1306087307955511296
1306087535513399297
1306087606682230785
1306087630862516225
1306087823838117888
1306087840594485248
1306087954343919617
1306088322641489922
1306088419068727296
1306088578401746944
1306088629769568257
1306089077889003526
1306089081550626816
1306089233619144705
1306089372043735040
1306089396458917888
1306089603561119744
1306089615753908224
1306089677993115648
1306089934659362818
1306089987478155264
1306090012497371141
1306090093082562560
1306090190377684992
1306090220035756035
1306090316169203715
1306090344719687683
1306090433240600578
1306090520771465217
1306090563083669504
1306090602216517637
1306090729903730688
1306090881322156033
1306090881238343683
1306090928038449152
1306090965556490241
1306091015300812800
1306091113812549633
1306091168082534401
1306091184591450118
1306091328061599746
1306091333933817857
1306091357082128384
1306091426904670208
1306091432592236546
1306091460736028672
1306091498207948800
1306091545288900610
1306091636309581824
1306091649076924416
1306091753854951424
1306091863674417154
1306091889821589504
1306091967768489984
1306092165341347840
1306092237827252224
1306092290943975425
1306092370279137280
1306092463745044485
1306092526684823554
1306092642694909957
1306092769828458498
1306092789600579584
1306092819803770880
1306092873335681025
1306092908399996928
1306093032786157569
1306093033604120576
1306093231306833920
1306093243956736000
1306093465504112640
1306093481643765761
1306093663823564800
1306093665807486976
1306093687848402945
1306094082620559362
1306094262841413632
1306094265894760449
1306094311931547651
1306094500843073536
1306094551254278146
1306094653675053057
1306094812634820608
1306094854116642817
1306094870222823425
1306094975227056128
1306095156576186370
1306095320627986433
1306095361673453568
1306095567257374720
1306095585275990017
1306095664745472001
1306095751467012096
1306095772837048320
1306095788905377792
1306095909906849799
1306095981247696896
1306096052563521536
1306096107726929923
1306096133656186880
1306096288551895040
1306096321326133248
1306096452523917313
1306096493346996224
1306096523936178177
1306096530571616262
1306096679620358144
1306096741691736064
1306096855156248576
1306097009519022081
1306097035418894336
1306097090456686592
1306097359122817025
1306097576945487872
1306097672546398210
1306097709791797248
1306098000612163584
1306098233991557122
1306098264207495168
1306098511952322562
1306098678407376896
1306098700117110785
1306099023581974529
1306099187810021377
1306099476579233792
1306099631365840896
1306099669483753479
1306099678078005251
1306099743555293185
1306099794733981698
1306099850463842309
1306099875692544000
1306100066810294272
1306100096183029760
1306100206572892160
1306100217540874241
1306100239607226368
1306100310054633472
1306100348327800832
1306100662959300608
1306100743691276291
1306100800637284353
1306101136525582337
1306101246764474368
1306101271296761856
1306101430818934784
1306101673606221824
1306101808348028930
1306101947573829632
1306101977437282305
1306102039173386240
1306102120068808704
1306102438760509440
1306102471102787585
1306102541957165057
1306102585640677381
1306102588920610817
1306102776661856256
1306102852222242820
1306102865455243264
1306102912347643905
1306102921541701637
1306102949010055175
1306103149934129152
1306103193248636928
1306103355081740288
1306103503610236928
1306103520790224896
1306103565069381632
1306103849745227776
1306103929571176450
1306103965185052672
1306104006700347393
1306104144038522881
1306104509719085056
1306104525070176258
1306104532359766017
1306104621602144256
1306104719727828993
1306104925353508865
1306104933901426688
1306104963148533761
1306105016541945856
1306105109865140224
1306105189783334917
1306105390137069568
1306105510769438720
1306105570848579585
1306105638318084096
1306105675404070912
1306105809026383874
1306105834556895233
1306105902194286594
1306105957764730880
1306105964282523648
1306105984813797376
1306106325860937728
1306106339316305920
1306106379590135808
1306106385600577536
1306106451312758785
1306106556803547136
1306106855199068160
1306106912048635905
1306106933829603328
1306106955614679041
1306107021284892672
1306107062552793088
1306107116248326144
1306107250323279872
1306107301896638465
1306107350839828480
1306107464178425858
1306107508617023488
1306107812540420097
1306108190858252290
1306108366247190528
1306108440310239232
1306108518940905472
1306108546791211010
1306108575756976129
1306108620434739200
1306108737845751808
1306108821325123584
1306108868158582784
1306109078477836289
1306109086459723776
1306109109733928960
1306109161160278016
1306109376504172544
1306109401305153536
1306109793443209216
1306109826418847744
1306109885851951106
1306109970186792960
1306110039631884290
1306110226320560128
1306110359216910337
1306110498153271297
1306110520160923648
1306201720406638593
1306201742376415233
1306201834609139712
1306202210875965442
1306202232350822402
1306202392317239296
1306202408872280065
1306202702532272129
1306202732311838721
1306202793804541952
1306202966609850376
1306203278984781824
1306203388997238787
1306203538091982849
1306203994629582849
1306204098660913153
1306204135914692608
1306204135973421057
1306204242462507008
1306204525334855681
1306204602988220416
1306204678091345927
1306204735490457601
1306204752963829760
1306204816956428288
1306205142279008256
1306205173941972992
1306205240962711558
1306205407623475201
1306205612561358850
1306205655221653505
1306205947841458176
1306206111515709440
1306206171196542979
1306206347516620800
1306206409021886467
1306206411391676416
1306206430060572672
1306206564366323712
1306206758851944448
1306206765747404803
1306206925575553025
1306207195453968384
1306207315146813440
1306207333878505472
1306207361871343619
1306207404737003521
1306207454506565632
1306207692793483265
1306207772539719683
1306208161980919809
1306208184575590400
1306208287918968834
1306208355254493190
1306208440939884544
1306208557445120002
1306208736957083648
1306208771325255680
1306208891932418050
1306209085436690433
1306209165912743936
1306209382787579908
1306209437674332160
1306209447203790849
1306209525729558528
1306209592720805888
1306209643363020800
1306209705597886466
1306209723453263873
1306209825022513156
1306209839929012226
1306209862339170314
1306209974251593729
1306209979070926848
1306210055298088970
1306210160675872769
1306210214014787585
1306210411860066306
1306210578109796354
1306210625874518022
1306210830589947906
1306210868242321410
1306210903289933824
1306210995317157890
1306211002070044672
1306211109007958017
1306211234480562178
1306211515444453376
1306211606276251648
1306211644100489216
1306211851005550592
1306211857741393920
1306211866067099649
1306211943066238976
1306212029351391237
1306212130287423488
1306212236638257155
1306212499109351427
1306212512204050432
1306212601106501632
1306212629866741762
1306212650230087682
1306212672007012354
1306212739170279425
1306212743721242626
1306212898516152322
1306212978543546368
1306213061657792514
1306213280306745344
1306213304587649024
1306213343372472321
1306213396946264068
1306213610641907719
1306213967673602049
1306214009323106304
1306214147722489856
1306214165355397122
1306214202399502344
1306214278651932672
1306214294292508673
1306214316257968128
1306214339683196934
1306214504490061824
1306214596634644480
1306214605002354689
1306214642889428992
1306214714314235905
1306214789811769344
1306214869142773761
1306214882845450242
1306214910968434688
1306215050386894850
1306215082620260354
1306215314829586433
1306215578193944576
1306215696507064322
1306215796805435399
1306215830871568384
1306216022731632640
1306216128226746369
1306216140042100736
1306186211690676226
1306186316045049860
1306186418901917698
1306186660275728384
1306186663408758790
1306186773555564545
1306186935518605317
1306186988039614465
1306186996814151680
1306187200099475456
1306187248195559430
1306187306584469504
1306187419105087493
1306187482891984896
1306187719454982144
1306187782302371840
1306187816251133952
1306187921427398658
1306187933834268673
1306187946782060545
1306187994798477312
1306188278882762752
1306188614137769984
1306188651349463045
1306188697419894790
1306188857667395586
1306189066707382272
1306189368768561152
1306189427279003648
1306189604752629762
1306189890221223937
1306189973998182400
1306189983955529728
1306190002108366850
1306190119825702914
1306190237626925056
1306190244237193216
1306190525670797312
1306190740511502338
1306190803094720515
1306190931868168197
1306190963623198721
1306190994174550016
1306191042203582465
1306191163251142656
1306191276585283587
1306191377441722368
1306191420475277312
1306191453178286080
1306191570094485504
1306191898567041024
1306192187181465600
1306192241057300482
1306192400029638657
1306192401506205697
1306192482846285825
1306192837109846018
1306192904646516737
1306193059173076993
1306193190546890753
1306193314442436608
1306193323347054593
1306193363411099650
1306193559545171968
1306193613500682240
1306193616222801920
1306193729544491009
1306193776499712001
1306193918334173185
1306193967210401792
1306194002430103552
1306194018905329664
1306194040493420545
1306194111045791744
1306194128557019138
1306194146370125828
1306194648021561344
1306194698319650816
1306194810391408640
1306194984178253824
1306195035398995968
1306195166387109888
1306195287648735232
1306195345261633536
1306195617509670913
1306195707699720192
1306195746962780161
1306195814830747648
1306195987573153793
1306196265504448517
1306196301294510084
1306196490155692032
1306196510946795520
1306196548951433223
1306196564956917761
1306196742115856385
1306196749644713984
1306197044923707392
1306197216135122946
1306197299345928195
1306197435216265222
1306197442069778432
1306197628460265473
1306197686773854208
1306197778763194369
1306197840402710528
1306198033642684416
1306198093218508801
1306198102626402305
1306198194846564354
1306198217537675264
1306198309657247746
1306198521016705024
1306198595771731968
1306198649425326085
1306198776432996353
1306198864781807616
1306199119741030400
1306199174824841216
1306199183116955649
1306199195989291008
1306199198392619009
1306199259595845632
1306199364294057984
1306199389644427264
1306199463409532928
1306199678732697602
1306199686890520577
1306199690115981314
1306199770873163777
1306199880298311680
1306199884274511872
1306199905560653829
1306199949646999552
1306199966982066176
1306200000494526465
1306200001555697666
1306200147471339520
1306200155318706178
1306200207198126080
1306200327373434880
1306201076538933249
1306171056647024643
1306171239761928193
1306171309152497664
1306171422801186816
1306171558654873600
1306171581438275585
1306171872657182720
1306172142493536256
1306172252396937221
1306172370781196289
1306172387298365442
1306172488922083330
1306172625769693186
1306172678613721088
1306172745709912066
1306172931333074944
1306172967156699138
1306173081342406656
1306173160149131267
1306173242634366977
1306173275341500418
1306173278919237634
1306173304240304128
1306173336662179840
1306173627847634944
1306173812384423936
1306173947088637952
1306173970253742080
1306173996224917504
1306174035454291969
1306174087476240385
1306174143763812352
1306174446902874112
1306174772301029376
1306174996075753472
1306175153668321281
1306175338364522498
1306175340163657729
1306175406454775808
1306175525807947777
1306175542857695233
1306175552227872768
1306175615469580291
1306175653813932032
1306175707366780928
1306175768200908801
1306175845099352064
1306175844872839168
1306175901999259649
1306175920387092482
1306176026213601283
1306176060288126976
1306176384616656896
1306176523012014105
1306176550413496321
1306176554548912128
1306176835072520194
1306176879951568896
1306177044506697728
1306177107098324994
1306177232310804480
1306177529120567296
1306177554324299776
1306177606815973377
1306177715167526914
1306177780850323457
1306178025990402048
1306178283608977408
1306178372154863616
1306178378232459264
1306178379302014976
1306178398532767744
1306178804017254403
1306178812200321026
1306178846815911936
1306178985521487878
1306179020929654784
1306179035265982464
1306179091679252480
1306179236567412737
1306179384416579585
1306179536405630977
1306179577211912193
1306179635122786304
1306179638960492545
1306179774763601921
1306179800336302080
1306179856854638603
1306179914861867008
1306180051906506754
1306180077525196802
1306180169363795968
1306180170123038720
1306180386255515648
1306180488034316288
1306180516056576001
1306180539951591425
1306180706532556800
1306180725670998017
1306180846139969537
1306180891715264514
1306181180396654593
1306181289498882049
1306181315654496257
1306181398814957568
1306181529123590146
1306181640117522433
1306181722497839111
1306181786360193024
1306181874398576641
1306181951884271616
1306181991398809602
1306182020263944192
1306182199662784513
1306182331829542912
1306182406626578434
1306182537195057153
1306182539573428226
1306182592530657280
1306183022329262082
1306183042969382912
1306183114633478148
1306183133663031296
1306183153401372672
1306183659683102720
1306183753128185856
1306183879091466240
1306184092057247745
1306184181521756161
1306184221002813440
1306184324438470656
1306184625593737218
1306184683730866184
1306184732925927426
1306184805697179648
1306184822373715968
1306185039928070144
1306185072870002691
1306185220782256131
1306185328613498880
1306185339854180352
1306185417293668354
1306185604124688385
1306185609330012160
1306185921931423745
1306186037534883842
1306110581565468672
1306110748272128002
1306110753754230785
1306110760549076992
1306110795831554048
1306110800663175169
1306110813418278912
1306110844204277761
1306111224266895360
1306111300255330304
1306111324707934208
1306111400213803008
1306111413136441344
1306111558997569536
1306111715759869952
1306111827613544449
1306111900283936769
1306112083927343106
1306112109109862400
1306112147357749248
1306112224176545792
1306112423875633152
1306112435711950848
1306112660216348672
1306112697822580737
1306112717577617408
1306112793599307777
1306112819092389889
1306112820560506880
1306112942275006466
1306113189181100032
1306113271720747009
1306113338644942849
1306113345704071170
1306113766052884480
1306113833094778881
1306113923356282880
1306113979983392769
1306114123722301440
1306114291272216576
1306114369952997376
1306114518355972097
1306114595820654592
1306114737219014661
1306114770500759552
1306114790784471042
1306114906010406913
1306115008766541825
1306115140308230144
1306115277785100290
1306115543334699008
1306115572904546309
1306115637173862403
1306115665955229696
1306115690458304512
1306115730417557504
1306115736281124864
1306115749950480384
1306115757353373696
1306115961783824385
1306116007220703232
1306116045250289664
1306116146287063040
1306116289773989889
1306116374087917574
1306116518242000897
1306116572868571137
1306116725205860352
1306116805551849478
1306116880218767361
1306117010477199360
1306117099216154626
1306117119398961154
1306117144455688192
1306117306695782400
1306117385569566720
1306117509419073536
1306117513155993600
1306117658002288640
1306117695104978944
1306117713216110592
1306117767947579394
1306117839363821569
1306117986722480128
1306118165328547840
1306118283763085312
1306118289945485315
1306118327241248768
1306118594036731904
1306118690904190976
1306118735443275776
1306118855580819457
1306118884865404929
1306118946068656128
1306118975550615553
1306119011675979776
1306119213623521281
1306119368024096770
1306119381722697728
1306119562040049664
1306119565877956609
1306119698090569728
1306120013057720320
1306120146684014594
1306120197288472576
1306120249054359552
1306120286425804800
1306120306138976256
1306120509621379072
1306120533650608128
1306120568081723392
1306120602793709568
1306120629125435398
1306120648339587075
1306120960974544896
1306121036757262336
1306121225513529344
1306121271265185792
1306121369160216576
1306121461137055744
1306121467529052160
1306121476077162497
1306121661234769920
1306121851190476800
1306121885269204992
1306121977728503808
1306121993717125120
1306122058150051841
1306122105159733249
1306122386283073536
1306122680572293120
1306122695650631684
1306122932637315072
1306123145175339010
1306123229816184834
1306123254696833026
1306123289614483458
1306123403808694272
1306123422292942853
1306123529839095813
1306123572071616513
1306123598764019713
1306123973873156101
1306123987530010624
1306124128139636736
1306124136478015489
1306124308230451205
1306124383996579840
1306124684543422464
1306124773668212736
1306124898956312582
1306124928354263042
1306124948914630656
1306124990899564545
1306125021685755904
1306125075272347648
1306125134990802945
1306125225327841281
1306125260325093376
1306125282429075457
1306125340935249922
1306125349479219200
1306125385441083393
1306125438897598464
1306125504747986944
1306125511622627328
1306125746788880384
1306125831564152832
1306125870143242240
1306125945472978944
1306125981900472321
1306126183260585985
1306126241100038149
1306126456947236866
1306126574484324352
1306126668155756550
1306126868223983617
1306126923081248770
1306127102136082432
1306127430608973828
1306127493737447424
1306127536213041152
1306127562092023811
1306127636960178177
1306127832398073856
1306128103476002817
1306128179820670977
1306128308808024066
1306128385031114753
1306128798912581645
1306128877169700864
1306128889572478976
1306129116316532736
1306129325490491392
1306129412858023936
1306129512086802432
1306129608102862849
1306129917415890946
1306129962253025285
1306130070055063552
1306130086647693314
1306130099016794112
1306130149331488768
1306130277585113088
1306130417460957184
1306130584025083910
1306130681685180416
1306130702170288129
1306130717269786626
1306130735602913282
1306130767739723776
1306131388882542592
1306131403420168192
1306131491508846592
1306131624556453888
1306132006615560194
1306132168788377600
1306132188761657344
1306132399609253888
1306132533512298496
1306132605704704000
1306132702400262144
1306132774458470401
1306132830821507073
1306132865004969984
1306132911582777346
1306133156660039681
1306133311727833088
1306133335010283520
1306133652221366273
1306133848535609349
1306133872686505984
1306134058599174149
1306134177956409345
1306134504709423104
1306134512938745862
1306134772167581696
1306135045472616449
1306135391850823681
1306135401720143872
1306135711331082240
1306135825357258752
1306136349699907584
1306136375411044354
1306136509213360128
1306136554625089536
1306136793021140999
1306136999150022658
1306137326603636736
1306137499438182401
1306137601636577282
1306137652668891137
1306137668611342337
1306137680070156290
1306137895087091712
1306137959544971264
1306138572991340547
1306138743502446592
1306138809386573825
1306138908368015360
1306138961329426432
1306138976093376514
1306139092669935616
1306139121610522624
1306139351919849472
1306139492143820800
1306139545298239488
1306139764018511872
1306140125928337408
1306140508230541313
1306140710656184320
1306140715248951301
1306140724904120322
1306140726825156609
1306155875636305920
1306155911761866752
1306155949590282240
1306156023129018368
1306156032377401344
1306156066426613760
1306156086815330305
1306156322644267010
1306156538193760256
1306156738001997825
1306156769350160384
1306156951018053632
1306158107765202944
1306158275319287809
1306158507977256961
1306158701481345025
1306158754799341569
1306158778283294720
1306158933288001536
1306159008886251520
1306159135919165440
1306159300172304386
1306159804180725761
1306159848812408832
1306159983231463425
1306160149418008576
1306160207307976710
1306160257077579778
1306160334927835136
1306160515803164672
1306160721030524930
1306160765481648128
1306160830656974848
1306160855508230144
1306161211545796610
1306161480744742913
1306161490177798145
1306161493063413762
1306161613955792899
1306161716074393600
1306161886891778048
1306162156363227136
1306162189741379584
1306162634065096706
1306162786981023744
1306162802076213249
1306162829964308480
1306162945815056386
1306163003939860482
1306163124286951424
1306163358459191296
1306163437664428034
1306163565389320192
1306163636075929600
1306163849939353603
1306163874530426880
1306163903974567937
1306163988485615616
1306164071448813570
1306164274038018049
1306164482637357056
1306164503973785600
1306164564858413057
1306164584567406592
1306164898238521344
1306164964739211264
1306165103407099905
1306165286106669056
1306165362132750336
1306165522476740608
1306166314516402176
1306166455382077442
1306166511099424771
1306166803303989248
1306166820798427137
1306166936896667649
1306167254208446465
1306167596526567424
1306167692794179588
1306167718983458817
1306167847702482944
1306168079660056576
1306168082440749057
1306168223407190016
1306168333507743744
1306168334535110656
1306168423693651968
1306168440965783553
1306168496544460800
1306168567608627202
1306168586042564609
1306168821145907203
1306168950108160002
1306169165955379202
1306169242681737216
1306169244237934592
1306169291960659968
1306169600950833153
1306169710678102016
1306170089096519681
1306170119979184128
1306170258210856960
1306170354809942017
1306170485030424576
1306170583533727745
1306170786051489793
1306140813445955586
1306140924053991425
1306141098130120705
1306141171408949250
1306141229676191744
1306141240082288640
1306141356675432449
1306141528700538881
1306141568944885761
1306141683885588480
1306141723932975110
1306142011511189505
1306142073998004224
1306142251999834113
1306142406086217728
1306142522926919680
1306142656960049152
1306142673019965441
1306142860043984896
1306142997810212864
1306143195370315778
1306143405009969152
1306143786985312256
1306144023141396480
1306144048550481921
1306144235637407759
1306144246706122752
1306144513748955136
1306144767881945089
1306144966356488198
1306145104759906304
1306145178361630722
1306145190445375493
1306145556071362560
1306145637646426117
1306145989456089088
1306145995152076801
1306146134667255808
1306146146017050625
1306146200073240577
1306146312564301824
1306146402867658752
1306146445418930177
1306146500595064832
1306146515677859840
1306146550012354560
1306146679029149697
1306146754774085632
1306146806565199872
1306146810214277120
1306147039001153537
1306147317389709313
1306147320392605697
1306147446704295936
1306147629785427968
1306147944647794689
1306148060653858821
1306148255911141376
1306148271266693120
1306148436023021568
1306148855193296896
1306148902471634944
1306149021422059520
1306149642531340288
1306149714694463492
1306149836404617216
1306149950665891840
1306149999307370496
1306150073810599937
1306150141485813760
1306150167423455234
1306150183017816064
1306150482067382272
1306150603899404288
1306150783931445249
1306150816366067712
1306150870564900864
1306150945819156480
1306150967734407168
1306151633877962752
1306151946861064194
1306152031267229697
1306152376877883393
1306152475116941312
1306152487641133056
1306152697775546369
1306152841657102336
1306153003636924418
1306153200597245953
1306153221229027328
1306153242045292544
1306153280058335233
1306153334248669184
1306153348186472454
1306153551119384576
1306153591082831873
1306153807957700608
1306153828245549057
1306154166255906821
1306154224737165312
1306154271340101639
1306154474625523714
1306154610663464963
1306154745065877504
1306154747032793088
1306155094048555013
1306155259644071936
1306155334139097089
1306155558584582145
1306155755398000641
1306155801539686400
1306155828362313728