1306654160989728768
1306654163582025734
1306654310743375878
1306654381203288064
1306654437126090754
1306654461864153089
1306654634803712001
1306654647080411137
1306654701799329792
1306654725480177669
1306654784972353542
1306654831956774918
1306654877096062976
1306654953247707141
1306655158730973195
1306655170248552449
1306655250112229377
1306655371289919492
1306655522561564672
1306655658364645376
1306655673996832770
1306655754548469761
1306655774647742465
1306655794969051137
1306655817173794818
1306656172527824896
1306656244367634432
1306656450501062656
1306656488040148993
1306656493123465216
1306656517408595974
1306656584207081472
1306656717678108672
1306656839942242310
1306656961149140997
1306656986746871808
1306657000088981504
1306657074500087808
1306657141239943169
1306657155572011008
1306657314204598273
1306657386095050752
1306657464495091713
1306657541200515073
1306657598813413377
1306657667096760324
1306657741419749377
1306657745815220225
1306657753729966080
1306657901679869952
1306657955572584448
1306658086250098688
1306658174271881216
1306658181582471168
1306658220040167424
1306658228315455488
1306658236939067392
1306658239728308225
1306658241317941248
1306658304660307971
1306658361996443655
1306658554112282629
1306658610437648385
1306658639508172800
1306658701542150147
1306658719275593734
1306658772455100416
1306658819368386561
1306658996288397313
1306659012193255424
1306659050403241984
1306659083806601217
1306659238509457410
1306659448274874369
1306659503031672832
1306659552218116096
1306659562154528772
1306659720443441152
1306659738277552131
1306659758955347969
1306659763388776453
1306659792203722752
1306659839368601600
1306659971698954241
1306660057594068993
1306660224766541824
1306660312502988802
1306660354638766081
1306660472247201792
1306660550072504321
1306660561137078272
1306660576777691137
1306660598244143107
1306660793321164801
1306660824254001152
1306660890587037696
1306660891144916993
1306661201946931201
1306661206766223360
1306661268376268801
1306661298860691460
1306661332092178432
1306661335631933440
1306661592273170435
1306661651379376131
1306661667531616261
1306661772141629440
1306661796925911040
1306661889410293760
1306662011741155328
1306662028241711104
1306662238896500737
1306662293258866688
1306662376884727809
1306662518690140160
1306662594296582149
1306662644384923649
1306662749255143424
1306662981288091653
1306663006223306752
1306663089375387648
1306663139371626498
1306663224323047425
1306663315444297729
1306663408264269827
1306663462114713601
1306663563398963200
1306663626464522242
1306663756676476928
1306663813052325888
1306663958099746817
1306664058029047818
1306664058263949316
1306664109207846921
1306664149997572103
1306664251868811265
1306664263860318209
1306664339412332550
1306664465711030273
1306664595302604803
1306664649375526913
1306664704706838533
1306664773703086080
1306664797044445188
1306664965370077184
1306665006558253056
1306665026858688515
1306665081502134272
1306665102284816393
1306665135864459273
1306665161743372290
1306665266538000384
1306665287740092416
1306665387539468290
1306665417327271936
1306665559564587008
1306665585678442501
1306665677089054721
1306665868034621440
1306665903208226817
1306665938142584841
1306665950037630976
1306665992660176897
1306665996992876547
1306666062772146176
1306666101850468354
1306666110079492096
1306666212378775553
1306666219085463553
1306666252379791361
1306666290036248578
1306666315114000386
1306666356193067009
1306666452884140032
1306666490758746112
1306666512271503363
1306666655481700353
1306666713744846848
1306666759500509184
1306666772385411075
1306666861082349569
1306666922734428161
1306667019945865217
1306667070172655618
1306667090158387201
1306667103638884352
1306667216906129415
1306667229887430656
1306667287290810369
1306667305749876737
1306667325869953024
1306667392584552453
1306667405146337280
1306667435471200256
1306667790833721344
1306667817375334412
1306667854390071297
1306667867245481985
1306667893791178752
1306668081293545474
1306668277779902465
1306668285975556097
1306668328237367298
1306668352887119872
1306668731884601344
1306668852827361280
1306668869298393096
1306668977943277568
1306669053210251270
1306669180486406144
1306669301718491145
1306669381406126080
1306669474167226368
1306669495553908736
1306669754627702784
1306669796943998977
1306670010908250114
1306670060921122816
1306670074988818437
1306670156337352704
1306670228257099776
1306670412466515968
1306670429067591682
1306670459702767616
1306670495908212739
1306670531660447745
1306670593245196288
1306670626237751297
1306670731653189633
1306670769406083073
1306670945789194242
1306670945910829058
1306670970598576134
1306671014634496006
1306671062973734912
1306671167302848513
1306671184558387202
1306671347309989888
1306671605096108032
1306671645654802432
1306671859472113664
1306671923418595328
1306671977554477057
1306672001738653696
1306672027865149441
1306672086438510593
1306672157263626252
1306672245453074432
1306672266307145736
1306672321407709187
1306672544209162240
1306672584793165824
1306672652858191872
1306672710739734528
1306673034993053696
1306673243642830848
1306673252673216513
1306673281467121666
1306673349322571777
1306673411964514305
1306673462031921152
1306673534891032576
1306673537365676032
1306673574896435202
1306673663123566593
1306673802294816770
1306673839582183424
1306673859983179777
1306674029181440002
1306674308610027520
1306674325999681536
1306674330324152322
1306674364151001089
1306674405100134401
1306674447026397186
1306674615784218625
1306674624684531712
1306674796386754561
1306674855195148288
1306674988070526976
1306675061840064513
1306675076369199104
1306675110112301057
1306675143880708096
1306675164755755009
1306675197563539458
1306675270607417345
1306675281802002434
1306675357957763072
1306675408327368704
1306675496927637504
1306675580025348097
1306675596647424002
1306675694114607105
1306675769582792707
1306676074412032001
1306676099494096897
1306676293166039041
1306676515610951682
1306676591792017408
1306676611962425344
1306676759337857024
1306676784591761408
1306676800035139584
1306676804107808768
1306676830393585664
1306676831173701635
1306676846877122560
1306676896449458176
1306676896889856000
1306677111076331521
1306677127367069697
1306677136024104962
1306677463628550151
1306677611171643394
1306677665030500352
1306677715257483264
1306677894891081728
1306677910305214465
1306677985748033536
1306678005033558016
1306678024985866241
1306678025426268160
1306678205915381760
1306678218896936960
1306678243316072456
1306678289532989441
1306678361616416771
1306678507435511809
1306678527765491712
1306678621843722240
1306678732531421188
1306678764084973569
1306678780665233410
1306679207943004161
1306679346321600512
1306679510536945666
1306679765747798018
1306679779417088002
1306679879904231427
1306679925731196935
1306679972036214785
1306680076126355466
1306680097123037185
1306680211266842629
1306680235904192513
1306680348672241667
1306680362253381639
1306680399301672960
1306680542214094856
1306680730353893376
1306680734854283264
1306680931181309952
1306681311503945728
1306681317564743681
1306681356349448192
1306681393829883906
1306681497722785792
1306681708507541504
1306681834319876101
1306681854846738433
1306682022342135808
1306682048564858880
1306682072304582657
1306682119205335046
1306682198653837312
1306682223555477505
1306682349665517571
1306682454414168064
1306682471774388225
1306682505966149632
1306682513193140224
1306682517806878725
1306682618583285760
1306682866160599041
1306682953800519683
1306683130468806661
1306683167345176578
1306683209237831685
1306683239206133765
1306683343254310913
1306683414670704642
1306683508602142730
1306683548703678465
1306683579062276097
1306683688193863680
1306683817814614023
1306683846793064448
1306683955928854532
1306684082697502720
1306684207251431425
1306684267007680512
1306684347026755585
1306684610693210124
1306684622491676672
1306684678569680897
1306684681971142656
1306684756684402688
1306684791220310018
1306684891187146753
1306684904701296647
1306685051044728833
1306685121702043657
1306685260491403264
1306685416209289217
1306685457447690240
1306685524455895040
1306685575634788354
1306685629544247297
1306685683696889857
1306685726617210883
1306685772167294977
1306685809651666944
1306685903763578882
1306685919873953793
1306686213257154562
1306686262544277505
1306686426768052224
1306686488344776706
1306686523115540480
1306686582628315137
1306686662160707584
1306686891455119360
1306686965190975488
1306687013505163264
1306687073470967809
1306687131314794499
1306687212415844352
1306687223929085958
1306687299409805313
1306687328371515402
1306687332188258305
1306687631078699008
1306687644970221568
1306687701861580800
1306687730722779136
1306687778030190592
1306688724458070016
1306688725095714817
1306688750215467008
1306689007330435075
1306689148628148228
1306689181939163137
1306689194455113735
1306689236633034759
1306689472642326530
1306689496973484046
1306689530163011594
1306689542750171136
1306689891003056128
1306690156259414016
1306690193538166785
1306690232457203712
1306690276593811456
1306690494769045507
1306690561999548417
1306690674658607104
1306690747400216576
1306690863825915906
1306691041244848129
1306691148895850496
1306691210447331353
1306691232639393812
1306691235336331264
1306691253749325849
1306691270518153225
1306691309374144512
1306691400965201921
1306691468229111809
1306691493357334530
1306691590853885952
1306691636433424384
1306691669560090625
1306691684617646080
1306691896845111296
1306691912821334018
1306691918739443714
1306692060049739779
1306692131738787846
1306692181839826947
1306692243777032192
1306692310894366722
1306692331869962246
1306692709156032512
1306692769084211201
1306692911157911557
1306692919928197120
1306692962051592197
1306693291971354626
1306693401929297922
1306693414868508672
1306693434485420032
1306693477707796485
1306693489304825856
1306693833476972546
1306693855517880321
1306693863076237322
1306693871112540168
1306693988540231680
1306693997834928130
1306694022174568450
1306694144165842946
1306694206556196864
1306694240005652480
1306694269961338880
1306694291155288064
1306694295118843904
1306694308246896640
1306694311250100233
1306694404380356608
1306694492225900544
1306694521581907971
1306694638326214664
1306694690054561799
1306694710237360128
1306694728071524357
1306694786087354368
1306695004170211330
1306695107253424128
1306695320269664258
1306695343107645441
1306695347708846082
1306695490889801728
1306695747484684288
1306695759165882369
1306695947754369024
1306696115019022341
1306696115220295682
1306696174406164481
1306696434893365249
1306696492447682560
1306696514148859904
1306696570637778944
1306696593886916613
1306696605941338113
1306696706180907009
1306696820425330688
1306697000314830848
1306697297665748992
1306697336492621825
1306697365567483909
1306697385997983745
1306697393128251394
1306697484689903616
1306697515706662914
1306697583029616642
1306697596245811202
1306697638432047104
1306697711526215680
1306697863989211141
1306697889117335553
1306697898479046658
1306697906284630016
1306698008881369088
1306698011138035713
1306698078229938176
1306698153228414977
1306698157452075014
1306698204226912258
1306698305145978881
1306698346610991122
1306698507609206785
1306698535988080642
1306698639197319170
1306698674463014917
1306698686953590785
1306698694180380672
1306698702770393093
1306698768620728320
1306698803932733440
1306698837277454336
1306698909138513925
1306699068559720456
1306699122364342274
1306699253239164929
1306699285669371905
1306699462551764993
1306699747034411009
1306699932368207874
1306699961770422273
1306700170999091202
1306700183871336450
1306700313714450432
1306700322266591234
1306700368152342530
1306700372527001600
1306700372631859206
1306700391325687808
1306700393410224128
1306700477258760194
1306700528169218048
1306700616421515265
1306700625833582602
1306700741361369089
1306700834747555842
1306700916205195272
1306701090230956032
1306701105758441474
1306701173726957568
1306701177451503616
1306701199819919363
1306701241381085184
1306701257374134277
1306701312478904335
1306701350001152001
1306701429223182338
1306701433501372416
1306701521812414467
1306701585137926145
1306701644156096512
1306701778101116928
1306702000340361216
1306702009194741761
1306702045777403907
1306702051099906048
1306702155437559816
1306702243291443200
1306702297821569024
1306702381107810311
1306702390175948802
1306702406634397699
1306702666786013192
1306702743143288833
1306702830447796225
1306702880313925632
1306702881890791424
1306702960198660099
1306703007346819072
1306703073985863682
1306703162963755008
1306703296585969668
1306703618922418184
1306703736618713093
1306703830709686273
1306703880831471616
1306703883205369857
1306703970832793600
1306703978315411456
1306704017016279040
1306704080530800642
1306704164945264641
1306704222247940097
1306704231886475264
1306704375159627776
1306704587311570944
1306704663790710784
1306704852861497345
1306704961464541184
1306704965373702150
1306705002833104898
1306705091404222464
1306705208001654785
1306705209134022656
1306705209134059522
1306705552362401793
1306705712286846976
1306705909423443979
1306706005288456193
1306706022590025732
1306706206371831809
1306706424722907136
1306706437037600768
1306706483497897986
1306706505144709120
1306706509389275138
1306706559230042112
1306706610195173377
1306706748510621696
1306706806681501697
1306706853154480128
1306707217555623936
1306707226980040704
1306707252523356160
1306707537316712448
1306707549291380737
1306707590349496323
1306707615947329536
1306707649736650759
1306707683622481921
1306707741449355267
1306707889369866241
1306707931719704583
1306708081183731712
1306708086594232320
1306708093951250434
1306708094429270017
1306708287912583168
1306708395823489024
1306708456125071360
1306708694562795520
1306708706596446216
1306708749114109952
1306708840419819520
1306708848913256448
1306708850192666626
1306708911777513478
1306709003884519424
1306709009169371137
1306709139373076480
1306709214484672513
1306709227197607937
1306709424120102912
1306709533033738240
1306709566642552832
1306709586834075648
1306709680291368960
1306709700793204736
1306709806523265028
1306709935925997569
1306709973901115392
1306710002137272321
1306710051772489728
1306710099054989313
1306710107648962565
1306710350604111872
1306710350797078528
1306710414072315905
1306710510222671873
1306710522386096129
1306710635783299073
1306710749365104640
1306710786581114888
1306710917036507137
1306710959558291456
1306711164588564487
1306711181881737218
1306711223812136960
1306711243818962944
1306711286697218048
1306711328019623938
1306711348391415810
1306711349003800577
1306711441567817728
1306711483343089664
1306711487788982272
1306711609398775810
1306711654974054400
1306711873820057600
1306711952220184580
1306712094847504385
1306712321646047235
1306712354944675840
1306712427153612800
1306712435538108416
1306712545479327745
1306712565687386112
1306712578651979782
1306712607076868096
1306712649023983619
1306712726027157505
1306712766414229508
1306712847280492544
1306712946530111489
1306713052251815942
1306713140990705665
1306713181402861571
1306713240680964097
1306713308301590530
1306713344988966912
1306713539202166785
1306713585066938371
1306713621871824896
1306713865988702208
1306713882854125568
1306714113482072070
1306714255757127681
1306714302557159429
1306714364943110145
1306714414838689793
1306714427719397376
1306729888431235072
1306729896698208256
1306729917841838080
1306730115208900610
1306730148130181128
1306730152446091264
1306730236235542530
1306730256531779585
1306730262202650628
1306730321170366464
1306730458504400897
1306730491354124288
1306730550900805632
1306730734892257280
1306730831050760197
1306730987175530496
1306731000454680576
1306731133246361607
1306731180075618304
1306731335952805890
1306731386154307584
1306731394899619841
1306731410393362432
1306731623757623297
1306731624676167681
1306731695446667264
1306731763255914496
1306731796151885826
1306731963588509699
1306732080185970691
1306732140772700160
1306732144190873600
1306732173534388229
1306732390723747840
1306732405642858496
1306732417315606530
1306732422168485888
1306732441835626496
1306732445841133579
1306732484147785735
1306732547506876417
1306732560085590016
1306732622891151360
1306732677064687617
1306732731171299328
1306732819138437121
1306732827623542784
1306732840256712705
1306732857273049090
1306732979813785602
1306733008884584451
1306733038383108096
1306733067600572422
1306733138207543298
1306733310626816000
1306733344261132290
1306733428482564096
1306733457985470465
1306733561752543233
1306733628668477440
1306733830435475456
1306733852044529671
1306733944793112576
1306733947305504768
1306734074115977216
1306734326176911361
1306734565168381953
1306734610882023425
1306734619514023936
1306734643148922881
1306734677814898689
1306734698715066368
1306734757590511617
1306735123228798976
1306735177683677189
1306735198634151944
1306735227402940416
1306735340573474816
1306735402997383174
1306735470693568512
1306735591657222149
1306735662943657984
1306735714021904389
1306735739099590657
1306735811031900161
1306736007794974721
1306736078473158658
1306736246602035200
1306736406073495553
1306736426625589248
1306736451829280770
1306736456497598465
1306736670633586688
1306736712706478080
1306736836673302529
1306736880403263488
1306736892185063424
1306736917405265920
1306736917908582400
1306737014700732423
1306737127326191618
1306737223195295750
1306737467131924480
1306737639530389504
1306737655179366401
1306737672098988033
1306737761307602944
1306737770220539904
1306737848738107393
1306737907038859265
1306737948864454664
1306738058470010880
1306738113851654144
1306738179647643653
1306738292877131782
1306738306122739718
1306738842469310464
1306738955832963074
1306739190999048192
1306739266031058945
1306739296481804289
1306739299220705282
1306739391612641280
1306739409681674241
1306739488106754048
1306739622441938944
1306739660358651907
1306739661147115520
1306739702402174977
1306739706500198400
1306739886905602048
1306739933164564482
1306739949861994503
1306739949769764865
1306739979503243265
1306740013195907072
1306740062785208320
1306740085048696840
1306740160621670401
1306740164593557504
1306740260920012800
1306740466294173697
1306740536716529665
1306740629184090114
1306740667943542785
1306740986043871232
1306740993748680705
1306741031837237248
1306741057116405761
1306741124732727296
1306741150506647553
1306741220777947137
1306741305339523073
1306741321974022144
1306741447962644480
1306741463917760512
1306741619832623105
1306741673402290179
1306741728431476737
1306741908778221568
1306741997420511232
1306742101183549440
1306742148033724416
1306742357979783173
1306742399561940993
1306742583511711744
1306742638645833732
1306742760595099648
1306742777313669120
1306742877112987654
1306742990514393088
1306743003029987329
1306743036551081985
1306743053378609152
1306743159330930689
1306743280823087107
1306743305078792196
1306743368647610370
1306743381368987648
1306743468463620098
1306743485530345472
1306743544271437824
1306743599954931712
1306743658020925440
1306743699284455424
1306743699897036801
1306743801063641088
1306743909373149184
1306743943938420736
1306744064130383881
1306744101799366662
1306744157336154112
1306744438329430019
1306744446118244352
1306744483590144006
1306744681125081089
1306744689253470209
1306714532841230338
1306714553548406785
1306714670393421825
1306714720725012480
1306714776614187009
1306714780472758272
1306714876585414658
1306715127991865344
1306715199316127746
1306715229695352833
1306715250063020033
1306715304266006528
1306715338277494784
1306715388701323264
1306715392564396032
1306715535380344832
1306715555869720576
1306715568574205954
1306715702238347264
1306715745557065729
1306715782361956352
1306715786841473025
1306715853996597248
1306715878784892929
1306715942597136384
1306715996393271296
1306716050382180352
1306716092371472385
1306716109245161472
1306716261938675713
1306716351973617664
1306716390485786635
1306716516788862977
1306716604051251202
1306716621868797953
1306716856011481088
1306716885803765766
1306716893378682880
1306716893265395714
1306716905974255616
1306717006985601034
1306717027986321408
1306717087361101824
1306717128800821251
1306717171540725760
1306717242332196864
1306717245918257152
1306717292642795521
1306717397034962946
1306717511547842561
1306717532863299584
1306717548671504384
1306717657367040001
1306717669350047744
1306717824824598528
1306717834756665346
1306717838195990530
1306717849315151875
1306717876389208064
1306717925882187777
1306717967883866112
1306718025928699904
1306718237493727232
1306718346369314816
1306718370260283393
1306718559972651008
1306718597658574849
1306718676553314304
1306718697298550786
1306718714654490633
1306718717892583424
1306718719167660034
1306718731037487104
1306718824041979905
1306718835618185216
1306718987707875334
1306719037703954432
1306719069287063552
1306719096675893250
1306719159556898816
1306719235289362432
1306719243346509826
1306719406886514688
1306719407356416003
1306719464965234689
1306719504395677697
1306719516215312386
1306719608917889030
1306719782998282240
1306719859552772103
1306719871770587136
1306719947859484673
1306720006139412480
1306720019590643713
1306720043896627200
1306720119410884616
1306720119763226625
1306720136448024576
1306720190126854144
1306720270636462081
1306720289959669763
1306720429554511876
1306720456980873216
1306720756286578693
1306720820245323776
1306720820509712386
1306721265365987331
1306721411055190016
1306721474628251654
1306721506777497605
1306721726194167810
1306721827092398083
1306721867571630080
1306721918167384064
1306721957778464771
1306722066285162496
1306722145712713728
1306722165744717826
1306722291452129280
1306722379951943680
1306722498361331712
1306722624052113409
1306722652699197440
1306722694109499395
1306722719606726664
1306722841447084032
1306723160444805122
1306723168476946438
1306723190077612033
1306723210558353408
1306723261699559426
1306723307476181000
1306723312207376386
1306723332168048645
1306723457548390400
1306723772267925509
1306723928144969728
1306724133364002816
1306724226502549506
1306724267313201152
1306724489674149888
1306724741739212800
1306724795766235136
1306724855199473664
1306724871817191424
1306724900468596736
1306725039341961216
1306725047462244358
1306725085571682304
1306725258024624129
1306725261925404672
1306725302941483008
1306725371342213120
1306725500216197122
1306725588611272705
1306725673550061568
1306725816190021633
1306725950458155008
1306725991444811776
1306726041512275970
1306726047405096960
1306726310660780032
1306726440721883137
1306726486863421440
1306726502491357190
1306726503569412114
1306726574218260481
1306726611144900608
1306726620007292929
1306726712894341120
1306726716363153409
1306726776207323138
1306726790447222784
1306726868981370880
1306726902401437697
1306726978624598018
1306727253531820032
1306727375934283776
1306727400810704896
1306727404568604672
1306727519110922241
1306727685771722752
1306727865736663052
1306727895390466048
1306727958472732679
1306728265143508992
1306728390649458688
1306728528562597893
1306728534040367105
1306728617582440448
1306728617607680000
1306728624943439873
1306728922940428288
1306728940061499397
1306728969153196033
1306729104247382017
1306729224703807489
1306729448620929025
1306729452173312000
1306729502207291394
1306639123000832005
1306639165791105024
1306639303678754817
1306639439930810370
1306639648286965760
1306639731833425926
1306639791253942273
1306639806601011200
1306639837521416193
1306639999584985089
1306640033999392771
1306640163288866817
1306640206284554242
1306640763233632259
1306640825720475648
1306640943915970560
1306641052225409025
1306641098438144000
1306641128846962688
1306641258048348161
1306641378575888384
1306641396967903232
1306641425212334084
1306641543563030528
1306641626756976642
1306641732562493440
1306641765613666306
1306641778762756103
1306641790758457345
1306641922195443715
1306642068182372355
1306642080580751363
1306642089430540289
1306642130891399181
1306642151321862144
1306642239548989440
1306642575227453441
1306642575907082244
1306642591396618240
1306642604524793857
1306642637621989376
1306642717338931200
1306642777157955586
1306642818299985928
1306642898956570627
1306642982154711047
1306643069404688386
1306643099037310976
1306643108298403846
1306643208257105921
1306643242721726465
1306643368525680641
1306643527787597832
1306643573388042241
1306643581210226689
1306643765894012929
1306643808273100802
1306643896697462784
1306643989064421377
1306644052234973184
1306644081720741893
1306644152189239297
1306644177216651264
1306644336336146433
1306644442212753409
1306644633892671491
1306644643287760896
1306644782131957760
1306644806148468737
1306644831633104896
1306644958120570882
1306644971060039685
1306645050055589890
1306645226195484672
1306645271951147014
1306645297888743425
1306645448627826688
1306645510648926211
1306645606857715714
1306645674818183169
1306645783123550211
1306645783911882752
1306645804665507842
1306645830590517249
1306645907161538560
1306646026560966656
1306646036572639232
1306646136225054720
1306646303380832258
1306646387422003205
1306646585263218690
1306646609921552387
1306646626472255489
1306646697561526273
1306646707569127426
1306646794453966848
1306646920618815488
1306647050315063296
1306647074906148864
1306647092279029760
1306647118178738176
1306647147656306688
1306647160306401283
1306647306129813505
1306647314925150208
1306647608354631683
1306647705460961281
1306647804933271556
1306647860675371008
1306647914186444801
1306647919093719040
1306647976702599169
1306648018968608768
1306648261944586240
1306648334459899904
1306648418727624704
1306648619148365826
1306648645207502848
1306648704368226311
1306648900724457472
1306648921889009664
1306649003975737350
1306649206019497985
1306649273258442754
1306649388081729536
1306649394637410304
1306649927796236288
1306649933039140870
1306649949036335107
1306650049074597894
1306650108579250179
1306650163612708864
1306650247708508162
1306650896982392833
1306650897158635522
1306650904620412939
1306650943174381569
1306651114016616449
1306651219864231938
1306651261874384899
1306651315779637248
1306651517932507136
1306651542993408000
1306651597028626438
1306651882052558850
1306651953850716163
1306652011337846792
1306652012965171200
1306652033815019522
1306652038458007552
1306652084037713921
1306652209149554689
1306652343941738496
1306652381308887040
1306652393535307777
1306652418617217024
1306652632614932480
1306652863708495877
1306653081451425792
1306653178172235776
1306653211336609792
1306653342437867520
1306653467272974343
1306653523204083712
1306653689684398080
1306653749847482369
1306653756092821505
1306653904646606848
1306653936888066048
1306412542856577024
1306412806410039297
1306412820163158016
1306412836437065729
1306412945753202688
1306413029291102210
1306413064426844161
1306413087407460354
1306413134324871168
1306413226356363267
1306413280504819717
1306413549246242816
1306413603185065985
1306413709388951552
1306413789290655745
1306413802208911360
1306413805044477953
1306413890327269378
1306413944341508096
1306413989258244098
1306414006106836992
1306414116693774337
1306414212885942273
1306414276081602560
1306414287322255360
1306414363117486080
1306414514926161920
1306414737220042752
1306414807575396353
1306414988165353472
1306415084617437184
1306415146797920256
1306415205430317057
1306415239576121344
1306415340373635073
1306415419415236608
1306415482640019457
1306415529536577536
1306415557873487874
1306415663083216897
1306415834538139650
1306415893518471168
1306415932584140801
1306415957921861632
1306416209055944704
1306416276521267200
1306416409690464258
1306416409803501568
1306416443584462853
1306416514594222081
1306416825748656128
1306416887744663553
1306416927984635904
1306416953192398850
1306417040274546688
1306417132368879617
1306417232113668097
1306417344554496000
1306417345271869441
1306417386413645824
1306417387042820096
1306417433876471810
1306417509701169153
1306417579939057665
1306417692849647617
1306417784771850241
1306417832410849281
1306417994646446080
1306418014561153025
1306418016666767360
1306418045481484289
1306418120639287296
1306418162984914944
1306418243322736641
1306418251094732807
1306418263195230209
1306418444083003393
1306418452677029888
1306418490941685761
1306418527843147778
1306418531924410370
1306418667257647105
1306418690997575682
1306418708634652672
1306418775101788164
1306418804923281408
1306418850314047488
1306418892655525893
1306418901136408576
1306418943154946049
1306419215122001922
1306419300329291778
1306419424878944256
1306419425420042246
1306419572531134469
1306419694149267456
1306419706790686720
1306419748507447297
1306420019622866944
1306420046135205888
1306420100925468672
1306420138607022081
1306420152385241088
1306420172258004992
1306420235831070724
1306420255867260929
1306420273428619265
1306420319150919680
1306420357604098049
1306420377992790017
1306420386372911105
1306420488890126336
1306420571346010112
1306420759816933377
1306420768058740737
1306420864326406145
1306420869355372545
1306420881099554816
1306420984421863424
1306421082061180928
1306421242040180736
1306421288320327681
1306421477139337216
1306421708153327618
1306421765871079424
1306421904706658304
1306421993726783490
1306422047275278336
1306422173930749954
1306422202129154048
1306422232239857665
1306422306852478976
1306422320517582848
1306422440587923456
1306422534850654208
1306422612852121601
1306422650609324032
1306422719328780288
1306422793135951872
1306422826321149954
1306422919069868044
1306422924295856130
1306422953450512384
1306423149886615552
1306423199907733504
1306423255507632128
1306423339142000642
1306423360604307459
1306423381856858112
1306423409908228096
1306423440900063232
1306423469941428225
1306423554305593345
1306423588493438976
1306423615953477632
1306423708211322880
1306423791300599808
1306423866798075904
1306424027423145984
1306424073828925440
1306424131496415235
1306424182612340741
1306424185850335233
1306424311964741632
1306424471851610112
1306424559713751040
1306424748952317952
1306424760793001984
1306424807215562753
1306425080537325573
1306425100665716739
1306425183889227776
1306425277564715008
1306425583602208768
1306425704381177858
1306425738774507520
1306425784941281281
1306425815920386050
1306425859620966401
1306425875936587778
1306426006316736512
1306426187091259393
1306426287293173765
1306426405870276609
1306426573294313473
1306426820200468482
1306426921417400326
1306426991860613120
1306427185402585089
1306427207024246785
1306427222786416640
1306427244433170433
1306427400410939394
1306427437421604865
1306427567260536832
1306427575875633155
1306382364931751936
1306382398477590528
1306382649548832768
1306382661934514177
1306382688799076352
1306382737922818048
1306382758118404098
1306382952817930244
1306382965509746688
1306383006718803970
1306383032690061313
1306383073597038594
1306383157843955713
1306383237145485312
1306383287791816705
1306383450690199553
1306383450757242881
1306383534475542529
1306384042493960192
1306384059308953600
1306384131320885248
1306384383696273408
1306384608284475392
1306384676412706817
1306384718326358016
1306384776752967681
1306384797107978242
1306384835112562689
1306384855974936577
1306384994344919040
1306385149542633473
1306385331005030402
1306385339917897733
1306385438689632257
1306385596735270912
1306385623217995777
1306385648870449154
1306385967822053390
1306385977422774274
1306385998448746496
1306386232067461120
1306386349155647489
1306386438083293189
1306386515203776513
1306386563752841216
1306386589141082112
1306386660549033989
1306386726923972610
1306386815734239239
1306386825699885058
1306386830904958976
1306386932134490112
1306387264323366915
1306387443957084160
1306387544767115264
1306387570184478720
1306387583010852865
1306387616863006729
1306387672253042689
1306387675906224132
1306387792335794177
1306387909478621185
1306387938997989376
1306388061048025088
1306388103301656576
1306388145387180032
1306388237313814530
1306388244649578497
1306388333346652161
1306388374886981632
1306388442360819714
1306388504860073984
1306388517384265740
1306388563555164160
1306388665640255488
1306388846305738753
1306389081061044224
1306389215484149760
1306389222027395079
1306389243187650560
1306389344442290176
1306389532405710848
1306389670604009472
1306389739789004800
1306389762983559173
1306389789164408833
1306389863504076800
1306389885335474176
1306389902666465281
1306389910568476672
1306389953270575105
1306390024829558784
1306390212650573824
1306390316753321985
1306390325485686785
1306390535377096704
1306390552137609222
1306390618147495936
1306390694639132675
1306390732337541120
1306390895890231298
1306390997308510208
1306391147842019334
1306391181857878026
1306391249314877442
1306391369267556352
1306391538285654016
1306391587572846592
1306391881849413637
1306391940271878148
1306391961411223554
1306391990947459073
1306392306354880513
1306392343445200896
1306392363342770177
1306392607459807234
1306392608462327808
1306392733062496262
1306392871738769409
1306393144813064192
1306393181601148928
1306393181978853379
1306393249083543553
1306393661186351104
1306393714433175555
1306393840962527232
1306393849049362432
1306393945782579202
1306394039240077313
1306394188343324673
1306394334816862208
1306394473719648257
1306394683468181504
1306394721363931137
1306394825374265346
1306394842231173122
1306395132032212994
1306395183584550914
1306395275192184832
1306395673848414209
1306395689816125442
1306395773282725889
1306395787212009472
1306395828811001856
1306395832296456192
1306395929700859905
1306396041860853761
1306396051562205191
1306396052212404224
1306396055311843328
1306396176141357058
1306396196903235595
1306396197884768263
1306396234878513152
1306396336690925569
1306396385814679553
1306396529486368771
1306396580069732353
1306396607970189314
1306396658314424321
1306396956214931456
1306397011109990401
1306397221718499328
1306397242350211072
1306397338206904320
1306397364182081537
1306397367776632832
1306397443890860033
1306397539181236226
1306397555950071808
1306397719460806656
1306398010650374144
1306398067969503235
1306398103029850112
1306398169559969793
1306398299432325120
1306398386959069184
1306398517297115137
1306398587719360512
1306398709735927809
1306398886072905728
1306398890606899200
1306398900081905664
1306398961490485248
1306398987373613056
1306399011650314240
1306399079262490624
1306399254777397254
1306399305402650629
1306399604108341248
1306399615453782017
1306399767312900096
1306400073396281344
1306400102634991621
1306400157622325248
1306400261942935552
1306400282780332033
1306400425394937858
1306400459784179715
1306400522166034432
1306400559684112384
1306400601409048576
1306400635072413696
1306400770208813057
1306400815318364166
1306400824093020161
1306400887083069440
1306400975666573313
1306401130008715264
1306401215073447937
1306401218235781120
1306401247931641857
1306401255460274176
1306401259616956418
1306401368467357697
1306401490081394688
1306401573686276096
1306401637662175232
1306401692058038272
1306401779576434688
1306401947482828802
1306402117956104196
1306402127636553728
1306402187732570115
1306402393039527936
1306402609985720320
1306402689928978432
1306402691376009216
1306402708195291136
1306402804068691968
1306402837140733956
1306402946654109697
1306402984109236226
1306402987909230593
1306403096805998592
1306403113448996866
1306403230876864518
1306403268612898816
1306403294210736128
1306403382085775363
1306403433365209088
1306403440977997825
1306403683769384961
1306403689163358209
1306403777428168706
1306403793421176834
1306403940548960258
1306404288340557835
1306404314013937664
1306404532608544768
1306404581308542976
1306404674338197504
1306404846250016771
1306404870753333248
1306404917603491840
1306404926436921345
1306404989384835072
1306405002311798785
1306405094045421569
1306405135262810119
1306405140040220672
1306405164924858368
1306405249129816065
1306405278250827776
1306405430072094725
1306405467401355264
1306405668816146434
1306405717713199107
1306405786441060352
1306405853696798720
1306405978804498432
1306405996382875648
1306406020089032706
1306406024220274688
1306406058353623040
1306406117480845314
1306406166608609280
1306406179862650880
1306406239178502150
1306406242538016768
1306406512022052865
1306406545308041216
1306406595123871745
1306406708097544193
1306406931024801792
1306406976222621696
1306407015288377344
1306407073320755201
1306407074004217857
1306407149610897410
1306407149745188864
1306407317215166464
1306407404834295809
1306407412530900992
1306407672883957761
1306407682228674560
1306407745508212738
1306407886957031425
1306407975230345216
1306408159959945216
1306408205807837186
1306408210375610375
1306408244160716801
1306408382404997120
1306408411102408704
1306408415984410631
1306408490563506182
1306408637670273025
1306408653948362756
1306408800526594048
1306408802040909825
1306408827772784640
1306408872186441728
1306409153582305280
1306409463574941698
1306409493773901824
1306409530679603205
1306409716411781122
1306409720790556673
1306409896791875584
1306410105295040512
1306410323302178816
1306410601233526784
1306410629742370817
1306410630535098368
1306410663728885764
1306410672553590786
1306410741872943104
1306410776266264576
1306410878519005184
1306410898345484288
1306410902649004033
1306410923855351810
1306410928158711809
1306410986979684358
1306411049373978624
1306411183600271360
1306411338953035776
1306411527164112900
1306411532121600000
1306411539893805056
1306411640229855234
1306411704528576512
1306411817355358211
1306411840235212800
1306411925815791616
1306411989829332993
1306412003175653376
1306412043155668993
1306412064986914816
1306412219874398208
1306412275096408068
1306412286425300993
1306412314346704896
1306412492147564546
1306412509608529920
1306563781422710784
1306563903975862272
1306563931901775874
1306563941405990914
1306563944807497728
1306563957222772736
1306564112453971970
1306564216560717825
1306564294444814336
1306564318352244736
1306564531708190722
1306564583121920001
1306564653133242368
1306564830992556032
1306564942850596864
1306564957010624514
1306565084731322368
1306565089617752064
1306565194177544193
1306565261210857472
1306565508767059969
1306565568640823302
1306565593051656193
1306565722194104321
1306565919888601089
1306565936959414278
1306566339264417792
1306566370059063297
1306566441341259779
1306566545213214720
1306566552888782848
1306566720971108354
1306566822380986370
1306566897765355526
1306567153638932481
1306567164086964224
1306567366776631296
1306567385231450112
1306567537790988288
1306567563678158848
1306567603041824768
1306567645995692032
1306567879677087746
1306567909028884514
1306567943602479107
1306568227062001672
1306568230958297089
1306568349732745218
1306568424164909056
1306568513096577024
1306568536727465985
1306568587671252992
1306568613973893122
1306568714909868033
1306568731569594369
1306568830601363456
1306568863891574785
1306568870115913728
1306568989657706497
1306569002450182144
1306569259154366467
1306569351647166466
1306569450993451009
1306569707999301632
1306569792267137026
1306570009586483202
1306570113794093056
1306570219381497856
1306570244870164480
1306570257042206721
1306570479231262721
1306570484713021440
1306570554095304705
1306570604770885633
1306570619165777920
1306570832525758467
1306570900188274689
1306571063766196226
1306571109807067137
1306571227461562369
1306571238400241664
1306571281001844737
1306571440335081474
1306571528335699970
1306571621272940544
1306571629447782401
1306571745567047680
1306571791452774403
1306571877033287680
1306571896352366592
1306572085028888581
1306572254365593601
1306572279778770950
1306572354764574720
1306572375161331712
1306572740527349762
1306572794126372864
1306572812942008322
1306572938481631233
1306572941908414464
1306573012209217538
1306573219097387009
1306573339159334912
1306573424983248898
1306573461582684160
1306573852273774592
1306573877636669440
1306574075146440704
1306574083002372098
1306574299898281984
1306574313328439296
1306574342889897984
1306574388389507073
1306574396195250176
1306574589611446277
1306574853512798213
1306574899494948866
1306575010203656194
1306575022492921857
1306575210615775236
1306575248083607554
1306575320141701125
1306575412546416642
1306575480036892672
1306575572148117505
1306575580511514625
1306575681455824896
1306575700607070208
1306575766658916353
1306575948389715970
1306575976793542657
1306576113469206531
1306576132976844801
1306576142292279297
1306576153457692673
1306576218163236864
1306576398430208003
1306576431414218754
1306576682221015042
1306576780300627973
1306576889566433282
1306576905131491328
1306576913234886660
1306577116352385025
1306577232815677440
1306577285785378817
1306577371823304704
1306577580955402242
1306577593236361217
1306577593647403008
1306577685783760896
1306577708349034496
1306578041951395840
1306578121240588294
1306578137678053376
1306578154987945985
1306578179600134146
1306578346902421505
1306578519737036800
1306427650773331968
1306427734202167297
1306427746420228096
1306427759653158912
1306427876867100673
1306427937181315072
1306428086913826817
1306428091162603525
1306428133042728960
1306428222553247744
1306428321362739202
1306428341864394753
1306428468553379846
1306428519313027076
1306428532529135621
1306428557095305217
1306428579266392064
1306428616578928640
1306428712058073089
1306428838860263424
1306428842584584193
1306428968267059200
1306429015444594688
1306429076740202496
1306429332752076801
1306429450247196675
1306429479162585089
1306429480148373504
1306429514902319109
1306429560137879554
1306429902871302149
1306430121440497667
1306430167355719680
1306430197768486912
1306430356002877440
1306430384851357696
1306430574274453504
1306430578846294017
1306430607409381381
1306430667530670083
1306430700556517376
1306430724967297025
1306430816868679681
1306430926071627777
1306431069504274433
1306431253097467909
1306431260693274625
1306431442227015680
1306431476615897090
1306431488804696064
1306431585017765888
1306431588692099073
1306431749811916800
1306431752089612289
1306431756187439104
1306431922218962944
1306431979265507328
1306432041538457600
1306432188708052994
1306432674953867264
1306432680813187072
1306432835767750657
1306432839076937728
1306432859562012673
1306432931729215490
1306433031666884609
1306433053674278914
1306433174218530817
1306433270880415744
1306433392808992771
1306433578566381568
1306433666311057409
1306433711747903489
1306433746103447552
1306434051922776064
1306434093001957376
1306434143060975618
1306434185360531457
1306434290369073152
1306434328650567681
1306434596704342016
1306434659203477505
1306434780549074945
1306434787339571200
1306434810827730944
1306434840007512064
1306434970169282562
1306434970534150145
1306435083931283456
1306435138557865991
1306435318942502912
1306435326194470914
1306435418418749441
1306435537339846656
1306435568927215617
1306435646765043714
1306435771893714944
1306435788238917632
1306435828881788929
1306435926458064897
1306435989502676992
1306436098575552512
1306436147950899200
1306436181249462273
1306436399877496836
1306436424502185984
1306436660461056001
1306436728190894081
1306436756129030145
1306436778488991745
1306436991915974657
1306437099974000641
1306437210468540416
1306437306862141440
1306437383252930561
1306437507735851012
1306437525574021121
1306437746450468864
1306437868097859584
1306438343056592896
1306438360253296640
1306438391869841408
1306438427106213890
1306438431871033345
1306438624129421312
1306438626503528448
1306438664843595776
1306438697815023627
1306438770716098561
1306438850701598720
1306438908897644545
1306438960453804033
1306438967848394752
1306438983207927808
1306438984696905737
1306439025834766337
1306439230596546565
1306439260778659841
1306439269121175552
1306439390764425217
1306439521408610309
1306439743014461441
1306439755148730373
1306439759477129217
1306439856109662208
1306440070203809792
1306440087220023296
1306440275825324032
1306440388052475904
1306440448349798400
1306440850759708672
1306441061267509248
1306441177252544513
1306441177785196544
1306441262279438342
1306441289853001729
1306441321150779392
1306441371633496064
1306441405028425730
1306441408585310208
1306441479758385152
1306441789566365696
1306441978104754176
1306442303083548672
1306442527747330048
1306442531266154501
1306442565542187008
1306593916817268738
1306593964040962049
1306594017258270720
1306594089379475456
1306594126113026054
1306594249572573184
1306594332074409985
1306594396842807298
1306594680633610240
1306594702251028480
1306594801823830019
1306594885407928325
1306594962121789441
1306595820729438208
1306595847426068492
1306595905190137857
1306595909854064640
1306596005228343302
1306596014220951553
1306596090767011842
1306596173805957120
1306596273785634818
1306596346082852865
1306596388747255808
1306596496477880321
1306596769350868992
1306596995704946688
1306597085186330625
1306597095957127176
1306597260692783104
1306597326765531138
1306597486451073030
1306597553090170881
1306597704978649090
1306597847262023685
1306597930573340672
1306598120436854785
1306598209263939585
1306598237877526528
1306598278696505344
1306598325198569477
1306598326117306369
1306598357595373574
1306598363194892288
1306598425526521856
1306598472481673219
1306598661141401601
1306598820223111170
1306598887063523328
1306599113190973442
1306599117963948032
1306599172775215104
1306599189435092993
1306599272633102337
1306599383346089985
1306599411309580288
1306599416061554693
1306599490636349441
1306599668172947457
1306599713785950208
1306599940563628033
1306599999405391879
1306600029294145537
1306600153936134146
1306600179487961090
1306600196521025536
1306600258894397447
1306600284639068160
1306600317925064705
1306600442957266944
1306600561110708224
1306600582480891905
1306600669512638464
1306600792074399744
1306600804284063745
1306600854653337601
1306600964829241344
1306601068646850561
1306601366731870209
1306601412042711040
1306601421127598081
1306601517147979776
1306601537490374656
1306601601893904385
1306601676715880448
1306601693551845376
1306601702473125888
1306601977984372739
1306601979318136834
1306602133626785792
1306602155009245189
1306602179264942080
1306602620795203586
1306602758838001666
1306602855038627840
1306602927042310145
1306602971883384838
1306603006323052546
1306603065592619008
1306603077106118656
1306603133926363136
1306603148103028736
1306603195574243328
1306603228591607808
1306603249521356801
1306603279087022081
1306603326264561667
1306603420749565953
1306603443159785472
1306603542707343361
1306603584570757120
1306603685166886913
1306603694071386112
1306603819770544129
1306603831841693697
1306603832579891201
1306603862510505984
1306603882529857537
1306603899609112576
1306603904269004801
1306603912418545664
1306603950620184578
1306604051849777152
1306604130539114501
1306604352933711878
1306604452539965440
1306604520126865408
1306604612552658947
1306604788965142528
1306604859345514496
1306605175440846848
1306605183217082368
1306605269720469506
1306605343619735552
1306605346920763393
1306605463279202313
1306605476814163970
1306605509580128256
1306605564567474176
1306605619475083264
1306605644410228737
1306605807690162178
1306605815869124608
1306605967103074307
1306606013580075009
1306606017522798594
1306606126818103298
1306606186070859777
1306606272981078017
1306606299430318080
1306606328421527552
1306606365364891649
1306606374718185474
1306606420683444224
1306606450588999680
1306606621880193026
1306606675818885120
1306606677286883333
1306606693229498368
1306606735352909825
1306606794060435456
1306606810347065345
1306606881667002371
1306606957923643392
1306606965389430784
1306606967087980545
1306606982984474624
1306607043218792449
1306607183312957440
1306607218037583873
1306607285330997250
1306607313030127626
1306607334496628739
1306607347574472707
1306607401198596096
1306607531976994816
1306607708381106183
1306607720406147073
1306607851696087040
1306607922323939329
1306608152478191616
1306608277841739779
1306608286024839170
1306608393168150529
1306608416757026824
1306608446721097728
1306608492850147328
1306608592741527554
1306608693564157953
1306608709968310275
1306608806026186752
1306578642252644352
1306578741733322752
1306578743461326854
1306578779377217536
1306578787740594176
1306578898826801156
1306579086655893506
1306579396585754635
1306579496963891200
1306579505931264000
1306579552559300608
1306579861323030528
1306579870894485504
1306579911491153922
1306579958723227648
1306579991979851778
1306580114080055301
1306580146250366976
1306580211534880768
1306580293264891904
1306580298164056065
1306580319382974464
1306580411494129664
1306580546437500928
1306580579358568448
1306580612917190657
1306580761068306438
1306580781121155081
1306580835806728192
1306581274593759241
1306581296760713217
1306581472841617408
1306581611216023555
1306581612365099008
1306581614516895745
1306581621022355458
1306581731143749632
1306581841747607552
1306582025953050624
1306582063483695105
1306582072711098370
1306582189749014528
1306582290747842560
1306582357584031744
1306582378656268289
1306582379344146432
1306582428945993728
1306582450412322817
1306582571590057984
1306582589180964864
1306582630121472000
1306583094967771143
1306583217634410496
1306583318801063937
1306583388787277824
1306583447960539137
1306583481892339712
1306583524065984513
1306583541539508228
1306583590570987521
1306583620832956423
1306583880661639171
1306583896574889984
1306583969098592256
1306584153522147330
1306584211747475458
1306584249894612997
1306584253967118336
1306584303250354176
1306584309294419968
1306584341837996032
1306584345742901249
1306584358086733826
1306584375925133314
1306584424583061504
1306584447496589312
1306584497094381568
1306584630603251714
1306584879744913409
1306584904331862018
1306584950670594049
1306584961588363266
1306585030198611968
1306585106166022145
1306585256468688898
1306585312513196032
1306585398932627456
1306585507221053447
1306585519527256064
1306585542889533440
1306585608865943552
1306585889787781123
1306586139952689154
1306586140615626752
1306586196752162818
1306586435433238528
1306586438843142144
1306586506375593985
1306586539636469767
1306586576873336833
1306586703059210240
1306586762769174531
1306586932944809984
1306586967820374018
1306587103656960001
1306587461343211520
1306587491181436928
1306587596798058501
1306587612786774020
1306587847151947778
1306587972641357824
1306587977531953152
1306587990773215232
1306588045098049536
1306588057798352896
1306588297179865088
1306588326053449728
1306588330478297088
1306588473902669824
1306588523886186496
1306588548649218051
1306588674751164417
1306588813469167618
1306588830745600000
1306588972202762240
1306588988845641728
1306589038724313088
1306589110224601092
1306589131988824065
1306589218739806210
1306589361857802240
1306589383907188737
1306589386960642053
1306589453947998208
1306589589516300288
1306589602191470597
1306589638593859586
1306589672731107329
1306589961249005568
1306590000356691968
1306590053741854721
1306590197476335622
1306590385117057025
1306590490737872898
1306590518508388354
1306590675337506816
1306590791654047744
1306590909342142465
1306590921589288973
1306591232869629952
1306591236892037120
1306591294962106368
1306591313316388866
1306591378714099712
1306591397143883777
1306591589112844288
1306591622088585221
1306591752300777473
1306591874124189708
1306591950485598210
1306592164378324992
1306592206480764928
1306592222549127168
1306592318988849163
1306592399490048006
1306592425062793217
1306592487369306112
1306592612908806144
1306592680877621248
1306592688028880899
1306592716931776521
1306592809663770625
1306592994791809025
1306593161397952518
1306593200279175169
1306593316897611778
1306593330520702976
1306593426687881216
1306593443951517696
1306593447059558400
1306593514378022912
1306593531683721216
1306593618640150528
1306609050025635840
1306609151578169346
1306609234575060994
1306609236013649922
1306609243022397440
1306609290313166849
1306609339042615296
1306609661727080449
1306609708892127234
1306609769390714881
1306609953436766208
1306610032050606081
1306610073058197505
1306610130478419969
1306610157502169089
1306610446640852995
1306610497643573248
1306610506904592384
1306610666057408512
1306610689788858370
1306610728795885568
1306610730758737920
1306610741303279617
1306610775797182465
1306610787889242112
1306610933465186310
1306610946731802624
1306610957871976450
1306610976603635712
1306610983608049664
1306611058707230720
1306611264970518534
1306611281818836993
1306611306594672642
1306611529995952129
1306611550677999617
1306611613961650177
1306611663207043073
1306611720954273803
1306611722724216833
1306611763807424512
1306611856128253954
1306611948411215872
1306611960994312194
1306612015474053123
1306612019911692289
1306612079051198464
1306612249835065345
1306612255266570240
1306612481025024001
1306612561505333253
1306612741864521728
1306612813293592577
1306612913503760384
1306612951575441409
1306613047872552960
1306613122074054663
1306613173533859840
1306613190835437568
1306613273953853442
1306613378010447879
1306613404153466881
1306613730516414471
1306614066715164672
1306614095580246022
1306614159463911424
1306614197418102785
1306614772163584002
1306614788454187014
1306614822121938945
1306614876396085253
1306614909292163072
1306614994214191104
1306614994339950592
1306615047368695808
1306615068553957382
1306615085255798784
1306615433852788738
1306615505667551233
1306615777215361024
1306615861554352129
1306615888066613249
1306615900829876228
1306615949768888320
1306615979041001473
1306616046011297792
1306616072204763136
1306616098855550979
1306616313943654400
1306616335615561728
1306616389365460993
1306616479274668034
1306616519829467142
1306616529312718848
1306616604508200963
1306616709453766657
1306616755524112386
1306616763564658690
1306616814386909184
1306616880598257664
1306616981798490112
1306617204130148357
1306617283268280320
1306617292000821248
1306617329661480960
1306617543226990592
1306617552819363842
1306617627490607104
1306617653268807681
1306617694486233088
1306617765508206592
1306617774664372224
1306617857971609600
1306617887260631046
1306617912975937536
1306617963915759616
1306618043301232647
1306618157193453570
1306618525646168064
1306618563436871680
1306618664389668865
1306618752176402436
1306618944908910597
1306618948193058820
1306618949342310400
1306619012013592577
1306619016396648448
1306619117345165312
1306619359452966913
1306619502076014597
1306619570384445441
1306619623438249984
1306619778535096320
1306619887553581057
1306619930922508288
1306620064947265536
1306620123223150592
1306620140101021699
1306620144676777985
1306620328634773504
1306620576438640647
1306620660823724032
1306620664812535810
1306620701735096320
1306620730881138688
1306620768940326912
1306620789505089537
1306621130392784897
1306621159136321536
1306621264023478277
1306621310026604544
1306621477198999552
1306621515908091906
1306621523697033216
1306621654685151232
1306621682598031361
1306621713392771073
1306621758213181449
1306622107669991425
1306622111864115200
1306622190431940614
1306622207980961793
1306622227962564609
1306622232647667712
1306622387992121344
1306622422775283717
1306622441783996416
1306622446821404673
1306622635778994176
1306622664849666049
1306622842272964611
1306622899579686915
1306623020790951939
1306623209568169989
1306623365168476165
1306623415391072257
1306623444344332299
1306623519896166400
1306623575680450560
1306623633960382465
1306623722284085248
1306623797114466304
1306624003323228166
1306624040564482048
1306624128041070592
1306624195858780170
1306624418433597442
1306624442538307584
1306624522456641536
1306624539795783682
1306624736558899200
1306624824580755456
1306624895921598465
1306624924950450177
1306624930092429313
1306624954860003331
1306625048359235584
1306625090021359618
1306625178453991424
1306625236016586752
1306625328689930240
1306625424122875905
1306625558290337793
1306625647582867457
1306625650883690499
1306625713886212096
1306625759793090560
1306625789341757440
1306625869021093894
1306625898376884226
1306625948553547776
1306626236588924930
1306626284525555713
1306626389328588800
1306626405707456513
1306626443741462530
1306626456882208779
1306626477736292354
1306626503027892225
1306626573542420481
1306626625677729792
1306626628601016321
1306626959422697473
1306627001026072578
1306627035171700736
1306627051827335168
1306627106227408896
1306627135340048384
1306627144529969152
1306627227849760768
1306627468468649992
1306627492443193346
1306627526169690115
1306627769388785664
1306628134574399491
1306628322730946560
1306628331064848386
1306628331282948097
1306628570954051585
1306628579225219085
1306628600360325121
1306628704156749825
1306628926165450752
1306628952513896449
1306629116494409729
1306629169460195332
1306629236640411648
1306629270752702475
1306629271599878145
1306629405725392896
1306629531583672320
1306629770180993024
1306629808386977792
1306629866134134787
1306629897713049601
1306629967585869826
1306630163975802880
1306630173098414081
1306630180866228225
1306630358163574785
1306630437956194306
1306630542083928064
1306630553983041536
1306630583326515200
1306630651521761281
1306630702071455746
1306630704797757441
1306630721918906370
1306630813958639618
1306630859978612736
1306630868686041090
1306631145396690944
1306631342529150976
1306631356013850628
1306631372967215105
1306631606682054656
1306631677947645953
1306631699590078464
1306631895992733696
1306631912648310786
1306632027052138496
1306632396373135368
1306632495623004160
1306632655572619264
1306632710530752513
1306633158482374656
1306633160000598019
1306633315391340544
1306633456764420096
1306633481506652161
1306633691423223808
1306633701132914688
1306633763422691332
1306633985301381120
1306634027185643521
1306634077961883650
1306634103144484866
1306634186460139523
1306634283440726017
1306634313149100033
1306634412273131521
1306634438537883650
1306634526727180289
1306634614602043392
1306634656247357441
1306634697775120386
1306634765907484673
1306634823792906241
1306634975526227974
1306634975488413697
1306635021684543488
1306635059110318080
1306635109613940738
1306635209685770243
1306635263943348225
1306635280615534592
1306635423502934017
1306635427860934658
1306635449860063239
1306635520764784640
1306635528163393536
1306635553975271424
1306635592168624132
1306635641904652289
1306635731020984322
1306635746611204096
1306635851200450561
1306635961145663488
1306635986714144769
1306636065248145410
1306636262753865730
1306636335088840704
1306636388851474432
1306636468669030402
1306636564240322560
1306636627280887808
1306636740518649862
1306636782952423425
1306636866708541443
1306636887201906688
1306636917325197312
1306636971041787905
1306637006232051712
1306637130605580288
1306637131645890562
1306637328014815232
1306637341117886464
1306637561796931585
1306637575717675009
1306637759860346881
1306637760069996544
1306637782190878720
1306638176241561601
1306638310144696325
1306638356189777926
1306638359461113856
1306638405728636930
1306638594820448268
1306638645126819841
1306638747350433792
1306638905245151239
1306638947104231425
1306638963449397249
1306442775651471360
1306442955348209664
1306443116304429057
1306443157232521216
1306443362279608320
1306443378767392773
1306443456773001216
1306443542265393152
1306443564432257024
1306443580597137408
1306443698998333440
1306443771236757505
1306443841004802053
1306443899293052928
1306443924760858624
1306444079757012992
1306444109784154113
1306444239807549441
1306444278613319683
1306444308317450241
1306444315246366720
1306444464567791617
1306444525695627267
1306444639243821056
1306444793401282563
1306444818634113024
1306444873789108224
1306445142740496386
1306445361297448970
1306445456386543618
1306445494005235712
1306445782766108673
1306446010428715008
1306446039746899969
1306446285810135040
1306446450188926976
1306446472007823360
1306446793564205056
1306446957011898368
1306447243638198277
1306447394200977409
1306447434705330179
1306447441068044290
1306447506490953728
1306447557829316608
1306447612191490048
1306447636543668225
1306447824813342720
1306447851476586497
1306447965205143552
1306447975539970048
1306447998617112576
1306448068775014400
1306448106091732992
1306448420450729984
1306448502197755905
1306448558023876608
1306448892028837889
1306449000741179394
1306449026775224321
1306449184913063936
1306449426043604994
1306449559476817926
1306449696626364417
1306449725495947264
1306449785658908673
1306449867338899457
1306450180149972993
1306450212236464128
1306450282759430144
1306450326854103040
1306450329592934400
1306450514561900545
1306450588918378498
1306450601920864262
1306450647936577536
1306450657315106816
1306450682958938112
1306450882465157120
1306450925469523968
1306451087730388997
1306451235873198080
1306451253002514433
1306451296833028096
1306451575930417154
1306451656066961408
1306451690598445056
1306451731992240128
1306451865798758400
1306452229000294401
1306452244275978241
1306452252253515777
1306452339755282433
1306452438610776065
1306452640822296576
1306452649131139072
1306452677530988546
1306452730244808704
1306452822213505025
1306452904203739137
1306453099587031041
1306453217040101377
1306453277429714945
1306453348560728064
1306453383537098753
1306453514801917953
1306453539300941824
1306453606648832001
1306453663733428227
1306453668451893248
1306453688836403200
1306454031661821952
1306454045142384640
1306454084774486017
1306454091279798272
1306454154999521281
1306454259559407616
1306454558235914240
1306454616150810627
1306454638644789248
1306454660161720320
1306454724237914112
1306454765308506112
1306454818681167872
1306454951564947456
1306455002760634368
1306455051213438976
1306455163557818368
1306455207216283649
1306455510560968706
1306455888094322689
1306456063730954240
1306456138112577536
1306456215040307200
1306456242529988608
1306456269704761344
1306456315691057158
1306456432611667968
1306456515709079553
1306456561213079552
1306456775466659840
1306456782039142400
1306456805803991040
1306456856714506240
1306457069361541120
1306457094783209472
1306457481791434753
1306457514918244352
1306457574133256192
1306457657297969152
1306457726852235264
1306548516626608129
1306548662080811009
1306548810173251584
1306548834915487745
1306549485200445440
1306549507975524354
1306549605715320832
1306550000814567424
1306550023463882752
1306550191130963969
1306550207954530304
1306550506614030337
1306550513979326465
1306550544916504576
1306550607818485760
1306550788060307457
1306551111482998786
1306551130495881216
1306551221445103616
1306551377917739008
1306551846312521730
1306551955674869760
1306551992882528257
1306551993859739649
1306552105428279298
1306552394092699649
1306552477643231232
1306552553337958401
1306552611538169857
1306552629619822592
1306552696195944449
1306553028200337409
1306553060425166848
1306553129937383426
1306553299991060482
1306553509232467968
1306553553339781120
1306553847297474560
1306554012502691840
1306554073672540161
1306554252316217348
1306554315176325120
1306554319223701504
1306554338064637952
1306554474652196864
1306554671549435912
1306554677568339969
1306554839267192834
1306555109040627713
1306555228767031297
1306555249981874177
1306555276909309952
1306555322476179457
1306555373449629696
1306555612734644226
1306555695282688002
1306556091682246656
1306556114495049728
1306556216433410048
1306556286973153281
1306556374042714112
1306556489407107072
1306556672932945920
1306556707901001731
1306556829057646595
1306557028589068293
1306557112298942466
1306557329819795457
1306557387063648256
1306557396773462016
1306557474691002369
1306557542034796546
1306557591577862144
1306557656828702720
1306557674939654153
1306557776227860481
1306557788739579909
1306557812600905729
1306557923078729728
1306557929651351555
1306558006704984065
1306558110895570949
1306558162334617600
1306558362675343360
1306558526647660548
1306558576559882240
1306558780620988416
1306558818663436288
1306558832114573312
1306558855577468929
1306558946447106050
1306558953757712384
1306559060083445761
1306559188445917184
1306559208956080130
1306559377273507840
1306559466675068928
1306559469808123904
1306559561550237696
1306559599290580993
1306559805646045188
1306559810326990849
1306559818669395970
1306559897430110208
1306559982192791552
1306560082826727425
1306560190511276032
1306560447353626625
1306560463371599873
1306560551976402944
1306560581319753730
1306560601125158913
1306560623053017090
1306560691067850753
1306560695299977216
1306560849700622336
1306560928905920513
1306561010535403526
1306561230463815683
1306561252102041601
1306561290610057216
1306561344016191498
1306561344599138305
1306561558064005120
1306561916307779585
1306561957630300162
1306562097019584513
1306562116393078785
1306562153693011970
1306562229790179336
1306562245774671872
1306562268189151233
1306562291362664449
1306562456303460352
1306562548465008643
1306562555859660802
1306562595147583490
1306562665918201856
1306562742204104704
1306562820310327298
1306562834709516288
1306562862517755904
1306563001949052928
1306563032408117249
1306563265670021120
1306563526895513600
1306458002958872580
1306458107816615936
1306458210212229122
1306458453481840640
1306458455780159488
1306458565066940418
1306458729768919041
1306458782948560896
1306458791349813253
1306458997109616641
1306459045008736257
1306459103821213699
1306459214802489344
1306459279285780483
1306459516339458049
1306459578645839872
1306459611872935936
1306459717774929922
1306459728957116418
1306459742827696128
1306459790772703232
1306460080569749504
1306460417850568706
1306460454550753281
1306460502734725122
1306460663171121152
1306460880574480385
1306461190412013568
1306461251573288963
1306461431643152384
1306461730189443072
1306461818391425024
1306461827174469633
1306461846438850562
1306461965791895552
1306462085505716230
1306462091440783360
1306462382219239425
1306462606543159296
1306462670607077381
1306462800454258688
1306462834092457984
1306462866040553473
1306462915214503937
1306463040737402880
1306463159067324416
1306463262616285184
1306463308254523392
1306463340911144960
1306463462889906178
1306463810035671040
1306464114114428928
1306464170209026048
1306464340166369280
1306464341882007552
1306464425625477121
1306464801481199616
1306464871253340165
1306465002132566017
1306465038610309120
1306465175189573634
1306465311131152388
1306465322623356930
1306465364700803072
1306465572599758849
1306465631701618689
1306465634000097281
1306465758176837632
1306465807908577281
1306465957120942080
1306466010501795841
1306466047592214528
1306466063845031943
1306466087643611137
1306466162457411585
1306466180761227264
1306466201695129600
1306466728302448642
1306466783583375361
1306466911614570496
1306467100781731840
1306467156788469760
1306467303131877377
1306467435390795778
1306467497059598336
1306467793169195010
1306467892414812163
1306467935880441856
1306468011755225089
1306468202126467072
1306468511926177797
1306468549205135360
1306468759155212295
1306468780277669890
1306468823348867073
1306468839220154368
1306469044732583937
1306469051691143171
1306469378972512256
1306469565807898626
1306469656073560066
1306469802156765185
1306469807596896257
1306470018239074304
1306470082881548288
1306470185486827526
1306470253904396290
1306470461619003393
1306470529746886656
1306470539058446336
1306470639793049601
1306470664279224320
1306470767568105473
1306471012800880643
1306471096670015490
1306471160180342790
1306471308704636928
1306471409728843777
1306471703233601536
1306471766248710144
1306471774125789184
1306471787958398977
1306471792345788416
1306471863455899648
1306471981345251330
1306472010411892736
1306472095828848640
1306472349902880769
1306472359625478146
1306472363479842816
1306472456882880512
1306472590790230018
1306472595076734978
1306472623514189825
1306472671987863553
1306472691575197697
1306472733576921090
1306472736705802240
1306472902964006913
1306472911092568064
1306533379077222401
1306533551681220609
1306534647782834182
1306534871905587201
1306535087123632129
1306535173136297984
1306535307324645377
1306535459938598915
1306535487990099969
1306535831134449664
1306536140384751618
1306536264674562053
1306536331661783040
1306536408862068737
1306536425811251201
1306536538961047552
1306536702966726656
1306536764333588480
1306536840485273606
1306537050351386625
1306537098346991616
1306537224079540224
1306537317235150850
1306537408293482496
1306537449393238017
1306537454497918979
1306537482079485956
1306537519299862533
1306537841095254016
1306538055675895808
1306538215315136513
1306538243010244608
1306538274521976833
1306538320806240256
1306538378578391040
1306538444898750464
1306538776592818176
1306539138737254401
1306539396263366657
1306539571224686592
1306539778196660229
1306539778658185216
1306539856009592833
1306539988507455489
1306540010393436160
1306540018278764544
1306540092106764290
1306540133823459331
1306540194129227776
1306540260227080195
1306540341168926728
1306540342234279938
1306540406935564288
1306540424065155073
1306540544282165249
1306540584518193152
1306540957693771778
1306541021434728448
1306541111821971456
1306541141261770752
1306541144969547776
1306541476743204867
1306541533504643073
1306541729181507584
1306541805975097346
1306541949352996868
1306542292854022151
1306542320700067840
1306542385128669184
1306542510395682817
1306542584303693824
1306542865649106944
1306543152015331330
1306543252921675776
1306543260136026114
1306543261633269760
1306543286010740736
1306543742627782656
1306543751955984391
1306543791277371397
1306543935255449601
1306543971817095170
1306543986996281345
1306544049512423425
1306544209160105985
1306544372276752387
1306544540313149440
1306544585431109633
1306544648584921090
1306544653089542147
1306544807918141440
1306544836934332438
1306544899517448197
1306544960716419073
1306545111711580160
1306545137523326977
1306545240526946304
1306545240891953154
1306545468768497664
1306545572854157320
1306545604064088064
1306545626931437568
1306545802542809094
1306545823552016384
1306545949636878336
1306545998270009345
1306546302658981888
1306546418853781505
1306546446456565761
1306546537451921415
1306546675868225538
1306546793644257280
1306546881598820352
1306546948518838273
1306547041292648448
1306547123220107264
1306547169231548416
1306547199149518850
1306547388065214464
1306547526053629952
1306547605489451008
1306547744815816704
1306547748636946433
1306547802185641984
1306548258211332096
1306548277660196864
1306548351106772998
1306548371130384384
1306548393200640000
1306473488123715584
1306473597012029444
1306473749038821377
1306474003670773761
1306474119500910593
1306474163708731393
1306474291538653185
1306474654811348992
1306474724445376519
1306474778237325313
1306474864589430784
1306474883925176325
1306475151538761728
1306475189757075456
1306475378043617281
1306475510147448833
1306475526572310531
1306475618603851778
1306475845280772097
1306475851450593280
1306476240543592450
1306476383288193025
1306476434496471040
1306476646996664329
1306476653598605312
1306476661848842243
1306476707201736706
1306476713912668160
1306476731696640000
1306476767587303425
1306477244076961792
1306477341783109633
1306477374880481281
1306477472129712133
1306477487698989056
1306477679147843585
1306477879249629184
1306478015296274433
1306478115917529088
1306478348248457216
1306478377184800769
1306478428015661056
1306478531581534208
1306478790235713536
1306478805335388162
1306479107908218881
1306479157342167043
1306479181752983552
1306479284626755586
1306479318940266496
1306479319796117506
1306479478323974145
1306479801243299840
1306479907342553089
1306479989399973888
1306479997222297600
1306480430003048451
1306480548739575809
1306480640490188801
1306480764469510144
1306480841762037760
1306481029667057665
1306481246571241478
1306481349004374016
1306481547604824064
1306481655566094336
1306481854812499969
1306481902593941506
1306481932583272448
1306482093770276866
1306482232681398272
1306482419000803329
1306482607807492096
1306482978013540354
1306483017536413697
1306483095013453824
1306483105457491968
1306483143487102976
1306483177914015745
1306483234427924480
1306483241864454146
1306483259723915264
1306483268850774022
1306483550947024899
1306483619569917952
1306483673609330688
1306483819319627778
1306484021682151424
1306484139164606464
1306484339673366528
1306484418488332289
1306484633744408576
1306484742129213442
1306484854641618945
1306485033834885120
1306485159118675969
1306485188030083074
1306485219600392192
1306485294632378369
1306485442649432064
1306485549872549888
1306485715656679427
1306485720438190080
1306485926525370368
1306485982267617281
1306486008301539329
1306486082880536577
1306486182491099137
1306486387416461312
1306486635274539008
1306486796759441408
1306486805735321606
1306486858025766912
1306487239476682753
1306487366102798336
1306487427788238848
1306487596697235458
1306487639499919362
1306487729346183169
1306487772467822592
1306487824917688325
1306518307269349376
1306518563725938690
1306518587708858369
1306518903233806336
1306518911282745345
1306519160663535622
1306519711358672896
1306519946734653440
1306520037923024896
1306520137110036480
1306520208115408897
1306520244123578370
1306520592540143617
1306520637897236482
1306520690758217728
1306520748736032770
1306520791408939011
1306520822123622401
1306521345921081345
1306521462388465664
1306521764785278976
1306521834150649856
1306521989633384448
1306522138476556289
1306522148819865600
1306522162589847553
1306522472393703424
1306522777743241218
1306522829303709696
1306522975181570050
1306522996589367296
1306523093524000768
1306523168136482816
1306523603341635585
1306524033790480384
1306524056930279424
1306524418252967936
1306524729159741440
1306524849901371392
1306524889302495238
1306524938531205120
1306525109801410560
1306525139371163648
1306525292127817728
1306525349480747010
1306525390077407232
1306525595875061762
1306525915736801280
1306525933948592129
1306526146163625984
1306526159971250178
1306526415874150401
1306526533461463041
1306526953164410881
1306527074849632256
1306527239232729089
1306527279850414080
1306527306702303233
1306527359391150080
1306527401724145665
1306527477657989121
1306527557769220096
1306527686945320960
1306527734185816065
1306527765840171009
1306527844001030144
1306527858886676480
1306527905950859264
1306527978181009409
1306528070615040000
1306528079121129474
1306528412350124033
1306528529119670274
1306528583402369024
1306528614360506370
1306528691170680832
1306528746170707976
1306529009400856576
1306529084550205440
1306529355137454084
1306529519671664641
1306529637401587712
1306529765986308097
1306529904192901120
1306529966268407810
1306530205490712583
1306530604750712832
1306530680957030400
1306530731351572480
1306530763190329345
1306530850436251649
1306530962507997185
1306531084251918337
1306531415572520961
1306531506601562113
1306531659530072065
1306531753457147905
1306532249848950785
1306532343100964865
1306532358846181376
1306532635745845248
1306532879825068033
1306532987480272897
1306533099535241218
1306533213813313536
1306488278648934401
1306488333242167297
1306488460371546112
1306488484866129920
1306488500477284352
1306488562444111873
1306488665053564928
1306488704995917824
1306488878518489093
1306489075122176001
1306489193279913984
1306489217988558848
1306489237290844161
1306489260246290432
1306489305578328064
1306490058095042561
1306490077304905728
1306490176190009345
1306490349813071872
1306490835727527936
1306491042342993922
1306491066246287362
1306491324951134210
1306491487140696065
1306491587019657217
1306491707114926086
1306491793945628673
1306491860504866818
1306491901114306560
1306491950149832707
1306492232179081217
1306492414199177216
1306492438836461568
1306492841082970112
1306493077989842944
1306493106385281024
1306493318402961409
1306493444576153605
1306493827109343232
1306493839591510016
1306494156332765186
1306494486441340930
1306494912884617217
1306494923341008897
1306495298529890304
1306495428536528898
1306496072060108801
1306496105996333057
1306496263471403008
1306496321440944134
1306496618225639426
1306496866205528064
1306497252861632512
1306497465898631168
1306497587676094464
1306497650439712769
1306497666998849536
1306497679304859648
1306497944758218752
1306498025347575809
1306498766883741696
1306498978524078081
1306499055154061313
1306499181528453120
1306499245814419456
1306499264336470016
1306499405034520578
1306499441042624512
1306499725642866693
1306499880207220736
1306499944724017152
1306500208621170689
1306500655025213441
1306501108949491712
1306501346154094593
1306501351267094528
1306501364596576257
1306501366274117632
1306501427657756672
1306501468007149569
1306501506842140672
1306501593647460353
1306501603067715590
1306501635980492800
1306501657556135942
1306501920635281410
1306502149740916736
1306502375360921600
1306502411616358401
1306502615212097537
1306503960446918657
1306503968453951489
1306504160918073346
1306504444578656257
1306504679971454976
1306504739891195904
1306504770211938304
1306504970632658944
1306505060201922560
1306505227101777923
1306505431775207424
1306506059243229186
1306506114184478722
1306506282556428288
1306506515730313216
1306506597632561153
1306506676145729536
1306506776720871425
1306507026508390400
1306507290174877697
1306507342964547586
1306507425713983488
1306507454277181443
1306507958092623872
1306508338604146689
1306508353254961157
1306508356287225857
1306508524730552323
1306508671464148993
1306508914041565186
1306509294548979712
1306509341277724675
1306509940832395269
1306510147783720960
1306510171817103361
1306510211394437120
1306510370178134016
1306510449618321408
1306510613581934594
1306510920680697858
1306511031078989825
1306511215611580417
1306511311023550466
1306511607657361411
1306511645255106560
1306511684312248320
1306511800435904512
1306511904060260352
1306512166875549696
1306512453316915202
1306512487328616450
1306512574700191744
1306512601241841669
1306513018361016322
1306513117216735232
1306513326323707905
1306513595593875457
1306513696252977155
1306513938423529474
1306515097573978113
1306515304231526400
1306515385261277186
1306515594796322816
1306515803555213312
1306515830453293056
1306516000360132608
1306516459221327873
1306516975829635075
1306517134202343425
1306517172991062016
1306517351173586944
1306517711887843329
1306517715662893064
1306517930553864192
1306518102788788225
1306518104969818113