1307665823331487747
1307665825185361925
1307665963752382475
1307666029452111874
1307666084343021569
1307666106845364224
1307666269890584577
1307666282603479043
1307666334944116736
1307666355039219712
1307666410093584385
1307666456054824962
1307666498526294020
1307666572576804865
1307666766470942720
1307666777615167489
1307666853502816261
1307666967764127745
1307667110710001665
1307667243971629056
1307667257770770435
1307667334987878400
1307667352385974272
1307667369767112704
1307667391246036992
1307667731995656193
1307667801579151361
1307667998904385536
1307668035998679040
1307668040419598336
1307668062318063616
1307668129225547779
1307668258187870212
1307668380074340353
1307668498198519808
1307668522777169920
1307668536525877250
1307668610211442689
1307668673302274049
1307668687810371584
1307668838151061504
1307668906065170432
1307668975858397185
1307669047983484929
1307669104011206663
1307669169454944260
1307669243761242112
1307669247993282561
1307669256310534144
1307669421117386755
1307669478734467072
1307669617087778816
1307669710209773568
1307669717579165696
1307669769240412160
1307669782288904194
1307669794389450752
1307669797497380865
1307669801679101953
1307669881182019584
1307669945598189569
1307670168152268800
1307670238637432834
1307670275803226113
1307670348805140485
1307670371789754369
1307670431734915079
1307670489456934913
1307670695950856192
1307670716343615488
1307670765341487116
1307670813580161025
1307671026776514562
1307671295140614144
1307671359045206019
1307671421552922626
1307671434798522370
1307671630399918080
1307671652264751105
1307671677086707712
1307671682161602565
1307671715472904194
1307671773450833920
1307671932704350214
1307672033027715072
1307672230550142979
1307672332626997254
1307672382631362560
1307672516652158976
1307672608083791872
1307672621014593536
1307672638081425408
1307672663314366467
1307672890549112832
1307672926498492416
1307673002985820160
1307673003073900544
1307673364484378624
1307673371220602880
1307673439621320705
1307673475746795523
1307673514690916352
1307673517710880770
1307673807298191360
1307673874881015810
1307673892090261508
1307674008482062336
1307674034532945922
1307674139277361153
1307674277358055425
1307674294823120896
1307674528458461185
1307674589133242370
1307674680489197570
1307674831358435334
1307674915135533056
1307674968914882561
1307675087399784448
1307675329985732615
1307675351502524418
1307675414324625410
1307675459845599233
1307675532667035650
1307675598630711296
1307675667081900034
1307675711906484226
1307675792273485824
1307675841866932224
1307675950939766784
1307675998792581126
1307676122553802752
1307676207597510661
1307676210479198208
1307676256922730497
1307676291508862978
1307676383355834368
1307676391958351877
1307676458521780224
1307676567120891911
1307676676550266880
1307676722469445633
1307676771102453760
1307676827322904577
1307676844683124744
1307676977256513537
1307677009024176130
1307677025486823427
1307677071007772674
1307677088091172867
1307677116822171655
1307677138976493569
1307677226368991233
1307677244534542336
1307677331826368513
1307677359240130561
1307677478203396096
1307677503289470976
1307677582200991744
1307677754532474882
1307677784672591872
1307677817937723397
1307677829912461312
1307677869146099712
1307677872652337152
1307677932698165248
1307677967821271041
1307677974779453440
1307678064546021382
1307678069910630400
1307678102064070657
1307678134460841984
1307678157353385984
1307678191616753664
1307678282435956736
1307678316778856448
1307678335460237313
1307678464695316482
1307678517513998337
1307678559755022336
1307678571943600128
1307678652923105280
1307678707092467715
1307678798830284801
1307678845219344386
1307678861354729472
1307678874801762304
1307678976186494977
1307678987968278535
1307679042234191880
1307679059753738241
1307679075994136576
1307679138426298369
1307679150422007808
1307679180314742789
1307679508523364352
1307679536943898624
1307679570120724486
1307679583207075842
1307679605071978498
1307679782025326599
1307679964528074753
1307679973105381376
1307680011080564736
1307680032542863361
1307680389436026880
1307680501197668352
1307680514808086528
1307680616100564995
1307680689903603720
1307680807679598593
1307680924679770113
1307680997144657920
1307681084424032256
1307681102560202754
1307681343720038407
1307681382475468800
1307681587706900480
1307681635459043331
1307681647794335745
1307681725951225856
1307681794699952131
1307681969296289793
1307681983682809859
1307682015483965440
1307682049428398080
1307682085163986946
1307682143108202496
1307682175718916098
1307682276399030272
1307682315120902144
1307682481370529792
1307682481450221568
1307682506104279041
1307682548047384588
1307682592641241088
1307682692268355585
1307682708814929920
1307682866701176833
1307683102119034885
1307683139393933312
1307683337042038786
1307683399256211459
1307683449843654657
1307683470827810817
1307683496333369344
1307683550695653383
1307683618161135618
1307683703380942851
1307683723022917634
1307683773039992835
1307683955412328448
1307683988224593923
1307684049415266305
1307684096710193152
1307684389380395010
1307684613339459585
1307684624097828864
1307684655081099268
1307684725218308096
1307684789051256834
1307684841417302016
1307684914838503425
1307684917766246401
1307684956710158336
1307685048682975235
1307685187552190464
1307685229054685188
1307685246054400001
1307685417718878210
1307685699181780994
1307685719008112640
1307685723013894149
1307685756996026369
1307685794673340417
1307685836767494144
1307686007840690176
1307686016648699904
1307686188304732161
1307686248056668166
1307686378260627460
1307686453279891456
1307686465728438273
1307686496120569856
1307686529142329346
1307686549514051585
1307686579310399488
1307686654401024002
1307686663238418435
1307686738878398464
1307686788702638081
1307686877034668032
1307686957007482881
1307686973759524866
1307687070517911553
1307687142701895680
1307687439092326403
1307687464245571590
1307687652632621056
1307687863165816832
1307687938004672512
1307687954849169412
1307688098055118848
1307688122575138816
1307688135959154688
1307688140136689667
1307688165646299141
1307688168641245187
1307688182130053126
1307688231446523904
1307688232130416641
1307688441841360898
1307688456072695808
1307688466134695944
1307688777280876544
1307688920302395392
1307688971196014592
1307689020466528256
1307689192651190273
1307689208920846336
1307689281155141634
1307689301136805893
1307689318845091843
1307689320086732800
1307689498738860034
1307689510952734722
1307689532872159232
1307689577675550720
1307689645644361737
1307689787965337602
1307689808458727427
1307689901744369665
1307690010712440832
1307690043310571520
1307690060465217539
1307690475336486912
1307690609881169922
1307690769390559232
1307691017093681152
1307691033300475904
1307691133821243393
1307691176456327173
1307691223231029250
1307691327396737024
1307691347655131136
1307691458581934082
1307691482900557824
1307691591482724352
1307691605361451008
1307691641499774977
1307691779282685954
1307691960627470341
1307691965283262464
1307692158137389058
1307692531187027968
1307692536132231170
1307692575797673984
1307692611088646149
1307692711202426881
1307692916740165637
1307693038672605184
1307693059291975680
1307693218935590912
1307693244587954177
1307693265714470914
1307693311839416320
1307693387080962054
1307693412116828163
1307693533629906946
1307693639125151744
1307693658779467778
1307693692686303232
1307693698654892032
1307693704828743680
1307693804988792834
1307694041715351552
1307694125718867969
1307694300445118464
1307694334268125185
1307694373857980416
1307694405000757248
1307694502531006464
1307694570117959680
1307694661730013188
1307694696064593921
1307694725630013442
1307694829779005441
1307694954848940032
1307694980509573120
1307695085325365249
1307695206641414144
1307695323704430592
1307695382919405569
1307695458714898437
1307695710805143558
1307695722553249797
1307695777544798211
1307695781277847555
1307695853835091969
1307695886668099587
1307695978858688513
1307484599300354048
1307484737154543616
1307484800794624000
1307484933942898693
1307485082085621765
1307485122883588096
1307485189371842563
1307485239955075074
1307485291154792451
1307485343361519619
1307485387347185664
1307485430351384578
1307485466783031300
1307485560513196039
1307485578431209485
1307485864960962560
1307485911366742020
1307486075921760259
1307486137137729536
1307486170801033216
1307486230100226048
1307486310886596614
1307486540495421445
1307486616039157766
1307486661773864962
1307486720733122560
1307486776462897152
1307486846650322944
1307486855017893888
1307486906762973184
1307486927105462273
1307486929886359552
1307487177870368768
1307487190381887490
1307487240394809344
1307487265824874497
1307487308367585282
1307488174407643141
1307488176064192513
1307488200760459265
1307488440372649989
1307488574305075200
1307488604365570050
1307488616365531136
1307488655137820673
1307488880376061952
1307488901909671936
1307488931722792960
1307488943261331458
1307489278621036546
1307489530295906307
1307489563925819392
1307489598893821952
1307489640547459073
1307489853609836544
1307489918034128900
1307490026159255553
1307490097315622912
1307490205503549447
1307490373581918209
1307490474672959488
1307490534550896645
1307490557824872450
1307490559993491457
1307490579232616448
1307490596576276483
1307490634496868354
1307490726679384066
1307490793368715264
1307490818123616259
1307490915590844416
1307490957697462273
1307490990140395521
1307491003675410434
1307491216502726656
1307491230142660614
1307491237608517633
1307491372191027201
1307491444496773120
1307491494736007168
1307491556786491392
1307491620284239875
1307491640433676289
1307492009188392966
1307492068873314305
1307492207851524096
1307492216143663105
1307492259173224448
1307492584030375936
1307492693778497539
1307492705677832193
1307492723579146240
1307492769049579520
1307492779766026240
1307493121006034949
1307493142543978496
1307493150340952064
1307493158801018880
1307493268918329344
1307493280326844417
1307493302871130115
1307493431229460482
1307493503073767424
1307493540839198720
1307493574381056000
1307493598854877184
1307493603246329856
1307493616596779010
1307493619696164864
1307493718468030466
1307493812936343552
1307493843109986305
1307493968440111105
1307494027256709121
1307494065311801344
1307494127509135361
1307494357168058368
1307494685833822208
1307494707807780867
1307494715441311744
1307494866126024705
1307495164898807809
1307495180245831683
1307495408340529153
1307495600628412417
1307495603669274625
1307495671700877314
1307495961158189056
1307496023800123392
1307496049158828032
1307496111523979264
1307496136765210624
1307496149700366336
1307496259461287936
1307496389031718915
1307496582036717568
1307496900787142656
1307496942168084481
1307496975223459841
1307496996102602752
1307497002025005057
1307497102566551552
1307497135848468481
1307497210683240448
1307497224805519363
1307497273379545089
1307497353599791106
1307497516477284358
1307497543425687557
1307497554804961280
1307497563294138371
1307497673117835264
1307497676423008262
1307497747730370561
1307497828357373952
1307497834065940480
1307497885836214272
1307497994816815104
1307498037393141760
1307498208680050688
1307498237989990400
1307498351336751105
1307498388938805249
1307498401685217280
1307498406919667712
1307498418143744000
1307498486057832448
1307498526293753857
1307498561714761733
1307498640655745024
1307498809317101577
1307498867181617152
1307499001835528193
1307499035201286147
1307499224532094976
1307499526228336640
1307696013273161728
1307696041962205184
1307696246820352005
1307696259751227392
1307696389187678210
1307696397186076672
1307696441180258310
1307696444615393280
1307696444795650048
1307696465448402945
1307696466023059456
1307696552568328192
1307696603101302785
1307696691148095494
1307696700551766018
1307696813273645058
1307696905384853504
1307696985672003584
1307697161002516480
1307697173761536006
1307697242061647875
1307697245463212034
1307697267563008002
1307697308071591937
1307697325427523586
1307697379647291393
1307697413860319232
1307697496899104770
1307697501093462018
1307697589400276992
1307697652566429700
1307697714738728960
1307697842908262400
1307698066506608642
1307698075830452224
1307698109909266434
1307698118058741762
1307698220412350465
1307698310673764353
1307698364671287306
1307698444924932098
1307698453892542464
1307698470623481861
1307698725586898945
1307698801507999744
1307698884815327234
1307698932143841280
1307698936216465408
1307699013282680839
1307699060908994563
1307699128101527552
1307699216173604868
1307699346150952980
1307699666507763712
1307699783335702529
1307699879074963456
1307699929456865282
1307699930195275776
1307700017247989760
1307700023065538564
1307700060193513478
1307700122801840128
1307700206918606849
1307700261427781632
1307700270424559618
1307700416168316928
1307700623043956742
1307700697857581058
1307700882067390465
1307700991119196160
1307700994831073284
1307701032617758720
1307701124565213184
1307701234543988740
1307701238138654722
1307701238377709568
1307701578825183233
1307701737642434560
1307701931431915520
1307702026906730497
1307702046125158402
1307702224500518916
1307702438103789570
1307702450380574721
1307702496287248384
1307702518022107143
1307702522476335104
1307702572090904580
1307702622451896321
1307702760310267904
1307702815708585984
1307702861405605888
1307703222363136005
1307703231699587072
1307703259428200450
1307703540471590913
1307703549871239169
1307703591033925633
1307703617135226880
1307703650740047872
1307703687347761152
1307703742410747904
1307703893267156992
1307703935839469569
1307704082078015500
1307704087702581249
1307704094900072451
1307704095894114304
1307704287154315266
1307704392334946304
1307704453450141697
1307704690994544640
1307704703204110336
1307704748204720133
1307704837027565572
1307704844912922624
1307704847739707392
1307704905327669250
1307704997501693952
1307705005403766789
1307705138275024896
1307705214804398082
1307705227253026816
1307705420367224832
1307705526847823873
1307705560947658757
1307705579817766913
1307705672495136769
1307705692745273345
1307705797015678977
1307705923050315777
1307705960136404993
1307705986795409409
1307706033805037568
1307706082593304577
1307706090927337472
1307706330791149568
1307706330874933248
1307706393324138499
1307706486009868288
1307706497934045184
1307706610740060164
1307706721213784066
1307706757859258368
1307706887585095683
1307706930744274944
1307707131756515328
1307707148978122752
1307707193748144129
1307707210626203648
1307707253940613120
1307707294872870914
1307707315450187776
1307707316259549185
1307707407749971968
1307707450326265857
1307707454055120896
1307707575681650689
1307707618102738944
1307707835602460673
1307707908596129793
1307708053580591104
1307708276470091776
1307708310250876928
1307708380916715521
1307708388655222786
1307708498214617090
1307708516321329152
1307708528589787136
1307708554695106561
1307708596961128448
1307708674916392960
1307708713093009410
1307708793086767105
1307708893439557634
1307708998649606146
1307709086667075584
1307709123903905793
1307709183798771713
1307709250391728129
1307709283526684672
1307709477035085824
1307709522182631425
1307709555640602631
1307709798968819712
1307709812977709057
1307710038396596225
1307710176485572609
1307710226196553728
1307710284979634176
1307710332098326530
1307710345277038592
1307710709531324418
1307710718033231879
1307710742095896577
1307710943917305856
1307710977866113027
1307710981779394560
1307711065971515392
1307711086469304325
1307711094773825537
1307711154072977411
1307711296398389248
1307711329332080641
1307711392850550785
1307711577857163271
1307711673474494469
1307711830895276034
1307711845856243722
1307711979423961090
1307712027226525696
1307712189722222593
1307712240204816391
1307712249180479488
1307712264716398592
1307712479796039680
1307712482925056003
1307712551422103552
1307712622876221440
1307712655747031042
1307712827256262659
1307712944768196615
1307713011247972352
1307713012682207233
1307713044911456256
1307713267939172352
1307713281189183490
1307713293302276097
1307713297660235777
1307713317851590658
1307713318900170752
1307713359593250817
1307713426467192833
1307713439213776896
1307713501981323264
1307713553604935685
1307713608348958720
1307713699080146944
1307713707837923329
1307713720395726849
1307713737927716864
1307713864541167618
1307713893255577600
1307713922712174592
1307713952034566146
1307714022700191746
1307714202405146624
1307714236567752705
1307714321531707392
1307714353567850505
1307714457133441024
1307714523562999809
1307714727808823297
1307714752139984898
1307714845127573504
1307714845760946177
1307714974463057920
1307715234329755651
1307715473870671872
1307715519915712514
1307715528480428032
1307715549888159746
1307715586928115717
1307715608088281088
1307715666452062210
1307716028344885248
1307716082149593089
1307716103536345096
1307716132959264768
1307716245706346503
1307716305118793735
1307716375578914820
1307716493816279047
1307716565014663171
1307716619137843200
1307716645125648385
1307716719725731847
1307716917277470723
1307716990883098624
1307717160316403713
1307717324087189506
1307717344601534465
1307717369792348160
1307717374360145922
1307717593038553088
1307717638005706752
1307717760894611457
1307717806947958784
1307717818587262981
1307717843249762306
1307717844386353153
1307717943732711426
1307718057721298945
1307718154311798784
1307718401922658305
1307718577185853441
1307718590867488768
1307718610606063618
1307718703690252289
1307718712271794176
1307718791472852996
1307718849824002048
1307718892576440321
1307719001741631489
1307719056775163910
1307719122931703809
1307719235964198913
1307719249314496513
1307719786449776640
1307719902980169728
1307720138997760003
1307720214126231552
1307720247311503360
1307720248167149569
1307720342832439298
1307720361383878656
1307720439657947137
1307720574869876739
1307720615508541446
1307720616544530438
1307720657975668736
1307720662006595584
1307720843041091584
1307720892345184258
1307720909122396162
1307720909265022982
1307720939271081986
1307720973794160642
1307721022842368002
1307721047765024776
1307721123078045700
1307721124671782913
1307721221027569664
1307721429765545984
1307721499630014464
1307721593574088706
1307721634598522883
1307721951176138753
1307721958759464965
1307721996680204288
1307722022215016453
1307722092498968576
1307722117769764865
1307722185595932682
1307722272573186052
1307722289685966849
1307722413501747202
1307722427481415682
1307722583245291520
1307722637158895617
1307722688937353217
1307722869481385987
1307722956953604096
1307723058501824512
1307723107591913478
1307723320909996032
1307723359375912962
1307723544084840454
1307723598673727491
1307723719893299200
1307723736502730752
1307723836717019136
1307723950437396480
1307723963192270849
1307723996310405122
1307724013473423361
1307724119094460421
1307724239953330177
1307724261927329793
1307724328520134660
1307724341199728640
1307724428222947328
1307724445314764800
1307724504521682944
1307724560356311041
1307724620829655040
1307724660193325058
1307724661317230592
1307724764799148034
1307724869170278400
1307724902691151875
1307725020546957312
1307725058752811010
1307725116709756930
1307725401997938688
1307725409908334594
1307725444934967297
1307725642415386626
1307725650653044738
1307725692545757184
1307725713005518848
1307725829926006784
1307725880681086976
1307725935567831040
1307725939778830336
1307726035006357505
1307650787095572480
1307650861686902786
1307650893291159552
1307650912496824321
1307650966464983044
1307651002896613376
1307651054415249415
1307651058185850881
1307651207033270274
1307651227354882049
1307651240063574016
1307651376676302849
1307651423572758529
1307651461619253249
1307651466094678016
1307651536391200770
1307651562983088128
1307651630288965634
1307651685096083456
1307651740964184064
1307651784572391426
1307651801395716096
1307651963119718400
1307652056132526081
1307652096016224256
1307652232188395524
1307652317311889408
1307652336999952384
1307652579816603648
1307652611131179008
1307652617628192770
1307652617611472897
1307652631045779456
1307652735022571520
1307652756627435523
1307652819965616135
1307652861183045632
1307652907597279236
1307652980167057409
1307652983509913601
1307653033061421057
1307653142289375232
1307653264507371521
1307653285768241152
1307653303342452736
1307653419377754113
1307653429754507267
1307653595324657665
1307653606104076289
1307653611434971137
1307653620536664064
1307653650035204096
1307653700601761792
1307653746177040385
1307653806356926464
1307654029611339776
1307654141355974663
1307654166270169097
1307654363251240962
1307654401801228288
1307654481975193600
1307654502682488833
1307654522316169216
1307654523876409346
1307654526976118786
1307654538837610496
1307654636745166849
1307654647583313921
1307654805427347461
1307654859101962240
1307654891398205440
1307654920766709761
1307654987812614144
1307655067412160512
1307655075255513090
1307655237663109121
1307655239181438979
1307655294550511616
1307655335608496128
1307655348048797698
1307655441833439232
1307655617574768647
1307655696998182912
1307655709060890624
1307655786982768640
1307655847431098372
1307655862308286464
1307655886006038528
1307655962086563843
1307655962371784705
1307655979400597504
1307656032655560704
1307656116260700161
1307656136582201352
1307656276491595776
1307656306665299969
1307656613097017344
1307656678754615297
1307656680289828865
1307657131714371584
1307657279311761409
1307657346219417601
1307657382411943936
1307657602403373056
1307657706380169219
1307657745064222721
1307657796305981441
1307657839305990144
1307657950719283205
1307658029920288768
1307658050409553920
1307658175961731077
1307658267137585153
1307658388973772800
1307658516468031491
1307658546990002176
1307658587842449408
1307658613264060416
1307658741433729025
1307659066379055105
1307659073542787072
1307659097874063360
1307659116589056000
1307659169592479745
1307659216983699456
1307659223539634178
1307659241369542656
1307659371317354498
1307659693494501379
1307659853922435079
1307660063922892800
1307660164250599425
1307660204973199368
1307660433260650496
1307660695530504192
1307660750962528256
1307660813231034371
1307660830364913665
1307660859355914241
1307661002943602690
1307661010472513538
1307661049831649281
1307661225761832961
1307661229805252608
1307661269051355136
1307661337867284481
1307661463373447168
1307661551495573504
1307661636115853313
1307661778994761728
1307661914042961920
1307661954157146118
1307662000785444868
1307662006078627841
1307662244495360002
1307662370458664961
1307662415748882437
1307662432433733632
1307662434312884224
1307662516017917957
1307662555087765506
1307662564046893059
1307662665003814913
1307662668594139138
1307662731248578562
1307662747509968898
1307662827877019648
1307662861171224577
1307662940925902848
1307663221835345920
1307663340756512769
1307663363275665417
1307663364705980417
1307663468984664066
1307663620558540803
1307663792852144132
1307663820970582016
1307663879716171777
1307664174105989121
1307664296495718402
1307664429845282816
1307664437709541376
1307664517602709504
1307664517665558528
1307664522891726848
1307664799388631048
1307664814639124480
1307664840203350016
1307664975670935552
1307665097905631232
1307665326545539072
1307665328315551751
1307665378223493120
1307816879679893505
1307816921505714177
1307817055702249477
1307817187118202880
1307817391569723398
1307817471290867721
1307817529931304961
1307817542749163522
1307817575393497088
1307817731387875330
1307817765995270144
1307817894135373827
1307817936527253506
1307818479077273600
1307818540322312192
1307818657901359104
1307818763190845440
1307818808980025347
1307818839305003010
1307818964718768128
1307819082922762242
1307819102145314819
1307819128342958082
1307819245108187137
1307819325412188160
1307819429133254661
1307819461228081159
1307819472674263046
1307819484217061384
1307819610452848641
1307819749837959171
1307819761980461056
1307819773208621056
1307819808814108672
1307819828191911942
1307819904998014978
1307820189006921729
1307820189879156736
1307820202248331267
1307820214462029824
1307820243293790209
1307820315070754820
1307820370888667143
1307820410604527617
1307820482780045318
1307820558550265857
1307820637524824064
1307820663667912704
1307820672513724416
1307820764436062209
1307820796472184832
1307820910498312194
1307821057915617280
1307821098671714305
1307821106263453697
1307821276283711496
1307821317173972993
1307821397931110402
1307821484891672576
1307821544408674305
1307821572808413190
1307821640173182976
1307821665154465793
1307821836974129152
1307821950039805952
1307822151618228225
1307822161143508992
1307822308015378433
1307822332971569152
1307822361329238018
1307822491721760769
1307822505114120192
1307822588589039616
1307822768226852865
1307822818436853761
1307822844777119745
1307823003556868096
1307823066676899841
1307823166710935554
1307823237984849926
1307823348160790528
1307823351100915712
1307823372856852486
1307823400660791296
1307823476913315840
1307823598598488065
1307823608048353280
1307823712692043777
1307823881466585102
1307823970322792448
1307824177597091843
1307824199902396417
1307824216377622533
1307824290440585216
1307824302985752577
1307824388117532676
1307824517843021829
1307824650873974786
1307824673615273985
1307824693680824320
1307824719639515144
1307824748835999744
1307824764140937216
1307824907712167938
1307824916507623425
1307825210079563776
1307825310369488896
1307825411053817857
1307825469299986432
1307825523456909313
1307825528573841408
1307825586681778176
1307825628964687873
1307825876604801026
1307825948465782784
1307826035669393408
1307826237612552192
1307826267119587329
1307826329052733442
1307826543637405697
1307826568472006658
1307826661115793416
1307826883355201539
1307826958416228352
1307827089429671941
1307827663759765505
1307827671548809218
1307827687717769217
1307827793137467395
1307827859818381312
1307827915862814720
1307828006996639746
1307828695936249859
1307828696036896773
1307828703649554434
1307828745798000640
1307828926530478080
1307829038162022402
1307829081229135873
1307829135973249026
1307829348901289984
1307829375535124483
1307829431294197761
1307829734492045318
1307829810123677697
1307829870714589184
1307829873805844482
1307829894152359936
1307829899168747523
1307829945822072832
1307830074981388288
1307830214228144130
1307830254807986176
1307830267118223361
1307830293768949760
1307830519250513921
1307830759734964224
1307830984960815104
1307831086421078016
1307831122634723331
1307831261885587457
1307831389354692609
1307831446917308416
1307831618929909763
1307831682364563456
1307831686428864514
1307831840636637186
1307831873939202048
1307499883000197120
1307500134889132036
1307500151016226816
1307500164316364800
1307500270281199618
1307500348286799875
1307500382764007424
1307500402435186693
1307500448828416000
1307500537634529281
1307500590486953985
1307500850244329472
1307500901423251457
1307501006306111488
1307501082038251521
1307501094180970496
1307501095384563713
1307501179237289984
1307501233335197697
1307501276142264320
1307501292777074689
1307501404362285056
1307501497396219904
1307501556615581697
1307501567919169537
1307501640300351491
1307501789760155654
1307502000855162880
1307502067527811073
1307502239695679500
1307502332134010881
1307502390669643776
1307502444297871362
1307502478880051200
1307502578964422656
1307502651664334850
1307502713828192257
1307502760305324032
1307502786137915392
1307502889724772353
1307503053969518593
1307503111955718144
1307503149989744640
1307503175440764928
1307503419050131456
1307503482061033472
1307503610574458880
1307503610805104640
1307503641234989056
1307503712554938368
1307504017849942017
1307504076779712512
1307504114495037442
1307504141011488773
1307504228076670976
1307504316471705601
1307504413003706368
1307504521829142533
1307504525079531520
1307504563524702212
1307504563763712000
1307504609401823232
1307504684945600513
1307504752947798016
1307504861840371713
1307504952852525058
1307504999686180865
1307505162672627717
1307505184353013760
1307505185107869696
1307505225348132867
1307505315018141701
1307505364527611906
1307505453098831872
1307505461717921792
1307505474376474630
1307505674289590272
1307505683621916672
1307505724986068993
1307505766568349696
1307505770666364928
1307505914103070720
1307505938820145152
1307505957388214272
1307506023637422080
1307506055916785664
1307506102574120964
1307506148719775744
1307506156974333952
1307506203346509825
1307506492099174400
1307506581043544064
1307506710156849153
1307506710907674624
1307506866268839936
1307506991984590849
1307507004299243520
1307507047395520512
1307507328632012800
1307507356507549698
1307507415269675013
1307507452657782796
1307507467350347776
1307507486572703745
1307507550477324288
1307507571167825923
1307507591321280512
1307507637047549954
1307507675991863296
1307507696246099973
1307507704647352323
1307507810431885318
1307507894275858434
1307508092133928961
1307508099562057730
1307508199264641024
1307508203924717569
1307508215962382343
1307508321256181760
1307508421638250497
1307508586306834434
1307508635338235904
1307508828137635840
1307509067020029952
1307509123613818881
1307509264886296577
1307509356775178240
1307509408667234305
1307509538849841153
1307509567782297600
1307509600061501441
1307509672925171712
1307509688561434625
1307509807167885312
1307509903385391109
1307509983307878403
1307510021257867266
1307510095341854724
1307510167291023360
1307510200237133824
1307510292428009472
1307510300539785217
1307510327144321026
1307510523769040896
1307510573773369345
1307510629364903938
1307510716652572672
1307510738257244160
1307510759170215936
1307510787536236544
1307510820767703047
1307510850694139904
1307510933976223745
1307510965097750528
1307510993501720577
1307511089043775489
1307511170379767811
1307511246392979456
1307511408398041095
1307511454862585857
1307511513159290881
1307511563457384448
1307511564224794624
1307511696701952000
1307511856970502144
1307511945990418444
1307512137837928449
1307512148000735235
1307512196423966722
1307512466558144515
1307512486971744258
1307512567078813702
1307512662771806211
1307512972571410432
1307513090062262273
1307513124145242116
1307513173705027584
1307513203967000577
1307513249072586753
1307513263316520961
1307513396540190723
1307513582444216334
1307513678128795648
1307513799193382914
1307513966751604750
1307514218321674241
1307514320289366016
1307514390636376065
1307514581464485890
1307514603845431296
1307514620672962563
1307514639148675072
1307726190849949698
1307726228267446273
1307726354037825538
1307726363516981248
1307726449030332419
1307726479489466369
1307726719487479809
1307726731927846917
1307726757462712320
1307726807060414468
1307726826563874821
1307727017165586433
1307727029673041920
1307727068684320774
1307727095666098176
1307727133565952000
1307727214126006273
1307727289774465024
1307727339900547073
1307727498604576769
1307727498915074048
1307727578271223809
1307728069600321536
1307728085723144192
1307728154258219008
1307728400174518275
1307728614369132545
1307728681670905857
1307728723962204162
1307728778194563074
1307728796590592001
1307728833420820480
1307728853759074305
1307729000400216064
1307729163223269377
1307729366122627073
1307729473903587328
1307729642997112833
1307729671044427776
1307729697002774529
1307730027597815808
1307730036611579904
1307730057821999106
1307730296046055424
1307730414434430976
1307730507837435907
1307730585738244096
1307730636237668354
1307730661302824961
1307730733033684998
1307730803581792256
1307730892870344706
1307730904173940737
1307730908586229760
1307731009669156864
1307731354549878784
1307731537975291904
1307731640244932609
1307731668262768640
1307731681340686336
1307731714509213698
1307731769693736966
1307731774777114626
1307731894348390400
1307732012560777216
1307732041757155328
1307732167087345675
1307732208757747715
1307732251153588229
1307732347073130499
1307732351733108741
1307732440623001601
1307732482662555649
1307732550043856896
1307732612299931648
1307732624731906049
1307732671662108677
1307732776049881094
1307732960309907458
1307733194960261120
1307733328662073345
1307733333686788097
1307733354410905605
1307733458634960898
1307733644262486016
1307733778924617728
1307733848902397953
1307733870398369794
1307733898818973696
1307733971271213056
1307733995690627073
1307734012585279488
1307734017744105473
1307734062686183431
1307734133972508672
1307734322422722561
1307734423773655040
1307734433236164608
1307734643236458498
1307734661611757568
1307734725839261697
1307734805447168001
1307734843565002754
1307735011236380675
1307735115821326336
1307735265876664321
1307735301700358149
1307735371308990465
1307735489215115265
1307735656924356610
1307735706748493824
1307736000311881733
1307736059250262017
1307736080557449220
1307736110257201152
1307736424721133569
1307736462339702784
1307736479112867840
1307736727679893504
1307736730213052416
1307736856017035264
1307736998539476992
1307737272629047296
1307737308989288448
1307737310163660800
1307737375955533824
1307737791175053313
1307737842051944448
1307737968803590145
1307737976936394753
1307738074038833153
1307738169526415362
1307738320223510528
1307738467821125632
1307738610251083777
1307738823531536384
1307738861636911105
1307738966976675841
1307738984576159744
1307739276931747842
1307739328735477762
1307739420066447360
1307739817262878720
1307739830575665153
1307739914260426755
1307739927648456704
1307739970413555712
1307739973815332865
1307740073467600896
1307740186785320960
1307740198973911041
1307740198726373376
1307740203126272003
1307740321241989123
1307740341932523522
1307740345539670017
1307740380641800194
1307740483666481152
1307740531586461696
1307740677212643330
1307740727317651456
1307740753611960323
1307740803360608265
1307741100757725184
1307741155170430981
1307741369805557762
1307741390311489536
1307741486814056453
1307741512738824192
1307741516044152832
1307741592862838786
1307741687624605696
1307741704544563207
1307741869309190144
1307742166622457856
1307742221639151616
1307742259316690944
1307742325263663104
1307742455794667520
1307742544248418304
1307742674460368896
1307742745956671488
1307742871731286019
1307743051360751617
1307743055701827584
1307743064396632068
1307743126589636608
1307743152820772868
1307743177177145344
1307743245858934790
1307743421642276865
1307743471596314624
1307743769429553152
1307743781236563968
1307743932378300422
1307744239170785280
1307744268736499720
1307744322922713088
1307744427662888963
1307744448961564672
1307744591144038400
1307744624870436865
1307744687873196034
1307744724812312577
1307744767065743360
1307744801673154561
1307744939183353856
1307744982070112256
1307744993105399814
1307745056242233344
1307745145073344513
1307745299130187782
1307745383888678913
1307745387848048640
1307745417342320640
1307745425001254912
1307745429187158016
1307745534992699395
1307745656644214784
1307745743600586754
1307745806590644225
1307745861724704769
1307745949058555910
1307746117933658113
1307746290411868161
1307746298632843267
1307746361127907329
1307746562915921921
1307746779866202113
1307746860082163713
1307746863815114752
1307746880550445056
1307746978063818752
1307747010506825730
1307747119076311041
1307747150374338560
1307747153989697538
1307747258629271554
1307747274827739137
1307747388447105024
1307747423255588864
1307747447389777920
1307747534660612097
1307747582668541954
1307747590151254023
1307747824524840968
1307747832540078080
1307747917881659393
1307747933518000128
1307748076392718338
1307748415502258176
1307748440663830529
1307748655466713089
1307748701432147969
1307748790594613248
1307748961147551744
1307748986112167936
1307749033180618753
1307749041296543744
1307749104542298112
1307749116907225092
1307749205184839680
1307749245840101376
1307749250344910848
1307749275259080704
1307749359145152515
1307749385552494593
1307749540540436483
1307749577404149760
1307749777505808384
1307749822481477632
1307749892916310017
1307749960197255174
1307750088920436736
1307750105622216708
1307750126908178432
1307750131605831683
1307750165198102533
1307750224140566528
1307750273545191424
1307750286564495360
1307750344659668992
1307750348866625536
1307750617964838915
1307750651619766272
1307750701523664896
1307750811989086216
1307751036908576768
1307751080172941316
1307751118034927617
1307751175903744001
1307751176331550723
1307751251732434944
1307751252038750211
1307751419345281024
1307751504242266113
1307751511515111424
1307751768063959045
1307751779724124161
1307751838771535873
1307751972343291904
1307752057391198209
1307752237213429760
1307752282415656963
1307752283808182273
1307752320214552576
1307752454868606976
1307752483977129987
1307752488595009536
1307752561487740928
1307752710343520256
1307752727636828160
1307752867009265670
1307752870108954626
1307752894985371648
1307752937200869377
1307753213530189824
1307753511514517504
1307753540983705600
1307753575301476355
1307753759955591169
1307753763659284480
1307753935889813505
1307754141037531136
1307754354607153152
1307754624296853507
1307754653224845312
1307754653896105985
1307754686435471361
1307754695147106304
1307754761337237505
1307754794480816130
1307754896033185794
1307754913796063232
1307754917441024002
1307754938727100417
1307754946146832389
1307755002103033859
1307755063667023874
1307755194541838338
1307755348841893888
1307755530413314053
1307755538147454976
1307755545965723648
1307755643399360512
1307755709744910336
1307755819430182919
1307755843526569986
1307755927232294913
1307755991316992000
1307756003899867137
1307756041933737986
1307756066256674816
1307756220460265473
1307756275334295560
1307756284351885312
1307756310327365633
1307756486219706369
1307756504955711488
1307756767674236932
1307756884519247872
1307756910272278533
1307756922267992064
1307756923341672449
1307756934620155904
1307757082272174080
1307757182801379328
1307757257816453120
1307757278511202304
1307757481427382272
1307757533738741760
1307757598289010688
1307757769441849345
1307757874668613632
1307757890577543174
1307758008978599937
1307758013365792769
1307758113152475136
1307758175580430336
1307758406690918400
1307758465373401090
1307758486873411586
1307758608898306049
1307758797545504770
1307758814104412160
1307759194771255298
1307759224928309248
1307759291835846656
1307759388774588416
1307759396399861760
1307759554600382464
1307759653397377026
1307759727397412864
1307760005169504257
1307760016934555653
1307760231204573185
1307760251848937472
1307760412612411392
1307760437723889664
1307760479075356672
1307760524302704640
1307760759389134848
1307760789923811329
1307760826355527680
1307761112780337152
1307761117142417414
1307761237858512901
1307761314132119552
1307761406008205312
1307761427768320006
1307761480595578880
1307761507271282688
1307761607494180864
1307761624300711936
1307761724674760705
1307761758388604929
1307761766189891584
1307761884062416897
1307761896888639489
1307762161192701956
1307762256776704003
1307762350024523779
1307762601645019136
1307762682636926976
1307762890749874176
1307762992860344320
1307763095864053763
1307763121059180544
1307763133176590336
1307763349434830849
1307763356263120896
1307763423149805575
1307763473309478914
1307763486806609920
1307763699491450880
1307763763932737536
1307763926302625792
1307763972553109504
1307764086483095554
1307764099007287297
1307764140736311296
1307764299822227456
1307764383523762176
1307764476209442819
1307764484774285313
1307764597236142080
1307764640064180228
1307764727360229378
1307764744410013697
1307764930184204289
1307765100506472448
1307765125475184640
1307765197130444800
1307765218001338368
1307765571157716996
1307765625369112578
1307765642569936897
1307765768520687616
1307765772404641792
1307765839026958338
1307766044358930432
1307766161497567235
1307766246176444416
1307766283518185473
1307766669079728128
1307766691141545984
1307766891574829056
1307766899812556801
1307767111452782592
1307767126522953729
1307767152934612993
1307767199348781056
1307767206445568000
1307767399865872385
1307767659463729152
1307767705274068992
1307767814699331586
1307767826883784704
1307768015400861697
1307768049731121153
1307768121768448000
1307768213036556289
1307768279985946626
1307768372264828933
1307768380217270272
1307768480867983362
1307768498014367744
1307768561767772161
1307768739035840518
1307768767628230656
1307768901569253379
1307768918946254849
1307768930715402240
1307768939280125952
1307769005512548353
1307769181752848389
1307769211364749316
1307769458744864771
1307769555716943873
1307769663758258176
1307769677062508545
1307769685635600389
1307769883480875008
1307769999935901697
1307770050326212609
1307770137735573505
1307770343382298629
1307770355923156992
1307770356229386242
1307770445333106688
1307770466740862976
1307770793217073157
1307770872409792518
1307770889778454528
1307770907000217601
1307770932094697472
1307771098461859840
1307771267605553152
1307771392935497728
1307771476053983232
1307771488548814849
1307469511948292096
1307469625886679049
1307469687299559425
1307469834700152833
1307469838881878016
1307469880111910914
1307469969270112257
1307470068750716937
1307470086807191552
1307470215769395201
1307470265933271040
1307470278973362178
1307470300796399618
1307470325194645504
1307470363366838272
1307470459630505984
1307470584528371712
1307470587133034504
1307470711997501452
1307470758273220611
1307470818570629120
1307471073643048961
1307471190424920064
1307471218765955076
1307471221588725760
1307471257030410240
1307471302312243200
1307471638045143040
1307471856820158467
1307471903372668929
1307471935752859649
1307472090799525890
1307472120058970114
1307472309557456896
1307472314288599041
1307472343103614977
1307472402729795590
1307472435936145408
1307472461064278016
1307472552659386368
1307472661241565187
1307472804552544260
1307472987592024064
1307472993640230915
1307473176952266754
1307473211031015425
1307473223177641984
1307473316324671488
1307473320145752065
1307473480150122497
1307473480699596800
1307473484088475651
1307473652204662787
1307473706994872320
1307473768785342467
1307473915082493952
1307474389445771267
1307474394235703298
1307474549303279617
1307474552436523009
1307474570723631104
1307474642207088640
1307474741150785539
1307474763162427392
1307474880984682501
1307474976832999426
1307475094994788352
1307475279267401729
1307475366928355330
1307475412503625734
1307475446284660740
1307475745401339904
1307475783020019712
1307475832772886529
1307475878256017408
1307475979489640449
1307476020619026433
1307476281844404225
1307476344746508289
1307476465290825728
1307476470370045952
1307476494978084864
1307476523474067456
1307476654265176065
1307476654500057092
1307476767200829440
1307476821907308549
1307477002031685632
1307477007744212992
1307477098378952708
1307477216876519426
1307477246828044289
1307477326431744003
1307477451497304065
1307477467595182081
1307477505754841088
1307477602538487809
1307477665415389184
1307477771099107328
1307477821418340352
1307477853718577152
1307478071558041600
1307478093335072768
1307478327725355009
1307478394909732867
1307478420662747138
1307478440808009728
1307478651383013376
1307478759583424521
1307478869876846593
1307478965020430339
1307479041386004480
1307479166347079689
1307479183350812673
1307479397201518592
1307479519025139712
1307479988237553666
1307480005061029888
1307480035012599808
1307480068478787584
1307480073587564545
1307480262264205312
1307480265124610048
1307480302940553216
1307480334129401856
1307480408351625218
1307480488362176512
1307480544058527745
1307480596889833472
1307480605232422912
1307480618314285062
1307480621908856832
1307480661008080896
1307480862200455168
1307480894291292160
1307480902759575552
1307481024784367616
1307481151397924864
1307481369128435712
1307481381363232768
1307481385444278273
1307481478771732481
1307481688780484608
1307481704454447104
1307481892619522048
1307481998785744898
1307482057744900096
1307482452840062977
1307482661687037952
1307482776610967552
1307482777756016641
1307482862078373895
1307482886736674822
1307482920186253312
1307482970245169156
1307483001673089027
1307483004999282689
1307483072586280961
1307483378002866177
1307483562740977666
1307483876655280134
1307484095023403011
1307484099058307077
1307484132683837446
1307484297763459072
1307484351651876864
1307484368181407744
1307484419385520128
1307786773993598978
1307786822806900738
1307786873553727489
1307786945297252355
1307786982152712193
1307787104353546240
1307787184066363392
1307787247891001344
1307787528393510912
1307787549323202562
1307787646241042433
1307787728780627968
1307787806291492864
1307788643419873280
1307788670087430151
1307788727163461635
1307788731605225472
1307788820780404737
1307788831824007169
1307788908047077377
1307788984597114880
1307789079355027464
1307789151488667652
1307789193041543168
1307789294426378240
1307789558600400902
1307789780281888775
1307789868471332865
1307789877006807040
1307790036465864707
1307790099913027585
1307790258092888067
1307790321800155136
1307790475848421376
1307790615422234625
1307790698645725184
1307790887825608706
1307790975876562946
1307791004238520320
1307791042964410368
1307791089311465472
1307791092495118336
1307791122144657416
1307791127303651335
1307791189089816576
1307791235713830918
1307791424352641026
1307791583903969280
1307791650362724358
1307791873868738561
1307791880772628483
1307791935495704582
1307791952461672455
1307792036339363843
1307792146926374916
1307792174491156481
1307792179880812544
1307792251066683394
1307792431149060096
1307792476435091457
1307792703820836864
1307792762851536897
1307792794589827076
1307792913456222208
1307792938987130880
1307792956133224448
1307793018087497735
1307793044008308736
1307793076988059648
1307793199264604165
1307793320584896514
1307793341501894658
1307793425283059718
1307793547622580225
1307793559978991616
1307793610155405316
1307793718578229248
1307793820021649408
1307794121189478402
1307794164130684929
1307794175258230787
1307794272826142723
1307794292581175296
1307794357152604162
1307794432704622592
1307794448831541248
1307794460693139457
1307794734551896064
1307794737685037056
1307794890223489025
1307794913019404288
1307794935412858881
1307795376594878464
1307795514209910784
1307795606430154757
1307795678668693505
1307795724227227648
1307795757823660039
1307795816711479296
1307795828912861184
1307795886861365249
1307795899696001024
1307795949771583488
1307795982931898369
1307796001453998082
1307796030231019521
1307796076540448768
1307796168836026369
1307796193188155399
1307796289829167105
1307796331851726848
1307796429516279812
1307796440496787456
1307796566267301889
1307796578728660992
1307796580251115521
1307796608894087168
1307796626497363968
1307796642943373312
1307796649901568000
1307796658189676549
1307796696357715968
1307796797180596225
1307796873282048002
1307797091922538496
1307797191222796288
1307797259111854087
1307797352296714241
1307797526729244672
1307797594400145410
1307797912911454208
1307797921111273472
1307798005601439744
1307798081187053571
1307798084722864128
1307798197734121472
1307798211814404097
1307798244693618688
1307798299907366913
1307798357620920320
1307798382845587457
1307798546159218688
1307798554044444681
1307798705366540294
1307798751264768001
1307798752816705541
1307798862971596800
1307798923583471617
1307799008551862273
1307799037677010956
1307799066890457088
1307799103737397248
1307799113317134336
1307799162382094337
1307799191825969152
1307799363628957697
1307799415034384384
1307799418633158656
1307799434885906432
1307799477563125762
1307799536476225536
1307799552573857793
1307799622526603265
1307799700049977346
1307799705053786113
1307799708140793857
1307799725089980417
1307799784506433537
1307799926651465728
1307799963141840898
1307800030560935936
1307800056372908032
1307800077897854976
1307800094293594112
1307800145140936704
1307800278557696002
1307800455049666560
1307800467276099587
1307800596934791168
1307800666073690115
1307800894747168774
1307801016402931713
1307801024837677058
1307801133570813953
1307801155779596291
1307801185542459392
1307801234879975424
1307801331617484801
1307801432150605824
1307801447640244227
1307801541777059840
1307801577596612608
1307801675285979136
1307801678889078785
1307771512892473345
1307771519209271302
1307771629716615169
1307771812324020226
1307772114674626560
1307772214624882691
1307772223655235584
1307772269276602369
1307772573632135177
1307772583518101510
1307772621920989184
1307772668817682433
1307772701034061831
1307772822635380736
1307772852775550978
1307772919335079937
1307772996468248579
1307773002671554560
1307773023357865986
1307773115712192517
1307773252559867905
1307773284650561538
1307773317147955208
1307773464426639360
1307773485054341120
1307773536497405952
1307773967231528960
1307773988702244864
1307774162203742209
1307774299126857735
1307774302608150535
1307774302473924608
1307774308551471105
1307774417053921282
1307774526369853440
1307774709434667010
1307774744125673479
1307774753319649281
1307774868373426176
1307774966667108353
1307775032689647617
1307775053975687171
1307775054932041733
1307775104680562689
1307775125907845121
1307775244069941249
1307775263724498946
1307775301607469061
1307775876965298176
1307775976970096641
1307776044334813189
1307776103403130881
1307776137133789184
1307776178326065153
1307776196067852288
1307776244625207296
1307776274081882112
1307776527665332232
1307776542790029315
1307776613661073408
1307776795337318401
1307776849477619713
1307776887314407424
1307776891126870017
1307776938207924224
1307776945162194944
1307776975554125825
1307776979303718912
1307776991647739905
1307777008458489862
1307777055128420355
1307777079304286208
1307777127039860737
1307777256736030725
1307777503621197825
1307777528128442368
1307777572181344258
1307777582910365705
1307777650828521472
1307777725600587783
1307777872770203649
1307777927375990784
1307778014621495296
1307778119802261505
1307778129180717056
1307778217164582914
1307778493556690956
1307778737400807424
1307778740475240448
1307778795487653888
1307779030549053440
1307779034470850560
1307779100967346182
1307779132114300935
1307779168478941184
1307779293779554305
1307779350079643663
1307779518015434757
1307779554853949440
1307779689008836609
1307780037421260803
1307780066848333825
1307780171550912521
1307780187078168576
1307780417983053825
1307780540234309632
1307780544630063105
1307780557737095168
1307780610841337860
1307780624095342592
1307780859563593728
1307780888566968320
1307780892434235393
1307781035283886087
1307781085313429506
1307781107845337095
1307781232747589642
1307781370761023488
1307781387643166720
1307781525887475712
1307781542337339392
1307781588902711303
1307781660713328643
1307781681336680451
1307781768662130690
1307781911075532805
1307781933217308674
1307781935314468864
1307782000351338498
1307782134166425603
1307782147747590147
1307782183873122304
1307782216978702341
1307782498852704257
1307782538216247301
1307782587595862018
1307782730109911040
1307782913698574336
1307783019810426883
1307783047907958784
1307783207207788550
1307783323146649602
1307783438779518977
1307783451538591744
1307783765930971138
1307783770049667073
1307783827972976642
1307783849024401408
1307783912391876609
1307783933631713280
1307784126125281287
1307784156588527616
1307784285563174914
1307784407646961664
1307784483504943104
1307784697569832963
1307784739135184896
1307784755115483138
1307784852461293572
1307784935131041793
1307784960582049793
1307785020782841857
1307785149090852867
1307785216778526723
1307785221685694464
1307785250274242562
1307785342855122944
1307785530898292741
1307785691712159744
1307785732841336834
1307785845898846209
1307785862239977478
1307785955114455040
1307785972256591875
1307785975515488256
1307786040766152705
1307786060018065410
1307786144147369984
1307786475514327042
1307786580032094209
1307514869130891270
1307514872268234753
1307514877997543426
1307514924239708162
1307514970893156356
1307515293997113344
1307515339182231558
1307515397776781320
1307515547685355522
1307515628517900288
1307515644074553344
1307515707551346694
1307515733350457344
1307515958773325824
1307516008840781836
1307516018915340291
1307516176705224706
1307516197865283584
1307516236671012864
1307516236683595777
1307516248952123392
1307516281843834880
1307516294313451521
1307516435103711232
1307516449876070400
1307516458839076864
1307516476564344832
1307516484097372160
1307516555790610432
1307516760120348672
1307516777228832768
1307516799404126208
1307517020519493632
1307517040857698304
1307517101360517136
1307517149963931652
1307517205450559489
1307517209082822657
1307517247263514625
1307517336560250882
1307517427907883010
1307517440700579840
1307517494916247562
1307517499529990148
1307517561127473155
1307517721727373313
1307517729503617025
1307517947737452544
1307518027102072837
1307518200058392576
1307518270325440519
1307518367566266371
1307518405734359040
1307518500106375170
1307518571728252930
1307518623313993730
1307518639558586368
1307518720865116161
1307518823319261184
1307518850078998528
1307519171501191170
1307519504323350528
1307519533461061632
1307519596317073409
1307519635022065664
1307520205057413120
1307520221293412353
1307520255548428289
1307520309512359936
1307520342345297920
1307520426558418946
1307520426529173504
1307520476739244035
1307520497886863360
1307520515578318849
1307520867849641987
1307520941673590786
1307521210268352513
1307521295115071488
1307521323766370306
1307521334872805376
1307521382360649730
1307521412307890178
1307521478523584515
1307521505782161409
1307521533204525056
1307521746887606272
1307521768698118154
1307521822573953029
1307521912105390085
1307521952786022400
1307521961925513217
1307522037590654978
1307522142032941056
1307522187935576065
1307522196282191872
1307522246978625536
1307522310128181251
1307522411491885056
1307522630182998016
1307522709006376962
1307522719920123905
1307522755718516738
1307522968772321280
1307522980206071817
1307523052725567489
1307523080600813568
1307523120018763776
1307523190089023500
1307523200025272323
1307523283076644867
1307523312034164739
1307523338768535554
1307523387800125440
1307523470872530944
1307523581979615232
1307523949878673409
1307523987875016705
1307524088445927425
1307524175993552896
1307524368600313856
1307524372752670721
1307524373872619521
1307524436627685376
1307524439987421184
1307524540893810689
1307524780283887618
1307524920990146570
1307524989256699904
1307525043744899072
1307525195528376320
1307525305037254657
1307525349756948481
1307525484243083265
1307525540539248643
1307525559791091716
1307525563960131584
1307525741773553664
1307525988721602560
1307526073043877894
1307526076537737216
1307526113900531717
1307526142727839748
1307526181026181120
1307526201565761536
1307526542788943872
1307526570911952905
1307526675912032256
1307526721709780999
1307526885677641729
1307526924189790209
1307526935111704576
1307527065797832705
1307527091601043456
1307527124912283648
1307527167580856321
1307527518212296705
1307527522460995584
1307527598432546816
1307527616426057730
1307527635967254528
1307527641621311488
1307527795883405312
1307527829714862086
1307527846114463744
1307527850745040896
1307528039446781959
1307528068668555266
1307528244917346307
1307528301037195264
1307528420935569408
1307528608941043713
1307528765220810752
1307528814742908931
1307528843951996929
1307528918912696321
1307528975342862336
1307529033752641536
1307529121556201472
1307529196181176321
1307529398854266881
1307529436284231680
1307529523362103297
1307529591356096512
1307529811175395328
1307529833723973633
1307801701668335618
1307801718189686784
1307801913816043520
1307801998654353408
1307802065679212545
1307802094850707457
1307802100668280832
1307802124953300993
1307802220314931200
1307802260102053889
1307802347754618883
1307802405040525313
1307802497139044352
1307802589594091526
1307802723501461504
1307802812395511810
1307802816371552257
1307802878573031424
1307802924714778624
1307802954657923072
1307803030897782787
1307803060245164032
1307803110371471363
1307803400076107777
1307803446112854022
1307803550727237632
1307803567193903105
1307803604565340162
1307803618343559168
1307803638945861632
1307803664594149382
1307803733301096448
1307803785943805957
1307803789232082944
1307804120301142024
1307804159245074433
1307804196381499393
1307804212814807042
1307804266971697152
1307804296570863616
1307804306028912640
1307804389080522752
1307804627468005378
1307804650029092870
1307804683680047104
1307804925213237249
1307805282777657344
1307805467176034309
1307805475606417409
1307805475786887168
1307805714224746497
1307805722768441346
1307805845980426245
1307806068454510593
1307806096946589697
1307806259144544256
1307806310637989889
1307806376928915460
1307806411603181570
1307806415021576192
1307806545644785671
1307806672052785152
1307806906795294728
1307806947048128512
1307807002308075522
1307807035426140160
1307807103512346625
1307807300028190724
1307807308815183874
1307807317354852355
1307807496321617921
1307807576331939841
1307807681168707584
1307807693659201536
1307807722965008384
1307807794389803009
1307807844633382913
1307807845014888448
1307807862299791360
1307807954708488197
1307808000627945472
1307808008735514624
1307808286326972417
1307808479361425408
1307808494930755584
1307808511624122381
1307808740398297088
1307808810891988992
1307808834841444353
1307809028328882178
1307809044472758273
1307809157949591553
1307809523080540161
1307809616861057024
1307809770129285120
1307809821115191298
1307810256723025922
1307810260741218307
1307810408456245255
1307810549984526336
1307810572042469377
1307810776216997888
1307810786031665159
1307810847968751616
1307811058984214529
1307811100491157504
1307811151640698880
1307811175959273472
1307811255885991938
1307811355622244357
1307811384630050818
1307811477672263680
1307811503886737410
1307811591602151424
1307811675056136192
1307811717708042241
1307811755549233154
1307811826239823872
1307811880342368260
1307812028023701504
1307812028678053889
1307812074110824448
1307812111301505024
1307812157854228480
1307812256994988032
1307812308274630658
1307812324619689984
1307812464076238857
1307812470795370498
1307812492727390208
1307812560490684417
1307812567960768512
1307812594112176128
1307812631227461632
1307812680594583552
1307812765730512901
1307812778422435845
1307812882919325696
1307812991774191618
1307813016851877889
1307813092550737921
1307813284914044935
1307813357227896832
1307813410264948736
1307813486827900928
1307813579522035712
1307813641849155584
1307813754651004929
1307813796988112896
1307813880186376192
1307813897932505088
1307813928311820288
1307813980723765248
1307814015788183552
1307814136366206977
1307814137137827840
1307814329375485952
1307814342625296385
1307814556295745537
1307814572578009088
1307814752199086087
1307814752786108417
1307814774118461441
1307815159889616896
1307815289640321025
1307815333407920128
1307815336503197696
1307815382074433538
1307815566925684736
1307815613969117184
1307815714728939522
1307815869146374144
1307815910649016327
1307815926868344834
1307816028752154624
1307816208570486790
1307816369182912512
1307816409808998401
1307816611080843264
1307816628202004481
1307816705121488897
1307529900866310145
1307529922034966530
1307529939235885067
1307530056663797760
1307530127908069377
1307530196837380096
1307530253682835456
1307530278936678404
1307530433173782528
1307530463037227008
1307530590502215680
1307530631174381568
1307530660618403851
1307530666138046464
1307530816361291776
1307530877853937665
1307530991330668544
1307531142191611910
1307531167399378945
1307531222499827713
1307531490331209739
1307531706375770119
1307531804182802432
1307531840484376576
1307532130226900993
1307532359713996800
1307532388977664001
1307532635170680832
1307532799130431488
1307532821096009729
1307533140228009987
1307533304506331136
1307533589504950274
1307533740277669892
1307533777845936129
1307533786444431360
1307533849254002688
1307533902316285952
1307533956854755328
1307533981802467328
1307534168092418048
1307534197163130880
1307534308781953026
1307534318076600320
1307534339647975425
1307534409835388928
1307534447722590210
1307534758440775680
1307534839529246720
1307534896055820289
1307535231591866370
1307535338663940104
1307535363804737536
1307535523292930048
1307535765983952902
1307535899060707328
1307536037560885248
1307536067445178368
1307536128225030145
1307536207073742853
1307536520543338497
1307536550897614853
1307536621340782593
1307536666891038721
1307536670330441728
1307536856268103680
1307536929756385280
1307536942968508419
1307536989739257858
1307536998606024705
1307537024589737985
1307537221382270978
1307537263954481153
1307537425774735361
1307537569828073472
1307537589109428225
1307537630918254594
1307537909520560128
1307537989212549121
1307538025858117638
1307538066978922496
1307538201939193861
1307538561953128448
1307538576339427328
1307538584753385472
1307538671416082432
1307538771462717440
1307538973200449537
1307538982134116352
1307539010567499777
1307539062035820549
1307539155698823168
1307539237441601536
1307539434443857920
1307539553142468608
1307539614513553410
1307539682666913792
1307539719409020929
1307539850338471936
1307539874824597505
1307539942923476992
1307539998183428097
1307540003078041601
1307540022996996096
1307540358214160385
1307540371208052736
1307540411620249601
1307540417290727424
1307540480637300736
1307540584786264064
1307540881239662592
1307540937422364672
1307540960075800578
1307540980292374529
1307541045161398273
1307541085716185088
1307541138556026880
1307541271314010112
1307541319502508033
1307541368680656896
1307541481444474880
1307541523970568192
1307541826027614208
1307542198364377089
1307542372687974400
1307542445970788352
1307542522546262016
1307542548139978752
1307542577776865282
1307542622357970944
1307542737068142592
1307542820014772224
1307542866193940480
1307543075401723906
1307543081491759104
1307543104669573120
1307543156339159040
1307543369560854528
1307543394948964352
1307543780229353472
1307543813242720257
1307543870511755267
1307543952111710209
1307544020890071040
1307544207687643136
1307544335571980288
1307544472562077696
1307544495551139840
1307545092564029441
1307545114789777408
1307545206514806786
1307545579552157699
1307545601018478594
1307545761404596225
1307545777904873477
1307546066930135040
1307546096416296961
1307546156667269120
1307546327505657856
1307546637766733824
1307546655525187585
1307546744071180288
1307546892465659904
1307547342032183296
1307547447435186176
1307547482788892672
1307547483841519618
1307547589622083588
1307547870611017733
1307547949128396801
1307548022906200064
1307548079437086727
1307548097875185664
1307548163516100611
1307548485076439040
1307548517846716416
1307548586130001920
1307548751771312128
1307548959553052672
1307549002167066624
1307549299035660288
1307549461498007553
1307549520180412417
1307549695573733376
1307549759465336832
1307549762183458817
1307549782303412225
1307549916001046528
1307550110302310400
1307550117218508800
1307550277902499840
1307550549055684608
1307550668136288256
1307550688424017920
1307550716588961792
1307550761329410049
1307550811241639937
1307551050329739264
1307551132403736579
1307551521467518981
1307551545584570368
1307551646394667009
1307551717119135747
1307551805035827200
1307551919729119232
1307552101946527744
1307552136570445825
1307552257609621504
1307552456369418242
1307552540284788738
1307552758661222400
1307552815502352386
1307552825212391432
1307552902987341826
1307552970611937280
1307553023342727168
1307553086844542976
1307553105207341056
1307553206751432705
1307553220235898881
1307553243615186946
1307553355540107265
1307553360711692289
1307553438490787840
1307553545890279424
1307553598709141506
1307553801918914561
1307553970894692352
1307554023784898560
1307554233772777478
1307554272595398656
1307554285190774784
1307554309601624064
1307554404883726341
1307554411460399104
1307554520927318016
1307554650049183744
1307554671712755712
1307554850780176384
1307554949337817090
1307555043722309633
1307555081412378625
1307555300174630912
1307555306260619264
1307555314263355393
1307555393795772418
1307555484531077120
1307555589279547392
1307555701217136640
1307555972517421058
1307555986882789377
1307556079438565376
1307556109666918400
1307556130919387137
1307556155527434244
1307556227900080128
1307556232358629381
1307556396980776960
1307556481475244034
1307556567815016449
1307556799671922689
1307556824393031681
1307556866990497794
1307556923764436992
1307556924888625152
1307557150626119686
1307557530755719168
1307557573332099073
1307557717855342592
1307557738571075586
1307557775548051459
1307557859878559748
1307557877230436352
1307557903247831040
1307557926408658944
1307558102900695040
1307558198770110465
1307558207364104193
1307558247440605184
1307558324783796224
1307558406635610117
1307558488470482944
1307558504421441539
1307558533399969792
1307558685615493121
1307558718284984320
1307558969716559872
1307559254883209218
1307559383161683969
1307559491563671553
1307559531849953283
1307559738037633024
1307559854563827713
1307559866806882304
1307559990534664193
1307635805243035650
1307635929893478400
1307636061762465794
1307636349873410048
1307636353669226496
1307636487299760128
1307636677574299649
1307636739700391936
1307636750429323269
1307636993640337408
1307637050385018882
1307637118416678917
1307637247764766720
1307637324814131206
1307637597049683969
1307637672043786241
1307637710765649920
1307637839098675202
1307637853023805440
1307637869075484678
1307637928999489536
1307638254267703297
1307638633999073281
1307638675526868993
1307638731336306688
1307638914174332929
1307639157989220352
1307639495437688833
1307639561292591106
1307639754482241537
1307640068790726656
1307640159387684866
1307640169135251456
1307640190605963270
1307640314996371456
1307640448668897281
1307640454641520640
1307640759932399618
1307640993798402048
1307641061918085120
1307641198350397440
1307641234001932290
1307641265220194304
1307641316973576192
1307641448771325954
1307641576093556738
1307641683606110208
1307641733245698050
1307641767215407106
1307641890540576771
1307642243545612290
1307642559553040384
1307642616880668672
1307642789233074176
1307642791074230272
1307642878621958147
1307643254515654656
1307643325969838082
1307643452499333120
1307643486825455617
1307643626110029824
1307643755063906305
1307643764605956097
1307643807576588288
1307644011663032321
1307644065660514304
1307644067233357824
1307644188377391104
1307644236645494789
1307644384566009856
1307644435711365122
1307644470800732163
1307644486986629120
1307644511217164288
1307644585104080896
1307644602342453249
1307644621175091201
1307645126651633664
1307645178434523136
1307645296265043969
1307645473365336065
1307645525521584128
1307645660972216321
1307645783471058954
1307645842824851456
1307646113407787011
1307646205397262343
1307646243447988225
1307646314151198720
1307646486851784706
1307646762845306880
1307646797372968962
1307646986674483200
1307647006526124033
1307647044149014528
1307647059974139904
1307647237766492160
1307647245274230785
1307647543451488257
1307647711710244864
1307647795663450115
1307647928186540034
1307647932896866308
1307648093349765120
1307648146345000963
1307648228502966275
1307648284819779585
1307648459114242049
1307648513975758850
1307648524075573254
1307648608959950853
1307648629289766912
1307648713041391616
1307648908370341889
1307648976762490882
1307649023860408320
1307649144547278849
1307649224645980161
1307649464463654912
1307649518624677888
1307649524102557697
1307649537276669953
1307649540976238593
1307649598928887812
1307649695964180485
1307649719674515456
1307649789270454274
1307649992434352128
1307650000126648321
1307650002471313415
1307650078077841408
1307650184977866752
1307650188421537793
1307650207761469440
1307650247900921857
1307650262329249794
1307650296370388993
1307650298031341574
1307650433096323077
1307650440641892353
1307650488679227396
1307650601950609413
1307560820407107585
1307561002083463169
1307561168001617920
1307561234246426625
1307561338089156608
1307561471711145984
1307561494142504966
1307561770073038848
1307562025539706881
1307562122797346816
1307562237167505410
1307562251713499138
1307562347674779649
1307562481145896960
1307562530554802176
1307562596053073922
1307562777834258433
1307562814798737408
1307562931916242944
1307563015303294982
1307563101676384259
1307563135398588419
1307563138355617794
1307563163785797634
1307563199215009793
1307563486755643395
1307563672324239360
1307563813873553410
1307563834677235717
1307563861898416131
1307563900917788672
1307563954219216902
1307564010880065537
1307564312068861952
1307564658413506560
1307564902182051840
1307565073238577152
1307565267220942848
1307565268969775105
1307565340176642052
1307565465909166081
1307565485278593028
1307565495046946817
1307565555671588864
1307565594431152128
1307565647673659392
1307565709598355456
1307565789910892546
1307565790464413701
1307565852577984512
1307565867509710848
1307565983117131776
1307566018282299392
1307566377553756160
1307566442724749312
1307566528758452237
1307566563466383360
1307566567287222273
1307566879641423873
1307566934959878144
1307567122114019330
1307567194344009728
1307567338460532736
1307567683030802432
1307567712437067777
1307567775192285184
1307567899243151362
1307567977978630144
1307568263509864448
1307568566980481024
1307568675101249536
1307568683657474049
1307568684206944257
1307568709733580802
1307569179462164481
1307569189247479808
1307569231320346624
1307569391618469890
1307569430449225728
1307569449000558592
1307569514066915335
1307569694363103232
1307569861091110912
1307570033820868610
1307570082063683586
1307570147033411584
1307570151592570881
1307570311915802624
1307570344270716932
1307570408829251584
1307570480350736384
1307570645698400256
1307570678019878912
1307570785578487808
1307570786249641986
1307571041535811584
1307571156510298117
1307571189662060544
1307571215788380160
1307571421036544000
1307571445246185472
1307571590570414080
1307571651479969792
1307572000647413763
1307572139512430592
1307572172605526016
1307572283263737856
1307572451287740416
1307572593264742402
1307572697447178240
1307572780125184001
1307572893958705152
1307572988816969728
1307573041988329472
1307573078554103808
1307573303519907852
1307573477688270850
1307573580373188609
1307573754554273792
1307573757976821761
1307573826855882752
1307574398979837954
1307574427744448518
1307574526285418505
1307574550272507904
1307574579884367873
1307620579881766913
1307620739915354112
1307620948472987650
1307621310583930881
1307621455144812544
1307621521620430849
1307621703917371392
1307622215052136449
1307622314234777605
1307622390638219264
1307622517490814977
1307622544988463105
1307622918247964672
1307622979552063488
1307623234741964800
1307623402992267265
1307623419870150658
1307623550862360576
1307623865623904256
1307623873396039680
1307624393250680832
1307624578655686657
1307624646410407937
1307624913222725632
1307624922462720000
1307624936463306753
1307624992377626625
1307624999021355013
1307625020416557057
1307625070601424899
1307625678779621376
1307625798950625280
1307625843930394624
1307625965707644929
1307625982967402496
1307626208465752065
1307626463143878656
1307626630052024320
1307626744070000640
1307627031396524037
1307627071838052352
1307627131338395649
1307627246266527744
1307627554673553410
1307627571757056010
1307627907326644226
1307627962343317505
1307627993410355201
1307628099341824001
1307628136125755392
1307628136943812610
1307628318901047296
1307628677786673152
1307628796116455426
1307628888189743104
1307628897119416321
1307629373177163777
1307629513992548352
1307629609798701059
1307629751293620225
1307629829542604800
1307630042500018180
1307630291046019072
1307630401205219330
1307630611247529984
1307630723373858817
1307630916869722112
1307630962461814787
1307630989045305344
1307631143638962178
1307631281908453378
1307631463890911232
1307631656061337600
1307632025239605248
1307632065773408261
1307632145649881088
1307632154277445632
1307632193062285313
1307632223571464192
1307632282438692864
1307632288004534274
1307632307759714304
1307632317838635008
1307632593677021186
1307632652216938501
1307632706101096448
1307632840499236864
1307633027988811776
1307633142434496512
1307633330230157312
1307633399176126467
1307633582718869505
1307633694061068289
1307633789796061185
1307633956871864320
1307634066397724673
1307634094549786624
1307634127575740417
1307634194106003456
1307634327279284224
1307634427988639744
1307634580355198977
1307634584939565056
1307634762392064000
1307634808135262209
1307634829048115201
1307634894428729345
1307634981372649472
1307635156711354370
1307635374685147137
1307635519279575040
1307635527408025601
1307635570852663296
1307575506037022728
1307575622525313025
1307575679849033728
1307575827866046466
1307575864079593473
1307575951631540224
1307575996145496064
1307576040500289537
1307576294045966336
1307576492990377984
1307576510442856453
1307576746204475392
1307576751728611328
1307576915000258560
1307577316176883714
1307577492836810758
1307577558096109571
1307577627352293376
1307577685015552001
1307577715277561858
1307577985172561920
1307578018513248257
1307578063287324673
1307578108736925696
1307578140504412160
1307578162856026112
1307578577727217668
1307578679879401472
1307578925581766657
1307578980946632704
1307579102015217664
1307579221674545152
1307579228674641921
1307579239097667585
1307579487564029952
1307579742153895936
1307579786852741120
1307579902229700608
1307579923972763648
1307580007976443904
1307580068072321025
1307580430208528384
1307580825433759745
1307580841049165825
1307581153671487488
1307581426045386752
1307581541774692353
1307581577346646016
1307581620115984384
1307581768745320454
1307581794246520833
1307581949352050693
1307582005371076608
1307582040691310597
1307582235386818561
1307582549519036424
1307582565822283777
1307582751713890304
1307582762262634498
1307582999572094977
1307583104673030145
1307583523621019648
1307583650175873024
1307583829767405568
1307583869797847040
1307583901804748802
1307583966975873025
1307584011141865472
1307584082872684544
1307584161977438212
1307584289194745856
1307584339463548930
1307584371512147968
1307584454588641281
1307584468564271106
1307584514118447105
1307584588785483781
1307584683367170048
1307584694070857728
1307585035671728128
1307585149639385091
1307585203859107842
1307585237896044544
1307585313653497856
1307585361355431947
1307585631120359426
1307585713685311490
1307586027146670080
1307586194385985536
1307586325374275587
1307586469540880385
1307586624566341632
1307586700110159875
1307586968893546496
1307587430573395972
1307587512370524162
1307587570486788096
1307587603823079425
1307587702565478400
1307587825374818306
1307587945361154049
1307588333061779466
1307588440494673921
1307588621818621957
1307588728664272896
1307589290306736128
1307589413707317251
1307589431629504513
1307589754075009024
1307590039740641280
1307590161262350344
1307605399437279233
1307605541431259137
1307605997461139457
1307606072832790528
1307606248242786304
1307606272892690433
1307606291246796800
1307606365385363456
1307606545723686913
1307606750493896709
1307607001388777473
1307607155441311751
1307607190878871552
1307607214299836416
1307607242682912768
1307607299280850944
1307608198472437761
1307608221511610370
1307608346854215680
1307608546457120768
1307609126051160064
1307609367638929419
1307609399012265984
1307609713090211841
1307609915171708928
1307610019119198214
1307610165613678594
1307610264951349248
1307610345150672897
1307610391552417792
1307610452608847872
1307610793559687170
1307611001316089856
1307611034329513984
1307611495383986176
1307611782060498945
1307611815497601025
1307612060025454592
1307612213109088256
1307612650776547328
1307612665653714944
1307613027202523141
1307613388491509760
1307613855560892417
1307613867330220033
1307614292624146433
1307614445003210752
1307615150862741505
1307615184534622208
1307615353850208257
1307615407717650432
1307615706113073152
1307615959482499072
1307616343630512128
1307616563567222784
1307616686409945088
1307616749358063616
1307616766655434753
1307616777946517505
1307617047250120704
1307617132407029760
1307617897594974213
1307618107180097537
1307618181238763520
1307618300558540800
1307618363678564352
1307618381139386369
1307618525062856704
1307618560001404928
1307618834241785856
1307618997102407684
1307619061031993345
1307619323134050304
1307619749342384128
1307620208677445634
1307620441771642881
1307620446741893120
1307620460469932032
1307620461967282176
1307590325628796928
1307590365126352896
1307590404125134853
1307590489806458883
1307590497238749186
1307590535109017600
1307590556575563777
1307590826420248577
1307591072709828608
1307591305137192961
1307591340268584961
1307591530924838914
1307592879410262018
1307592887127994371
1307593079512354816
1307593363009548288
1307593594635599872
1307593649249808388
1307593679041753088
1307593865038385152
1307593948131741696
1307594102389735424
1307594302126604288
1307594933675741184
1307594989812285442
1307595166719643648
1307595386664747008
1307595466746425345
1307595537294614528
1307595631297527808
1307595866987991041
1307596138590003200
1307596192134524929
1307596274590416898
1307596304198098945
1307596762832658433
1307597120426446850
1307597129767026694
1307597132971507714
1307597296658534401
1307597436609855489
1307597664784191489
1307598028392464385
1307598073862922240
1307598672977252352
1307598880956186625
1307598901755539457
1307598938107592705
1307599101484322823
1307599177682018305
1307599335216033792
1307599639575695361
1307599745607544833
1307599921097310210
1307600012428242944
1307600308869029888
1307600346437607425
1307600382382600193
1307600498267226116
1307600605544722432
1307600869584666624
1307601156571422720
1307601186422427649
1307601271839428608
1307601297303048192
1307601710412689408
1307601809528233984
1307602004768890883
1307602248629796864
1307602354229989377
1307602604822851584
1307603739981864961
1307603933884416000
1307604014217879552
1307604422860500992
1307604451025248256
1307604612594139137
1307605069576261635