1307831924300419078
1307831925080494080
1307832067053563905
1307832136968400899
1307832193054584832
1307832215280275459
1307832385661214725
1307832397900189698
1307832452870742016
1307832474081333250
1307832529811132418
1307832579031138305
1307832620986912769
1307832696589217796
1307832898154790913
1307832907508187140
1307832988965666821
1307833108889251848
1307833262908284930
1307833400892497920
1307833414465122304
1307833496984080385
1307833515279437824
1307833535894446081
1307833559827259393
1307833917337006080
1307833989147717632
1307834197550145537
1307834235215060993
1307834239686184969
1307834264336175104
1307834332061593602
1307834466363158529
1307834591827210240
1307834715295092738
1307834739668258818
1307834755468189698
1307834828348366848
1307834894043807744
1307834911072464896
1307835074314895366
1307835146842890240
1307835226190680065
1307835309913235461
1307835372693409794
1307835448212049920
1307835529959006208
1307835535776415744
1307835544139751425
1307835729075077120
1307835792593768448
1307835944557580288
1307836048333041669
1307836056234938368
1307836114674184193
1307836127785689089
1307836139823394822
1307836141220048896
1307836145003266048
1307836232278433794
1307836303837483008
1307836547031535622
1307836625888698369
1307836664773971969
1307836744889446410
1307836770495598592
1307836839873708038
1307836898686140417
1307836946975162369
1307837120824766464
1307837141934845952
1307837193512194051
1307837247455137795
1307837470508285955
1307837755259584513
1307837825547735045
1307837889779245057
1307837902597115905
1307838111490211840
1307838136052076544
1307838161746190336
1307838167240847360
1307838203152527360
1307838261902147584
1307838426276921346
1307838483646550016
1307838531331522560
1307838740430237697
1307838850069397504
1307838900828807168
1307839042789105665
1307839138096349184
1307839152226840577
1307839169134317575
1307839197919817728
1307839437103984640
1307839474534150144
1307839554473295872
1307839554376925191
1307839928278093824
1307839935727116288
1307840003729485827
1307840041046212614
1307840081865175041
1307840083886776320
1307840385721315328
1307840455741243394
1307840473348927488
1307840593670877184
1307840620451565568
1307840728853286912
1307840874894815232
1307840892510892033
1307841131829506049
1307841196228784130
1307841290495819777
1307841449514250240
1307841537569681408
1307841592171126785
1307841714439294982
1307841970778320897
1307842000155226114
1307842095667990529
1307842150667816960
1307842250777546760
1307842351658827776
1307842457342799879
1307842519313588225
1307842633386151936
1307842704555094017
1307842850340712448
1307842913129377792
1307843076690448385
1307843136253812737
1307843186199535616
1307843186572906498
1307843245263564800
1307843290813919232
1307843408002719749
1307843418228363264
1307843504941535233
1307843648655175681
1307843791253123079
1307843849520377856
1307843913328328706
1307843988154707968
1307844016596189184
1307844201455824897
1307844245009694720
1307844267944095744
1307844327452835840
1307844351591096322
1307844389398609921
1307844418955874305
1307844533191880704
1307844557623746565
1307844667967324160
1307844687923998724
1307844701504987136
1307844856018948096
1307844888671784960
1307844986571030528
1307844998092787714
1307845203600920576
1307845241706340358
1307845283481554945
1307845296161009665
1307845346035458049
1307845350145830913
1307845425869840387
1307845467598970880
1307845476582973440
1307845589204426752
1307845597357957120
1307845632648937475
1307845673967128578
1307845702920409088
1307845745731604480
1307845853550391298
1307845895980019713
1307845920487354374
1307846076418994176
1307846139031547904
1307846190118076416
1307846206186348544
1307846306732310528
1307846374260498432
1307846482679271424
1307846537846943744
1307846555504906240
1307846574723145728
1307846621049303040
1307846696899141632
1307846709750435840
1307846772304359424
1307846794135572481
1307846814759092224
1307846886435491840
1307846901740589056
1307846935915757569
1308179329730437122
1308179510639161344
1308179544185212928
1308179583334744072
1308179599348715522
1308179628259971072
1308179834376314881
1308179955210162176
1308180046943846401
1308180055542071296
1308180101805281281
1308180127273029632
1308180547718516736
1308180680631898113
1308180697685938181
1308180815239671814
1308180898228195328
1308181036807856128
1308181172082573313
1308181259210891265
1308181356451696640
1308181380862480387
1308181657640468480
1308181703840665600
1308181935693291520
1308181990009638915
1308182005721509888
1308182089695723521
1308182167193751552
1308182363265019911
1308182380860051457
1308182413986594816
1308182450263162880
1308182488813056001
1308182551480107008
1308182585479102465
1308182697731264512
1308182739972239360
1308182916917342213
1308182925373059072
1308182925406597120
1308182951155257344
1308183000006393857
1308183050392612865
1308183161226969089
1308183180835348480
1308183352705458176
1308183629080621057
1308183671489409024
1308183902599565313
1308183973542195201
1308184032337891329
1308184057340194817
1308184086851153920
1308184149325262848
1308184221865979905
1308184319257583617
1308184342171131904
1308184401797283840
1308184640788795395
1308184657595305984
1308184682694094850
1308184757700829185
1308184817129975809
1308185172421103622
1308185441741361153
1308185454467002368
1308185491867533312
1308185575594262528
1308185651758739457
1308185713569980422
1308185802212618241
1308185805198897153
1308185849025236992
1308185956885954567
1308186120954556417
1308186167024726016
1308186188952621057
1308186390560223233
1308186716625395717
1308186738066628609
1308186742126571521
1308186783104991234
1308186826289508352
1308186876126392320
1308187071853535239
1308187081521455106
1308187279018647553
1308187349231247361
1308187497218924545
1308187581297942529
1308187597554974722
1308187634787901440
1308187672658223107
1308187694791569409
1308187731579801600
1308187819009949697
1308187828975738880
1308187916338892804
1308187971657461760
1308188072341770240
1308188164004237313
1308188184749248512
1308188294187044870
1308188378135965697
1308188721078915072
1308188750200016897
1308188965585911808
1308189212169179137
1308189295463759877
1308189316682674176
1308189480281665541
1308189506412122113
1308189522543480834
1308189526909620224
1308189556542517254
1308189558522220544
1308189574028550144
1308189631096279040
1308189631775608832
1308189866245517312
1308189883400433664
1308189892363669505
1308190056398467073
1308190243749851143
1308190403061927936
1308190458183667712
1308190508703985665
1308190513246347264
1308190706234732544
1308190726090567680
1308190806663204864
1308190827768950785
1308190848396468225
1308190849881210881
1308191048930414598
1308191061857239041
1308191087727726597
1308191138008846336
1308191217595961344
1308191380238413824
1308191401352421377
1308191506365374466
1308191627865993216
1308191662620004353
1308191682698121217
1308192034625409024
1308192145069793285
1308192295892799488
1308192472028393472
1308192750383239168
1308192768431460365
1308192878380961792
1308192928100052993
1308192979706933249
1308193092420460544
1308193116541906944
1308193242752536576
1308193268266676224
1308193389599510529
1308193406305415168
1308193444368654336
1308193603466993664
1308193805133283337
1308193813928783874
1308194027204993024
1308118941068193792
1308118946030157831
1308118991399837696
1308119032516603904
1308119142910877696
1308119369323556864
1308119507047723011
1308119528832790528
1308119703534161920
1308119730037731328
1308119750841634821
1308119754410881024
1308119804209922049
1308119886145769473
1308119913572134913
1308120044329676805
1308120158137987075
1308120178195038208
1308120216094769153
1308120224273637376
1308120228748984320
1308120338501337088
1308120346269286401
1308120601979228161
1308120694031609857
1308120866862125059
1308120883303768068
1308120921350311936
1308120966778646529
1308121000652013571
1308121109359988736
1308121186023485440
1308121286246367232
1308121325521625088
1308121359420186626
1308121475359019009
1308121609475993601
1308121613171388416
1308121643324063744
1308121759166726147
1308121893250248704
1308122023638568960
1308122090625576960
1308122175086395393
1308122454955618304
1308122465747578891
1308122527777148934
1308122531539243009
1308122612527058945
1308122648434663426
1308122754630156291
1308122770417618945
1308122925816582145
1308122997946028034
1308123148303335425
1308123315144396803
1308123357905264640
1308123432433971202
1308123486754398208
1308123541896749056
1308123597140103168
1308123643214520320
1308123689184038912
1308123727113195523
1308123828065837061
1308123847875584001
1308124158505758721
1308124208531156992
1308124382091386880
1308124447673643008
1308124482863796224
1308124544838889473
1308124628754276353
1308124867435401216
1308124946447597573
1308124994661212161
1308125056841678848
1308125118745456642
1308125207224221696
1308125219320745985
1308125299591307264
1308125329727410178
1308125333216952321
1308125638944063494
1308125655222149120
1308125668299898882
1308125728123355136
1308125760360644608
1308125810629500936
1308126808676732929
1308126809188433921
1308126835151118337
1308126968576176135
1308127104119255040
1308127257437843456
1308127291155910668
1308127304028217352
1308127347330240513
1308127594437459968
1308127618793865216
1308127652738408448
1308127665891749894
1308128030108332042
1308128303438495748
1308128340759502851
1308128381792378882
1308128424251228160
1308128651234471938
1308128721421979650
1308128836714889217
1308128914758397953
1308129032597241857
1308129056957829122
1308129220795789312
1308129330623586307
1308129397346504704
1308129422399008768
1308129426337599488
1308129447057522688
1308129468125458432
1308129510261493762
1308129610685730819
1308129682748039169
1308129711051210753
1308129817322119173
1308129866878005249
1308129900470165511
1308129916752461833
1308130148831703040
1308130165218783239
1308130173087178753
1308130319699079169
1308130395913957378
1308130450183827457
1308130513673101312
1308130584829534208
1308130606015021057
1308131002263449604
1308131066667040768
1308131217276047367
1308131225614405632
1308131268442255360
1308131615357505536
1308131729899544576
1308131741983559681
1308131763185758209
1308131810119909376
1308131821473988608
1308132085475938304
1308132182939127808
1308132208004210688
1308132215394631681
1308132224269783041
1308132346785402882
1308132359045345281
1308132384039202820
1308132518378352640
1308132596795269120
1308132635731005441
1308132672774967302
1308132698825859081
1308132702852349953
1308132718962761732
1308132722351763460
1308132828811591681
1308132929223241728
1308132962819624962
1308133096101941250
1308133155568783360
1308133176058019840
1308133197465616384
1308133205137129472
1308133264465432578
1308133508083310601
1308133622105493512
1308133859645509632
1308148983924248585
1308148988906860544
1308149152048578560
1308149312044576770
1308149466659078144
1308149480546426880
1308149722746679299
1308149929026686977
1308149929127235584
1308150003634823169
1308150318425878529
1308150386025541650
1308150411682107397
1308150477507440641
1308150503654686720
1308150519534247936
1308150636261892096
1308150774778810368
1308150981914435585
1308151324777820160
1308151370881601536
1308151404125736967
1308151425843843073
1308151434110816256
1308151539291226112
1308151573344731136
1308151652713549824
1308151668639444993
1308151718715170816
1308151803092049921
1308151975259836417
1308152004351422464
1308152016544251904
1308152024903581696
1308152142067150848
1308152143564730369
1308152220148477953
1308152303006908417
1308152307062837248
1308152361576206342
1308152478173728769
1308152524344643591
1308152605068189698
1308152705014263808
1308152737826312194
1308152855719800832
1308152893900349446
1308152906907090946
1308152914225975296
1308152923042525185
1308152998242193408
1308153036288655360
1308153073932668936
1308153150402998274
1308153313460969472
1308153371413622786
1308153509527859207
1308153543505960963
1308153740357177344
1308153795822710784
1308153915129638914
1308154047262871557
1308154240272130050
1308154273155493889
1308154492576174080
1308154507998760962
1308154650366013443
1308154658964279299
1308154706393534469
1308154710503968772
1308154710784794624
1308154731655725062
1308154734642188289
1308154823850811394
1308154878196416512
1308154975273586691
1308154986707193856
1308155109210234880
1308155211341541376
1308155300567027722
1308155488325054464
1308155503072215040
1308155577445412865
1308155578552705024
1308155606642163713
1308155650069979137
1308155667186937858
1308155728708993030
1308155767007174656
1308155854466756610
1308155858715643906
1308155955104886784
1308156026341003264
1308156090115334147
1308156233078185984
1308156472623153152
1308156483566284804
1308156521671544832
1308156530160791554
1308156640110292994
1308156664512536577
1308156736428179465
1308156795446341632
1308156883870478336
1308156895040069632
1308156913725603840
1308157011872358401
1308157192311320582
1308157273487835136
1308157365041201152
1308157419047071749
1308157423060877312
1308157503482593280
1308157553889685506
1308157624999911424
1308157724895580161
1308157868215087104
1308158212080836615
1308158338446680064
1308158439013494784
1308158496563761153
1308158497763340290
1308158527169593345
1308158589375262720
1308158598044946432
1308158639224631306
1308158706991927296
1308158798897598467
1308158857605271566
1308158867520585729
1308159025213734918
1308159248686350338
1308159331817357314
1308159530639925249
1308159647199698946
1308159651587002374
1308159693253009408
1308159793081864198
1308159914871668736
1308159918508138496
1308159918545879040
1308160289020542977
1308160461095890945
1308160673583566849
1308160774750248966
1308160795977678848
1308160900491341824
1308160992770105344
1308161227437363200
1308161239948894208
1308161290251108352
1308161315559673860
1308161319447793669
1308161370681090048
1308161425051996161
1308161575812038657
1308161635572314114
1308161684712820736
1308162075601010688
1308162087818989568
1308162100968202240
1308162116344598529
1308162415192870913
1308162427897417733
1308162473539727361
1308162502643994624
1308162537574330368
1308162574408613889
1308162636652195841
1308162797562454022
1308162843028721664
1308163001766166528
1308163009777463296
1308163014902689792
1308163018296000512
1308163224244809729
1308163338250133505
1308163404977319938
1308163661249368065
1308163673941143552
1308163719843766273
1308163819185860609
1308163825112412161
1308163829335908353
1308163891440963584
1308163991907246080
1308164000547581954
1308133940545368072
1308134020400771072
1308134035437256709
1308134242912817152
1308134358486716418
1308134392502591498
1308134413742403584
1308134513776574464
1308134534567940096
1308134645167316992
1308134782786777094
1308134824142667781
1308134850797473793
1308134904689876992
1308134954790981633
1308134963494223873
1308135219870998528
1308135222479859713
1308135289446113287
1308135387383046144
1308135400435638272
1308135520950800386
1308135642488995840
1308135680946696193
1308135819169931269
1308135865881772032
1308136082861625344
1308136100255293440
1308136145948233729
1308136163253739520
1308136213006565376
1308136255214039046
1308136275636097025
1308136278991413248
1308136376421015552
1308136419437752320
1308136426270318592
1308136556373434369
1308136602883862528
1308136833688252423
1308136914176925705
1308137064752230400
1308137304096231425
1308137312077967360
1308137340712480768
1308137416839122944
1308137425076617217
1308137542575730689
1308137563392270336
1308137576331644930
1308137605339312128
1308137615095455745
1308137648586985473
1308137731348889603
1308137773157711874
1308137857744277510
1308137962425679880
1308138079413325832
1308138171796987906
1308138210288193537
1308138276386148352
1308138351392940033
1308138386478321664
1308138386578747392
1308138596390637581
1308138645556260864
1308138680129908742
1308138943246983168
1308138959806005254
1308139203910406144
1308139351084339204
1308139401550192643
1308139464619941888
1308139517568856064
1308139530734592001
1308139927943761920
1308139934205775872
1308139959153561602
1308140176624037891
1308140213915525120
1308140218084741126
1308140307167563776
1308140328357187585
1308140336464752643
1308140399706255361
1308140549979942915
1308140583324532741
1308140651012173824
1308140851655307265
1308140949101596672
1308141116559183876
1308141132992442370
1308141274998992897
1308141326014111745
1308141494432395264
1308141548283060225
1308141556650647552
1308141573742489609
1308141803439259649
1308141804655697921
1308141879653957633
1308141954484502529
1308141988785598470
1308142170252161031
1308142298954252288
1308142365694066689
1308142369875714049
1308142400834080772
1308142634771165184
1308142651263209472
1308142663342809089
1308142668153630720
1308142688340934656
1308142689985191936
1308142731814936576
1308142802165997569
1308142815189311489
1308142881719422977
1308142937226850306
1308142995342983168
1308143071310225408
1308143087877648384
1308143099290546176
1308143112045248514
1308143129799856134
1308143264004931584
1308143293482500096
1308143325979922432
1308143355428175872
1308143430762143744
1308143616511148032
1308143653215498241
1308143742205882368
1308143775424929792
1308143884049027078
1308143952135106560
1308144169022402560
1308144190992375808
1308144223820996609
1308144290703572992
1308144291169079297
1308144426619940865
1308144659605012480
1308144698503159811
1308144954485637126
1308145004045631488
1308145012635578369
1308145037616861184
1308145075646599175
1308145096718716929
1308145159373164544
1308145534004322305
1308145591093022721
1308145612714659843
1308145645367234567
1308145761813696514
1308145825529430018
1308145898304819202
1308146010976329731
1308146023991308290
1308146099383930880
1308146154140561416
1308146182233956352
1308146258285133826
1308146459481698304
1308146534878511105
1308146707801268225
1308146875409870850
1308146899589890048
1308146924994940935
1308146929424097280
1308147152841879552
1308147201462370304
1308147328121999362
1308147377551929344
1308147386548498432
1308147415396970496
1308147416021966853
1308147516555264006
1308147637686853638
1308147734780628992
1308147990536826886
1308148170753323008
1308148187153289216
1308148204454768647
1308148301561237505
1308148312172892161
1308148392787349504
1308148452057067522
1308148497926025218
1308148611339808768
1308148670135640085
1308148736988766208
1308148854777434112
1308148871068102656
1308164533584908288
1308164654791897089
1308164902205489152
1308164982119362561
1308165015711621120
1308165016219275264
1308165115221508097
1308165136713220097
1308165216669032448
1308165362693922818
1308165401818300416
1308165405358268416
1308165447070748673
1308165451306930183
1308165640981798913
1308165690935914496
1308165707817984002
1308165707872387072
1308165741292773376
1308165775505666050
1308165828240715777
1308165852894818304
1308165930392989697
1308165934918455297
1308165960109494272
1308166038446456832
1308166257754079237
1308166332001681409
1308166429368295430
1308166474306146305
1308166806906056705
1308166815135207426
1308166855920685058
1308166881975644161
1308166953375334401
1308166981804326917
1308167054210535424
1308167145159761920
1308167162415034369
1308167292513992704
1308167305923145729
1308167472730771466
1308167527395016704
1308167582743179265
1308167775433625600
1308167867171581953
1308167975812444160
1308168026714447872
1308168248333086723
1308168290691416066
1308168484736696320
1308168546250158081
1308168673300017154
1308168689523417088
1308168794322464768
1308168912140341248
1308168925197119490
1308168958642712579
1308168978880176130
1308169088691249153
1308169217674342400
1308169239388467201
1308169310263746562
1308169322867589120
1308169411979890690
1308169431583948804
1308169491235381249
1308169552791035907
1308169612379463682
1308169654498725889
1308169656717451265
1308169762925473792
1308169872736616448
1308169909847961600
1308170035345731584
1308170073933258752
1308170136029888515
1308170346852474883
1308170431308988416
1308170438992900097
1308170479920971776
1308170686985170944
1308170697890430976
1308170740454227968
1308170757248151553
1308170761656385536
1308170883127623681
1308170937473396736
1308170996055068672
1308171000522121221
1308171097049833473
1308171357532938245
1308171435173707778
1308171466840649728
1308171486100942848
1308171542124167170
1308171579394850818
1308171629864923137
1308171633949945856
1308171785091928066
1308171805786435586
1308171818554007553
1308171957033209857
1308172003577409536
1308172040646651904
1308172045746933761
1308172116974592000
1308172143209799680
1308172212956884992
1308172267604586496
1308172322889781250
1308172368183992321
1308172388127985666
1308172548891271168
1308172644559314944
1308172686577860609
1308172821244379137
1308172910645968896
1308172930610798592
1308173174165524480
1308173207397191680
1308173214724620290
1308173214703550470
1308173227848597514
1308173333121380357
1308173357074931712
1308173404881682432
1308173420257976320
1308173462549209090
1308173484112125952
1308173508917288960
1308173584142143488
1308173587832922113
1308173635031633920
1308173744733593600
1308173863667154944
1308173885586780160
1308173902301061120
1308174016037912576
1308174027060637696
1308174189174587393
1308174201732370432
1308174205788336129
1308174216920018944
1308174245445406720
1308174296628432896
1308174339494342657
1308174401528094720
1308174625151561730
1308174741744746496
1308174763542458370
1308174963690614785
1308175002169155584
1308175081940701184
1308175102878474240
1308175123099377666
1308175123736739840
1308175127604072451
1308175139796848640
1308175237628997632
1308175249813377024
1308175408999923713
1308175462623977473
1308175492802019331
1308175522065797121
1308175589925421057
1308175667922636800
1308175676919476228
1308175844704165888
1308175845278781440
1308175900844974080
1308175945103224835
1308175957577076736
1308176051059777536
1308176230580211712
1308176251702644743
1308176310930296832
1308176323706335232
1308176403670740993
1308176465452695553
1308176479486906370
1308176503553888262
1308176579432984578
1308176578753499136
1308176596482830336
1308176650430025729
1308176737667346435
1308176755535106048
1308176897868791812
1308176926838870016
1308177236487438337
1308177303931740160
1308177304686862337
1308177761983373312
1308177912147980293
1308177979336519681
1308178013855522816
1308178240872349697
1308178285701074946
1308178345335623683
1308178386775412741
1308178437409050624
1308178479553282048
1308178592678006785
1308178675519586304
1308178693169336321
1308178722395230208
1308178819858288640
1308178914674724871
1308179037416828929
1308179167754715136
1307847078652129281
1307847121295626245
1307847255001620483
1307847385381580803
1307847590680178691
1307847670178947074
1307847729125744643
1307847741972701185
1307847774189256709
1307847930368471041
1307847964296085506
1307848090116857856
1307848131950923776
1307848668737929216
1307848727562944513
1307848844927881216
1307848948695150599
1307848991766437888
1307849025333460995
1307849150449561600
1307849268720545792
1307849288404406277
1307849313981206528
1307849432746999808
1307849512246013952
1307849616323420167
1307849649848496128
1307849662209040384
1307849671637897217
1307849804827906049
1307849947367305216
1307849959912415235
1307849969907322887
1307850006859194368
1307850027214147585
1307850115416076288
1307850446267199489
1307850446724239360
1307850459915464707
1307850472712273920
1307850505394118656
1307850582087159813
1307850643395182592
1307850684281257985
1307850765017415680
1307850845195653120
1307850929576849409
1307850958915997698
1307850967891816450
1307851067653148672
1307851101153132546
1307851226936209408
1307851382729437184
1307851427939856386
1307851436106055680
1307851617316806656
1307851659075350529
1307851743527661569
1307851834267185153
1307851895009021952
1307851924310548481
1307851994313392128
1307852019684855809
1307852199200993280
1307852317622857728
1307852527157870592
1307852538805473291
1307852690983137281
1307852715771539456
1307852742514348032
1307852879873540097
1307852892410245130
1307852981098905600
1307853101282537472
1307853169192558593
1307853219662569473
1307853249320427521
1307853336968916992
1307853412990676992
1307853475582148609
1307853576220413954
1307853647796146176
1307853764108394496
1307853765140074497
1307853789244919819
1307853816046510085
1307853895130124288
1307854019625250816
1307854029733670917
1307854137590190080
1307854310626258949
1307854402259226626
1307854612448280577
1307854637504950272
1307854654596886528
1307854728731267074
1307854741683142659
1307854830757720066
1307854964111429632
1307855099570647046
1307855127034896384
1307855144864935939
1307855173935652864
1307855203807371266
1307855219720704000
1307855370241503232
1307855378865160192
1307855685972111362
1307855790607233026
1307855895489949697
1307855955145695232
1307856012016263170
1307856016793632773
1307856046766133260
1307856076210139136
1307856121109987329
1307856372978069504
1307856448194580480
1307856533657735171
1307856742588379136
1307856772217016321
1307856834649296899
1307857053172535296
1307857078225076224
1307857173913968645
1307857401370963970
1307857477241888771
1307857606640373766
1307857614219472899
1307858197831651330
1307858202793574400
1307858210855022592
1307858227057491969
1307858336604286977
1307858406867255299
1307858457211670528
1307858465885433858
1307858557816037377
1307859255483985921
1307859255786123265
1307859263654703104
1307859307313139712
1307859492508299265
1307859605830000640
1307859649857810440
1307859707542081536
1307859922848067590
1307859950547464196
1307860007044755465
1307860313367359488
1307860391930757120
1307860450814590976
1307860454707015684
1307860458070736898
1307860476483649536
1307860483928547328
1307860533337632768
1307860665089036289
1307860811411533826
1307860852398227456
1307860864796626947
1307860891707219969
1307861120787656709
1307861279999172609
1307861368054460416
1307861598720135169
1307861701367390209
1307861738105319424
1307861880417824768
1307862011322273792
1307862073372749825
1308073642585194498
1308073708871979010
1308073713397628932
1308073872437030912
1308073903483387918
1308073949385940992
1308074112053542918
1308074379868344321
1308074393885528064
1308074410004361221
1308074519710642181
1308074601688301570
1308074606356582401
1308074641634729984
1308074663269085188
1308074711830728704
1308074804172394496
1308074858396426241
1308075126898950146
1308075180141535232
1308075283723874304
1308075362866216961
1308075375419744256
1308075379001683976
1308075463655469056
1308075520895188993
1308075563861651456
1308075580223610881
1308075693117407234
1308075786482511877
1308075849325912066
1308075861308968962
1308075936487804930
1308076091865784320
1308076313421516800
1308076380639375362
1308076557962022912
1308076654850383873
1308076716326346752
1308076773993840641
1308076808898838529
1308076910149238787
1308076987605561344
1308077051971334145
1308077099455000577
1308077127150063618
1308077230883508226
1308077401742737411
1308077460244889600
1308077500967387136
1308077526565228548
1308077740130594821
1308077777359437830
1308077842010435586
1308077978920853506
1308077978966917121
1308078012836052993
1308078084696862724
1308078265551130624
1308078402444853248
1308078461983109121
1308078504232325123
1308078532111859713
1308078620632641537
1308078714022961152
1308078773124902912
1308078815017611266
1308078930293915650
1308078931770105856
1308078969363853315
1308078970231877633
1308079019632590851
1308079095431991296
1308079166747824134
1308079281847906304
1308079288302866435
1308079375733022721
1308079425964175363
1308079595225116681
1308079618981654534
1308079619636162566
1308079660895334424
1308079753476403201
1308079803799658502
1308079896732692480
1308079905201098752
1308079920736661505
1308080126756900864
1308080136210743298
1308080180741709830
1308080222567305218
1308080225243332610
1308080378155073537
1308080403635298305
1308080423831035904
1308080495708844043
1308080529066127361
1308080577111785475
1308080622980734977
1308080634263269380
1308080680664854529
1308080978611417088
1308081070022197251
1308081201241038848
1308081204030312449
1308081363971702785
1308081490220244992
1308081504128561152
1308081549502558209
1308081730625175552
1308081841665179649
1308081867736875008
1308081930026401793
1308081968333160448
1308081985194283008
1308082005075095558
1308082072435687424
1308082093566685186
1308082111807709184
1308082160268701703
1308082202266173445
1308082220385460226
1308082229327912963
1308082328590258177
1308082341047394304
1308082426137268230
1308082627287580675
1308082635424575490
1308082739518685184
1308082744182870016
1308082756040167424
1308082862227324928
1308082966468456449
1308083134358061056
1308083184882515970
1308083382455238658
1308083625548754944
1308083684638158848
1308083834169307136
1308083927706267648
1308083984790777865
1308084118983454723
1308084148507209733
1308084153313906688
1308084181524570112
1308084257777123335
1308084274424434689
1308084400169644033
1308084498714652675
1308084581577322501
1308084622685810692
1308084697914732545
1308084773366173696
1308084807549644811
1308084903679057923
1308084911836983296
1308084937501933569
1308085146625638400
1308085196827381760
1308085252733181954
1308085344215035924
1308085366214270976
1308085386925744131
1308085416680026119
1308085450834350080
1308085482870448129
1308085567914156033
1308085600554307585
1308085629993926657
1308085726983131136
1308085813817860096
1308085891035017216
1308085965232263168
1308086060849573897
1308086108840800257
1308086167263379457
1308086220891848712
1308086222024093697
1308086355495395328
1308086519920578563
1308086612140621826
1308086809193316355
1308086821000101888
1308086870832709633
1308087152572534791
1308087173179113474
1308087257220481027
1308087353827831813
1308087671646908416
1308087794733064198
1308087832376827906
1308087881789878272
1308087912773320704
1308087957794955264
1308087974693871618
1308088109603540992
1308088297504284674
1308088397978726400
1308088521039642624
1308058495984467970
1308058750658531328
1308058856728268800
1308058928207532034
1308059125734019073
1308059147238215680
1308059164086730754
1308059184257064960
1308059344433537029
1308059382375088129
1308059516055900160
1308059525421899778
1308059615817420800
1308059649523027968
1308059902074646529
1308059917975257089
1308059943942131713
1308059993854349318
1308060014326603776
1308060212469866496
1308060224927027200
1308060267180437506
1308060292668993537
1308060333508980736
1308060417688731649
1308060496982138880
1308060548630818822
1308060712166658051
1308060712351170562
1308060795343863808
1308061307686526979
1308061324325388288
1308061395167182849
1308061650583420935
1308061873535737857
1308061944511856640
1308061986710786048
1308062044814540803
1308062063122620417
1308062100665892867
1308062120144232451
1308062271608958979
1308062443428605952
1308062649771593728
1308062661389611008
1308062771179855874
1308062826112724992
1308062950528364546
1308062976893739018
1308063005381255169
1308063348831985668
1308063358231420928
1308063379387568129
1308063484349997061
1308063630181765120
1308063752172916738
1308063848591654913
1308063915507671040
1308063928685965314
1308063982532677634
1308064008315039747
1308064080071069698
1308064154121654273
1308064247633637376
1308064259163721729
1308064263584481282
1308064369251684354
1308064725092249607
1308064733938036736
1308064910673416198
1308064947562315776
1308064985222971392
1308065018169167872
1308065044270325760
1308065057415270402
1308065091120762880
1308065133294481408
1308065149153087490
1308065154324672517
1308065276156547073
1308065397443354626
1308065427583574018
1308065557300891654
1308065602326745089
1308065647629393921
1308065744551178240
1308065749601312769
1308065844963016704
1308065887589511169
1308065958179868677
1308066022130421760
1308066034818129924
1308066083954401281
1308066192930811905
1308066381795979269
1308066625426542593
1308066763980980224
1308066770024984584
1308066793349619713
1308066897993269251
1308067091828834304
1308067237048197120
1308067308527517696
1308067329645973504
1308067358985138180
1308067434197323776
1308067456532045825
1308067476194897922
1308067481152495616
1308067527688204289
1308067602003120133
1308067794823589888
1308067900083798017
1308067912037601280
1308068126278455296
1308068144142000129
1308068211275960320
1308068294029488133
1308068333682647040
1308068504952856577
1308068617339142150
1308068772461383681
1308068810197553159
1308068878119874560
1308069002904653826
1308069180369928192
1308069230693109760
1308069537141518338
1308069599586349058
1308069621052977154
1308069652740833281
1308069670088515585
1308069977593769984
1308070017825607681
1308070035194359808
1308070291470520324
1308070292061913093
1308070421263196160
1308070567212396545
1308070744878911490
1308070849514094592
1308070887254568961
1308070888093495298
1308070954401234948
1308071381645422593
1308071436330901505
1308071566186622980
1308071574759710722
1308071674806325249
1308071771338207232
1308071923906039808
1308072073932218369
1308072217029287937
1308072325108117509
1308072435800043520
1308072476396711936
1308072584999768064
1308072602100011008
1308072899601772546
1308072950965432324
1308073046549434370
1308073122705408001
1308073454579507201
1308073470362820611
1308043359999741959
1308043373635416071
1308043419038756864
1308043422343798784
1308043526882689024
1308043644411301889
1308043656918716417
1308043656981442563
1308043661234626571
1308043787269287936
1308043808580366336
1308043812569309187
1308043847222661121
1308043955972448257
1308044009340837888
1308044160578891781
1308044214526193666
1308044241239789568
1308044291642720263
1308044462979866630
1308044605091393536
1308044663341760512
1308044885522436097
1308044907114885120
1308044969429602307
1308045007350358016
1308045034139385861
1308045038484631552
1308045049473662976
1308045120412028930
1308045217250107392
1308045234526449664
1308045407231057920
1308045675687325698
1308045716372303873
1308045775058997250
1308045813319434240
1308045881405571072
1308046018165039110
1308046110691397635
1308046245865295873
1308046321354301440
1308046451289849856
1308046638729048064
1308046643023937537
1308046652893265920
1308046715346325505
1308046744417075201
1308046769427800064
1308046840940683264
1308047024718311424
1308047079235878913
1308047339479658497
1308047390163832833
1308047399407857664
1308047561849221121
1308047881149046785
1308047910681161729
1308047968830881797
1308048077597671428
1308048099013619712
1308048141388742657
1308048245776625669
1308048280249565184
1308048346364477442
1308048384192843781
1308048426412707848
1308048463838412800
1308048602158247937
1308048648077324296
1308048658034696198
1308048724363546631
1308048816558538752
1308048975593963520
1308049064265682944
1308049068044804096
1308049098826829826
1308049106099752960
1308049110633713664
1308049222428549120
1308049349168058368
1308049437684498432
1308049504403443713
1308049562544857092
1308049651296137216
1308049827691888641
1308050003751968770
1308050012123926533
1308050078070865921
1308050289665232897
1308050515037569024
1308050599200595968
1308050603105542144
1308050619987456001
1308050720705347584
1308050754146570241
1308050868617375744
1308050908761280517
1308050913106460672
1308051026273017858
1308051043104817156
1308051165943300097
1308051206250672128
1308051232548823040
1308051324836085761
1308051378351124484
1308051384030425088
1308051635424210944
1308051643280142339
1308051735823384576
1308051751778414597
1308051869747605510
1308051903138258944
1308052255275388929
1308052280868995074
1308052381184266241
1308052494723940352
1308052540521545728
1308052629847773185
1308052797577818113
1308052821263216641
1308052867778052097
1308052875830947842
1308052936044490752
1308052949105434629
1308053036044967939
1308053077698768896
1308053081897140224
1308053106698092545
1308053190366167040
1308053216731508737
1308053367885688840
1308053404422340609
1308053603479965705
1308053651764768769
1308053723093053442
1308053790780608513
1308053916995653633
1308053933978419200
1308053957831520256
1308053962482835457
1308053996536573961
1308054055797829632
1308054101935046657
1308054117269540866
1308054176971264000
1308054177927458820
1308054449533919234
1308054483792920588
1308054533336109062
1308054646620147713
1308054872441327616
1308054919082135554
1308054960391835650
1308055016884764679
1308055019648946176
1308055095268044802
1308055095381307397
1308055263774208003
1308055351141556224
1308055356397019138
1308055619732209664
1308055631782457345
1308055694147555333
1308055837093629953
1308055926298087425
1308056110549610497
1308056156061999108
1308056160340246528
1308056194255400966
1308056332717580290
1308056362014904321
1308056366393643008
1308056441643728899
1308056588016594945
1308056605494214658
1308056752068362240
1308056755495153665
1308056780891619328
1308056823593799685
1308057105191055363
1308057105530720257
1308057414818836481
1308057444724207617
1308057481558417411
1308057671552192514
1308057675389906951
1308057854386089985
1308058061177647104
1308058282070736898
1307862268181348352
1307862296727879681
1307862299466629120
1307862330299088896
1307862341363662851
1307862409151877120
1307862442899316736
1307862547538808832
1307862568447414272
1307862571882631168
1307862593856565248
1307862598755299329
1307862657576448010
1307862719673102336
1307862857430773760
1307863017066029056
1307863207298715650
1307863214684876800
1307863222012334082
1307863323397029888
1307863390275227648
1307863507212423170
1307863529228181505
1307863616859697153
1307863683544920064
1307863696740294656
1307863734996541442
1307863759734681600
1307863915901136898
1307863973384118273
1307863982603206658
1307864011585789954
1307864036697088001
1307864191777337347
1307864212333527041
1307864278482006020
1307864485281980417
1307864603809009666
1307864631394938880
1307864641184251904
1307864644875423745
1307864656468275200
1307864808704880640
1307864909234012161
1307864954616393733
1307864985557700608
1307865009251397632
1307865216152150017
1307865268434202624
1307865336289648640
1307865509489238017
1307865617257689094
1307865633602838528
1307865755531259905
1307865760245583872
1307865861890375681
1307865927220899840
1307866166417854464
1307866225561698305
1307866247405600770
1307866347762786306
1307866373402615808
1307866566013321216
1307866581909807105
1307866833593262080
1307866972324012032
1307867004519485440
1307867073008340993
1307867174338547714
1307867181800185856
1307867345629536256
1307867447605653504
1307867522868207616
1307867812082393088
1307867823771971586
1307868042706087936
1307868064122363905
1307868228677324800
1307868255558594560
1307868297392783360
1307868342150139905
1307868583238815746
1307868616218603520
1307868650301526016
1307868947694329856
1307868951758635008
1307869077323554817
1307869153328607232
1307869187348496384
1307869246094028800
1307869267799339008
1307869321385836544
1307869349940736001
1307869454957572096
1307869470703058944
1307869573400727552
1307869606997118981
1307869614852898816
1307869736613552130
1307869749221654529
1307870018336481280
1307870117829570560
1307870219226894336
1307870486605561856
1307870572039344129
1307870793431302144
1307870898440089600
1307871007571574785
1307871032662011906
1307871045081329665
1307871272206909441
1307871279689732097
1307871350456037376
1307871405128773634
1307871418856673281
1307871640152412160
1307871711237419015
1307871880381165568
1307871926241591297
1307872047545102337
1307872059335168000
1307872102620508160
1307872268974923786
1307872358003245056
1307872454036123648
1307872462189727744
1307872580255219712
1307872626258440192
1307872715085406214
1307872734475505664
1307872928122445824
1307873100265140224
1307873125741326341
1307873201062653952
1307873222080303104
1307873594454630401
1307873649492455425
1307873667536297986
1307873797953986560
1307873801586331648
1307873872608333824
1307874085859397634
1307874207464861702
1307874296417656832
1307874308379889665
1307874333445025792
1307874731631149057
1307874756616691712
1307874958803075072
1307874967137128448
1307875186117496834
1307875200302751745
1307875230371794944
1307875276416843778
1307875282037157888
1307875480306151426
1307875578477817857
1307875750880727042
1307875797424697346
1307875910696218624
1307875923291561985
1307876117559222272
1307876154393735174
1307876229614313473
1307876321997979649
1307876392412086272
1307876486385414144
1307876494061039616
1307876597970751489
1307876615536422913
1307876684067229698
1307876869702709248
1307876899583143937
1307876947742072832
1307877039324590082
1307877058853220352
1307877069238525955
1307877079938031616
1307877147315494913
1308103824176041989
1308103855159177217
1308104109224992768
1308104206977503232
1308104315127685123
1308104328159391745
1308104337403473920
1308104516471062532
1308104534154072065
1308104647777767424
1308104700894511105
1308104784960991235
1308104990578429957
1308105003652055040
1308105004050313216
1308105095104536578
1308105116180832256
1308105447300370432
1308105527134617604
1308105543794524163
1308105561708392450
1308105586660184064
1308105754218393601
1308105767975751680
1308105926453452800
1308106052152500224
1308106136151896070
1308106149259079685
1308106164710912001
1308106282210070534
1308106344201887746
1308106495679033344
1308106497306624005
1308106539350122498
1308106634993061888
1308106735496957952
1308106756460085249
1308106886940626945
1308106940845821952
1308106953583927299
1308106977827082241
1308107001277358088
1308107041651781633
1308107138615717889
1308107267489832961
1308107271742914560
1308107398939320321
1308107445412048897
1308107465779826696
1308107507668312065
1308107771074752515
1308107889060515843
1308107917808340992
1308107918940737536
1308107956437700608
1308108002407350272
1308108351264317441
1308108581347233793
1308108627652292608
1308108660237840385
1308108823526334464
1308108850541850625
1308109047275704320
1308109052157755392
1308109080389734406
1308109143304142848
1308109176921612289
1308109205145092101
1308109298950643712
1308109411425095681
1308109558880051202
1308109743467134978
1308109752040411138
1308109936224874496
1308109973189206017
1308109985264611334
1308110081880453120
1308110085760090112
1308110250709454850
1308110251057655808
1308110255411224576
1308110426748547072
1308110482948022272
1308110547552960512
1308110698774441985
1308111194251644928
1308111199050100740
1308111361566801920
1308111363047387137
1308111383477837825
1308111458396286977
1308111559143587840
1308111583415947265
1308111706246254592
1308111805982683137
1308111929353711616
1308112120224141314
1308112208384139264
1308112254492200961
1308112288818302976
1308112599993778176
1308112640791650304
1308112691094073347
1308112737483059200
1308112841707270144
1308112880320086016
1308113153289523200
1308113216396984320
1308113340841906176
1308113349469761537
1308113372244709376
1308113401034481665
1308113537911332864
1308113538267963400
1308113655532265472
1308113710926327808
1308113896226590720
1308113903792996352
1308113995736383489
1308114118050680833
1308114150363664385
1308114230332338176
1308114357830782976
1308114374012407812
1308114415531814912
1308114515935088649
1308114579348692993
1308114688522293250
1308114739197808642
1308114772399980547
1308114997457948675
1308115020270784513
1308115262894473216
1308115333295878145
1308115359275376654
1308115374903361537
1308115381316390920
1308115598237298688
1308115707452825601
1308115724351746049
1308115824654254080
1308115920993345543
1308116000542306304
1308116127894188033
1308116147158552578
1308116168813707265
1308116369230172161
1308116492257460226
1308116974262681601
1308116990834348032
1308117024002973698
1308117061592387585
1308117065505665024
1308117260737880065
1308117262583443458
1308117300575440902
1308117334658355206
1308117409329328128
1308117409719562241
1308117491005165569
1308117548844617734
1308117603290935296
1308117610769387521
1308117624291651585
1308117627353600005
1308117666444476419
1308117876310597633
1308117908644663297
1308117917201035264
1308118040438026244
1308118174043377665
1308118399088652289
1308118409368854528
1308118412900655105
1308118512913788929
1308118731319660545
1308118747207659540
1308088768507777025
1308088816868241408
1308088867707170816
1308088939438317570
1308088976570421248
1308089102353469440
1308089182858940417
1308089249900777473
1308089538066161665
1308089559675273217
1308089657515675649
1308089740655288328
1308089820405805056
1308090596654043138
1308090684591738882
1308090713767399427
1308090768930697217
1308090775545282564
1308090869262680064
1308090880276885504
1308090956625969152
1308091040604266496
1308091138167902214
1308091212365279235
1308091254736064516
1308091362672218113
1308091640024883201
1308091870203969536
1308091883118374912
1308091960666648579
1308091971190300674
1308092138941493248
1308092205945499655
1308092369242386434
1308092436837662726
1308092593302106115
1308092739758837762
1308092823862992896
1308093016880697352
1308093107959988224
1308093137341108225
1308093176377348097
1308093225811546112
1308093228298706945
1308093243213713413
1308093259181428736
1308093264751337474
1308093327070306304
1308093376735121408
1308093569840762880
1308093623469309954
1308093733490089986
1308093784530595841
1308093801102110720
1308094035857473537
1308094040248692736
1308094097752821761
1308094114622132224
1308094199695278080
1308094316036984833
1308094342133886976
1308094349801000960
1308094425193738240
1308094609168326656
1308094655125356544
1308094887821291522
1308094946256191488
1308094979110297600
1308095103802716166
1308095130294005762
1308095147104768002
1308095209960603648
1308095235814305792
1308095269658124288
1308095372749803522
1308095398075129857
1308095519911284737
1308095522910085121
1308095541608419330
1308095629755899911
1308095755161223169
1308095767920422914
1308095818587607041
1308095931229696001
1308096039501598721
1308096346038120448
1308096392741695491
1308096401684008960
1308096502519279619
1308096522127540227
1308096589949554689
1308096665983868929
1308096685231542273
1308096693800505347
1308096740373995524
1308096975053651968
1308096975666057217
1308097135900946432
1308097159087226881
1308097181547728897
1308097637737005057
1308097777386303488
1308097873586933760
1308097948455182336
1308097994609373184
1308098029136891906
1308098090809741312
1308098103187210246
1308098159399170048
1308098174247153671
1308098225438588929
1308098258603069440
1308098279146696704
1308098308813053952
1308098355902451714
1308098451704602624
1308098477092679681
1308098577370165249
1308098619715674112
1308098720844705793
1308098729640177672
1308098858833113091
1308098871244066819
1308098874641272833
1308098904844464129
1308098923492528129
1308098942387843074
1308098946712186887
1308098955016843264
1308098993843560448
1308099097270857728
1308099177264680962
1308099400414105600
1308099501589233670
1308099571554357251
1308099667469774855
1308099768426663936
1308099847715774465
1308099919010553857
1308100242982621184
1308100251585134592
1308100339145605122
1308100355549532162
1308100415431602182
1308100419814674432
1308100535610998790
1308100549611487232
1308100582436151297
1308100641034821634
1308100696277954561
1308100722274308096
1308100889375318016
1308100897566855170
1308101057281695745
1308101103293263873
1308101107223334918
1308101183169425408
1308101220238852098
1308101282289381382
1308101371032252416
1308101400082018305
1308101428045656065
1308101463705628674
1308101475604803586
1308101522941784064
1308101554793316354
1308101727569293312
1308101762176495618
1308101782602616832
1308101785660190725
1308101799652610049
1308101844854599681
1308101904199815171
1308101920628723712
1308101992229859331
1308102066615844876
1308102072269561857
1308102079559471104
1308102080909971457
1308102097494306817
1308102135050121219
1308102154704400385
1308102159351898113
1308102303187193856
1308102340159983617
1308102410741706753
1308102436935131137
1308102460519731200
1308102475132686336
1308102528706342912
1308102636965486594
1308102662076891138
1308102844092801024
1308102855828672512
1308102990163849216
1308103062192562179
1308103297190866944
1308103426371321862
1308103434554339328
1308103547154702336
1308103569430573056
1308103602439942155
1308103649684406272
1308028253320491011
1308028358299709441
1308028373634080779
1308028474024656904
1308028511471501312
1308028613112016896
1308028617604042753
1308028651418652672
1308028660901908480
1308028775578259457
1308028968512221184
1308029287367237637
1308029392275361796
1308029401444032512
1308029448214777856
1308029765870329856
1308029776075067393
1308029817569382401
1308029868018466816
1308029900973133825
1308030030174253057
1308030063011459073
1308030130720309248
1308030214270849024
1308030219480109057
1308030240380289026
1308030335943405574
1308030478218334208
1308030512162889729
1308030545906094080
1308030702320078849
1308030723924865025
1308030780933836800
1308031234434650115
1308031258375720966
1308031440303648768
1308031582851207169
1308031586055589888
1308031586441424898
1308031594570174465
1308031707606548482
1308031821351915527
1308032010603167744
1308032048473481216
1308032059970072576
1308032180963213313
1308032208540663808
1308032285808177154
1308032353323884544
1308032375461302273
1308032378212945921
1308032429085528066
1308032450786766848
1308032577127641091
1308032596727738368
1308032636057772034
1308033113113718785
1308033239433596937
1308033344110723075
1308033411819462656
1308033470942179330
1308033502647115776
1308033541717061637
1308033561296015361
1308033608557506563
1308033638114693121
1308033894382538753
1308033897180139520
1308033909402333184
1308033981372338177
1308034166630514689
1308034224340062208
1308034262281617408
1308034266316648449
1308034313523539969
1308034321136181256
1308034351620173825
1308034354942099462
1308034368334639104
1308034385464057858
1308034434365566976
1308034458843455488
1308034505865924608
1308034638946938880
1308034756647555073
1308034886754856961
1308034912126025728
1308034930413244419
1308034958016098305
1308034966866014208
1308035035988197377
1308035113238884352
1308035265261379584
1308035322664681472
1308035408652111873
1308035517414547458
1308035529297006593
1308035554219560963
1308035620749684737
1308035902149734408
1308036062061551617
1308036153963089921
1308036154558742530
1308036212804837376
1308036294136786950
1308036454925217796
1308036460109586432
1308036526828400640
1308036561213235200
1308036598018310144
1308036727676825601
1308036786879451136
1308036955888922625
1308036993545371648
1308037130250223619
1308037454457376768
1308037488741621760
1308037520496693248
1308037622258954240
1308037626402832386
1308037642618105857
1308037881546649603
1308038007325437952
1308038012161454081
1308038028095614986
1308038079660404739
1308038093065400322
1308038338964848640
1308038368022982657
1308038372296982528
1308038519596683270
1308038569886449664
1308038594779639808
1308038724429778944
1308038864318193666
1308038883465211905
1308039026432258051
1308039043431559169
1308039093255843847
1308039166245187584
1308039187195625473
1308039275724894211
1308039420495486976
1308039445770272769
1308039446701506565
1308039479589040136
1308039513944408064
1308039652578795520
1308039666537566209
1308039703116087296
1308039736502743043
1308040028715704321
1308040070570668037
1308040121728536576
1308040269133090816
1308040457642016769
1308040569864835073
1308040595689046017
1308040759829049345
1308040863260594176
1308040880503259137
1308040999189516288
1308041014209282048
1308041334520008711
1308041338479194113
1308041400450248709
1308041421300076544
1308041486106333184
1308041506960351232
1308041704109412353
1308041736636203008
1308041871923580929
1308041998075457536
1308042077134041089
1308042131597008897
1308042298664476672
1308042340188250112
1308042354167742466
1308042454122115074
1308042537467179009
1308042562666668032
1308042625543405568
1308042756154064898
1308042826333278208
1308042831643041794
1308042860583936000
1308042957426130944
1308043150724943874
1307877223207059458
1307877264760229891
1307877379222597634
1307877396133982209
1307877495048269824
1307877512895176707
1307877513998278656
1307877583313408001
1307877601646653440
1307877688384815105
1307878028265971715
1307878132985233408
1307878214354731008
1307878217135665152
1307878225327124481
1307878272697430020
1307878319057141767
1307878649610162179
1307878694963167232
1307878754442792960
1307878908826656769
1307878991324475399
1307879005949845504
1307879073209700352
1307879099449389056
1307879333449682944
1307879384427229184
1307879395508584449
1307879556582260736
1307879579722358786
1307879621535453184
1307879621723959298
1307879632419450880
1307879668175925248
1307879678749925376
1307879825768546307
1307879840863989760
1307879850095661058
1307879870332981249
1307879877408890886
1307879951056678912
1307880159970615297
1307880177171492864
1307880201855012864
1307880432650813445
1307880453853020160
1307880519594582017
1307880567753633794
1307880625114812416
1307880628713590784
1307880629296459776
1307880670631428096
1307880763400974337
1307880859282935809
1307880872134291459
1307880927293583360
1307880932079218688
1307880993492275202
1307881163281674241
1307881169648644096
1307881398179713024
1307881480954277888
1307881660914917376
1307881733266771974
1307881833607159810
1307881873956315137
1307881972866449408
1307882047239720960
1307882102222807040
1307882118454956034
1307882202831745025
1307882307894882304
1307882336944615424
1307882673143246848
1307883019391381504
1307883046943764481
1307883115436744705
1307883154351382528
1307883750022356992
1307883766745124865
1307883801268432896
1307883857014743046
1307883889151668225
1307883892330975234
1307883952695390210
1307883980889481216
1307883980868517888
1307884033217572864
1307884055938117633
1307884072719523849
1307884437980372992
1307884512269959168
1307884791254089728
1307884879275798529
1307884907763507206
1307884920098959360
1307884970191581184
1307885000952553472
1307885070133362691
1307885097140580353
1307885125879951366
1307885344851931136
1307885369053114368
1307885423822159874
1307885519439888385
1307885558744702976
1307885570446692354
1307885649245155329
1307885758238412803
1307885805252247553
1307885813494099968
1307885866241716224
1307885934529183744
1307886037105025024
1307886262406336513
1307886343238942720
1307886353883959297
1307886391481827330
1307886609896005632
1307886622063689728
1307886698081157120
1307886725075787776
1307886766876131328
1307886840259649538
1307886850661666816
1307886936644825089
1307886965598162944
1307886993074982913
1307887044329271297
1307887126437138432
1307887240283066374
1307887618273628160
1307887655863033859
1307887759785226240
1307887849119846405
1307888048307236865
1307888050752688128
1307888053646753799
1307888119493136385
1307888120885424128
1307888153303216129
1307888224782688256
1307888472502538241
1307888619009585166
1307888689633267712
1307888744712884225
1307888904096354305
1307889017309073409
1307889060485234688
1307889199643754497
1307889258087223297
1307889277087313920
1307889281831067649
1307889466376245248
1307889722627256321
1307889807486603264
1307889811752185858
1307889849228095489
1307889878345175042
1307889907030011905
1307889916584566793
1307889937518268416
1307890293207830529
1307890320764530688
1307890427014467590
1307890472984043520
1307890642253762560
1307890683122913283
1307890691608059905
1307890826039750657
1307890853885571072
1307890887842619396
1307890931820101634
1307891290063814656
1307891294904020992
1307891372175826944
1307891391507333120
1307891409844871170
1307891417176367106
1307891576039968768
1307891576421703680
1307891611070795782
1307891628665831425
1307891634613362688
1307891827220115456
1307891856949288965
1307891982203789312
1307892038499794944
1307892097454870536
1307892221547479040
1308013209362690048
1308013370218438661
1308013420399255552
1308013449713250304
1308013525495840768
1308013584664997889
1308013643754344448
1308013734422630403
1308013810263953410
1308014021547896835
1308014057904058368
1308014146479443968
1308014218092982272
1308014443352256512
1308014465909129217
1308014546506915840
1308014565364510720
1308014692502245377
1308014766611365889
1308014856193204224
1308014926951264256
1308014956747476993
1308014963450163201
1308014986535469056
1308015083352666112
1308015127107698688
1308015216677056513
1308015273782513666
1308015368301150211
1308015387624210438
1308015464019353601
1308015601093349377
1308015694034993154
1308015695498809345
1308015760367853570
1308015807381807104
1308015837685710849
1308015917843066886
1308015946699870208
1308015997375467520
1308016293531000832
1308016340993671169
1308016448435089408
1308016465463750657
1308016503900446721
1308016517674565632
1308016538851606529
1308016565972070400
1308016634695741440
1308016689150337025
1308016693021757440
1308016706321887232
1308017031300747265
1308017071293444097
1308017108534599686
1308017124762439680
1308017182232776704
1308017212234567681
1308017221801857029
1308017307944452097
1308017553139212290
1308017577327767552
1308017614208335874
1308017862049705987
1308018232608120832
1308018425655160833
1308018434437984259
1308018434945490944
1308018661224075264
1308018681386074113
1308018689296474112
1308018711329206272
1308018815972892677
1308019045149609985
1308019074031644674
1308019239639494656
1308019293318254592
1308019361450463235
1308019397894778880
1308019398922235906
1308019532800245761
1308019663167725568
1308019905917259776
1308019947277352960
1308020005414543360
1308020038985752578
1308020109827604482
1308020311997247493
1308020320637517824
1308020328925474816
1308020509607690242
1308020592889692161
1308020697726431232
1308020710678429696
1308020739770023938
1308020812033777664
1308020863002914816
1308020864965804033
1308020882246438912
1308020975896756226
1308021023724441600
1308021033358839808
1308021318126899201
1308021519218610177
1308021533923827713
1308021550709432323
1308021786097971202
1308021859515076609
1308021881061203969
1308022082261852160
1308022098577809408
1308022216999788544
1308022593824460800
1308022691815976961
1308022714800779269
1308022854143938561
1308022908938334208
1308023366587232257
1308023370022154240
1308023529401724929
1308023672523747329
1308023696531968000
1308023911448301568
1308023923133513733
1308023986438262784
1308024209147416577
1308024252055072769
1308024305607872514
1308024330501193730
1308024368144896002
1308024414538141696
1308024516048818176
1308024547715756033
1308024645937963008
1308024674157289473
1308024765437939716
1308024851677016065
1308024896149225472
1308024936636743680
1308025008946589701
1308025064269516800
1308025219911614472
1308025220041707520
1308025266623508480
1308025306620596232
1308025354829705222
1308025457665863681
1308025513198354432
1308025529824616448
1308025676583383040
1308025680903303168
1308025705318567937
1308025775786872832
1308025782418255874
1308025810855452672
1308025848553975808
1308025899158253569
1308025990539431936
1308026003604811776
1308026112484741120
1308026225689063427
1308026251207159810
1308026330022391808
1308026532498157568
1308026607618072578
1308026661162680322
1308026741890326528
1308026838581682184
1308026902645559297
1308027018076975104
1308027061483733001
1308027149358637056
1308027169273241604
1308027200986374145
1308027228932902912
1308027253188685824
1308027290648018945
1308027414228983809
1308027416993030150
1308027617774370817
1308027631103873024
1308027853989126144
1308027869436825602
1308028054720180230
1308028055227572224
1308028079265193985
1307892583159468034
1307892717675073536
1307892764298805253
1307892766844878848
1307892813699387397
1307893003256647681
1307893053986869249
1307893158336851971
1307893317171130368
1307893359441113088
1307893376000425985
1307893484142112768
1307893665273180160
1307893830130323456
1307893870689099777
1307894076923097089
1307894094954475527
1307894174377680896
1307894261413683201
1307894285442969606
1307894299791470592
1307894421170655233
1307894494784876547
1307894566742306816
1307894623986221056
1307894650578112512
1307894806513938432
1307894837233045506
1307894968955154432
1307895011074334720
1307895041528983552
1307895048470630400
1307895200778301440
1307895262980046848
1307895378134659072
1307895532266958848
1307895557684260868
1307895615960027136
1307895887134208000
1307896108153212928
1307896206358577152
1307896244778524672
1307896308909436928
1307896536169435136
1307896712846082050
1307896769393692672
1307896799462481923
1307897047647911936
1307897212941328389
1307897235942912002
1307897558178488321
1307897725418115072
1307898014414049280
1307898167006867457
1307898207712673792
1307898215253946368
1307898280072937472
1307898333554454528
1307898389158268928
1307898413967646720
1307898605576114177
1307898632625156097
1307898747691515905
1307898757573304320
1307898781673938944
1307898852398120960
1307898890398715904
1307899207467106305
1307899290791170048
1307899347435126786
1307899685147901953
1307899796145963009
1307899821395570688
1307899982163456000
1307900012312100864
1307900228893376512
1307900363375292416
1307900503444119552
1307900534548869121
1307900594871398401
1307900677864132609
1307900705005477888
1307900996799156225
1307901028633845763
1307901100654301187
1307901145633882112
1307901148456599560
1307901337347162113
1307901412454563840
1307901426690072576
1307901474744066048
1307901483556450304
1307901511624781824
1307901713198784514
1307901756911673344
1307901922863656971
1307902072143130624
1307902090660904960
1307902134718005250
1307902419649654785
1307902499886489601
1307902536335028225
1307902577028132866
1307902717776470017
1307903089383542784
1307903103744663552
1307903111726596098
1307903200494841860
1307903301518872576
1307903508771991553
1307903517886230528
1307903546369519617
1307903600077623297
1307903694474682370
1307903776326524930
1307903978097664000
1307904099602628609
1307904159547416576
1307904231651721216
1307904267399823360
1307904403316379649
1307904428360359936
1307904499504361472
1307904554990665730
1307904561479380992
1307904580290666497
1307904926975062017
1307904940103200770
1307904981790420992
1307904988803485696
1307905054670598144
1307905059997528064
1307905161709395969
1307905469487382529
1307905527179927552
1307905549971927041
1307905572549865478
1307905637804724224
1307905680314003456
1307905735490260992
1307905871733829632
1307905923797716992
1307905972875210752
1307906089464152064
1307906134553112576
1307906444860092417
1307906824583036929
1307907004376084480
1307907081031299074
1307907161331101697
1307907188225122304
1307907218214277123
1307907262514696198
1307907382983311360
1307998072123854850
1307998126192709632
1307998372851310592
1307998381957156864
1307998408230285313
1307998468309426176
1307998721288941574
1307998751492124673
1307999201096204288
1307999243110682624
1307999310177599488
1307999405069361155
1307999487265255424
1307999698700075008
1307999846163525632
1308000001390530560
1308000027361583105
1308000713709154306
1308000738228932609
1308000839697674248
1308001248885440520
1308001274709897217
1308001451726327809
1308001472295120896
1308001784388964352
1308001791288774657
1308001824176254977
1308001891780104192
1308002079663951873
1308002271456890880
1308002409009078274
1308002427329806338
1308002523450675206
1308002684327391238
1308002704564813826
1308003168463265793
1308003284117004289
1308003321849024512
1308003322561871873
1308003436420530177
1308003737152167938
1308003821210284033
1308003901493448710
1308003961333592065
1308003981885607937
1308004049141276672
1308004388347158528
1308004422149120005
1308004495255916545
1308004558434693121
1308004669575307265
1308004880464908288
1308004924748226560
1308005225245093888
1308005389779304450
1308005442514108422
1308005606155051012
1308005665814839299
1308005669161713664
1308005686501089280
1308005815882661891
1308006002843885569
1308006009101848576
1308006164127510528
1308006429811445761
1308006484299612160
1308006546723536903
1308006567430811648
1308006593708068870
1308006636481646596
1308006686154686464
1308006919802585088
1308006999213441026
1308007386033123336
1308007408246157313
1308007510390067201
1308007579080175617
1308007665918902274
1308007779999850496
1308007960824684545
1308007995046080512
1308008114751516672
1308008307630759936
1308008388471775239
1308008601957675011
1308008658190696448
1308008667875139585
1308008744920309760
1308008810750115840
1308008860645457921
1308008923526500355
1308008941662752774
1308009041814343680
1308009054925545472
1308009076224385026
1308009093618167809
1308009185662115840
1308009191068643331
1308009268113743872
1308009370639314944
1308009423110111233
1308009440768131075
1308009620456308738
1308009781744017409
1308009830796455936
1308010033045630976
1308010072182849536
1308010085562621953
1308010107918258176
1308010198628474881
1308010204596973569
1308010310222061571
1308010438198784000
1308010459031838721
1308010628171399169
1308010717778509824
1308010720634777602
1308010810678087681
1308010847432773632
1308011054459498496
1308011059744251908
1308011067394662400
1308011143659651074
1308011228808318977
1308011329093906432
1308011436317323264
1308011694258614274
1308011708812800003
1308011797576904710
1308011824466604032
1308011843596759042
1308011865625296898
1308011933426241536
1308011938023124993
1308012090825871366
1308012169968209920
1308012250821791745
1308012468195799040
1308012490144575488
1308012530862784513
1308012582121467904
1308012581953695744
1308012793032060928
1307907503565406208
1307907561098805248
1307907666195263488
1307907775863947265
1307908023638130689
1307908026691497987
1307908138734161924
1307908306606972928
1307908360449257472
1307908369764823040
1307908577009442816
1307908625852108801
1307908683947552768
1307908712426647552
1307908798321954817
1307908863430098944
1307908906644115456
1307909017440788481
1307909107303800834
1307909170071515136
1307909205727166467
1307909313688731648
1307909327278145536
1307909340339359744
1307909390226264067
1307909481561432064
1307909683009781760
1307910031908777984
1307910069384863745
1307910118751825920
1307910282321092609
1307910499003256832
1307910814804766722
1307910875911720961
1307911047848755201
1307911064416333828
1307911373331091458
1307911459071025153
1307911469418401793
1307911488774922240
1307911610334208002
1307911736683446272
1307911742177988608
1307912041911455745
1307912272220545026
1307912338583040001
1307912476097298432
1307912513321938951
1307912544561106944
1307912593932201987
1307912723603378176
1307912809884327937
1307912844722151424
1307912948367503360
1307912997528989696
1307913030240358400
1307913151132786689
1307913502011486208
1307913813564456961
1307913872850825216
1307914044427456512
1307914046679597056
1307914135678656512
1307914273985826818
1307914524507418624
1307914600353083392
1307914618657009664
1307914731886321664
1307914766866931717
1307914913155674112
1307915046085943296
1307915057712435203
1307915100616101888
1307915318375976960
1307915376227950593
1307915378262257664
1307915509472452609
1307915560517332992
1307915711084331008
1307915718600454144
1307915774305079296
1307915811659669504
1307915828625629184
1307915853929656326
1307915931847397376
1307915949522075655
1307915969562578944
1307916258743144449
1307916284273754113
1307916518173347840
1307916577950457860
1307916712038338560
1307916910898458625
1307916966808621056
1307917119372361728
1307917257662541825
1307917325358817280
1307917650639466498
1307917753693528064
1307917798920740864
1307917878415425536
1307918080681615360
1307918406549671936
1307918447788150784
1307918670023323648
1307918694115192832
1307918737735995393
1307918756035788800
1307918968447881216
1307918975817388033
1307919336653221889
1307919543772217345
1307919646339731456
1307919815374303233
1307919820797685760
1307920053220921344
1307920120631767042
1307920237635960833
1307920312978354178
1307920545845932033
1307920623952441344
1307920636682145794
1307920754969776129
1307920781138165766
1307920894325600257
1307921143077113856
1307921234240311297
1307921296500514818
1307921445885018112
1307921548842467328
1307921866338824192
1307921935339155457
1307921945267023872
1307921960483999744
1307921964166713345
1307922041102692353
1307922172367699969
1307922201254002690
1307922296296923137
1307982968011579392
1307982979583664128
1307982984490950657
1307983118385721344
1307983215987052544
1307983302373056512
1307983308786208768
1307983341648572416
1307983413056475139
1307983438566305794
1307983495898300419
1307983499232571392
1307983740686270464
1307983752937734144
1307983846294519808
1307984051270160384
1307985281606447104
1307985548456243201
1307985792200048641
1307985889642020869
1307986015219593217
1307986037810114561
1307986210380447749
1307986241149964288
1307986629802577921
1307986981599752192
1307987125854285824
1307987205756006412
1307987293349777408
1307987315407675394
1307987447054241792
1307987632501260288
1307987705511452674
1307987790999752704
1307988030368645121
1307988077411840001
1307988229052866560
1307988337375010817
1307988446829518848
1307988491146612736
1307988496414539776
1307988527272144898
1307988570561556482
1307988944706064385
1307989189523394560
1307989316208136197
1307989373565239298
1307989400895225857
1307989437427613696
1307989489093148678
1307989554134167552
1307989625953292289
1307990002622750721
1307990419561644032
1307990705952841728
1307990902284189697
1307991139941847040
1307991141770502144
1307991228965777408
1307991371601641473
1307991396704563200
1307991407009824771
1307991431324278784
1307991479781003264
1307991523976503297
1307991592737873921
1307991666838532097
1307991762338754561
1307991762976161792
1307991832077443073
1307991852256301056
1307991976483205128
1307992018430373893
1307992416633356294
1307992485080203264
1307992584673992704
1307992618668875778
1307992621978132480
1307992959166676992
1307993019061280768
1307993224053764096
1307993299081461761
1307993451070468097
1307993803249328128
1307993833586786304
1307993903853862912
1307994024863649792
1307994099090415618
1307994400891568130
1307994719687974913
1307994827376611328
1307994834829934596
1307994835920527361
1307994859702300673
1307995328264769542
1307995339052515328
1307995380219551746
1307995540056145921
1307995580040347650
1307995597866242048
1307995660499718144
1307995787935264769
1307995828871716867
1307995997352742918
1307996149794603008
1307996166924140544
1307996212080107520
1307996245789749248
1307996278576615426
1307996284784128000
1307996438245367808
1307996469073530881
1307996535167373313
1307996602976493569
1307996766470627329
1307996768525848582
1307996794941444098
1307996905541074946
1307996906614935553
1307997158013120512
1307997271762575360
1307997302854877184
1307997326712209408
1307997518433837061
1307997540185497600
1307997674860412928
1307997725154258946
1307922554204561408
1307922612014718976
1307922689957347329
1307922713256886272
1307922721108566016
1307922821985660928
1307922882866020352
1307922980211691524
1307923118707671042
1307923219450671105
1307923297762512897
1307923407573585920
1307923503799242752
1307923557410799616
1307923594031378434
1307923829940006912
1307923997011648512
1307924094286024704
1307924260397002752
1307924263492444162
1307924332761419776
1307924880864743425
1307924904583589894
1307924996837105667
1307925023030558720
1307925048871723008
1307925706437992454
1307925829830299649
1307925994741723136
1307926207648817158
1307926290071040000
1307926418186268673
1307926476747046913
1307926618225115138
1307927031460409344
1307927111450218496
1307927177112031232
1307927276571557890
1307927292224602113
1307927301233889280
1307927595351044096
1307927641685716992
1307927840524922880
1307927989800361984
1307928006069870599
1307928110734680068
1307928370047586304
1307928376666013696
1307928817504268289
1307928986291523584
1307929050090844166
1307929287643676673
1307929295503982597
1307929304874061824
1307929356912586752
1307929364445626368
1307929386855944193
1307929434138255362
1307929966248472577
1307930072951652352
1307930103956025344
1307930208935305216
1307930225444106241
1307930436375474177
1307930668945543168
1307930833597214720
1307930939155124224
1307931211625627648
1307931248875237377
1307931307008290817
1307931419155542016
1307931714895974401
1307931733241729024
1307932057599971335
1307932115653230593
1307932144291831808
1307932262944722944
1307932299795800065
1307932300353699840
1307932479882485761
1307932842039664641
1307932960541212672
1307933061783457792
1307933072164302848
1307933554433839105
1307933692615168000
1307933788345958401
1307933927563317249
1307934011721789443
1307934218719293442
1307934475574284294
1307934591026638848
1307934814906060800
1307934931222507520
1307935085442879488
1307935150865485825
1307935202514173952
1307935232285437952
1307935412795486208
1307935576759377920
1307935779784712193
1307935804740628482
1307935818326081536
1307936002288291840
1307936372897058818
1307936426521243649
1307936472620847104
1307936563863498752
1307936577432190982
1307936627113832448
1307936663520325634
1307936732243951617
1307936739281993728
1307936766452617217
1307936779266412544
1307937125745274880
1307937201817366533
1307937267923800064
1307937434492194816
1307937664855932928
1307937810033319937
1307938040455729157
1307938124677500928
1307938381964414977
1307938508292546561
1307938631928094720
1307938833930035201
1307938979069792256
1307939014448685056
1307939054093246465
1307939145059241985
1307939335845675010
1307939455072862208
1307939665476046848
1307939672488697857
1307939916647546880
1307939982045253632
1307940012340674561
1307940109157896192
1307940230176145408
1307940288522940416
1307940463257714688
1307940464058945538
1307940758280962048
1307940948870037505
1307940960022614017
1307941021083406337
1307941457295106048
1307941611305873409
1307941680704704512
1307941880165027841
1307941930844729346
1307942035735883777
1307942084360376321
1307942144888336386
1307942470404182017
1307942714965520385
1307942735022784514
1307943045271375872
1307943052061716480
1307943282048204800
1307943711779811329
1307943797813399553
1307944035949051904
1307944127322087426
1307944213795999744
1307944276370825217
1307944312634855424
1307944680428986369
1307944720836878336
1307944773827702786
1307944832967618560
1307944875405357056
1307944911497342977
1307945443582791680
1307945573702660098
1307945899356819456
1307945964490108928
1307946125396119552
1307946270116515842
1307946294346883072
1307946305298235392
1307946319000993795
1307946654964817920
1307947002941116418
1307947059140538374
1307947214598279168
1307947242100121600
1307947351479332866
1307947434203467777
1307947919715098636
1307948413799919616
1307948439397953537
1307948838225936386
1307949227356704770
1307949383036661763
1307949429547126785
1307949489982971904
1307949701141069825
1307949738445078529
1307949930573692928
1307950000819728384
1307950045946281984
1307950298871336960
1307950711271874560
1307950731719311361
1307950988213604353
1307951002281275392
1307951268397232129
1307951310281543680
1307951461590949888
1307951682534412288
1307952019932667904
1307952179429486592
1307952369720864769
1307952405947047937
1307952461416747008
1307952496086671361
1307952573760958464
1307952628467466241
1307967816499425282
1307967919851286529
1307968078488068096
1307968144217174022
1307968182355886081
1307968291256836096
1307968306884812800
1307968369631657985
1307968472123674624
1307968598233591808
1307968610514726912
1307969049071161345
1307969202175660043
1307969272438759426
1307969315346567168
1307969404039311360
1307969469000503299
1307969800677851136
1307969906995089408
1307970253951991809
1307970451621048321
1307970603316662272
1307970780844695552
1307970972981571586
1307971067223343106
1307971389182431233
1307971956835119106
1307972058329079808
1307972123382743042
1307972165942345730
1307972285261774848
1307972436642717696
1307972596646981632
1307973040605716480
1307973166023823360
1307973376510693376
1307973498833428483
1307973610867286019
1307974156676411392
1307974296648781825
1307974314956935175
1307974683858530304
1307975012331257858
1307975150839701504
1307975298718347265
1307975442889093122
1307975899342688256
1307975966946406401
1307976139269439493
1307976168000434176
1307976189743570944
1307976264855310336
1307976338461130752
1307976394559893504
1307976445176754177
1307976659186913286
1307976904448774145
1307977045960536064
1307977071973535744
1307977094320840704
1307977117997641729
1307977165686751235
1307978084306399233
1307978106548842502
1307978227114225664
1307978421511892992
1307978991152709632
1307979212171534338
1307979239480791040
1307979534449422337
1307979712338120707
1307979815132246016
1307979945994485761
1307980036889350144
1307980110851715072
1307980156120768514
1307980212840402950
1307980539186409472
1307980569289134080
1307980737036001280
1307980765821636609
1307981193145716737
1307981451363790848
1307981482783375360
1307981595916275713
1307981662773538816
1307981706566094848
1307981851441729537
1307982266661040128
1307982278606426115
1307982603618713602
1307952726266064899
1307953260964306944
1307953271202615297
1307953374239879168
1307953766423957505
1307953945214623746
1307954789469302787
1307954833798959105
1307955046361911297
1307955117245763585
1307955415989121025
1307955483031076865
1307955779983400961
1307956248420200448
1307956500166406144
1307956661231988736
1307956744631406593
1307956764923617281
1307956782032195584
1307957086123425792
1307957191169789958
1307957663729319937
1307958116718383104
1307958366371803136
1307958456259760128
1307958606378291200
1307958643506151426
1307958685675794432
1307958710459826176
1307958889799757824
1307958933152120832
1307959264158380037
1307959457050234881
1307959538755268608
1307959852904448000
1307959995435282432
1307960412592201729
1307960994350669827
1307961293945544705
1307961302493671425
1307961315936231425
1307961317827866624
1307961396131319808
1307961442050682880
1307961489697812482
1307961600444252160
1307961610099658752
1307961651094679552
1307961676583575552
1307962022416523264
1307962036115177472
1307962346112004097
1307962622927659008
1307962669304090624
1307962928755281922
1307963683214184448
1307964527192018944
1307964540517310464
1307964781630980096
1307964788857860096
1307965097252392960
1307965371744505856
1307965440224788485
1307965476274921473
1307965698824495106
1307965795109146626
1307965987703189504
1307966157958381571
1307966238237184000
1307966758729453568
1307966988908666880
1307967054348156930
1307967255817445376
1307967523791405057
1307967609392955392
1307967686060765187