1309613657287004162
1309613660050866176
1309613790007185409
1309613854368784384
1309613905870819328
1309613926854922245
1309614080819433473
1309614092974424065
1309614143885004801
1309614164109856776
1309614218736476161
1309614265104396289
1309614306657525762
1309614377402802182
1309614566649794561
1309614575042678787
1309614650812755968
1309614764427862016
1309614907034423296
1309615032838139905
1309615045429657600
1309615120603963392
1309615137540788224
1309615154313617408
1309615175771840519
1309615498116706304
1309615565393342467
1309615757769289729
1309615793953476619
1309615797975822338
1309615820536909825
1309615883233361920
1309616005509836801
1309616122153570307
1309616236179881986
1309616260804608001
1309616273471332352
1309616344371953666
1309616404338008066
1309616420586762255
1309616567248982017
1309616696856993792
1309616763756335109
1309616814742269953
1309616878084657152
1309616947278077954
1309616950893445122
1309616957763846154
1309617114580480001
1309617168015921152
1309617280007827456
1309617359775125504
1309617364372250625
1309617413932158976
1309617423633571840
1309617435150938112
1309617436036128769
1309617439710343168
1309617510782849027
1309617569792491521
1309617770615709696
1309617833773498373
1309617866883452931
1309617934201913354
1309617955001577472
1309618011062505473
1309618060853043200
1309618252947943424
1309618270388051972
1309618315258716167
1309618361177956355
1309618556049461253
1309618811583303682
1309618874288082970
1309618933427826694
1309618946329382912
1309619126424481795
1309619150638198786
1309619172058566657
1309619176986808320
1309619209320751105
1309619263943176198
1309619415177019394
1309619508110270464
1309619699869716480
1309619796632272897
1309619843562266624
1309619973028024325
1309620057128009728
1309620070419763201
1309620086605479938
1309620110886424577
1309620291564449792
1309620321083744256
1309620388264120322
1309620388012404737
1309620698097184768
1309620703273070593
1309620761775280128
1309620791764451330
1309620828145946625
1309620828833808390
1309621084942217217
1309621147068063745
1309621162108841984
1309621265494310913
1309621289871716354
1309621383505367040
1309621512236863489
1309621528556965890
1309621738674692097
1309621794308009984
1309621878323986432
1309622021727424512
1309622098696916993
1309622149259427845
1309622258692952064
1309622485139283968
1309622510728740870
1309622595495448576
1309622645252554752
1309622733613998082
1309622825305731072
1309622921732579328
1309622978267828235
1309623081267208192
1309623144043470848
1309623278487703552
1309623336276697089
1309623480145641473
1309623580485971969
1309623580569645056
1309623634793725958
1309623676082495488
1309623781158248451
1309623790226354177
1309623869779652608
1309624002814640130
1309624133458620416
1309624186801979392
1309624246398836737
1309624315420254209
1309624339105558528
1309624507561381888
1309624546836840449
1309624566550069251
1309624620853624835
1309624641980301317
1309624675446796288
1309624700729921537
1309624794552438785
1309624812634021890
1309624908708827139
1309624935514546176
1309625069237407750
1309625095153836032
1309625178599587842
1309625366588403713
1309625400541102080
1309625437094424577
1309625447269847040
1309625492300066816
1309625496410316801
1309625560956637184
1309625597648396288
1309625606221504514
1309625703181299712
1309625711225790464
1309625744255930368
1309625778884108289
1309625804117217285
1309625844390866944
1309625937567379456
1309625975676850177
1309625996530708480
1309626138281553920
1309626193239592962
1309626238957432833
1309626251829805056
1309626340111388672
1309626399397994496
1309626495988641794
1309626545800187904
1309626562707427329
1309626578524012544
1309626687894609920
1309626700062494720
1309626755330854915
1309626773039087617
1309626792496582658
1309626857025867779
1309626868900016129
1309627249352679424
1309627276758265858
1309627312879603717
1309627325378703360
1309627351614001154
1309627539040604160
1309627726647746560
1309627736168763398
1309627777914679299
1309627800501051392
1309628179620024321
1309628298297778176
1309628312092696576
1309628416816160769
1309628494528172033
1309628617882705926
1309281450861174784
1309281530536226816
1309281627101691904
1309281648572280833
1309281912398151680
1309281957776293888
1309282180011614208
1309282230993326080
1309282243676905472
1309282326963257349
1309282398950039557
1309282588331323397
1309282605221793793
1309282638226628608
1309282713485094912
1309282776961740803
1309282922428538881
1309282962505003008
1309283140813205504
1309283141010501633
1309283166021136385
1309283212280111105
1309283262330740736
1309283367825932288
1309283385521643525
1309283552073150468
1309283817002278917
1309283858756575234
1309284077153943553
1309284147098247168
1309284198767890434
1309284223564615681
1309284252517691392
1309284311905038338
1309284386265870339
1309284479383429120
1309284500367605760
1309284558421069824
1309284785370660864
1309284823140364289
1309284895026372611
1309284953939677190
1309285288653406208
1309285543872585728
1309285553460981765
1309285666421903362
1309285737838206977
1309285796596396032
1309285880234782720
1309285882587951104
1309285925764165633
1309286026620186624
1309286182803648513
1309286227712016390
1309286248700424192
1309286438626684928
1309286746388156416
1309286765732093952
1309286769850855424
1309286807889215492
1309286899291508739
1309287084298047490
1309287092745367554
1309287276447399937
1309287343229227022
1309287481833959424
1309287558161944577
1309287574045782016
1309287607709372416
1309287641381302276
1309287663002963975
1309287696217649154
1309287775573815297
1309287784155406342
1309287864287588354
1309287914992476167
1309288010647851009
1309288097641902080
1309288115371216896
1309288216231579651
1309288295394926593
1309288611125358593
1309288639671578624
1309288841795297280
1309289068119748609
1309289147358642176
1309289168342781952
1309289319916384256
1309289345145335814
1309289361242902528
1309289365437382656
1309289394633728009
1309289395082551296
1309289411545378818
1309289462162227201
1309289465672851456
1309289659676200961
1309289671533441024
1309289679590752257
1309289947933937664
1309290074207670272
1309290120390914050
1309290165991596037
1309290322351054848
1309290338683621376
1309290406874677253
1309290426353025024
1309290442891067397
1309290443272847362
1309290619454599168
1309290641403199490
1309290682100649989
1309290745707126784
1309290879941828610
1309290900103856128
1309290988876128256
1309291090005110797
1309291122020188160
1309291136004100096
1309291530713145344
1309291655388893184
1309291803208814592
1309292025611563008
1309292133136977920
1309292217287282688
1309292313735294976
1309292331091230720
1309292431335186432
1309292452457713666
1309292549505417218
1309292564336594944
1309292595458301954
1309292725083217921
1309292888417873923
1309292893518077952
1309293069099962368
1309293404447223808
1309293408717099008
1309293444892971009
1309293479902818310
1309293570243751938
1309293763509080064
1309293882304352261
1309293900440285185
1309294054262403075
1309294079109337096
1309294100248698880
1309294143013822464
1309294217127231491
1309294239017250816
1309294356889776128
1309294456793829377
1309294473076064256
1309294505162612736
1309294511919706112
1309294516097220616
1309294608598401025
1309294839159238659
1309294920528809985
1309295082584109059
1309295119087083524
1309295157498597376
1309295187349438464
1309295282249756673
1309295350868520962
1309295438806294539
1309295472343805952
1309295501649629190
1309295606272266240
1309295728318181377
1309295754012364801
1309295857922191361
1309295975995904000
1309296093042102272
1309296227176140802
1309296478569996288
1309296487675953152
1309296544110190593
1309296546605744129
1309296621046304769
1309296651341889537
1309296748762931200
1309296906019901440
1309296973300858880
1309297107509993472
1309297251320295427
1309297288049766407
1309297343133487105
1309297389082210312
1309297435106332676
1309297481180680194
1309297519285932034
1309297557550624769
1309297678728142848
1309297695295787010
1309297960069607424
1309298005242150912
1309298153313759234
1309298207382335488
1309298241012334592
1309298295043436545
1309298367235870721
1309298583280054273
1309298651949420547
1309298696664813575
1309298752218423298
1309298803321700352
1309298882694836226
1309298891502747648
1309298965800775680
1309298991763517446
1309298995404079111
1309299288737026048
1309299301114351616
1309299353320914945
1309299381305303040
1309299427451064321
1309300320544186369
1309300321039024129
1309300342761435136
1309300585087340545
1309300719523160065
1309300749399195650
1309300761466150912
1309300802759151616
1309301026613342208
1309301050281791488
1309301080405078016
1309301092463898625
1309301427710373889
1309301679771324417
1309301714068082691
1309301751489724423
1309301792778354688
1309301998932631552
1309302061834539008
1309302170873888769
1309302242109988866
1309302351514284032
1309302522692206595
1309302624437575681
1309302686282649600
1309302707656757249
1309302711674982401
1309302729148256257
1309302787340218369
1309302878171926528
1309302942189658112
1309302964956344322
1309303063958532098
1309303109987033090
1309303140265594880
1309303155914493952
1309303362324758529
1309303378548269056
1309303383744888832
1309303521125306368
1309303592503971840
1309303642596536323
1309303701505363969
1309303768358453248
1309303789094973440
1309304158210711552
1309304217132204032
1309304359780519936
1309304368181768193
1309304410007371776
1309304731030888449
1309304842049843201
1309304850895769600
1309304872127389696
1309304915269951493
1309304926485524480
1309305261862072320
1309305283139825666
1309305290433716226
1309305298943963139
1309305412840292352
1309305424529838081
1309305446298198016
1309305573041676299
1309305644357357569
1309305682332536833
1309305718827253760
1309305743632412672
1309305747935813632
1309305760971730945
1309305764444479489
1309305865573285888
1309305958481514497
1309305988374122501
1309306113293086721
1309306171711524865
1309306209720307712
1309306268356468736
1309306496736464902
1309306826207326210
1309306847376048128
1309306852329639936
1309307001906716672
1309307292479823873
1309307307105431553
1309307531227848704
1309307724228972559
1309307724254060547
1309307794743533568
1309308084981043200
1309308147337555968
1309308172151255040
1309308231693500422
1309308256368631810
1309308269291208704
1309308377978286080
1309308508324548608
1309308701371699203
1309309019543212037
1309309061616340994
1309309091500756993
1309309112426131457
1309309120735051782
1309309216952184832
1309309250103996422
1309309321893810177
1309309335747485696
1309309384372047875
1309309464084971521
1309309624147943426
1309309653013073922
1309309662546853888
1309309670490865665
1309309782818516993
1309309783418175488
1309309854666887168
1309309933947678720
1309309938305568775
1309309988561707009
1309310093708550145
1309310136033386496
1309310303872708609
1309310336537972736
1309310446130868226
1309310483732860930
1309310496718417923
1309310501386686466
1309310513256583168
1309310581002899460
1309310620429438978
1309310655275634690
1309310731330949120
1309310898448855040
1309310952978837504
1309311087762968577
1309311119505358850
1309311305875062784
1309311595558965250
1309311788589211648
1309311818616188928
1309312032898871297
1309312048417959936
1309312183399075841
1309312191317839873
1309312240814874629
1309312244774309888
1309312245294419969
1309312265896603648
1309312266383155200
1309312354622926848
1309312409077719042
1309312501830492160
1309312513608122368
1309312632030199810
1309312728096485376
1309312811609321474
1309312988210491392
1309313004001992704
1309313075250696193
1309313076332822536
1309313100785627136
1309313142917410816
1309313159887548416
1309313216384774145
1309313252652974081
1309313332885807106
1309313336622960640
1309313428037664772
1309313495532548097
1309313558610550791
1309313692572426243
1309313922865016834
1309313931756929026
1309313968985518081
1309313974115147776
1309314082219188225
1309314174309158912
1309314228826910725
1309314308812271625
1309314317288763397
1309314330681159680
1309314547715641344
1309314616015626240
1309314737243590657
1309314740980715521
1309314808857022465
1309314853866094592
1309314914922762240
1309314996350849030
1309315118065504263
1309315412136538112
1309315522027282433
1309315608677318657
1309315656018427905
1309315659122311174
1309315739401162753
1309315747949281282
1309315782233423872
1309315840525897729
1309315920200753152
1309315971660816384
1309315981706174464
1309316117186387968
1309316314268413952
1309316386955513857
1309316563930157064
1309316670364639232
1309316674013868033
1309316708885168130
1309316797099724800
1309316908886360064
1309316910538948608
1309316910446596096
1309317245319827461
1309317400538611713
1309317589516955648
1309317682244845571
1309317701777588224
1309318084079935488
1309318096331644928
1309318138257866753
1309318160001183744
1309318163990011904
1309318213663031296
1309318263848022016
1309318399051182081
1309318453589929984
1309318847225147392
1309318880834314240
1309319157486358530
1309319169993838594
1309319207935520768
1309319233612984320
1309319266169217026
1309319298955898881
1309319353335083008
1309319502010691584
1309319543492403200
1309319689605128198
1309319694864846848
1309319702263599104
1309319702863200256
1309319891137298433
1309319992744308736
1309320055533047809
1309320291777036288
1309320303185661952
1309320344591888384
1309320432986849282
1309320441413206016
1309320445192105984
1309320503543226369
1309320592932339713
1309320600683458563
1309320729897377793
1309320802781757440
1309320816463577088
1309321010877849610
1309321112476672002
1309321145083142144
1309321162825105409
1309321255544381440
1309321275576381446
1309321379414769676
1309321506258710534
1309321543789563906
1309321569441910788
1309321619073048578
1309321665914961920
1309321672944623616
1309321917095006208
1309321917271281664
1309321979913293824
1309322072519323648
1309322084716175361
1309322198125957120
1309322311644917761
1309322348890329089
1309322478838308867
1309322522295296005
1309322726914416640
1309322743859601420
1309322786406621184
1309322806040178688
1309322848956280832
1309322887153750016
1309322907521372160
1309322911019421697
1309323003986096128
1309323045819920384
1309323050043805696
1309323167975051265
1309323211771916289
1309323428470517761
1309323502672117760
1309323645190316038
1309323867744350209
1309323900988219393
1309323973218521088
1309323981284159488
1309324091183296513
1309324110019915776
1309324123135336449
1309324148460617729
1309324190625849344
1309324266329067520
1309324304559996928
1309324384646180865
1309324484495597568
1309324592696098818
1309324681225424899
1309324716541456385
1309324778084409344
1309324845658894336
1309324882270969856
1309325077071179776
1309325122533289984
1309325156251316224
1309325402461155328
1309325416386015233
1309325643708940289
1309325781097742337
1309325827117666309
1309325885858816001
1309325932209995776
1309325948173639685
1309326318329364480
1309326326130712578
1309326350340313089
1309326555857014784
1309326589667078145
1309326594134155265
1309326677852524544
1309326695632113665
1309326703882371072
1309628751634812929
1309628886762901506
1309628918887051264
1309628978177736705
1309629162467086343
1309629254158749702
1309629405862354945
1309629419481374720
1309629549659865089
1309629597101838337
1309629750055448576
1309629799846105088
1309629808549212160
1309629821639688192
1309630031879077898
1309630035041509376
1309630103253524480
1309630171041935360
1309630202914304005
1309630367155003392
1309630484985638917
1309630546876739589
1309630550978842624
1309630580376645632
1309630794009378823
1309630807464726528
1309630819082948608
1309630823990267911
1309630841241260033
1309630845133533184
1309630883029229571
1309630946560430082
1309630959147458562
1309631020631814144
1309631070908882950
1309631123945816065
1309631210046459905
1309631218108043264
1309631230590308358
1309631247652659200
1309631369572569088
1309631398177918979
1309631427709997056
1309631453999718401
1309631523897966593
1309631696568975360
1309631729355968512
1309631810440134658
1309631843134664704
1309631943340945408
1309632007178125313
1309632205031763968
1309632228398309376
1309632317531578369
1309632319951699969
1309632445432692737
1309632694993793030
1309632928943673344
1309632983637295104
1309633004852056066
1309633038624657410
1309633059822632966
1309633118660419585
1309633474744156160
1309633529102454786
1309633549579018244
1309633576426561536
1309633685445054465
1309633747256573958
1309633814243622913
1309633932544049153
1309634002756788224
1309634053742628864
1309634078929494017
1309634153445429248
1309634343438970880
1309634414201262080
1309634741566615558
1309634761992949761
1309634787406237702
1309634791726252033
1309635004973096962
1309635047469715456
1309635165443043329
1309635210988916736
1309635220325490688
1309635245365325824
1309635248305577985
1309635345013760000
1309635454401118209
1309635550400389120
1309635790046212097
1309635961274265600
1309635974801035265
1309635991477649408
1309636083110621191
1309636091595677697
1309636167097290753
1309636222378291201
1309636264782635009
1309636372383305733
1309636425663602690
1309636488917856256
1309636599060234241
1309636612226256897
1309637140406562817
1309637250293137408
1309637479843033089
1309637551863537666
1309637582087651331
1309637584763719681
1309637673947074561
1309637694084055041
1309637770013413376
1309637901731295233
1309637938028871680
1309637941338267648
1309637979883941889
1309637983826399237
1309638159798542337
1309638206137282561
1309638223094841344
1309638222889320452
1309638252912095232
1309638287552897024
1309638335460040704
1309638357413105667
1309638432507994115
1309638436073230342
1309638532437336065
1309638730592985095
1309638800944115714
1309638893503905792
1309638931923849216
1309639246756474882
1309639254499381254
1309639292449419268
1309639317720100865
1309639384883441664
1309639412574228480
1309639481121701889
1309639581873172481
1309639703612633088
1309639719374991360
1309639980315074561
1309640160187826179
1309640246435418112
1309640348688416768
1309640395198873600
1309640601462337543
1309640642671255552
1309640823433097221
1309640881192878081
1309641002790125569
1309641018082500615
1309641116564611072
1309641229777469441
1309641242649731073
1309641275914813443
1309641292700422145
1309641397994127361
1309641519041634304
1309641606946054151
1309641619671592961
1309641703851204608
1309641720817004545
1309641779243819009
1309641834126139392
1309641892213161985
1309641930679226368
1309641931018838016
1309642030335881219
1309642132119080961
1309642165073727488
1309642282644238338
1309642319663112192
1309642374767874052
1309642647921995776
1309642656272855040
1309642693333659652
1309642886653251584
1309642895259963392
1309642936527867904
1309642954873733120
1309643066853273603
1309643117155450880
1309643171031285761
1309643175452082177
1309643264685989889
1309643507582328832
1309643578315091968
1309643608342044675
1309643625337249794
1309643675828396032
1309643759521595392
1309643763103535105
1309598607297871873
1309598628420354048
1309598641322168323
1309598778694029315
1309598825409998849
1309598863028875268
1309598867806134273
1309598934998888448
1309598960110182406
1309599030037688320
1309599082806091776
1309599139248865281
1309599182139854849
1309599201911869442
1309599361945477122
1309599454832590848
1309599496821596160
1309599631513395200
1309599718943711233
1309599736001753088
1309599969867976705
1309599999739666437
1309600004726812672
1309600004831621126
1309600020006449152
1309600117079539713
1309600134758641666
1309600196616126464
1309600234994126848
1309600280472936454
1309600348147912704
1309600398085443584
1309600500279513088
1309600616763850752
1309600638079098881
1309600654994804737
1309600763547541504
1309600775459319808
1309600934704668672
1309600944687058945
1309600949766443009
1309600959677464582
1309600988383391744
1309601036458430465
1309601081337565191
1309601137365069824
1309601354491592704
1309601463551877128
1309601485391646722
1309601677729820673
1309601715403055105
1309601794616692736
1309601815361617921
1309601832445116419
1309601833015418880
1309601837289537543
1309601849222209537
1309601945296879616
1309601954792759296
1309602106169421824
1309602159412023297
1309602189153763328
1309602217968705536
1309602282246492160
1309602360784826370
1309602369148125185
1309602533220986883
1309602533661433860
1309602588418023426
1309602629756968960
1309602642432274432
1309602734165893122
1309602905905913857
1309602982544187393
1309602994871132160
1309603073673711618
1309603132490559488
1309603146591854592
1309603170247639042
1309603243522105344
1309603245648752641
1309603262463709189
1309603313441222658
1309603393913016320
1309603413768966145
1309603553078587394
1309603582216372224
1309603883207933952
1309603950442811398
1309603951025754112
1309604399195578376
1309604545870409729
1309604612412968961
1309604646852403201
1309604865119784960
1309604966403899397
1309605007659069440
1309605057839718403
1309605099367325696
1309605209740652546
1309605287788195840
1309605307417538560
1309605432550404099
1309605523843690497
1309605645050621955
1309605771160805384
1309605799979868161
1309605834616262656
1309605855067885568
1309605959363330050
1309606249885958144
1309606257813319681
1309606278898085888
1309606296958558210
1309606345260363776
1309606387819909127
1309606392823599104
1309606412746723330
1309606530652631040
1309606832424525824
1309606983276920833
1309607180488896513
1309607273044426755
1309607310302613510
1309607528238546944
1309607772636545025
1309607830123667457
1309607888990736384
1309607905709010944
1309607931726434309
1309608069379371009
1309608075851116545
1309608112203149313
1309608279698481152
1309608283959947265
1309608324980072448
1309608392110018562
1309608514227187717
1309608601820958720
1309608685598117894
1309608824366604289
1309608955182751746
1309608996077273094
1309609042961203206
1309609050775191568
1309609307290435584
1309609437129306112
1309609483505733639
1309609500480081925
1309609504317812738
1309609583921553408
1309609625583411201
1309609634446159872
1309609739366682626
1309609743607099394
1309609810992738306
1309609826742185984
1309609911253262336
1309609944849821696
1309610027834109954
1309610313625423872
1309610443602878465
1309610468911337473
1309610472652574721
1309610594006376449
1309610761866665986
1309610942909513729
1309610974698184705
1309611039357427712
1309611349979336705
1309611479939850243
1309611621812183040
1309611628208373761
1309611714141466624
1309611714233749504
1309611719375892481
1309612025375531008
1309612041615925248
1309612071462612992
1309612225980637184
1309612360072658950
1309612607595319296
1309612608933167104
1309612663085780992
1309613253580922880
1309326821733863424
1309326863093825536
1309326989191507970
1309327117931470848
1309327311834157057
1309327387373514752
1309327445007376384
1309327458324287490
1309327487587942405
1309327638868168704
1309327672032534529
1309327793503842309
1309327834926718977
1309328348552798215
1309328406346043392
1309328520229933056
1309328620574388225
1309328666069876736
1309328695736369153
1309328816838504454
1309328929736409089
1309328946740293633
1309328971830525953
1309329085106094080
1309329162134597634
1309329262281859074
1309329295097999360
1309329307853086723
1309329317072187393
1309329442603282432
1309329577362087936
1309329588925784064
1309329597809324034
1309329636082376704
1309329655992729600
1309329740713648128
1309330058020970497
1309330058633412611
1309330071363162112
1309330083669303297
1309330114296111105
1309330189311188995
1309330247117017090
1309330285817929728
1309330441028198401
1309330521072250881
1309330549417410560
1309330558577766404
1309330654124027904
1309330687175143424
1309330801683656704
1309330952301076480
1309330993791283207
1309331002062446592
1309331175320760322
1309331216357904384
1309331299082088450
1309331383660081152
1309331443483582465
1309331472491347974
1309331540070072327
1309331565042962432
1309331736858259458
1309331849915904000
1309332049946443778
1309332059979038720
1309332206947450881
1309332231639437312
1309332257413517313
1309332387436789762
1309332400288280577
1309332484086259713
1309332667612033024
1309332717142761472
1309332743579459585
1309332902572941314
1309332964132569088
1309333061591425025
1309333129707085824
1309333242386853889
1309333243489968128
1309333263949889541
1309333291980525568
1309333367922601985
1309333489074860033
1309333498692395009
1309333603021516801
1309333771116662784
1309333859243380737
1309334061484306434
1309334085626744832
1309334101799964672
1309334173082025985
1309334186369724416
1309334271077888003
1309334399943544836
1309334532445929472
1309334556768694278
1309334575865376768
1309334602335621120
1309334632995917824
1309334647113998341
1309334798326931456
1309335091584339968
1309335191962353672
1309335292625801216
1309335405804826624
1309335410602991618
1309335469138812928
1309335512151470082
1309335758382264340
1309335832038387719
1309335918373986307
1309336116072337409
1309336145118060545
1309336421107367936
1309336443219656706
1309336535943135232
1309336757188452353
1309336832522452992
1309336961992269825
1309337524846952450
1309337529892532224
1309337546439249925
1309337654081867777
1309337718078410752
1309337776500940800
1309337865437011968
1309338548865249280
1309338549553180674
1309338556859641856
1309338598987247618
1309338780126654466
1309338888834633728
1309338933751418880
1309338988541599749
1309339198739144704
1309339225075208192
1309339282276933637
1309339580378697732
1309339656107028481
1309339714806136838
1309339718190989313
1309339738734645249
1309339743952478208
1309339791159300099
1309339919974883329
1309340061494906881
1309340099528753156
1309340112099172353
1309340137575251973
1309340360204627969
1309340826024243200
1309340927522037762
1309340963949608962
1309341101720035328
1309341231739174913
1309341290967060481
1309341464036401153
1309341530851667969
1309341535096442880
1309341689870462976
1309341722816716801
1309447635175079936
1309447916659126272
1309447932844937218
1309447948594565121
1309448065120526336
1309448155025600512
1309448192199598080
1309448213045313537
1309448266979958789
1309448366124929024
1309448422571769856
1309448703942459396
1309448754597109760
1309448855927353346
1309448932070748160
1309448942875291648
1309448945538535424
1309449028728389632
1309449082658852864
1309449124346040320
1309449141056135169
1309449250233819136
1309449345385758720
1309449407302184965
1309449417137815555
1309449491142115329
1309449642904559616
1309449860614062080
1309449927752323072
1309450101128036355
1309450197831831552
1309450256640348160
1309450311757594632
1309450344133529600
1309450442921959424
1309450515806330881
1309450577173049344
1309450624715685888
1309450651517308931
1309450754189676544
1309450922016288769
1309451018313359361
1309451041084235778
1309451286333534208
1309451353652068352
1309451484422123520
1309451484740964355
1309451517720702977
1309451589493518336
1309451894373396480
1309451953232113666
1309451992213983235
1309452017060855809
1309452102389977089
1309452190403170306
1309452285274189824
1309452392056762368
1309452394422513664
1309452432120975361
1309452432657674241
1309452478887473152
1309452553504141316
1309452621455867906
1309452731837538304
1309452822136721408
1309452871465947136
1309453037640069121
1309453060356349952
1309453061824434177
1309453100349095938
1309453190715277312
1309453241512583168
1309453330918199298
1309453339529220096
1309453353760374786
1309453549114454016
1309453557524033536
1309453595633504256
1309453632962732033
1309453636267802625
1309453778135977984
1309453802941165571
1309453822352334848
1309453890903916544
1309453921199575041
1309453967227846656
1309454009628069890
1309454019216146432
1309454065240334338
1309454345604390914
1309454432862691331
1309454558431764482
1309454559044141056
1309454837000613890
1309454851395317760
1309454894252818432
1309455171475435521
1309455197878530049
1309455256955367427
1309455296079826944
1309455310499840002
1309455329961353219
1309455394432000001
1309455413931376641
1309455431966875653
1309455477802242053
1309455519283806208
1309455538456014849
1309455547704508416
1309455652964663296
1309455737198960640
1309455933563637760
1309455940379439104
1309456039985713155
1309456044825903104
1309456056301518848
1309456161427591170
1309456260740325382
1309456424326627328
1309456470052921347
1309456651041337344
1309456873121361922
1309456928171528192
1309457062733250566
1309457150138343424
1309457201690480640
1309457326915674115
1309457384776110080
1309457456016351233
1309457470352482304
1309457588296323074
1309457683024576513
1309457759432314880
1309457797537390592
1309457867670343681
1309457935744016384
1309457967893356544
1309458057076895744
1309458064626589696
1309458091008831488
1309458282868887552
1309458329937248258
1309458383993368577
1309458463983120384
1309458484736536579
1309458505171111938
1309458531654029312
1309458563769815041
1309458591078707200
1309458672410648577
1309458703691788288
1309458729851662336
1309458820259864577
1309458900136198145
1309458974794633216
1309459134274772998
1309459179636232192
1309459235755958274
1309459285672448001
1309459289132675073
1309459415704068096
1309459574341033984
1309459659821068293
1309459847927087105
1309459860380155909
1309459906693607430
1309460178916573184
1309460196381667328
1309460278959050753
1309460372089221120
1309460673475248128
1309460790794162177
1309460825657217025
1309460872323047424
1309460903901958146
1309460946658693126
1309460963179995137
1309461092641505282
1309461273717899265
1309461370342178818
1309461488940220421
1309461656272076801
1309461906550403073
1309462008958418944
1309462079758315520
1309462271417094147
1309462292841537536
1309462310092713990
1309462329973772290
1309462485389520897
1309462522890776576
1309492851626123264
1309492860467675136
1309492947365376002
1309492978516287491
1309493230162055170
1309493243336249346
1309493271278878726
1309493318787588097
1309493338941333504
1309493535528419332
1309493547771539461
1309493670647922702
1309493698707689473
1309493737001832448
1309493820757889025
1309493896997744640
1309493947849293824
1309494110437269506
1309494110701735937
1309494190942945283
1309494697589702658
1309494714425659394
1309494785284231169
1309495032718798851
1309495248251432960
1309495313636433920
1309495352483917824
1309495407261622273
1309495426899468289
1309495461456359426
1309495481626628096
1309495615647350788
1309495772208128000
1309495972649672705
1309496066245636097
1309496295896297473
1309496320457977856
1309496341786234880
1309496634590494721
1309496643587248129
1309496661539016710
1309496874735480832
1309496983657291776
1309497071460855808
1309497142835326978
1309497189236965377
1309497213857550336
1309497280840384522
1309497344379895808
1309497431717900288
1309497440630984704
1309497445001330690
1309497541696856065
1309497868051308549
1309498036222132228
1309498133429223424
1309498158293094403
1309498170846654464
1309498204044447744
1309498258083913728
1309498260407701506
1309498371799953408
1309498484756590594
1309498510425944064
1309498628088659970
1309498669608177666
1309498711748341767
1309498803351883776
1309498808322199552
1309498896226410497
1309498934671241221
1309499001306263552
1309499062555750402
1309499072785444864
1309499119023595520
1309499223034003459
1309499399370870784
1309499626882560001
1309499757002477568
1309499763692314627
1309499784953200640
1309499881917087744
1309500066441252864
1309500200336195584
1309500268309098501
1309500289418956802
1309500317206282244
1309500389050535936
1309500410244276224
1309500427361292288
1309500435355578373
1309500477701193728
1309500550296162305
1309500736770768897
1309500834598645762
1309500846502113280
1309501051641495559
1309501068976455682
1309501134244139010
1309501211532562432
1309501249704718336
1309501416462049281
1309501518106824706
1309501668870946822
1309501705722253313
1309501770306072576
1309501891693424640
1309502059545321477
1309502109369479169
1309502401502744576
1309502460738838528
1309502481815105536
1309502511326343168
1309502818152337409
1309502855653384193
1309502872502050827
1309503116296028160
1309503119265390592
1309503237695905792
1309503379647819778
1309503649584951296
1309503685932834819
1309503684804448256
1309503753352081408
1309504164469207040
1309504218299092993
1309504340537868291
1309504349169684483
1309504445609320451
1309504688702722050
1309504834660229120
1309504973269471235
1309505183550898177
1309505221115162627
1309505326723538946
1309505343672721409
1309505632815390721
1309505686334779393
1309505778777235463
1309506178314129410
1309506193979834371
1309506278155259905
1309506290926989314
1309506333562015744
1309506437345878019
1309506630594297856
1309506642614996992
1309506642849923075
1309506646805114880
1309506765550243842
1309506786680950784
1309506790372110338
1309506824035536903
1309506928171724802
1309506974497804290
1309507117565521921
1309507170636107778
1309507196519092227
1309507243495153669
1309507540837953536
1309507595540066305
1309507808908455942
1309507829796012041
1309507925770035201
1309462654130565120
1309462657087549440
1309462733977538561
1309462829183856640
1309462846250442753
1309463011283865601
1309463304205721601
1309463361407643648
1309463396920840192
1309463463023046660
1309463590550859778
1309463678442377217
1309463808000262144
1309463879483826177
1309464007527538688
1309464185567358976
1309464188885127168
1309464200360665089
1309464259819044866
1309464288407547909
1309464311019048960
1309464380858400769
1309464552929669125
1309464607266934784
1309464905326579712
1309464914730385409
1309465068824940544
1309465376472928258
1309465406030176261
1309465460031868929
1309465565677989889
1309465588838752259
1309465728521613313
1309465762197889024
1309465827985494016
1309465863175708672
1309465904388993025
1309465939264536580
1309466075764002816
1309466119426715648
1309466130415865856
1309466193317761025
1309466282278912000
1309466436893642754
1309466523954827271
1309466525502509059
1309466555240022020
1309466563326750720
1309466567046881281
1309466673834012674
1309466795493924864
1309466881238106113
1309466944765153285
1309467000671031296
1309467087858008064
1309467258863968261
1309467430176133121
1309467438929543168
1309467501961441280
1309467707746717696
1309468002065104896
1309468005806624768
1309468022416044038
1309468119589679104
1309468151793491968
1309468299558821889
1309468303744815105
1309468413090299904
1309468429301223425
1309468546934681602
1309468584771489794
1309468609425690625
1309468698395250688
1309468749037273089
1309468756586844160
1309468998548029441
1309469004411670529
1309469092034670593
1309469107746676736
1309469258905247744
1309469603253362689
1309469629685862400
1309469848221741058
1309469896363958273
1309469989125193729
1309470161255231495
1309470185569615872
1309470232575123457
1309470241970413570
1309470304213712896
1309470317925093376
1309470408471576576
1309470447105454080
1309470453992431616
1309470476608176134
1309470563619008513
1309470590714159110
1309470744603250690
1309470782196715522
1309470983842127875
1309471031275515905
1309471101739773953
1309471168378830848
1309471297546616833
1309471314181226497
1309471335983312904
1309471341003890688
1309471377125265408
1309471436164214784
1309471482729435137
1309471495693926406
1309471558558244864
1309471834392457222
1309471868374716417
1309471918018437120
1309472032623648769
1309472258642108419
1309472304611631104
1309472345028014081
1309472402204774401
1309472404452696064
1309472479572905984
1309472479723872257
1309472648112422912
1309472733319827456
1309472740978515969
1309472999947431936
1309473010177507330
1309473072072753153
1309473214821789696
1309473303204069376
1309473487778709505
1309473533773447169
1309473537326043139
1309473571807391745
1309473709955190784
1309473739583762434
1309473743354372098
1309473821875990528
1309473969590996993
1309473986930122753
1309474130178093061
1309474133504397314
1309474158959624195
1309474200852275201
1309474486308265986
1309474796405743622
1309474824998342658
1309474862428233731
1309475048055545858
1309475052367290368
1309475228695707648
1309475437224046592
1309475655109824513
1309475932630024198
1309475961318993921
1309475962355097600
1309475995095674880
1309476003853541378
1309476071042158592
1309476104323739653
1309476209097613312
1309476227581763586
1309476254568116225
1309476259584512002
1309476318745186310
1309476381248630784
1309476515546095617
1309476670932484096
1309476859252334592
1309476867452198912
1309476872225525764
1309476972255260673
1309477037116215296
1309477149401899008
1309477174009671680
1309477258294329344
1309477324564422656
1309477337801555968
1309477376380739590
1309477400309387264
1309477555968376832
1309477611073142784
1309477622376730624
1309477651627806726
1309477826018578432
1309477845757026304
1309478116973326336
1309478231733608449
1309478259604684801
1309478268781973504
1309478273135583233
1309478284690780161
1309478436696719361
1309478537263484928
1309478612190420992
1309478634055442432
1309478839182004224
1309478889933152260
1309479129343954946
1309479237708120064
1309479253734494208
1309479375642013696
1309479379894964225
1309479480407318533
1309479543921692672
1309479783105998849
1309479841939558401
1309479988719161344
1309480177680908289
1309480194156032000
1309480587854401536
1309480618107994114
1309480685485330432
1309480785792118784
1309480793715212288
1309480957238542338
1309481057767624704
1309481133386719232
1309481419270320128
1309481430993588226
1309481645993467905
1309481666705002496
1309481830257774592
1309481855700303882
1309481897794428929
1309481943281606657
1309482182851715075
1309482215093329925
1309482250044674049
1309482542865711110
1309482546695036928
1309482669093408768
1309482745224077313
1309482836265754624
1309482858776387584
1309482911440277510
1309482937465872391
1309483041853779969
1309483058576404481
1309483158715478017
1309483192206802944
1309483197550428161
1309483317989789697
1309483330778390528
1309483594663047170
1309483691157213187
1309483788557332482
1309484052299169795
1309484136801984512
1309484354158997504
1309484459322798081
1309484564591661056
1309484590030106625
1309484601862008832
1309484824529383426
1309484832343420928
1309484899292917761
1309484950509555715
1309484966225629184
1309485181552783360
1309485251480162307
1309485415674654720
1309485461795209217
1309485579583795200
1309485591994621953
1309485634281762818
1309485797830131719
1309485886212583429
1309485981855342592
1309485990457880578
1309486107126628354
1309486150311178243
1309486256049598465
1309486443811811329
1309486610740850690
1309486635827032065
1309486707075624966
1309486727761981440
1309487088681746433
1309487161427845120
1309487287269556231
1309487291048570880
1309487358606290944
1309487566756802561
1309487684948078593
1309487772844122113
1309487807568764935
1309488201669644289
1309488226592272386
1309488427440779272
1309488435334443009
1309488645804613634
1309488658974728192
1309488687953084416
1309488733792632833
1309488741371666433
1309488933906993155
1309489194901798912
1309489240745684992
1309489350481149952
1309489362934149120
1309489551593926658
1309489588528873472
1309489660360568832
1309489752064888833
1309489816787193858
1309489908373913601
1309489916502577157
1309490016712888320
1309490033724919809
1309490101022490625
1309490280756781056
1309490307080359936
1309490445815341056
1309490465490841605
1309490474542149632
1309490486021967874
1309490550211477511
1309490729706815488
1309490759050158080
1309491007617200129
1309491107739377664
1309491213523759104
1309491228812161024
1309491237401976833
1309491438028234753
1309491547944161282
1309491599873896449
1309491685961986049
1309491892342661123
1309491906716418049
1309491908268429317
1309491996646674433
1309492018561851400
1309492348691181568
1309492425434554375
1309492442635223040
1309492462390579202
1309492486994374657
1309492651104722944
1309492823192932354
1309341949514543104
1309342033044267008
1309342045488676864
1309342059225112577
1309342176174698496
1309342390390415361
1309342394903650304
1309342436288868352
1309342528231976966
1309342632884056066
1309342654052827136
1309342787914039296
1309342838660960256
1309342851646488581
1309342875910455296
1309342898660335617
1309342938951016449
1309343032165138433
1309343158355087362
1309343161857310725
1309343287879364608
1309343333534363648
1309343395538767872
1309343649214246912
1309343766889725953
1309343795171987456
1309343796510044162
1309343833436684288
1309343879305424897
1309344214967136256
1309344437827506177
1309344482744315904
1309344513329115138
1309344673043972097
1309344701053652992
1309344890237652992
1309344895480537089
1309344924114907138
1309344983590359040
1309345016490459137
1309345041836462080
1309345136657211392
1309345243570020353
1309345389313748998
1309345572717867008
1309345578933837826
1309345761742655490
1309345796618289154
1309345807640989696
1309345901366763523
1309345905146036224
1309346065993404417
1309346068010729472
1309346071978684421
1309346240161656837
1309346295396458499
1309346358156038145
1309346504067301376
1309346983690133504
1309346988014608384
1309347145972092928
1309347147498901504
1309347167350353925
1309347239085645824
1309347338586976256
1309347360833703938
1309347481604382720
1309347575624011776
1309347884635230209
1309347970458857474
1309348015258308608
1309348049358000128
1309348353868812288
1309348392435412992
1309348442452512768
1309348486538817536
1309348588879777793
1309348627870089216
1309348899346214913
1309348962047062016
1309349084247932928
1309349092619943942
1309349115004776448
1309349143341674496
1309349276624007168
1309349277190168576
1309349391258587136
1309349448338767872
1309349631021719552
1309349638504435719
1309349730074472453
1309349848215425025
1309349878250627072
1309349957225320448
1309350083444371456
1309350098992656384
1309350138004078592
1309350238054875137
1309350300441096194
1309350408628953088
1309350459031859200
1309350490531127296
1309350707149955073
1309350728595628033
1309350964273410048
1309351031743143936
1309351056288120833
1309351080094957568
1309351292196868099
1309351397054316544
1309351509621182464
1309351605070786560
1309351683948912641
1309351807974506497
1309351827402493952
1309352044633845760
1309352166591586304
1309352640782966790
1309352658231349248
1309352688337838080
1309352725423874048
1309352730797002752
1309352922648543234
1309352923042807808
1309352961236062210
1309352994475999233
1309353069356826624
1309353149891620866
1309353207936831488
1309353259883208704
1309353266568806401
1309353279445295104
1309353283404791808
1309353325431644161
1309353529363050496
1309353559536918528
1309353568038580224
1309353691162521601
1309353821022248961
1309354038530658305
1309354050710728705
1309354054170996736
1309354151114088449
1309354366000754688
1309354381406433281
1309354570607407110
1309354683014828033
1309354742263418881
1309355144711086080
1309355354766159872
1309355469824315392
1309355472298872833
1309355557787250688
1309355584848879616
1309355618361323520
1309355668529348608
1309355702171963392
1309355706185691136
1309355775597445121
1309356089977208832
1309356276883820545
1309356596988764161
1309356819345747968
1309356823451852800
1309356857501216769
1309553413856931841
1309553463869804552
1309553514935353344
1309553590667743235
1309553627934097408
1309553753692024833
1309553837112528903
1309553903961346049
1309554190470057985
1309554214327197697
1309554311391739906
1309554395722534914
1309554475024216064
1309555343127650316
1309555427294601216
1309555434756468738
1309555528436264960
1309555539756617729
1309555616571183109
1309555700037812226
1309555801355251717
1309555875900788736
1309555918791565313
1309556030565691394
1309556308249513984
1309556539666182151
1309556631601123330
1309556642757750784
1309556807564693505
1309556876179312642
1309557041816502272
1309557108564725760
1309557267973505025
1309557414967021570
1309557500253888512
1309557697021272064
1309557788935413760
1309557818060488704
1309557859034726401
1309557906266750977
1309557909714542593
1309557939770929152
1309557947391971330
1309558010319122432
1309558057207246849
1309558257602551808
1309558422275272708
1309558492815069184
1309558727415140352
1309558733027115008
1309558790266728448
1309558808163815424
1309558895598284801
1309559013072343040
1309559038976430080
1309559047201284096
1309559122463989766
1309559307789271040
1309559353930903554
1309559592150392832
1309559651520913408
1309559684869894144
1309559810216652801
1309559839069294598
1309559855905202177
1309559918408732673
1309559944799227904
1309559978265579521
1309560226195083264
1309560246659153920
1309560334047350784
1309560459863842816
1309560472434139136
1309560523273506816
1309560635978477568
1309560741456949248
1309561044193488898
1309561089223516160
1309561097272385539
1309561206152151040
1309561265602400262
1309561332702871553
1309561349073235968
1309561357860245504
1309561613737889794
1309561616044888072
1309561760274239488
1309561781077983237
1309561802586550274
1309562225527578628
1309562355983028225
1309562444591890432
1309562514313744385
1309562557443825665
1309562590981435393
1309562648661557249
1309562658513973248
1309562713614553088
1309562726012710912
1309562775585394701
1309562805515886594
1309562826265112578
1309562855285428224
1309562901943013378
1309562993601019905
1309563018032840704
1309563111783964673
1309563152514899969
1309563248824463362
1309563257682714625
1309563379149922304
1309563388666753024
1309563392173113346
1309563421487230978
1309563439098900480
1309563458510299136
1309563463048540161
1309563471218999299
1309563509538197512
1309563609761153026
1309563685178925056
1309563903014244354
1309563999806128129
1309564066688573443
1309564158816518147
1309564331013611521
1309564398483238912
1309564709646065672
1309564718131146752
1309564801975287814
1309564878793965570
1309564881381752833
1309564994640515073
1309565010285408260
1309565041000222720
1309565097916866561
1309565153206317058
1309565178548228099
1309565338678370304
1309565346643353602
1309565497676103681
1309565544379510784
1309565548305448960
1309565656526880769
1309565715163369473
1309565803126239232
1309565829198106626
1309565857803259910
1309565892443897856
1309565904083132417
1309565950870650880
1309565980515991554
1309566148229431302
1309566202461786112
1309566206073098244
1309566219020906496
1309566261932720131
1309566322867605504
1309566337002303489
1309566408041418758
1309566483668889600
1309566491902255107
1309566495190548481
1309566509530771456
1309566569861713921
1309566706856210432
1309566743422017536
1309566809717211141
1309566835306758146
1309566856613834752
1309566872682213376
1309566923202535426
1309567050382110720
1309567229768486912
1309567239176286209
1309567371938586625
1309567442675552257
1309567670564642816
1309567795705896962
1309567803918180352
1309567909728071680
1309567934507831301
1309567963431923714
1309568010580111361
1309568106772287488
1309568208131821568
1309568223491231744
1309568317095653380
1309583453231423489
1309583549650010112
1309583553970143232
1309583587247783937
1309583595330183170
1309583705149779969
1309584203793813506
1309584304758951936
1309584362917122049
1309584673735979008
1309584682946830336
1309584724638269441
1309584774357544962
1309584805114281985
1309584932772155393
1309584963684106240
1309585030381961216
1309585110350651396
1309585114855346178
1309585135717814276
1309585231066755072
1309585366639349761
1309585400017702913
1309585433563725825
1309585608696893447
1309585663491280896
1309586130157748224
1309586313348362245
1309586452280479746
1309586455845429249
1309586456021737472
1309586464150228994
1309586572833107969
1309586686402342918
1309586872147087363
1309586909166002177
1309586918347337729
1309587035993243648
1309587203673137152
1309587227996049413
1309587228394364928
1309587278428352513
1309587300100300801
1309587425358995457
1309587445667725314
1309587484385390592
1309588071814397953
1309588176017797120
1309588243143426049
1309588305554669570
1309588339830423556
1309588381639213056
1309588398936592385
1309588448727236608
1309588478464843777
1309588741393178624
1309588754655522816
1309588826633965568
1309589015981682690
1309589073749778432
1309589112224059394
1309589116024246272
1309589166145957888
1309589171045052416
1309589203580313608
1309589207921426434
1309589220353142784
1309589237499482113
1309589287051104257
1309589312212799488
1309589359423877121
1309589493830365185
1309589769593270279
1309589815772364800
1309589824530153472
1309589895564931072
1309589971305746432
1309590125920153601
1309590181398233088
1309590269440991233
1309590378648084481
1309590390626975745
1309590482650095616
1309590767606824963
1309591016090095616
1309591019512639489
1309591077867982848
1309591317140381698
1309591321645023232
1309591389014028289
1309591422438268929
1309591460107304961
1309591586582429701
1309591645361324032
1309591817508265984
1309591855122862080
1309591993044144130
1309592349971021826
1309592379494748166
1309592487896338432
1309592504430333952
1309592740192301056
1309592866113482752
1309592873092800512
1309592886498013185
1309592937404268546
1309592952742707200
1309593193067868160
1309593221937463297
1309593226362355719
1309593373792186368
1309593423972913156
1309593576003649540
1309593717326655491
1309593734309441536
1309593876022333440
1309593892665225216
1309593942581628928
1309594015151476736
1309594035783446530
1309594123230470145
1309594261944442882
1309594282714525696
1309594283683479552
1309594341648797697
1309594467230453760
1309594480169725952
1309594510171799553
1309594539112501248
1309594794138783745
1309594878834139137
1309595012993290242
1309595185542828032
1309595289163051011
1309595314224017408
1309595466493865984
1309595579518013441
1309595692420210689
1309595704843579392
1309596007378935810
1309596011619397638
1309596069546745856
1309596090153553921
1309596152703008768
1309596171032092672
1309596358656110592
1309596389366784002
1309596518157037570
1309596637199609856
1309596715872378883
1309596921544073216
1309596963331948544
1309596976585998336
1309597072769810445
1309597152478289920
1309597177367244800
1309597239212478464
1309597362642325504
1309597428774039553
1309597436676124672
1309597462814838785
1309597554674466821
1309597739110600705
1309597902390595584
1309597940793606144
1309598053914030080
1309598070267674624
1309598162944892929
1309598180061974531
1309598183304179713
1309598251277058048
1309598268108677120
1309598355107045377
1309523185931415552
1309523289807753216
1309523369767956482
1309523371634298880
1309523378395643906
1309523474218655744
1309523798488739842
1309523843585732608
1309523902163542017
1309524053674393600
1309524137371598848
1309524150743162891
1309524218489569280
1309524246125740033
1309524473775755267
1309524527161004033
1309524536405250050
1309524695595839494
1309524716449722369
1309524758883524608
1309524759030497282
1309524771118501890
1309524805109063681
1309524817163550722
1309524963204898838
1309524976756613122
1309524985007026176
1309525005462654979
1309525010843947008
1309525085439406080
1309525287026208769
1309525303337779200
1309525327870406656
1309525551422541826
1309525571941040128
1309525634784399361
1309525681798144000
1309525739637624833
1309525741030313985
1309525781450817538
1309525869308727304
1309525961633943555
1309525973985976320
1309526028541460480
1309526033020989441
1309526092055826441
1309526256585707520
1309526264173256706
1309526485875728384
1309526566377082881
1309526739203362817
1309526809134993412
1309526906363146242
1309526943914692609
1309527040287100928
1309527111359696897
1309527162471329794
1309527178313453575
1309527261616324611
1309527362883575810
1309527388938797057
1309527710432141313
1309528042981789696
1309528071398064140
1309528135348748290
1309528175953817600
1309528751005413380
1309528767681961991
1309528801429331968
1309528856349601793
1309528889614630912
1309528974490435589
1309528974603751426
1309529027795972096
1309529049052585984
1309529064882024453
1309529421666082819
1309529490079576064
1309529761874620417
1309529849531375617
1309529875934572544
1309529888043524103
1309529937653698560
1309529967470866434
1309530034206650370
1309530060290842624
1309530088699035649
1309530303287894016
1309530327694610435
1309530472091967489
1309530512948473857
1309530522100658176
1309530600404123652
1309530705744007169
1309530751663304705
1309530759930277890
1309530877198696448
1309530975714643969
1309531196125253633
1309531275351343105
1309531284834836481
1309531322067628032
1309531532483207173
1309531544751493121
1309531619473207300
1309531645318438913
1309531683876634625
1309531754638831623
1309531763920662531
1309531847039295488
1309531876214935557
1309531904681574400
1309531952136048641
1309532032280571905
1309532144675381251
1309532517696000001
1309532554853261312
1309532653822115845
1309532743446024198
1309532937377976322
1309532941433933827
1309532945057800193
1309533007754207233
1309533009125703681
1309533113404407808
1309533356871290881
1309533499284750339
1309533569027584001
1309533624434339840
1309533776985415680
1309533885840138240
1309533930710802432
1309534065880563712
1309534124860997632
1309534141348749316
1309534146163879936
1309534329379237889
1309534576428154880
1309534660377161729
1309534665041162241
1309534702206881792
1309534728949837825
1309534767080239104
1309534790492868608
1309535132563443712
1309535160912818178
1309535266072297473
1309535311580585984
1309535478245396487
1309535516136804354
1309535525699751938
1309535659313565701
1309535684915605505
1309535717857660931
1309535760413057024
1309536108208967681
1309536112583405568
1309536187678257158
1309536205403492358
1309536225750126592
1309536386312151040
1309536422030749697
1309536439085002754
1309536444558594049
1309536632291250177
1309536661391503362
1309536838533570560
1309536896637337602
1309537018310000641
1309537207674429440
1309537366051180544
1309537414524755970
1309537442244882432
1309537517520248832
1309537575221309441
1309537634482618370
1309537722344894464
1309537797959802882
1309538003279323137
1309538037848825866
1309538126344458240
1309568395352969216
1309568610252201984
1309568634621030401
1309568711007916033
1309568727512481792
1309568923633938435
1309569008618876934
1309569076142977025
1309569104848785409
1309569112545337345
1309569134754107392
1309569230325587969
1309569272428015618
1309569359979802626
1309569415067959298
1309569507443314689
1309569599176953859
1309569734015295489
1309569822490005506
1309569826323652608
1309569889317912577
1309569934746411014
1309569964244979713
1309570040774234113
1309570069798633472
1309570119362805767
1309570405380706304
1309570451153264640
1309570555578847235
1309570569554157568
1309570606694768642
1309570622247370754
1309570643529170944
1309570668950740994
1309570732834381824
1309570786714251264
1309571113425473536
1309571155339091969
1309571189715726337
1309571205847044096
1309571259810959360
1309571289200254976
1309571298322911232
1309571378685771777
1309571614208524289
1309571638304944128
1309571672807276547
1309571914495668229
1309572274740174850
1309572459801255936
1309572468403834884
1309572704991756288
1309572712487157760
1309572837066371072
1309573055744823296
1309573084907802626
1309573244685553664
1309573295306682369
1309573362390388736
1309573399388266496
1309573399816155136
1309573533261914112
1309573659976175617
1309573894953562113
1309573936007589889
1309573991363944448
1309574024092151808
1309574091901480962
1309574288794505216
1309574297157943296
1309574305643196416
1309574481988317184
1309574561319383040
1309574674108633088
1309574703539843073
1309574772062380032
1309574822498836480
1309574822897373191
1309574842098745346
1309574931558985729
1309574977541361669
1309574988526227461
1309575261722234880
1309575455230451712
1309575470904733696
1309575485257658370
1309575711527632896
1309575782776352769
1309575803403931648
1309575996643979264
1309576013731553280
1309576129452240896
1309576495606702083
1309576590947430407
1309576746732269568
1309576800482340864
1309577245439258624
1309577246613688321
1309577401635147788
1309577539803844610
1309577564411789313
1309577769957949440
1309577781953601536
1309577842481483776
1309578059889012737
1309578102092312577
1309578152092610562
1309578177065426944
1309578260414685185
1309578358158774272
1309578387820883968
1309578485564952576
1309578512479727616
1309578600908304385
1309578688036515841
1309578730503839744
1309578768621744130
1309578839115395074
1309578894228353024
1309579045248610312
1309579045319909377
1309579091167842311
1309579128773832704
1309579178656837640
1309579276388237312
1309579330029191168
1309579346818998273
1309579489740050433
1309579494764625920
1309579518936518656
1309579586448097280
1309579594354192384
1309579619478261761
1309579657486897152
1309579704542863360
1309579791545389057
1309579805357232131
1309579909799571458
1309580019522560001
1309580047083335681
1309580122769498120
1309580319977287685
1309580392555569166
1309580445483298816
1309580525355532288
1309580618091593728
1309580680678895616
1309580790536208402
1309580835486674945
1309580919414706178
1309580937294995456
1309580966835433472
1309581020174450688
1309581054878126086
1309581175984332800
1309581176596619264
1309581373305507841
1309581385573646336
1309581604608569344
1309581620408541184
1309581801195810817
1309581804450578432
1309581826109902849
1309582219476951040
1309582396040212480
1309582396812152836
1309582442928496645
1309582627490476034
1309582678002290688
1309582778271510528
1309582936728109072
1309582975516864512
1309582992029999105
1309583097512497152
1309583276638695424
1309538139036200968
1309538179880542208
1309538381827842049
1309538398755987458
1309538477407711233
1309538562052894721
1309538585549340673
1309538599822594048
1309538720450842624
1309538791951077376
1309538860444065797
1309538918174466052
1309538944090927104
1309539095694147584
1309539127533154304
1309539254863790083
1309539296483958785
1309539326041128965
1309539333427417092
1309539480785825794
1309539543482327041
1309539656371970053
1309539807660474368
1309539833052884992
1309539891143991296
1309540156198846465
1309540374080352256
1309540470704439301
1309540508159664130
1309540797608595458
1309541027414335495
1309541056988483589
1309541304158883843
1309541464561586177
1309541488750194695
1309541808330993671
1309541972001030145
1309542257297682433
1309542407961100289
1309542445219274752
1309542453511417862
1309542516547563529
1309542566795370503
1309542621648490498
1309542646432649220
1309542831707566083
1309542860950138881
1309542970845278209
1309542982476009473
1309543003925688327
1309543074897502208
1309543112985976834
1309543423523852297
1309543506717945856
1309543561067524096
1309543892266745856
1309544001188626433
1309544023615369216
1309544182042722305
1309544421780750340
1309544555340009472
1309544689998028800
1309544719567839232
1309544778229522433
1309544857615167493
1309545168706576384
1309545200642002945
1309545269143404544
1309545314878017536
1309545318267187200
1309545500085977088
1309545574811791369
1309545587663155200
1309545633947160581
1309545641983578113
1309545667497537538
1309545867615952896
1309545910087626752
1309546073116078081
1309546219841163266
1309546236702146560
1309546280155148289
1309546560083111936
1309546639728799746
1309546674482753537
1309546715108659205
1309546850362548225
1309547213949931521
1309547227598041090
1309547235437404160
1309547320388644865
1309547420364222465
1309547622395379712
1309547630415032320
1309547659510910977
1309547712753405957
1309547806441582592
1309547886573547526
1309548083592790029
1309548204002889734
1309548263314518017
1309548331111153664
1309548366976745472
1309548497482534912
1309548522560081920
1309548590415712258
1309548645335707653
1309548651543486471
1309548670304612352
1309549010785579009
1309549025855705088
1309549064627912704
1309549072286724098
1309549135721361409
1309549240214065152
1309549538135465984
1309549593525473285
1309549617776865280
1309549638412886021
1309549701474193408
1309549740745396225
1309549794189283328
1309549924997115906
1309549974640889857
1309550021973438466
1309550133986508800
1309550176143650818
1309550477772836865
1309550847295184896
1309551022612910080
1309551094465548288
1309551170160144385
1309551198740058122
1309551226678382592
1309551270190034945
1309551384107184129
1309551467569778689
1309551513602228224
1309551722910511104
1309551728224804868
1309551749854789632
1309551799729233920
1309552012237955077
1309552037504446466
1309552423443345411
1309552454288027648
1309552512630841344
1309552595598413824
1309552662778650625
1309552847260913665
1309552977909354496
1309553112353443840
1309553135577333763
1309357426513260544
1309357449019887616
1309357539566522370
1309357905502588929
1309357927283568640
1309358082158399489
1309358100072157184
1309358387730284549
1309358416834502656
1309358477505187840
1309358644622958594
1309358949255110658
1309359053781348354
1309359201517473793
1309359646575005697
1309359750040006657
1309359785280585728
1309359785960116224
1309359890058543104
1309360167839039494
1309360246964453378
1309360321358966786
1309360375977000962
1309360393287094272
1309360456268681217
1309360770489016320
1309360802953146369
1309360869684457474
1309361033933451273
1309361229375315968
1309361273855856641
1309361561841131520
1309361721379823617
1309361779970056192
1309361952360103936
1309362011273216005
1309362015518027777
1309362033691942913
1309362162322804736
1309362355126505472
1309362359799025666
1309362518515568640
1309362782324711424
1309362899652050945
1309362920384540672
1309362947764838400
1309362989502525440
1309363040031182851
1309363273381195779
1309363353266069504
1309363740010307585
1309363762055589888
1309363861787738113
1309363928661667840
1309364016351854592
1309364128935325696
1309364308913065984
1309364342715043842
1309364459819937793
1309364654401937409
1309364735402373120
1309364950234574848
1309365005708480512
1309365015363936257
1309365090747965440
1309365156787425280
1309365204942295045
1309365267517108225
1309365287008047104
1309365388128346112
1309365401013215232
1309365425042608128
1309365534622994433
1309365540234948608
1309365616340430849
1309365721890091008
1309365773505146880
1309365975054127107
1309366139462414336
1309366188930195456
1309366391540084737
1309366429267886080
1309366464927858689
1309366558062338050
1309366564165222400
1309366670297714688
1309366796714012672
1309366990763687936
1309367082895638528
1309367174327279616
1309367211832811520
1309367422181429251
1309367427453444097
1309367435900919808
1309367512249769984
1309367599579496448
1309367700423151616
1309367809160499200
1309368069354074113
1309368083635605505
1309368174475788289
1309368203190185984
1309368222387380224
1309368245124767750
1309368315362463744
1309368320056012800
1309368475949977601
1309368558468489216
1309368642992246785
1309368866204725248
1309368891244711937
1309368931920932866
1309368986061230080
1309369205716692994
1309369570252058625
1309369613403262976
1309369756579803137
1309369776159035392
1309369813060538371
1309369892534210561
1309369907608461312
1309369932094803970
1309369955494789120
1309370124525162496
1309370219765391360
1309370227226886144
1309370268993937414
1309370340456280064
1309370417547816960
1309370500070678528
1309370516160086016
1309370542676418561
1309370687665180672
1309370718895976454
1309370956746375169
1309371227266527233
1309371348200960000
1309371447803097088
1309371483815321601
1309371680972845057
1309371789760323584
1309371802380984327
1309508090308497408
1309508190065897473
1309508283808522248
1309508510653140994
1309508514453151744
1309508618262319104
1309508769903185921
1309508820163416066
1309508828678049792
1309509020533821440
1309509063265452033
1309509118038814721
1309509222711922690
1309509282065461249
1309509507857424386
1309509566368014338
1309509599255392258
1309509696638902272
1309509708860907523
1309509721624162305
1309509767249846274
1309510035613970432
1309510351524855808
1309510388220940288
1309510430512033800
1309510581125251081
1309510778295406606
1309511064132947969
1309511122102362117
1309511287018156032
1309511555222888448
1309511637855019009
1309511645924921347
1309511663293399041
1309511776099278848
1309511887202050049
1309511893955022848
1309512162377895936
1309512455660474370
1309512515240562689
1309512637076705280
1309512670240964608
1309512699898986496
1309512745306525701
1309512859076964354
1309512967390736385
1309513060881764352
1309513105911676928
1309513135716532229
1309513248476205056
1309513563736805376
1309513833489281025
1309513883514802177
1309514037928038400
1309514040083972097
1309514113643675650
1309514414026977280
1309514493119074304
1309514704063270914
1309514908892114945
1309515001997205508
1309515045513162758
1309515124093456387
1309515367497240576
1309515446459142145
1309515446819880966
1309515654903615488
1309515736554012676
1309515991563595776
1309516065135828992
1309516172241571840
1309516183520116737
1309516231477731331
1309516629764501505
1309516646869020673
1309516663486906370
1309517127875919876
1309517174478974976
1309517280804515843
1309517448098521089
1309517494701391878
1309517620203450369
1309517736289198080
1309517791456907264
1309518047619829762
1309518135452667905
1309518170030567426
1309518239819415553
1309518403208654848
1309518671845433346
1309518704258899969
1309518886572822530
1309518906671988736
1309518942008901632
1309518957288845312
1309519126692585475
1309519133994745856
1309519418851037184
1309519579249602560
1309519661550231554
1309519791833587714
1309519796069978112
1309519976190050305
1309520030854414343
1309520118716731399
1309520177797771266
1309520362745466880
1309520417950892035
1309520429284052993
1309520517561491456
1309520538428223488
1309520626718302208
1309520832197263361
1309520903164878848
1309520953957855234
1309521075936530434
1309521163094306818
1309521406867255298
1309521460998729729
1309521469496602632
1309521481919918089
1309521483098714116
1309521541944631298
1309521642511462411
1309521666729418754
1309521738154336256
1309521943264030722
1309521949119242240
1309521952021778432
1309522028488044545
1309522136210583552
1309522140413263873
1309522158280941568
1309522199859134466
1309522215914942466
1309522246621331456
1309522249813241856
1309522384551112704
1309522393434554368
1309522442847744000
1309522555959734273
1309432775825600512
1309432989881901056
1309433189635624960
1309433270833160194
1309433392619028481
1309433531169255425
1309433558004641793
1309433874229932032
1309434166853931009
1309434285619736576
1309434419611131904
1309434435813638144
1309434541233377281
1309434695462129665
1309434756975800320
1309434828639678470
1309435029307744261
1309435067832377344
1309435193137168385
1309435283646148608
1309435371827146753
1309435408007061504
1309435411652128774
1309435439863025664
1309435476693065728
1309435783577841664
1309435985013469184
1309436131016990720
1309436153670623239
1309436185387950081
1309436226206920704
1309436284830658560
1309436343697715200
1309436659583287296
1309437011674230784
1309437243824787457
1309437404646866946
1309437601363841026
1309437602911707137
1309437673522835465
1309437802271125507
1309437822265294848
1309437831362666496
1309437901210619910
1309437942125846528
1309437998988062720
1309438062548537344
1309438140600463361
1309438141443354625
1309438202818813952
1309438219574898691
1309438327615938560
1309438362676125696
1309438707716497409
1309438772195594240
1309438855196504065
1309438884472733697
1309438888075833344
1309439199037345792
1309439247712096257
1309439422782476289
1309439488238784513
1309439625119891456
1309439935921795073
1309439962585026562
1309440016037425152
1309440129128374273
1309440199198486529
1309440453394288643
1309440725239640065
1309440815375228929
1309440822363000832
1309440823105265664
1309440843602821121
1309441276840996864
1309441286244569088
1309441320491122688
1309441462376058881
1309441499017310208
1309441514548887552
1309441572732317696
1309441727950925825
1309441878266392576
1309442039243771904
1309442080146690048
1309442135700254721
1309442139869376512
1309442279522865153
1309442306861346816
1309442363593457665
1309442422896766976
1309442562151702528
1309442589368688640
1309442686500384768
1309442687024627712
1309442904117653515
1309443003279261696
1309443032786317315
1309443055729209344
1309443231592177665
1309443251636760576
1309443372008927232
1309443419429916673
1309443716894134273
1309443826839412736
1309443854337290243
1309443939657609217
1309444072315084801
1309444188161875969
1309444274778509312
1309444339958001664
1309444430496235521
1309444509873451009
1309444550033768449
1309444579234648065
1309444761699389441
1309444894658891777
1309444968784818176
1309445102255906816
1309445104453771267
1309445156068831237
1309445595552194560
1309445616066596864
1309445689768902659
1309445709284995074
1309445729916792836
1309446238140534784
1309446331090444289
1309446458593234945
1309446674755002370
1309446767566639104
1309446807550820352
1309446912194547713
1309447216071929858
1309447276742537216
1309447323471228935
1309447398566096897
1309447415477366785
1309372132015648768
1309372165830049792
1309372316325994496
1309372425038163970
1309372437989978113
1309372518541582337
1309372711651606528
1309372716621864960
1309373045316947968
1309373165144023040
1309373208961847296
1309373385806413830
1309373390764093440
1309373399215427586
1309373436775424000
1309373442119081984
1309373459110137857
1309373488591855616
1309373884655833088
1309373964611977216
1309373988196380674
1309374069431623680
1309374085516996608
1309374245240270848
1309374417818906624
1309374535406243842
1309374612283600899
1309374808199540737
1309374836095873024
1309374876482973697
1309374956380327936
1309375165034147840
1309375177021632512
1309375421675458561
1309375461265477632
1309375481804853248
1309375562813595648
1309375588633804800
1309375588701011968
1309375724491616257
1309375988971655168
1309376081682731008
1309376151689867265
1309376160116113408
1309376613339938817
1309376686736027648
1309376788494245888
1309376851069095938
1309377001183219712
1309377182888730627
1309377268813193216
1309377425973731334
1309377508563804160
1309377672984887297
1309377711991783424
1309377734288834561
1309377864098369543
1309377980490080256
1309378134547013632
1309378290491092992
1309378588475621376
1309378621723860992
1309378695145164801
1309378727453876224
1309378753919815680
1309378800308936705
1309378805195182080
1309378820068188162
1309378828578455552
1309379055561535488
1309379107759599617
1309379153842429958
1309379265276698624
1309379432273108993
1309379527605399552
1309379690478534656
1309379760133296128
1309379938445914113
1309380033773928448
1309380124433887232
1309380274380132353
1309380379107713026
1309380403875254278
1309380431175995392
1309380622029258752
1309380717671981057
1309380863998791680
1309380868352479232
1309381037496184832
1309381078671478784
1309381100674965504
1309381165879644161
1309381246603026432
1309381416220680193
1309381618738528256
1309381753723813889
1309381761739218944
1309381808245665795
1309382109249769472
1309382212521844736
1309382266842300416
1309382404805545985
1309382439467274242
1309382512611700736
1309382546170368000
1309382589707247616
1309382824827539457
1309383006600286209
1309383022408536066
1309383233658785794
1309383239723823104
1309383395898777600
1309383770965901312
1309383934183170048
1309383994576973824
1309384060142317569
1309384111228964864
1309384135526559744
1309384386425491456
1309384415919984640
1309384453240901633
1309384492591742982
1309384523973455872
1309384545842663426
1309384910831001600
1309384994008322050
1309385215652114434
1309385266663165952
1309385376193282048
1309385485161201664
1309385489972113408
1309385500659195904
1309385722709921793
1309385958752743424
1309385995096215552
1309386106949910529
1309386126269054977
1309386197039550469
1309386254715215872
1309386585058635776
1309386944078581761
1309386964051910657
1309417455597518848
1309417752491253766
1309417873278935040
1309417908821426176
1309417959446765568
1309418134290550785
1309418163562590209
1309418321541038081
1309418377484496897
1309418420736266240
1309418978834395136
1309418998233210880
1309419209424809984
1309419222423015425
1309419518570176512
1309419639567314944
1309420068367814656
1309420187033231365
1309420355598061569
1309420399868940288
1309420427958079493
1309420489459326976
1309420530030710787
1309420603997184000
1309420681537482753
1309420804254375936
1309420850035208194
1309420876949983232
1309420956608335873
1309420969631547392
1309421023394054145
1309421097151066113
1309421186481188864
1309421195557777408
1309421536970002433
1309421648106446853
1309421702229774336
1309421801575940096
1309421852381634562
1309422122251497472
1309422200718581760
1309422479996190720
1309422639094673408
1309422762310672384
1309422899896504322
1309423040741232640
1309423109854953472
1309423352935673856
1309423783929937921
1309423854549377025
1309423904700628993
1309423935981789186
1309424025127378945
1309424140647104513
1309424255428431872
1309424583578185729
1309424674275766272
1309424831037870080
1309424925824909313
1309425428692598785
1309425532992393218
1309425546816819201
1309425824307834880
1309426072996507648
1309426184971722752
1309426309962006530
1309426426957922304
1309426791736635392
1309426845696364544
1309426974297927682
1309426994577395712
1309427011476172800
1309427076227792899
1309427221120126979
1309427391119478784
1309427579829526528
1309427697794404354
1309427722339446784
1309427739837915136
1309427759953973248
1309427802521759744
1309428521643712512
1309428540396507136
1309428643110752256
1309428794688770050
1309429222113501185
1309429393949818880
1309429413151293440
1309429642588168192
1309429778609508352
1309429856652984320
1309429963532066816
1309430036655747072
1309430098756603907
1309430134684839936
1309430178687393792
1309430438625189888
1309430599682158593
1309430619974361088
1309430955078299649
1309431150352519171
1309431178244612098
1309431355097448450
1309431471527075840
1309431806509416450
1309431816760242176
1309432062244466688
1309432319980306432
1309387357582438401
1309387366612819969
1309387675665866757
1309387788165492739
1309388295718100992
1309388320816820226
1309388454254395395
1309388500618407936
1309388745083240448
1309388940747706368
1309389264690397184
1309389434412912640
1309389534552088577
1309389584262934528
1309389597227380736
1309389606589095936
1309389820981112834
1309389893483855872
1309390495261626368
1309390667509108737
1309390724392202240
1309390822496854016
1309390870790189057
1309390888238448640
1309391002415767552
1309391033474650112
1309391269681004544
1309391404293124096
1309391460526063616
1309391676297756672
1309392032528506882
1309392427397140480
1309392638165028864
1309392642677960705
1309392655340785664
1309392656565297154
1309392707392081920
1309392735703429121
1309392767005552647
1309392839491584005
1309392845254668290
1309392874555858945
1309392894789332997
1309393129078837248
1309393336793477122
1309393534466830336
1309393564724592640
1309393730214920193
1309394864895741952
1309394871514476544
1309395029853573121
1309395266924052480
1309395470599380992
1309395521224802306
1309395547242070016
1309395716834570240
1309395789349900288
1309395929519149056
1309396110616780800
1309396664633884672
1309396714453835778
1309396866270982144
1309397068243447810
1309397132210700288
1309397192117952514
1309397273789440000
1309397471383244802
1309397702460026881
1309397750195335168
1309397821024382976
1309397846127341568
1309398249350938625
1309398552200785920
1309398560941764611
1309398563886116864
1309398699613790209
1309398818711105536
1309399007085473792
1309399303643959296
1309399338980970496
1309399846869184513
1309400016038047744
1309400031028367361
1309400062053822464
1309400192106467328
1309400260100358146
1309400384432214016
1309400635897458689
1309400731255033857
1309400867284475904
1309400948343795714
1309401193597276160
1309401222269538304
1309401261079486466
1309401359783952385
1309401446215901185
1309401671601061889
1309401906683564032
1309401936144330752
1309402013122215936
1309402036035817473
1309402394753748992
1309402473069715456
1309402646382485504
1309402856903135232
1309402949387522050
1309403161619202049
1309404162472456193
1309404348817047552
1309404415510577152
1309404781765484544
1309404801202114560
1309404936753549312
1309405334386208769
1309405783675863042
1309405913199992832
1309405945252982784
1309406101104979968
1309406415648370690
1309406418328530945
1309406613426647040
1309406769643307009
1309406771555885056
1309406889524985857
1309406911633084419
1309406991668789249
1309407087240318976
1309407113727283202
1309407435237601280
1309407625793200129
1309407929729085440
1309408033840209933
1309408035429740544
1309408100760408065
1309408530198401024
1309408687014973440
1309409218693271552
1309409269402476544
1309409464886407169
1309409600286928896
1309409775218761728
1309409920555479040
1309410218183360513
1309410550229741569
1309410695180673024
1309410906548436992
1309410987112620035
1309411059183349761
1309411069975171072
1309411201596575746
1309411398997467138
1309411449161175040
1309411582183604224
1309411626521690112
1309411940196929537
1309412015920775170
1309412229851348992
1309412409430421505
1309412540682657793
1309412690616627200
1309412712804278272
1309412918111412225
1309413064442290176
1309413278683029504
1309413508337922048
1309413931698589700
1309414181918007298
1309414211966046208
1309414406237728768
1309414416673394693
1309414713508454400
1309414981373394946
1309415223200284672
1309415389856763904
1309415474682183680
1309415487231741952
1309415902656557056
1309415992720719873
1309416406631448576
1309416411358466048
1309416569999589376
1309416582519627776
1309416648726773762
1309416780406820870
1309416885239324672
1309416934912520194
1309416997583613952
1309417014574764032
1309417048225640453
1309417183106052097
1309417257282539520
1309417309593726976
1309417313687404545