1309991149206110208
1309991152012140544
1309991286368210945
1309991346921451522
1309991399325151233
1309991420216913922
1309991575779377153
1309991585355116546
1309991634977738752
1309991655341252608
1309991706511671297
1309991751801864193
1309991790989266947
1309991860585324544
1309992046476828675
1309992055372943361
1309992129675120640
1309992239699906561
1309992381094211589
1309992507418251264
1309992520110219265
1309992599072243712
1309992615786487814
1309992633293402112
1309992657415012357
1309992984897712130
1309993052757520384
1309993245045334017
1309993279019192323
1309993283104444417
1309993304801636359
1309993370559934465
1309993493654372352
1309993610419621888
1309993723867127808
1309993748030513155
1309993760948924420
1309993829345439747
1309993891500756993
1309993907695087616
1309994057243000835
1309994126218199046
1309994197894692864
1309994276819013632
1309994332334645248
1309994403507957760
1309994479265484802
1309994483338145792
1309994493278642176
1309994663928045569
1309994722950144000
1309994868022947840
1309994961694322688
1309994969348833286
1309995023564500999
1309995036248084485
1309995045399924736
1309995048973611012
1309995052962283521
1309995133429981184
1309995200115138561
1309995428742660096
1309995502394630145
1309995539992391680
1309995616546615297
1309995640852754432
1309995703742074880
1309995761527070727
1309995967433912320
1309995988073897984
1309996035595366405
1309996085969072129
1309996298246987776
1309996567357796353
1309996634206478336
1309996697460719616
1309996709791936512
1309996902965039105
1309996924770988032
1309996950247284737
1309996957193117699
1309996987752886272
1309997044547936256
1309997200122896384
1309997297548365825
1309997494940696578
1309997598460137473
1309997646153764865
1309997779624886277
1309997867881451520
1309997883681370113
1309997896985706497
1309997923065831425
1309998148194938886
1309998182118633472
1309998258572361728
1309998259793022976
1309998614010355712
1309998619508998145
1309998685938302976
1309998719417356290
1309998757384269827
1309998760550903810
1309999046132674560
1309999113077796864
1309999130190721024
1309999245920010242
1309999272641941511
1309999373078626308
1309999509590532097
1309999527928229894
1309999755079159808
1309999814327717890
1309999902269861888
1310000054367789057
1310000136643379201
1310000187088068609
1310000304100761600
1310000547231969281
1310000573467353089
1310000661380042752
1310000716317110272
1310000811481600001
1310000904506978304
1310001008156774400
1310001063609724933
1310001171885559808
1310001236624596992
1310001374399135744
1310001436588216333
1310001589848080385
1310001696987209728
1310001697692037126
1310001752075313154
1310001794441981956
1310001906153070594
1310001915493785603
1310001995877670912
1310002132825903109
1310002267513380866
1310002322647416832
1310002384056332291
1310002456282255363
1310002480596606976
1310002656849596421
1310002698692026368
1310002717452951553
1310002775548403712
1310002796209545217
1310002832930676737
1310002859178680323
1310002968960413696
1310002992381272064
1310003097406763009
1310003127874134021
1310003274985156608
1310003304559185921
1310003399476350977
1310003602069610503
1310003639595999232
1310003679848787968
1310003691676512256
1310003736094351360
1310003741379223553
1310003811381993472
1310003852255649792
1310003860463910917
1310003965489303552
1310003972531531776
1310004007377735681
1310004045151694849
1310004070686568450
1310004112042401792
1310004212521144325
1310004251565981697
1310004272646377472
1310004422605524993
1310004482324008963
1310004529136578560
1310004544324218885
1310004637622304768
1310004701073739776
1310004803234394112
1310004855549943810
1310004872272519168
1310004888605204482
1310005006062350336
1310005018112786434
1310005076749152257
1310005097871683584
1310005115760381959
1310005183271837696
1310005198400770050
1310005231980347395
1310005597887062016
1310005627603779588
1310005664937197568
1310005680800235522
1310005706788081667
1310005900216860672
1310006101178544130
1310006109558706176
1310006151816208384
1310006176927698944
1309976367082221569
1309976489194971136
1309976505754292225
1309976614948675586
1309976691586940929
1309976819727298561
1309976943727706113
1309977022240894976
1309977117183094784
1309977139047874560
1309977399602425856
1309977444909117441
1309977663759618054
1309977717484531712
1309977730595905543
1309977812288393220
1309977886036819968
1309978073782050816
1309978090383310851
1309978124340416519
1309978158712655872
1309978196725690370
1309978259262779392
1309978292905279488
1309978397871923201
1309978439433236482
1309978615329812481
1309978615564644352
1309978640617177088
1309978682392543234
1309978729381322753
1309978829809737728
1309978847199129600
1309979002161881088
1309979257074925568
1309979298468515841
1309979509777747973
1309979576353783809
1309979630686928902
1309979652572798977
1309979680619913216
1309979739172548608
1309979810144419840
1309979895821410314
1309979915324977152
1309979965853581312
1309980176047112192
1309980210096373762
1309980276525801474
1309980330758156288
1309980637714157568
1309980875937939456
1309980885173833728
1309980918564687874
1309980993135079424
1309981060889944064
1309981115722223616
1309981194864320512
1309981195678121986
1309981237096873984
1309981333507244033
1309981484837679105
1309981526776516608
1309981547525820419
1309981728224747526
1309982026464985088
1309982046714916864
1309982050468933637
1309982087718547456
1309982126931087366
1309982171801751553
1309982348482613248
1309982357575917569
1309982540908953603
1309982600908341248
1309982738296877057
1309982814511616000
1309982830236184581
1309982864205901824
1309982897751891969
1309982918874460160
1309982952034430976
1309983028547145730
1309983040333115397
1309983116505870344
1309983167223410689
1309983259934314503
1309983343006511104
1309983360148598784
1309983459910311938
1309983535676231680
1309983846033756161
1309983874735169536
1309984073616678918
1309984299316256768
1309984378261573632
1309984396049604610
1309984549900824579
1309984575410581505
1309984588429774849
1309984592884125696
1309984621438828549
1309984622256758785
1309984638455209984
1309984690024198147
1309984692398030849
1309984911240159233
1309984924535988224
1309984934866673664
1309985258918551553
1309985406067249152
1309985460303912965
1309985508618113032
1309985690898366464
1309985707516018688
1309985780182507520
1309985801124470784
1309985820829458433
1309985821580234752
1309986002488954882
1309986015134642176
1309986040304861184
1309986086622502918
1309986161276923906
1309986310661210112
1309986330970066950
1309986429875912705
1309986542904061952
1309986576940769280
1309986596561719296
1309987029132943360
1309987168610406400
1309987339620450309
1309987599327600640
1309987615882571776
1309987718533976066
1309987764226723844
1309987813367017472
1309987918237368320
1309987939208908800
1309988056657616896
1309988081504784385
1309988195526819840
1309988211809189889
1309988249201504258
1309988396874510339
1309988586503180288
1309988594472411136
1309988795673186304
1309989184405348352
1309989189182783488
1309989230656008192
1309989268866117635
1309989370036924416
1309989587817824257
1309989717757181952
1309989738703736832
1309989907666935809
1309989935886331907
1309989957679943680
1309990007298494464
1309990087678136321
1309990112625930241
1309990239134461954
1309990347381125120
1309990367501131776
1309990404717248513
1309990410077573120
1309990414619799553
1309990519834112000
1309990774876979202
1309990863397740545
1309991043564285952
1309991080926953472
1309870326503923713
1309870357189451776
1309870457110364160
1309870527708889090
1309870619903885315
1309870654351699968
1309870686370963457
1309870792784650240
1309870919284785152
1309870948057780224
1309871053670408192
1309871179759579136
1309871304451915777
1309871363717509120
1309871443535179777
1309871706647998469
1309871717142138881
1309871775224918017
1309871778672644096
1309871853595291648
1309871886952787969
1309871984357109761
1309872000068919301
1309872143165919233
1309872210597699587
1309872352738582528
1309872508666032128
1309872549560545280
1309872614270275585
1309872667667955713
1309872718586744833
1309872772290666496
1309872817467392000
1309872861130219520
1309872898535043075
1309872995024822272
1309873012091621377
1309873305260822529
1309873352408838147
1309873518557921284
1309873577236234241
1309873612036493313
1309873670752526343
1309873754000949248
1309873984809426945
1309874060218728448
1309874105697488896
1309874164728299521
1309874223356076034
1309874307091234819
1309874317253992448
1309874395641503744
1309874425056161796
1309874428503830529
1309874735757443072
1309874748650696704
1309874806549028865
1309874836332740608
1309874886538596353
1309875838284754944
1309875838725296129
1309875864717398016
1309876123430457345
1309876257870557185
1309876287608098822
1309876298878050306
1309876334278119425
1309876551736086528
1309876572552335362
1309876602155696129
1309876614155698176
1309876937003855873
1309877184702689280
1309877219099992064
1309877255733157889
1309877294094340098
1309877499124350977
1309877562206814214
1309877667148304385
1309877737885249536
1309877843577499649
1309878015623659524
1309878116609908736
1309878178375229440
1309878199892013057
1309878204077801473
1309878222494920708
1309878241369272320
1309878283618734082
1309878372202356740
1309878439483248646
1309878464154042368
1309878564599345159
1309878610900049925
1309878644328853504
1309878657582800897
1309878871639158784
1309878888106004489
1309878895756402688
1309879031106420736
1309879105777614850
1309879156881190912
1309879218495397888
1309879285533028359
1309879306705928194
1309879681328578561
1309879743798534149
1309879886329249799
1309879894193643526
1309879936862367745
1309880263980261376
1309880375880093702
1309880385745104896
1309880405575847937
1309880448500326401
1309880460584124416
1309880803560751105
1309880828307013634
1309880834397294592
1309880842467127297
1309880959223894017
1309880968958734337
1309880992891535360
1309881122889883650
1309881198039257089
1309881236370993159
1309881270638448640
1309881295544123392
1309881299721547778
1309881315613966337
1309881316515536896
1309881420848996352
1309881516969746432
1309881547122765825
1309881672821862401
1309881732057964546
1309881770481942534
1309881832796758017
1309882068227289089
1309882403322834951
1309882427662307328
1309882432796217344
1309882583812104192
1309882888649879553
1309882901929037824
1309883135882964992
1309883328477175809
1309883329676795904
1309883400350822401
1309883699756961793
1309883765687283714
1309883790764863492
1309883854161956867
1309883879617179648
1309883893936525314
1309884005932609536
1309884138833555456
1309884339828727813
1309884666858496006
1309884709107888128
1309884740854525952
1309884763369603073
1309884771581919239
1309884872589074433
1309884905871077376
1309884981859188737
1309884995226529795
1309885041565151233
1309885123844866048
1309885289691836418
1309885317319733251
1309885329726472198
1309885336345096192
1309960949009395714
1309960949827207168
1309961028336152578
1309961109584179203
1309961116236222464
1309961167658344448
1309961280309125120
1309961323699027968
1309961502728818690
1309961533397573637
1309961650603266048
1309961691069906947
1309961704323903490
1309961709495431170
1309961721205993473
1309961793440079872
1309961834200432646
1309961868992229377
1309961950189613056
1309962127273230340
1309962187100901377
1309962333096116224
1309962367216877571
1309962564747571201
1309962877919354880
1309963079627747328
1309963112687308814
1309963335958278144
1309963351460634625
1309963494624817152
1309963503273271297
1309963553667837952
1309963557509959680
1309963557686005760
1309963578468954114
1309963579110682628
1309963670923939840
1309963726225772544
1309963826138406912
1309963835470536704
1309963961123483648
1309964062265167872
1309964149745745920
1309964341769318401
1309964355669196801
1309964430705332224
1309964433997860865
1309964459599949825
1309964502008561666
1309964522111803393
1309964580974723072
1309964619302146048
1309964703364509696
1309964707877462017
1309964803893538816
1309964874676568065
1309964937842786307
1309965080273063938
1309965319159427072
1309965328164810752
1309965366475530245
1309965374029348864
1309965487099523072
1309965580586237952
1309965638945959941
1309965727072477185
1309965739181314049
1309965759456608257
1309966036217851905
1309966116077424640
1309966204967280640
1309966258788601857
1309966262836101120
1309966343559507968
1309966392913952769
1309966464317710336
1309966556869386241
1309966699488313347
1309967039994499072
1309967164657500161
1309967260983853056
1309967312670330880
1309967315723792387
1309967403665719297
1309967412566073344
1309967450319073280
1309967517054636033
1309967604874960896
1309967659363045376
1309967668175347713
1309967809779126273
1309968016185020417
1309968091644858368
1309968276466720768
1309968385464242177
1309968389360607232
1309968427243642880
1309968520239775751
1309968633003679744
1309968637277732870
1309968637311234049
1309968989154619392
1309969149175697408
1309969349952901120
1309969447176740864
1309969467812843529
1309969651779080192
1309969870151397376
1309969879479451648
1309969928901079041
1309969951642583046
1309969954641530882
1309970005161844736
1309970058471505921
1309970198380896257
1309970255817699328
1309970299069313030
1309970667601707009
1309970679454932992
1309970704633401346
1309970985794392064
1309970998788227086
1309971039451926528
1309971065796538371
1309971099384332288
1309971133219975173
1309971191105499142
1309971342389907461
1309971384727040001
1309971518860869633
1309971526519787520
1309971530848317441
1309971531456536578
1309971695185338368
1309971787048988674
1309971841776324608
1309972055593492483
1309972067652120578
1309972106059415554
1309972190885040128
1309972198287962112
1309972202037616640
1309972256479760385
1309972341275783168
1309972348666368000
1309972466924617728
1309972537070190592
1309972549640560645
1309972726627684357
1309972827165032449
1309972856709591041
1309972873713389568
1309972961433018368
1309972978734563328
1309973079615995906
1309973201129271296
1309973234964594688
1309973262512906241
1309973309329559553
1309973355278331904
1309973363595644930
1309973594378768385
1309973594571563010
1309973653921189894
1309973745952415744
1309973754844454913
1309973865158848514
1309973973040533509
1309974010067779584
1309974136035446786
1309974177865240577
1309974371008737281
1309974388259708928
1309974429259173891
1309974446782984192
1309974491846660096
1309974529805111297
1309974547970564101
1309974550805909506
1309974639825678337
1309974681097850880
1309974684994134016
1309974802585849856
1309974844755197952
1309975055107911680
1309975128466432009
1309975264936435712
1309975483115810817
1309975516024250369
1309975586593484805
1309975593509937155
1309975703262302220
1309975722207907841
1309975734224596992
1309975759696560128
1309975800884547584
1309975876101177346
1309975914097197056
1309975993428443138
1309915688522440705
1309915793405206534
1309915878188871681
1309915916013051905
1309915974620057600
1309916041141727232
1309916075279233024
1309916267684429824
1309916313301716999
1309916347040706561
1309916585801297926
1309916602775883782
1309916830102937600
1309916965314723846
1309917012252962817
1309917070222598144
1309917118322733056
1309917130985332736
1309917492702306308
1309917500205928449
1309917521559130113
1309917718691426304
1309917751876743169
1309917756410621954
1309917839374118912
1309917856989999105
1309917864649011202
1309917921989275651
1309918058530570240
1309918091090915330
1309918151132540929
1309918334574571520
1309918426337554434
1309918578850713600
1309918594625671174
1309918725882163200
1309918771847614466
1309918931344396289
1309918982477148167
1309918992891551747
1309919006942539778
1309919221212618752
1309919224119336962
1309919292410953730
1309919362413928450
1309919395473502211
1309919567679041537
1309919685027287040
1309919748503875586
1309919752089935873
1309919782079262723
1309919999746879490
1309920013290213377
1309920025382400002
1309920029966823426
1309920049780740098
1309920051647127555
1309920092436586496
1309920158207610881
1309920171566551040
1309920231905783809
1309920285207015433
1309920339430903815
1309920428471836672
1309920436700938240
1309920448935649281
1309920466317062144
1309920591919550467
1309920620747124739
1309920650413379585
1309920679668703233
1309920750401400834
1309920927170297858
1309920961324560386
1309921044610850817
1309921074520432648
1309921179373899778
1309921242959486976
1309921444143403008
1309921467929419776
1309921560057217026
1309921560573210627
1309921690466447360
1309921946453245955
1309922186111713281
1309922232651714560
1309922240696397827
1309922264545144837
1309922298938490882
1309922319704485888
1309922378647040001
1309922740225404929
1309922794499571712
1309922815899062275
1309922844684554240
1309922957431431168
1309923018748157952
1309923087962591235
1309923211367202816
1309923281273749505
1309923335422140416
1309923360407605250
1309923434604957699
1309923631913406464
1309923703451340801
1309923872104312832
1309924034847666185
1309924055584321542
1309924080783589376
1309924085116350465
1309924301223624705
1309924345532350464
1309924470535139328
1309924517280583680
1309924526050832384
1309924551590129665
1309924552596692993
1309924651670409218
1309924765063434240
1309924860722847748
1309925100846809088
1309925276084703233
1309925289938518017
1309925307441315843
1309925403042050048
1309925411191619586
1309925488803147776
1309925546227163136
1309925591114747904
1309925699965386752
1309925754990460933
1309925818856910848
1309925930794717184
1309925943683821570
1309926481053642753
1309926597278019595
1309926829139070976
1309926904854650881
1309926937805172737
1309926938509672449
1309927034102206467
1309927054847037440
1309927130982166528
1309927268651761667
1309927307369308160
1309927310515150854
1309927349706657792
1309927353993265152
1309927536932147200
1309927583396409344
1309927600316248066
1309927600442109952
1309927630762770432
1309927666510901248
1309927715126960129
1309927738812313600
1309927814922211328
1309927819145691136
1309927918487953409
1309928128966324224
1309928201674776577
1309928296663179264
1309928337968635911
1309928657826258945
1309928666428854276
1309928704106168326
1309928730186391553
1309928800306843650
1309928825309081600
1309928895957827584
1309928980674490373
1309928997820575745
1309929123926757378
1309929139709902849
1309929298720182273
1309929352784744448
1309929405414858752
1309929587963572225
1309929676585009159
1309929779085414402
1309929828162830340
1309930041472618496
1309930083382165504
1309930268283875328
1309930326723002370
1309930447548416000
1309930464921219072
1309930561947889665
1309930674544144389
1309930687261110272
1309885421707558915
1309885439168278528
1309885547498950656
1309885666692530176
1309885690801422337
1309885757264244740
1309885770178744323
1309885855104929798
1309885874822316038
1309885934272262144
1309885992170663937
1309886051171946502
1309886092871716864
1309886093353840640
1309886194021474304
1309886300577701888
1309886336426414080
1309886454739251200
1309886492253265920
1309886551397146624
1309886836421079040
1309886844843298817
1309886882247999488
1309887084501577730
1309887093657817089
1309887137299529734
1309887158795165701
1309887276554563588
1309887330212225024
1309887384935444480
1309887388576026624
1309887485183496192
1309887737797853186
1309887812422873088
1309887842156523520
1309887859726393344
1309887914868977665
1309887949274853377
1309888001422446594
1309888003309858822
1309888148848160769
1309888169337266176
1309888182280912898
1309888317169774593
1309888363445411840
1309888399315214338
1309888405677826048
1309888472363266049
1309888497235435521
1309888564419866624
1309888619205648389
1309888673459077120
1309888715423129601
1309888733295136769
1309888891609112576
1309888982914744320
1309889023914119173
1309889154898108416
1309889239731941376
1309889259130810374
1309889495945433094
1309889527906000896
1309889533215993856
1309889533257936896
1309889546688049153
1309889649465147393
1309889670788988930
1309889730750877699
1309889772173832204
1309889817401012224
1309889885784817664
1309889939119599617
1309890045034127361
1309890162688745472
1309890183685271552
1309890200575897603
1309890313322983425
1309890324836364288
1309890486396768258
1309890497553543169
1309890502058291203
1309890510702686210
1309890539962204163
1309890590180474880
1309890635122569219
1309890693905686529
1309890913259356161
1309891025708621825
1309891047883812865
1309891243938320386
1309891282194620416
1309891361877917696
1309891382505594883
1309891400008437760
1309891402864582656
1309891403925745664
1309891415984406532
1309891512965234688
1309891524516339714
1309891676350054400
1309891723057864704
1309891748584325120
1309891772038873089
1309891831367380998
1309891898409189382
1309891906667765763
1309892057801031681
1309892058237341696
1309892107885326343
1309892146619539456
1309892158116241410
1309892242665078787
1309892406427361280
1309892481501278208
1309892493400576001
1309892565999726593
1309892623499366401
1309892637785296901
1309892658337325057
1309892728449388550
1309892728122224641
1309892745448886273
1309892795516231680
1309892874423607296
1309892892333285376
1309893026769231872
1309893055449890816
1309893346299490304
1309893411718213632
1309893412330635265
1309893844931145728
1309893986476109826
1309894050044997633
1309894083708678145
1309894298406539264
1309894399027863553
1309894438366384129
1309894486542123008
1309894527826694144
1309894636970938368
1309894713067974656
1309894732944822273
1309894854982414336
1309894942932840459
1309895057902895112
1309895182859476994
1309895211531739139
1309895249934929920
1309895274769252353
1309895397154992128
1309895711861899264
1309895719432658949
1309895741020672000
1309895761107316743
1309895812105736192
1309895857534193665
1309895862630445056
1309895882477694976
1309896004385361926
1309896318765076480
1309896475061743616
1309896683279380480
1309896777483472896
1309896818000494592
1309897041254821890
1309897293248835589
1309897347443363842
1309897409150038019
1309897426422112261
1309897452271669248
1309897594076880897
1309897601605664768
1309897640210038784
1309897811987750913
1309897816110759938
1309897855272796161
1309897925309468672
1309898048923893761
1309898139143290886
1309898224061341700
1309898365338091522
1309898501090930688
1309898541977022465
1309898591868133379
1309898597446463489
1309898857032146945
1309898991103074310
1309899037781434368
1309899054768218112
1309899058539102209
1309899141955420160
1309899183147618306
1309899192450666496
1309899296687427587
1309899299673853952
1309899367726419969
1309899381106147335
1309899464677773312
1309899502376153088
1309899586002092035
1309899880110977028
1309900013644836864
1309900039502704641
1309900043202166784
1309900165638049792
1309900337080233984
1309643914077523969
1309643955705974785
1309644082441080833
1309644203996086274
1309644400654417921
1309644476290224128
1309644531516678144
1309644543759970304
1309644576282546177
1309644724169584640
1309644757124157443
1309644874896076800
1309644916826361856
1309645431903846405
1309645487822102528
1309645600120623107
1309645701488533506
1309645744131903489
1309645776172322820
1309645894183194625
1309646007727251459
1309646024831533056
1309646049452134401
1309646162547400705
1309646238728425472
1309646338649358336
1309646368756174848
1309646381276106752
1309646392764239872
1309646514830979072
1309646649317359616
1309646661057015808
1309646669827379200
1309646707592802304
1309646724282159105
1309646807652356096
1309647118299267073
1309647119159103489
1309647131561594882
1309647144320528384
1309647176998494208
1309647249484517376
1309647307424428032
1309647346276249601
1309647424248582149
1309647500345839620
1309647580977008640
1309647609527562240
1309647618515980289
1309647710631456768
1309647743653208065
1309647861672554496
1309648008808669185
1309648049921241093
1309648057756258306
1309648232935559168
1309648272416477184
1309648356046766085
1309648440608129025
1309648498887852033
1309648527669293057
1309648594979479553
1309648620011114496
1309648792690532353
1309648905496395776
1309649107036893189
1309649118848057345
1309649265384333313
1309649287652036608
1309649315808378880
1309649446360231937
1309649459135963136
1309649542539882497
1309649723653988352
1309649773054566406
1309649799675666432
1309649958103060482
1309650017062277122
1309650113627815937
1309650184880693248
1309650297996939267
1309650298860834816
1309650319668924422
1309650348223668225
1309650424052551683
1309650546232422401
1309650558463160321
1309650663606030338
1309650834779766784
1309650922121854976
1309651123997818881
1309651147100172289
1309651162296135685
1309651233947283456
1309651246446456832
1309651333335724032
1309651457461940225
1309651586449375234
1309651611002834944
1309651630950764544
1309651656783441920
1309651686047338500
1309651699674480640
1309651845065748480
1309651853639122944
1309652144212058112
1309652244090908672
1309652343802257408
1309652399703949313
1309652453416108033
1309652458273214467
1309652516129452034
1309652558382854146
1309652802340360193
1309652873316360192
1309652957307297798
1309653158268989442
1309653186362241025
1309653246588465152
1309653460611203072
1309653485093298177
1309653575023259648
1309653795815579650
1309653870822346752
1309654001324101633
1309654571556376581
1309654576115707904
1309654593127813120
1309654699877052416
1309654765161402373
1309654823474782210
1309654912247017474
1309655591271501829
1309655591523147779
1309655599471304704
1309655641271791616
1309655818065915904
1309655927016927232
1309655972260925440
1309656024245309441
1309656233264254977
1309656258174164992
1309656313140576256
1309656610084728833
1309656686274150401
1309656748538703872
1309656749159452673
1309656769854046208
1309656774392258561
1309656820659752966
1309656950108573697
1309657092861685761
1309657130933288960
1309657143168172038
1309657168354967552
1309657390078451713
1309657629074108416
1309657851967746050
1309657952488493056
1309657986424602632
1309658124169687043
1309658250204323840
1309658308597485576
1309658476868665346
1309658540223668224
1309658546091499521
1309658697963130882
1309658728304652288
1309900526033735680
1309900779273293828
1309900794632773635
1309900808398331906
1309900915491528704
1309900996248825856
1309901029572567041
1309901050518728712
1309901097264349186
1309901184698777604
1309901236062175232
1309901495794573312
1309901546407198720
1309901650908250112
1309901726359511041
1309901738762264577
1309901741857669121
1309901825693437952
1309901877291569152
1309901920123777024
1309901936703885315
1309902047836340224
1309902140337315840
1309902203247882241
1309902212164923393
1309902283988250624
1309902434647420928
1309902648762535936
1309902715749834754
1309902888504680449
1309902983505772545
1309903042259509250
1309903097561591814
1309903131187314688
1309903232051875843
1309903307981246464
1309903369989844992
1309903416118960128
1309903442031374338
1309903545563598849
1309903709992878080
1309903768608276480
1309903809129349126
1309903833905192960
1309904078277947392
1309904142312374273
1309904273417797633
1309904275095527424
1309904305814728706
1309904377117904897
1309904686112272387
1309904742953357312
1309904784120598535
1309904809462554624
1309904896657850370
1309904988798439424
1309905085510500352
1309905197980934144
1309905199763353600
1309905238397276162
1309905240385294337
1309905286208069638
1309905361953083392
1309905429284220928
1309905538910572545
1309905629797113860
1309905677473714179
1309905843903631360
1309905865781239809
1309905866800406528
1309905904645681152
1309905995800469504
1309906046157074432
1309906137282760704
1309906143091752965
1309906158480699392
1309906359626993665
1309906368913080330
1309906410860433409
1309906451884912641
1309906453293985794
1309906600543440896
1309906627005419522
1309906645976219649
1309906716629307394
1309906746996133889
1309906796585287686
1309906842340986880
1309906850972868608
1309906897521324033
1309907186814873601
1309907278628368384
1309907405103341568
1309907405845573632
1309907564637741056
1309907690034929666
1309907702802415617
1309907747966599169
1309908030402760716
1309908058571767809
1309908117388488704
1309908152910049281
1309908168173146118
1309908185663369217
1309908247458058242
1309908264721805313
1309908281654235139
1309908323542724609
1309908362176364547
1309908381411532800
1309908390076985344
1309908488806567936
1309908570285146113
1309908751412080643
1309908759557230592
1309908852926631936
1309908856986894337
1309908868718366722
1309908966605029376
1309909062323232778
1309909218326056960
1309909263591055362
1309909448295669760
1309909677157896193
1309909731943776257
1309909866354561025
1309909954418159617
1309910005420883968
1309910131040116742
1309910159796428801
1309910189319925760
1309910260430311426
1309910274099630080
1309910391766433796
1309910487895887873
1309910563720507392
1309910600911335429
1309910668276047874
1309910738799071253
1309910771850149888
1309910860781977607
1309910867857813504
1309910894751543298
1309911087328964609
1309911134292631552
1309911188688392198
1309911272402702336
1309911293223211011
1309911314320498693
1309911341017124865
1309911373535641601
1309911403071823873
1309911485842362368
1309911518763528198
1309911545112035335
1309911640402472961
1309911720249495554
1309911792882257926
1309911954115440644
1309911998813986817
1309912055722504194
1309912105924128769
1309912104443326464
1309912233418334208
1309912392604758016
1309912479917641728
1309912668824899584
1309912681244229633
1309912727264075778
1309912992222380034
1309913012405444614
1309913092529229824
1309913184933797888
1309913489973051394
1309913607807795200
1309913642226216960
1309913688544079876
1309913720827637761
1309913763580203008
1309913779526930433
1309913907365109766
1309914089930387456
1309914185967570944
1309914304418807808
1309914471058505729
1309914711949934592
1309914815406759937
1309914883689865216
1309915067702411264
1309915088091045889
1309915104851394561
1309915123704885248
1309915273789607937
1309915311513239553
1309915437371719681
1309915446133444608
1309915529797304322
1309915562177429506
1309930901074255872
1309930913535537160
1309930939640758272
1309930984910008320
1309931005206081536
1309931194235129856
1309931204054069249
1309931244482949122
1309931269908701184
1309931307334397953
1309931388381138944
1309931464163811328
1309931514327638016
1309931672675196928
1309931672843038720
1309931749724622849
1309932231092301824
1309932247584305157
1309932314697371648
1309932557807558657
1309932771561926656
1309932839496941569
1309932881012240384
1309932935886168065
1309932953250803714
1309932991024631812
1309933011106967553
1309933153918873606
1309933319287525377
1309933523512504320
1309933628516904962
1309933796268085250
1309933823891632128
1309933849187618823
1309934177018621952
1309934185809768448
1309934209272872961
1309934449220620289
1309934567642607616
1309934662735683585
1309934738312851458
1309934785813516291
1309934811201654786
1309934882282328064
1309934952440573953
1309935042613981185
1309935053586280449
1309935058069774336
1309935159131729921
1309935494269202433
1309935671382081541
1309935774771671042
1309935801422151687
1309935813589757952
1309935846594838528
1309935904463753216
1309935908599279618
1309936022508187650
1309936140430893056
1309936168704905217
1309936291451084801
1309936333314494467
1309936375685242880
1309936470791077888
1309936475522428928
1309936567390277639
1309936608959848448
1309936676291194880
1309936739025383424
1309936751734071297
1309936797980545028
1309936902636802048
1309937083348217856
1309937313905102848
1309937445744541705
1309937449963986945
1309937471078174721
1309937571481481216
1309937756072816641
1309937893570277376
1309937964613545984
1309937984989474822
1309938011354927105
1309938082104455169
1309938106305523717
1309938123183394816
1309938128900239360
1309938173619961856
1309938244658835456
1309938429442928640
1309938530773348356
1309938540487364611
1309938749585764352
1309938766619041792
1309938833048432641
1309938912383565829
1309938950354722818
1309939117241888771
1309939222577545224
1309939374109470720
1309939408959922177
1309939475355762690
1309939596583723008
1309939768365641728
1309939819657728001
1309940116702597120
1309940175766777856
1309940196339834882
1309940228845703171
1309940542147526662
1309940579074269184
1309940597986406402
1309940843994898432
1309940845706203137
1309940968519397377
1309941110362583048
1309941384191901699
1309941420770430979
1309941421646868480
1309941487887683585
1309941898354790401
1309941949558743040
1309942074507177985
1309942082656763906
1309942176797921285
1309942418259804160
1309942562354900992
1309942703409565698
1309942913179189251
1309942951276052481
1309943056335089666
1309943073456222208
1309943361780940800
1309943412716642304
1309943505242947586
1309943899763351553
1309943914829406208
1309943999558496260
1309944012883648512
1309944054906384384
1309944155855093760
1309944267859783688
1309944277921746944
1309944277926121475
1309944281977716738
1309944402144645120
1309944420763082754
1309944424495947776
1309944458222370819
1309944562056441856
1309944611620769794
1309944752247320577
1309944804697137156
1309944830412361728
1309944877606723584
1309945174131453955
1309945225717178371
1309945434849382401
1309945455019798528
1309945548703707136
1309945573588504576
1309945577061441539
1309945652525240320
1309945743986229248
1309945761099063297
1309945924286738432
1309946214884941824
1309946269331324937
1309946306576691200
1309946370908803072
1309946499674116097
1309946585048969216
1309946714397249538
1309946784899358726
1309946907393835009
1309947082644623360
1309947086809575425
1309947095571288064
1309947157890428931
1309947183580446721
1309947207915716608
1309947276018823169
1309947448517853188
1309947499352936448
1309947796615823360
1309947804895252480
1309947955152027648
1309948261302767617
1309948290725683200
1309948345104977920
1309948449534640130
1309948470417960960
1309948612793774080
1309948643772858368
1309948705802514441
1309948742238236672
1309948782075756544
1309948816095719424
1309948949894246402
1309948992156037120
1309949004256628736
1309949066411999236
1309949154303512576
1309949305306984454
1309949390631530496
1309949393534148609
1309949422986559497
1309949428686520321
1309949432729870336
1309949540703719424
1309949662200098816
1309949744467161089
1309949806178168832
1309949860188045313
1309949947677159425
1309950114719555585
1309950283493994496
1309950292159541248
1309950354327470081
1309950555943469057
1309950769500688386
1309950848664039425
1309950850429788160
1309950867060199424
1309950962761633797
1309950995414253568
1309951105862897665
1309951142483427329
1309951145431961601
1309951253384814594
1309951268861947904
1309951387250421762
1309951424151789568
1309951449196113921
1309951536886362119
1309951588144996354
1309951595744985088
1309951834589736962
1309951840050704387
1309951927904600064
1309951944241418241
1309952091725553664
1309952438900862977
1309952464083247105
1309952679087689729
1309952724818161666
1309952816719552515
1309952985577914368
1309953009095335938
1309953055681638401
1309953064460152832
1309953126640889856
1309953140255371264
1309953227589181441
1309953265644130304
1309953270555738123
1309953295063101441
1309953379448176641
1309953407822700545
1309953558947729413
1309953593554939905
1309953797343662086
1309953843908706304
1309953914901389312
1309953981884448769
1309954108254810112
1309954124822335488
1309954147148423168
1309954151409999878
1309954187384373249
1309954246020923397
1309954293357838336
1309954306481827841
1309954368226103300
1309954369429950464
1309954636959293440
1309954670757130241
1309954720136597506
1309954833621770240
1309955055542505472
1309955098827722753
1309955139848089601
1309955195540066304
1309955198442504199
1309955271461163009
1309955271628910593
1309955437861564416
1309955522083401730
1309955529746374656
1309955786500603905
1309955798316003328
1309955861276655617
1309956000783331328
1309956089291694083
1309956273320984578
1309956319496097793
1309956323572953094
1309956357655851008
1309956495015137293
1309956524085833729
1309956528703705089
1309956603802648576
1309956750825660424
1309956770689933323
1309956914239868929
1309956917721272320
1309956940055941122
1309956982728777729
1309957263579324422
1309957568647909381
1309957598276390912
1309957635001790465
1309957820238966787
1309957824437514241
1309957997251170304
1309958202931503104
1309958419726495746
1309958692402589702
1309958721615867909
1309958722601603072
1309958752385130497
1309958763672150021
1309958827740213250
1309958861294432256
1309958964507934720
1309958982644183040
1309959007268986889
1309959012427788289
1309959070133125121
1309959132770832384
1309959263859740672
1309959418910371840
1309959607863762944
1309959615891869698
1309959620715143168
1309959723752583169
1309959787300499456
1309959900651548674
1309959922017132544
1309960005869740033
1309960071682588674
1309960084794085376
1309960122555338754
1309960144676159495
1309960298640572425
1309960353200119813
1309960361987076096
1309960390978211842
1309960564005900292
1309960584327303168
1309960848375332864
1309689175193448448
1309689200581640192
1309689211658874880
1309689213751889920
1309689226250924033
1309689376331374592
1309689477556731906
1309689556019687424
1309689578236903424
1309689783388704768
1309689833963618305
1309689900661387266
1309690072829227014
1309690178253082625
1309690193721475072
1309690313401925632
1309690319743660033
1309690420104962052
1309690483686473729
1309690719179857920
1309690780731269120
1309690802319302656
1309690927829704710
1309691120486678528
1309691134944268289
1309691527304798210
1309691557738676226
1309691625585639425
1309691728765489158
1309691733974933504
1309691897653460993
1309691998547312641
1309692073654788096
1309692362436808704
1309692372150898688
1309692590229516288
1309692611503050753
1309692773872926720
1309692799382675457
1309692844328718336
1309692890738601984
1309693133677002754
1309693164756893697
1309693201771630593
1309693495699861505
1309693499810304001
1309693625731657729
1309693704886771712
1309693796767023104
1309693819403800577
1309693872356823042
1309693898952904706
1309694003521245184
1309694019841265664
1309694122299621376
1309694157259235328
1309694162279645184
1309694283683893248
1309694296422076417
1309694565125746688
1309694661477326848
1309694762136477699
1309695030135861253
1309695114823053313
1309695336424845312
1309695441248817152
1309695546639052800
1309695571972718593
1309695584220188672
1309695813577330688
1309695819168256003
1309695889477382145
1309695940819849216
1309695956657594369
1309696174908215296
1309696238305128448
1309696381632868352
1309696423689158657
1309696535219896320
1309696547895021568
1309696586583220224
1309696737532088320
1309696821829091328
1309696911645892611
1309696918252118026
1309697031162732549
1309697076641529856
1309697161253322752
1309697177615179776
1309697365977247744
1309697533778825216
1309697558952857601
1309697630528770053
1309697651756199936
1309698008381108226
1309698062881783808
1309698083131924481
1309698209980256257
1309698213599997952
1309698280822116352
1309698486749802497
1309698604035178501
1309698691788201985
1309698725829378050
1309699112430829569
1309699137269448704
1309699337337929730
1309699345294356480
1309699557014421504
1309699572143394816
1309699601499410433
1309699646466396160
1309699652808302597
1309699845456711680
1309700106073993216
1309700152664485889
1309700264803397632
1309700274743697408
1309700462543859712
1309700497163644933
1309700570991587328
1309700659541803009
1309700729767157761
1309700819248447489
1309700827444129793
1309700926526160896
1309700944574046209
1309701010911375361
1309701191337611265
1309701220542472194
1309701355905249286
1309701373655646210
1309701385148014592
1309701394622971904
1309701460297494529
1309701640262422528
1309701671149211649
1309701923025555457
1309702023353266178
1309702131004444672
1309702145092927489
1309702155851296769
1309702357601660929
1309702472223657985
1309702525487132673
1309702612875264000
1309702820317331460
1309702832509972480
1309702832833003520
1309702924113764352
1309702946414878721
1309703280386220032
1309703360573050881
1309703377920483328
1309703397637906432
1309703420165517313
1309703590269902848
1309703760038502400
1309703887956455424
1309703972685578241
1309703984517713921
1309703997813481472
1309704115736522752
1309704178390847490
1309674125590319105
1309674129981726720
1309674171857874944
1309674263868141568
1309674361419423744
1309674382109954048
1309674511558610944
1309674562213367808
1309674575509118977
1309674600079355906
1309674624381313024
1309674662218133504
1309674758846517255
1309674885220839431
1309674889595555842
1309675015021920256
1309675061914279936
1309675124476358657
1309675380609961985
1309675497912229890
1309675526609498112
1309675530258509824
1309675564593221635
1309675610571255809
1309675946409168896
1309676167947907072
1309676212436918273
1309676243651112960
1309676403600760832
1309676432642265088
1309676621926928385
1309676625592832001
1309676654973812736
1309676714545602563
1309676747302993920
1309676772993228801
1309676868216320005
1309676974357405696
1309677120923348992
1309677304822616064
1309677313001316353
1309677494367326208
1309677527728820226
1309677540022263808
1309677635920957441
1309677637644754944
1309677800371052545
1309677800727617536
1309677804632469508
1309677972811546624
1309678030038724608
1309678090243592193
1309678236524326912
1309678718424580096
1309678723252269058
1309678882203881473
1309678885978681344
1309678904421031936
1309678975573131264
1309679075053776896
1309679096625012741
1309679217244864513
1309679313659269120
1309679616500682752
1309679704320827393
1309679749803909121
1309679783991746560
1309680086350737408
1309680127417241603
1309680174418493443
1309680220430098436
1309680320741085186
1309680359089549312
1309680627520860163
1309680690498330626
1309680811743096834
1309680820035096576
1309680844534157312
1309680870605774865
1309681000746831873
1309681004148412416
1309681117583142915
1309681172235001856
1309681353059860480
1309681360664059904
1309681452594991104
1309681571562221568
1309681603564707840
1309681680685256704
1309681805977673729
1309681822280962050
1309681860474175490
1309681960265158656
1309682023540371456
1309682132202201088
1309682180860280833
1309682213022244866
1309682430991691776
1309682455197122562
1309682690166194178
1309682757891579904
1309682783523090434
1309682807757660161
1309683022183231488
1309683127158267904
1309683240559677441
1309683336131088390
1309683412366745601
1309683537642217472
1309683554746589185
1309683773324304384
1309683897932939264
1309684364956119041
1309684382836420609
1309684414406971392
1309684448628109312
1309684455741829120
1309684645135556608
1309684645806575616
1309684683949535232
1309684717160022018
1309684792129204225
1309684872831733764
1309684930843205633
1309684981225017344
1309684989022404620
1309685002377064449
1309685006038708224
1309685047381950464
1309685249228582912
1309685282019696642
1309685290601263104
1309685412596678657
1309685542586593281
1309685761768329216
1309685774317649920
1309685778172334082
1309685877577220098
1309686091612655616
1309686105273319424
1309686293492715520
1309686403643703296
1309686465736118272
1309686868095762432
1309687074627362822
1309687190902001665
1309687191635922946
1309687275735994370
1309687301052624897
1309687334275887105
1309687387832942593
1309687421211226112
1309687422846816261
1309687493562970113
1309687803408596994
1309687988163616776
1309688307756929024
1309688529476231169
1309688533771223040
1309688566885294080
1309688739720040454
1309688797131669504
1309688814277996547
1309688881822957568
1309689095468265473
1309704413531918336
1309704462601084929
1309704513868226561
1309704588526665728
1309704622852829184
1309704749340594177
1309704832748380162
1309704898930454529
1309705184398970887
1309705206322659328
1309705303584395264
1309705386849697793
1309705466285625344
1309706326780542976
1309706355146620929
1309706413393010688
1309706418782646272
1309706511266902016
1309706523036311558
1309706599175421954
1309706683275522049
1309706783208873990
1309706857888522240
1309706900112580608
1309707008778448897
1309707282066751489
1309707509633085440
1309707601110863872
1309707610397048832
1309707776998993920
1309707843772256256
1309708007584854017
1309708074421121027
1309708230076006400
1309708373215055872
1309708451942195200
1309708619114516481
1309708703034036224
1309708728225034242
1309708763885174784
1309708808927678469
1309708810299338759
1309708838724153350
1309708845850202112
1309708901802156032
1309708948354658304
1309709128378413056
1309709282494099457
1309709346339655680
1309709567090208770
1309709572618309635
1309709626338811904
1309709643749392386
1309709724070404096
1309709834640531456
1309709860754292736
1309709865888215040
1309709938323632129
1309710116568985600
1309710160051318784
1309710386078167040
1309710443838148608
1309710474561433600
1309710595185311751
1309710621546553344
1309710637652566016
1309710697446735872
1309710725162696704
1309710755843862528
1309710880121135109
1309710998937440257
1309711019984396288
1309711103744602112
1309711225794764800
1309711237509505026
1309711288759590913
1309711397366968323
1309711501780029440
1309711798275317760
1309711842571247617
1309711853032013830
1309711950373425152
1309711968308260864
1309712034120957952
1309712109262065664
1309712126248923136
1309712136327720960
1309712408836009985
1309712411956375552
1309712566290198529
1309712587941122049
1309712612352028672
1309713057250119682
1309713193137127425
1309713288855339008
1309713361538486274
1309713406707011587
1309713440580149248
1309713500575465473
1309713511199670273
1309713568804167680
1309713581437411329
1309713631693676544
1309713664077893632
1309713683468234753
1309713712668979200
1309713762081894401
1309713855132528641
1309713880310980609
1309713979426529280
1309714019079663616
1309714119566786560
1309714128915685376
1309714253603954688
1309714265540947969
1309714267164217346
1309714298357207045
1309714316183117826
1309714333321003008
1309714337624358912
1309714346646347776
1309714384151773185
1309714485494439936
1309714563420438528
1309714785936662529
1309714884100157441
1309714952685404162
1309715047057420288
1309715223419531267
1309715293464334337
1309715615259734017
1309715623996354560
1309715708679524352
1309715785519190019
1309715789130293248
1309715902557024256
1309715917908058114
1309715950879399941
1309716007133511681
1309716064880730114
1309716090931609600
1309716255641939970
1309716262797430784
1309716417814560770
1309716464014946305
1309716467869347840
1309716576787206144
1309716635612258306
1309716722874814464
1309716750469005312
1309716778222718976
1309716815212314625
1309716824922095616
1309716874159099904
1309716904056156163
1309717075431104512
1309717126844944384
1309717130544177152
1309717145996193796
1309717188463538176
1309717248324501504
1309717264812453890
1309717336803352577
1309717414922215425
1309717420592885762
1309717423944327168
1309717440314531840
1309717500020441088
1309717644027756544
1309717679876517895
1309717746905616389
1309717773715738624
1309717796989865984
1309717810998845440
1309717863817719810
1309717994566631424
1309718174963773440
1309718187127246849
1309718319977639937
1309718390546735104
1309718621657145344
1309718747104587778
1309718755203710978
1309718862343090177
1309718886888214528
1309718916839530496
1309718965212635136
1309719063984304128
1309719165276577800
1309719180053159936
1309719277507940352
1309719313381756929
1309855307024216064
1309855310878777351
1309855344785592321
1309855353408901121
1309855466412007425
1309855655545761795
1309855966867927042
1309856071016747009
1309856078998405124
1309856125433581576
1309856434692198403
1309856444473368579
1309856485330087937
1309856532570558465
1309856566175133697
1309856692012605440
1309856724334116864
1309856791501570050
1309856871847731202
1309856876381851648
1309856897382707200
1309856990106181632
1309857131273826305
1309857164438142977
1309857195618635777
1309857349574819841
1309857370273730560
1309857424753356802
1309857865746841600
1309857888328966144
1309858070655389696
1309858209830768643
1309858213676933122
1309858212699541504
1309858222291980290
1309858331427627009
1309858444262944768
1309858630213263362
1309858667907280896
1309858679303405569
1309858797146562560
1309858901077168129
1309858968324505601
1309858989757419522
1309858990445264898
1309859040999088134
1309859061995839488
1309859187107733504
1309859205214502912
1309859245677056000
1309859837870776321
1309859941440778240
1309860009094807552
1309860068633051140
1309860102522966024
1309860144050831363
1309860163948548096
1309860211386183680
1309860244156284931
1309860504970690562
1309860520229470209
1309860592656809984
1309860780825866242
1309860838849863680
1309860878318272513
1309860881266880515
1309860931258773506
1309860936182902784
1309860969200353280
1309860973218586626
1309860985801338880
1309861003417587712
1309861053057183744
1309861078134927361
1309861125647933441
1309861258758414336
1309861509871415296
1309861532570980361
1309861578913624064
1309861590007767040
1309861661298380806
1309861736904896513
1309861888285536265
1309861943365300224
1309862031198220290
1309862140627410946
1309862152778457094
1309862244310593536
1309862526415372291
1309862778153447424
1309862778694492160
1309862836169060352
1309863074816425984
1309863078549479426
1309863146274734081
1309863179384754177
1309863216932061185
1309863343377842183
1309863402630787074
1309863573766598656
1309863608755654656
1309863745951334401
1309864102513311744
1309864132284485632
1309864237465042945
1309864253973622787
1309864488682680320
1309864613215907841
1309864618513195009
1309864632585256960
1309864685211193347
1309864698309943296
1309864940719812609
1309864970734252036
1309864974794272768
1309865121590710272
1309865171767242758
1309865194508759041
1309865322736791552
1309865462050762752
1309865481080197120
1309865622101139456
1309865638400339968
1309865688429928449
1309865760823500800
1309865782080425991
1309865868994646018
1309866014604226561
1309866037626642432
1309866039942021121
1309866107365240832
1309866245638979584
1309866258863730688
1309866295895248897
1309866330196246529
1309866619854872576
1309866661005189121
1309866711991058432
1309866859001413632
1309867047589941250
1309867160295137280
1309867185607766016
1309867350196445185
1309867469582954496
1309867589871587328
1309867602936770563
1309867924023398402
1309867928246870024
1309867987642400769
1309868008551198721
1309868071578775552
1309868092261117955
1309868267062910980
1309868296833916928
1309868418242416641
1309868531484430342
1309868603295117317
1309868803145097217
1309868842487894016
1309868858640084992
1309868951036481536
1309869027406176256
1309869052068851712
1309869111963455490
1309869232918876161
1309869299234869248
1309869304016515073
1309869332546179072
1309869422732025857
1309869602256678914
1309869752282681344
1309869786562785283
1309869887012196358
1309869903034359810
1309869984315826179
1309870000300228608
1309870003504644096
1309870062636019718
1309870079467827201
1309870155309162496
1309825174653620225
1309825276654878721
1309825359504867328
1309825360964530178
1309825369193635841
1309825416429961218
1309825464530358273
1309825795775434754
1309825841329774593
1309825901488730116
1309826054899589120
1309826139385483264
1309826154455592961
1309826220830285825
1309826247430733824
1309826480550146053
1309826532404273152
1309826542718066689
1309826705960337410
1309826727665954817
1309826769151819776
1309826769537695744
1309826781231357952
1309826815783890944
1309826827536433152
1309826972680359937
1309826987314286593
1309826996206276610
1309827017257484289
1309827024446521345
1309827097817485312
1309827305804570624
1309827322443423744
1309827347093184513
1309827575720620032
1309827595991568384
1309827660529512454
1309827709317586947
1309827767224152064
1309827769367437312
1309827810593255429
1309827905141137408
1309827998686863361
1309828011412385794
1309828066961752064
1309828072221413376
1309828132749410304
1309828302241173510
1309828308478160896
1309828536635740160
1309828619276111874
1309828799685685249
1309828872024649728
1309828972872691712
1309829012718485504
1309829109808345090
1309829181723811840
1309829236979634176
1309829253031231488
1309829337546461186
1309829441359667200
1309829468027006977
1309829799251247104
1309830143041511430
1309830171537571842
1309830238117953537
1309830276890189825
1309830859965509632
1309830876767883264
1309830912239112193
1309830967268388871
1309831001430949889
1309831088945192961
1309831089028964354
1309831141587853317
1309831164891463681
1309831182171992064
1309831543024685057
1309831615921741829
1309831891609100288
1309831979622432769
1309832008604975105
1309832021070548992
1309832070634627072
1309832101055823875
1309832167338336258
1309832196132405249
1309832223038734336
1309832440366739457
1309832464471187457
1309832519093813255
1309832612119228416
1309832652069859332
1309832662769692672
1309832739009392641
1309832843888136192
1309832890482593794
1309832898946764800
1309832951299891200
1309833017842692097
1309833120242302976
1309833343471620096
1309833422030991360
1309833431556132864
1309833469116047361
1309833686003707904
1309833698339172353
1309833773744177153
1309833799547711488
1309833840781860864
1309833912214982658
1309833924252704768
1309834009011277826
1309834038006476804
1309834066527760385
1309834116871798789
1309834198774145024
1309834311877750785
1309834687800578048
1309834725389860864
1309834826128662530
1309834913915572225
1309835108787118082
1309835113027579904
1309835115661492224
1309835179419152384
1309835182644527104
1309835283307925505
1309835527407964163
1309835673311031298
1309835741690724352
1309835795939893252
1309835952135770112
1309836064551399425
1309836109552128000
1309836244655001600
1309836303488356353
1309836321171607555
1309836325630205952
1309836509978263552
1309836764140498946
1309836848278179844
1309836852258639876
1309836889420189696
1309836916704018434
1309836957225189378
1309836978410708992
1309837322679201792
1309837351439405062
1309837456271867904
1309837501482311682
1309837668797341696
1309837707745484806
1309837716125896707
1309837849886371840
1309837875215831040
1309837908417880064
1309837952160337922
1309838303340965888
1309838307958894592
1309838383213162497
1309838401504452609
1309838421628682240
1309838428645789703
1309838584267059200
1309838618371010561
1309838635253084160
1309838640860794881
1309838829499699201
1309838857785966592
1309839037444886531
1309839093057060868
1309839214511640587
1309839406359027712
1309839566149480448
1309839616372023296
1309839645195350016
1309839720462069764
1309839776879718400
1309839838124879876
1309839926964424704
1309840000587046912
1309840211283673089
1309840245974806534
1309840333157531648
1309840401784877057
1309840626633052160
1309840648107851782
1309840727703257088
1309840744769900549
1309840941470056449
1309841029319753729
1309841098509094912
1309841126929633280
1309841134647156737
1309841159259402241
1309841256504270848
1309841298082365440
1309841386259337217
1309841440902709248
1309841533005430791
1309841625011552257
1309841759233507328
1309841851739000832
1309841852686794752
1309841916394049540
1309841962825113600
1309841994408177667
1309842073403756545
1309842103086743552
1309842152718041088
1309842447502061568
1309842494369169410
1309842601441361920
1309842616230408194
1309842653761110016
1309842669686984704
1309842690683686914
1309842716101095429
1309842783436328961
1309842837496709122
1309842838373400579
1309843172391030785
1309843214250045452
1309843249809551361
1309843266142167040
1309843320940752896
1309843350082723841
1309843361747161089
1309843445448548352
1309843690479931392
1309843714651680770
1309843748088696834
1309843995602890753
1309844360700272642
1309844545564278784
1309844553730588673
1309844554024202242
1309844796761047041
1309844805237735424
1309844930106478597
1309845153507684353
1309845182851018754
1309845346151923713
1309845399289638916
1309845467023450117
1309845501177602049
1309845504629575680
1309845637501005824
1309845766161268736
1309846003563073536
1309846041538236416
1309846097611894791
1309846129731870720
1309846198103179267
1309846395084513282
1309846404161064961
1309846411966590977
1309846591747043328
1309846672202174471
1309846776300658688
1309846788824797187
1309846817408987136
1309846889714651136
1309846940419592193
1309846940843216896
1309846959839207433
1309847052629798912
1309847098737733632
1309847108586016768
1309847388585066498
1309847585771917312
1309847601827778560
1309847618403676161
1309847850134761472
1309847921173569536
1309847943223091200
1309848139709386754
1309848156360843264
1309848272442478594
1309848643533504518
1309848739528486915
1309848898782081024
1309848953026801666
1309849406083080193
1309849409497300992
1309849563294040070
1309849704000360450
1309849728377589760
1309849938159902723
1309849948846866432
1309850012378112002
1309850228695142401
1309850271757996033
1309850323574431744
1309850348882980865
1309850429652643848
1309850530806730753
1309850559407632387
1309850659294867461
1309850686008496131
1309850777125629952
1309850865260359680
1309850907769622528
1309850946592280576
1309851017379328000
1309851072505229313
1309851225857425415
1309851225924538370
1309851272548294656
1309851311152730112
1309851360347611137
1309851461321404416
1309851516614959105
1309851533023031296
1309851676401192964
1309851682860392449
1309851705224331267
1309851776783462401
1309851783909576710
1309851809952002051
1309851847411347457
1309851896807665666
1309851985701634048
1309851998037184513
1309852103431647233
1309852211581599744
1309852237284478976
1309852312995856385
1309852509784211456
1309852584891445249
1309852635860795392
1309852716026429441
1309852811077787648
1309852873723973635
1309852987523657729
1309853029227790337
1309853115546566657
1309853134567677957
1309853165114675201
1309853215425466369
1309853252503179264
1309853374406254599
1309853377308786688
1309853570922151939
1309853583710597120
1309853802686803968
1309853817886969857
1309854002390204418
1309854002553581569
1309854025022664705
1309854417999470593
1309854548740112384
1309854595246587912
1309854597947809792
1309854644517195789
1309854833084715010
1309854883562975232
1309854984708796419
1309855143312097280
1309855184940609537
1309855199469735936
1309719409318006785
1309719589597540352
1309719752890294273
1309719793910546432
1309719998554763264
1309720016061902848
1309720096969981954
1309720181099372544
1309720205287981056
1309720221020827649
1309720340080340994
1309720412289249281
1309720482078318592
1309720536256143360
1309720558238539776
1309720696277200896
1309720724869754881
1309720843665121281
1309720882525270016
1309720910731948033
1309720917136863234
1309721056719122432
1309721115196043265
1309721221752385537
1309721366493569025
1309721391374176257
1309721444260229121
1309721698791354369
1309721910582956032
1309722002803089408
1309722038890901504
1309722319586168832
1309722542005911552
1309722571752067072
1309722809933930496
1309722969711747072
1309722991333384193
1309723301737005056
1309723460952760320
1309723741618933761
1309723890965454848
1309723928764411905
1309723936968458240
1309723999232958466
1309724051099844609
1309724106628063239
1309724130653212672
1309724316054024199
1309724344642236424
1309724453471952896
1309724463840129024
1309724486959235072
1309724555254984704
1309724592114749441
1309724900240760837
1309724980897173504
1309725035666444288
1309725366915919876
1309725477003767810
1309725501431279619
1309725661590966272
1309725900921925632
1309726034359615488
1309726169617567744
1309726200638529536
1309726261464494080
1309726342141767681
1309726654764376064
1309726685357649920
1309726755595321344
1309726799467704320
1309726802160607232
1309726989117464576
1309727064228937729
1309727078669983750
1309727124870238214
1309727133531504640
1309727159653675008
1309727360648982529
1309727405351858176
1309727565507043328
1309727712701865986
1309727730489933829
1309727772344897536
1309728055510863872
1309728134762176512
1309728170623397891
1309728211408842753
1309728351666475008
1309728717942349824
1309728732203057153
1309728740373651457
1309728827774365697
1309728927947128833
1309729134881374212
1309729143739879424
1309729172898504704
1309729224731787264
1309729320559144960
1309729400053805057
1309729599891189761
1309729719441448960
1309729782825918464
1309729852895956993
1309729890451808256
1309730026510745606
1309730051340906498
1309730122061287424
1309730177845346305
1309730184312967169
1309730204370300928
1309730556159066114
1309730568993607680
1309730612966645761
1309730620751450112
1309730685473550338
1309730793770553344
1309731103666827264
1309731161220947969
1309731185044713472
1309731207568068608
1309731272827318272
1309731314619133952
1309731367882817537
1309731505397288960
1309731557037486080
1309731607310266368
1309731720946569217
1309731765473480704
1309732074710994944
1309732451040731137
1309732630317809664
1309732704846401536
1309732781233041408
1309732809225965569
1309732840532316160
1309732885230952449
1309733003342614528
1309733088017014785
1309733135966507009
1309733349552918529
1309733357119561730
1309733380305514496
1309733431291510784
1309733654050996230
1309733678327590913
1309734082985619458
1309734117395685378
1309734177940537345
1309734265651752960
1309734335541473281
1309659021914378240
1309659147764289536
1309659274474389505
1309659295752040448
1309659862519873538
1309659885722689536
1309659972309905408
1309658716397096965
1309658737217474560
1309658887914573824
1309658904159117312
1309661491851911168
1309661521379766277
1309661661008146435
1309661824267309062
1309662121353908226
1309662138160553984
1309662222990352384
1309662364804034561
1309662797169651713
1309662898009116672
1309662934679904257
1309662934898028544
1309663036316114944
1309663304189726722
1309663379783430144
1309663451267190784
1309663505432231937
1309663522478075904
1309663584767676417
1309663887764185091
1309663920764915715
1309663984472252418
1309664143671259137
1309664336420446208
1309664377851850753
1309664654763855872
1309664806526423041
1309664945047506947
1309665111586607104
1309665167672655873
1309665171468701699
1309665188686094336
1309665315995955200
1309665498729189377
1309665506194989056
1309665741243912199
1309665996639272960
1309666106685050881
1309666127136600064
1309666152487018496
1309666194379517952
1309666243448909825
1309666463704322048
1309666542557118464
1309666911358259200
1309666932518457350
1309667029104771077
1309667095714693125
1309667179382468608
1309667285515165696
1309667460971409409
1309667494316199940
1309667608275292161
1309667796662525953
1309667875867815945
1309668078578544642
1309668132257177601
1309668140754833408
1309668215530958848
1309668279250640896
1309668328957378561
1309668387828752384
1309668404706586626
1309668501431422977
1309668514542891009
1309668538530099201
1309668643844825088
1309668648299175937
1309668723863687171
1309668824510345218
1309668874472882176
1309669064072146947
1309669222658736130
1309669269119082496
1309669461394436103
1309669499860168704
1309669513047273474
1309669536606674944
1309669625005658114
1309669629883801601
1309669730752647168
1309669852538437632
1309669872524308480
1309670035640791040
1309670124727590912
1309670212040634368
1309670246748270592
1309670447370383361
1309670451967336448
1309670459831717888
1309670532636438528
1309670615293464577
1309670711372345345
1309670815949041665
1309671064679530497
1309671080496300034
1309671165510578177
1309671194036232193
1309671211224375296
1309671232061820928
1309671298474237952
1309671302773575682
1309671449318232064
1309671529194631168
1309671608810983425
1309671815258673153
1309671839417937927
1309671876961034240
1309671927322226694
1309671927435407361
1309672133220601864
1309672473370165250
1309672511274201089
1309672641129844738
1309672658267787265
1309672691708956672
1309672763607650304
1309672779185295365
1309672800865546240
1309672821073891329
1309672977865342977
1309673065153003522
1309673073583554560
1309673110979907584
1309673177799368705
1309673249601654786
1309673324612526084
1309673337543700482
1309673362508185601
1309673496549691393
1309673526123732992
1309673746823876608
1309673998075203584
1309810108273053696
1309810224530849792
1309810338087526401
1309810614311759873
1309810618418040832
1309810740426166272
1309810923855585281
1309810983964114946
1309810994613420032
1309811219495346177
1309811269201850368
1309811332904939521
1309811459417944064
1309811530565693441
1309811785130749956
1309811855376826369
1309811890550439936
1309812010104872961
1309812022952034306
1309812037376258049
1309812089381425152
1309812405422047232
1309812760243351552
1309812802245328896
1309812853658927104
1309813026984538112
1309813249123192833
1309813569144250369
1309813631018831872
1309813817132498945
1309814117092528129
1309814206926118912
1309814216422051846
1309814238030913537
1309814362916429824
1309814489907376128
1309814496236646400
1309814787182796801
1309815011393646592
1309815075356598272
1309815207607369728
1309815241140703232
1309815274359717889
1309815324280262657
1309815449656332288
1309815568191504384
1309815668678721536
1309815714723831811
1309815747149955074
1309815866272313350
1309816201518944256
1309816494516305920
1309816550355021824
1309816718710239232
1309816720526323718
1309816808011169792
1309817167119085569
1309817232927657984
1309817355023908864
1309817388427247617
1309817522024321025
1309817646028857345
1309817655763677185
1309817694666002432
1309817890623893506
1309817945237975040
1309817947179962368
1309818061038510081
1309818109268815875
1309818249190821888
1309818300126330880
1309818334934904833
1309818351213056002
1309818373426098178
1309818445207343105
1309818462257188867
1309818481672683521
1309818975786803205
1309819026340818945
1309819139205275650
1309819312572698624
1309819364166840322
1309819496899784704
1309819620027580423
1309819677820874753
1309819948995231745
1309820040561164289
1309820078901268480
1309820148153487360
1309820320036118528
1309820595597709312
1309820628741091329
1309820819376427010
1309820839517249538
1309820877177892865
1309820892952711168
1309821069763715072
1309821076323606529
1309821368591151105
1309821538238169089
1309821620287045634
1309821753666002946
1309821758984388614
1309821942225154048
1309821998399451137
1309822091181645824
1309822150610751489
1309822340419727360
1309822399911690240
1309822409202167808
1309822501682253825
1309822523878576128
1309822616417570816
1309822827189735425
1309822899893817344
1309822952846897152
1309823076864065539
1309823164323594245
1309823414471921664
1309823471002611716
1309823478594449409
1309823492934828034
1309823495401074688
1309823556008775680
1309823658743992320
1309823683863744515
1309823757196963840
1309823968442867712
1309823976223502336
1309823979738279942
1309824058943516673
1309824168297365506
1309824172802084874
1309824193425440770
1309824235842334720
1309824253072732161
1309824286455197696
1309824287767961601
1309824432442150915
1309824438129635328
1309824490839310336
1309824609248669696
1309734777029890050
1309734950359375872
1309735111018131456
1309735177338277888
1309735275195756544
1309735391256223745
1309735412676657152
1309735678347866112
1309735931805564928
1309736032758190081
1309736143181799425
1309736157169758208
1309736246688845824
1309736378708627456
1309736428591411200
1309736487471079424
1309736663724236802
1309736700415889409
1309736808721330176
1309736883350634503
1309736961381261317
1309736992205230081
1309736994927386624
1309737019095109632
1309737049407119360
1309737336046051328
1309737513704136704
1309737643874418688
1309737664489369605
1309737691286835200
1309737728523661312
1309737778540941312
1309737833054298112
1309738122880614400
1309738438770520065
1309738667498303488
1309738825413926919
1309739011972440065
1309739013205405696
1309739082168389632
1309739205514403840
1309739224040534019
1309739232089399297
1309739292558651392
1309739327161864198
1309739381687832576
1309739444854050816
1309739519042748419
1309739519722151936
1309739580975841283
1309739596901621761
1309739709199867904
1309739745220550656
1309740089832910850
1309740149903777794
1309740230426017797
1309740258502742020
1309740262781001728
1309740566230466561
1309740613336797184
1309740788482486272
1309740859844210689
1309740994322194433
1309741312489517057
1309741340784300033
1309741396098646016
1309741515237978112
1309741585739870209
1309741864602476545
1309742150498869251
1309742248129486850
1309742256195239938
1309742256702750720
1309742278538227713
1309742744458256384
1309742755522818052
1309742795351965696
1309742949970845697
1309742989615550464
1309743004714962944
1309743067407187968
1309743237310091266
1309743407753879552
1309743589497409536
1309743636301656064
1309743701707689984
1309743706891841542
1309743865079889921
1309743898663636997
1309743964610801666
1309744032646529026
1309744192814379008
1309744222531133441
1309744327774568453
1309744328147980289
1309744578212233216
1309744697372561409
1309744733422452737
1309744759515369472
1309744958522392576
1309744981393903616
1309745128492470272
1309745183437795328
1309745536191193088
1309745671868682240
1309745704156499968
1309745809194393600
1309745972524789763
1309746110345306112
1309746210446561280
1309746288238313475
1309746394119376896
1309746487090393089
1309746536742486016
1309746574701068289
1309746803906981888
1309746972857950209
1309747070727675904
1309747231864610816
1309747235324866560
1309747303515791360
1309747866546712576
1309747893037826050
1309747992145035265
1309748017034010624
1309748044250796032
1309748714349703169
1309748834961063937
1309749007456108545
1309749284204679168
1309749409089875970
1309749460784750595
1309794921516339200
1309795391311876096
1309795476527616007
1309795550741639173
1309795673320153088
1309795696355299330
1309796034097356800
1309796087545331712
1309796319750479873
1309796491742130176
1309796508162813952
1309796629625667586
1309796917421977600
1309796923096825857
1309797412219891712
1309797587923410946
1309797650208821248
1309797900927500288
1309797908062113793
1309797918996672512
1309797967214247946
1309797975720448000
1309797995848839168
1309798036340695040
1309798588361388032
1309798697581113346
1309798732016254976
1309798837674967041
1309798857035993088
1309799065425674241
1309799295110057984
1309799452891381761
1309799559330254849
1309799821339955201
1309799857092202503
1309799909881774080
1309800020930105344
1309800296378437633
1309800314166538240
1309800627338346496
1309800679867777024
1309800705750978561
1309800808247107585
1309800844854988801
1309800846138519552
1309801012874616835
1309801343201222657
1309801450231529472
1309801538999717888
1309801549850456066
1309801985873448960
1309802114571436032
1309802201863401472
1309802322596376576
1309802394927149058
1309802569791873025
1309802784938749952
1309802884574466049
1309803067014025216
1309803169816420355
1309803351912189952
1309803398959525889
1309803424108736512
1309803576256917511
1309803704284000256
1309803880130150401
1309804065010974726
1309804403822678018
1309804440266977283
1309804511746166785
1309804524119429120
1309804558240092161
1309804587457617920
1309804639794147330
1309804645666168832
1309804665152962563
1309804674552397824
1309804924918812672
1309804982514970624
1309805030157975552
1309805154074537984
1309805327815184385
1309805427786383362
1309805598758899713
1309805665481826304
1309805853940293632
1309805950757289984
1309806040666574850
1309806194542993408
1309806303443812353
1309806330383863808
1309806361757257728
1309806427150712835
1309806568456810498
1309806665945034752
1309806811286040577
1309806814876270592
1309806987606192134
1309807029385441280
1309807051548364805
1309807119932239874
1309807204296470528
1309807369421901824
1309807578348752896
1309807705696219136
1309807713413730306
1309807756568932354
1309808052514828289
1309808158081249282
1309808206596591616
1309808339115814914
1309808370979942407
1309808442555666433
1309808474369355779
1309808511321346048
1309808732243595265
1309808898845675521
1309808914708520960
1309809112570564608
1309809117058469890
1309809255847927808
1309809579979661312
1309809723433259008
1309809780483973123
1309809837715476480
1309809877565530113
1309809897924685824
1309749743338352641
1309749771876196353
1309749814935068672
1309749857721217024
1309749887458832385
1309749907993980929
1309750311263887362
1309750403546767360
1309750634074140672
1309750681671262209
1309750804341907456
1309750920557649920
1309750927486836736
1309750939876642816
1309751173990105089
1309751424822190080
1309751464869453825
1309751581999538176
1309751602820120576
1309751685577732096
1309751740108075008
1309752087752912896
1309752445854253056
1309752462270697472
1309752756031295488
1309753017189765120
1309753119300087808
1309753146642583553
1309753185205092352
1309753318541946887
1309753340625129472
1309753475207753729
1309753524134137857
1309753558334681088
1309753736810684416
1309754022203723776
1309754037441564673
1309754216668332033
1309754227791728640
1309754443508793344
1309754548303605760
1309754921340809221
1309755035300003841
1309755186160730112
1309755224937111553
1309755249347960832
1309755303228043264
1309755341991800832
1309755410077933568
1309755484828651521
1309755608871178240
1309755651770511360
1309755677385142272
1309755751406002176
1309755763875774467
1309755805785358336
1309755875410800640
1309755956595765249
1309755966221676544
1309756283944198145
1309756391876222977
1309756443562835968
1309756474869116929
1309756539016675334
1309756588878635009
1309756840822083585
1309756922611011585
1309757188030767104
1309757355123527680
1309757468398948352
1309757600792182785
1309757736800845827
1309757809903403009
1309758061456879616
1309758487111622656
1309758564580425728
1309758617776611329
1309758649883975681
1309758743316295680
1309758866771542016
1309758986938462208
1309759338668527617
1309759431912165376
1309759602138001409
1309759702310551553
1309760227965693952
1309760331577606144
1309760350565347328
1309760640639053824
1309760902309187584
1309761015052034048
1309761135864881152
1309761257977905152
1309761648043978752
1309761708060274688
1309761852163813384
1309761876180393984
1309761893389807616
1309761953850626049
1309762114479775745
1309762286853206016
1309762494492274693
1309762622540197888
1309762647081058304
1309762668199378955
1309762691351879686
1309762734360158208
1309763526072950790
1309763546130120705
1309763651729932291
1309763831271432192
1309764317013712898
1309764522501050369
1309764549457768448
1309779929706438656
1309780103518474240
1309780206782013441
1309780344179056644
1309780443596718081
1309780521363402753
1309780572990918656
1309780633716170752
1309780956052680704
1309781163439992833
1309781192376569856
1309781627804024832
1309781901666856960
1309781935892307970
1309782171930882049
1309782318400245761
1309782759209013249
1309782771691388930
1309783117843099648
1309783488703467521
1309783944301338624
1309783954933731329
1309784370446839808
1309784515120857088
1309785205314650113
1309785240630636545
1309785411154251776
1309785468293320704
1309785764809539585
1309786024697114624
1309786403111407616
1309786616056217600
1309786737007304709
1309786797367529476
1309786814287245312
1309786825834323968
1309787080810168320
1309787161663741953
1309787877522497537
1309788078916206592
1309788155046965248
1309788277734608898
1309788334705774592
1309788350375538689
1309788492499750913
1309788527790612482
1309788802018402309
1309788958260330498
1309789019299966977
1309789270329241600
1309789706360557570
1309790154589179904
1309790386068557824
1309790390053203969
1309790400241074182
1309790402313097216
1309790461813424128
1309790498677231616
1309790536119844864
1309790614784012288
1309790623692517377
1309790660036358144
1309790681444085760
1309790933857247233
1309791167836454912
1309791375756468225
1309791407880712194
1309791588718178305
1309792800918175745
1309792807683416067
1309792978588893185
1309793232964911106
1309793441472221184
1309793489413115905
1309793518353879040
1309793681298382849
1309793756921712642
1309793894947680258
1309794075755847681
1309794594201243648
1309794640111890433
1309794781753675776
1309764772070653952
1309764844216750080
1309764905726365696
1309764992166633472
1309765201454129153
1309765433634041856
1309765480668893186
1309765552781623298
1309765580438802432
1309766019997720576
1309766343403724802
1309766354652856321
1309766357177700352
1309766502019600384
1309766622547247104
1309766822556766208
1309767133824520194
1309767175213899776
1309767726072651776
1309767921879707652
1309767938606596096
1309767971980500999
1309768111030259712
1309768183121936384
1309768320401526790
1309768583338131457
1309768676761989120
1309768833431896066
1309768914771951616
1309769187716288513
1309769214203367424
1309769254787579911
1309769361029124096
1309769459842781187
1309769716672598017
1309769982323064832
1309770008902463496
1309770094667591687
1309770120999448576
1309770509903511553
1309770596973117440
1309770792108924930
1309771023978463232
1309771125971329024
1309771349200637952
1309772426272673792
1309772616971038721
1309772692074233857
1309773084686200833
1309773108463783936
1309773272880275456
1309773707490013186
1309774187146481670
1309774324539240448
1309774362686271491
1309774536108253186
1309774872017547265
1309774875544793090
1309775076347183104
1309775240965152768
1309775242848468992
1309775365640863744
1309775389921816577
1309775469961785345
1309775569043689472
1309775595392253952
1309775924632715264
1309776113011503104
1309776424560209920
1309776532953395201
1309776535096754177
1309776605150019586
1309777041865224195
1309777210929287168
1309777749716819969
1309777798949752832
1309777993619832832
1309778134120751104
1309778325167108097
1309778473255280641
1309778763165523970
1309779095023091712
1309779239260925952
1309779453233582081
1309779534967984130
1309779606442999808
1309779617746694144