1310580032562233344
1310580035674427392
1310580191446601733
1310580267665551362
1310580330089373696
1310580355036884993
1310580539477368834
1310580552018296832
1310580611145400323
1310580695513722881
1310580749523914752
1310580795774570497
1310580875898175488
1310581093574287367
1310581102411755521
1310581189993009158
1310581316195319808
1310581479177502721
1310581622132142081
1310581638674472961
1310581724246614017
1310581743993397248
1310581764910460929
1310581789984018432
1310582158545899521
1310582234563440641
1310582452830777345
1310582490831126533
1310582494790647809
1310582520010874882
1310582594602504192
1310582733186375680
1310582863356661763
1310582989827510273
1310583018378022913
1310583031422476289
1310583110581583872
1310583178235727873
1310583362935873536
1310583525607956485
1310583610534174722
1310583676829339650
1310583753136377856
1310583840247894018
1310583844861435904
1310583853262811137
1310584046213304321
1310584113150164994
1310584272533757953
1310584381388591104
1310584386111315974
1310584461696921605
1310584474455797762
1310584478155374592
1310584482580385793
1310584570962616323
1310584646317543425
1310584901624885249
1310584981559930880
1310585023779811330
1310585111499468801
1310585136505815043
1310585207750230018
1310585270585176071
1310585497337565186
1310585518363742208
1310585568552726529
1310585607064825857
1310585798190936071
1310586050776047619
1310586110402326534
1310586172461248514
1310586184586989570
1310586365948702721
1310586387088003073
1310586411800653824
1310586418935205888
1310586449398439937
1310586504175992832
1310586659071823872
1310586755435950082
1310586949011476481
1310587053239865346
1310587103336689664
1310587238040965120
1310587326045790215
1310587339236954114
1310587355921821696
1310587381083443203
1310587602727137281
1310587633471545345
1310587696595771393
1310587696612597761
1310587967669493762
1310587971985264640
1310588026565820417
1310588053371707393
1310588085252616195
1310588085713776640
1310588320678924288
1310588375200608261
1310588391243816960
1310588488002220032
1310588509409902598
1310588597494374400
1310588718898507776
1310588735184986112
1310588930828521472
1310588982640676865
1310589062705807361
1310589200668844033
1310589272001568770
1310589318180868102
1310589423331864579
1310589649589428226
1310589674654781440
1310589754971508741
1310589804996825089
1310589888664924161
1310589976623579136
1310590119905198080
1310590283130830851
1310590413020057602
1310590467873165312
1310590618314235905
1310590718994534400
1310590719128674305
1310590769988689920
1310590811462041601
1310590916340658177
1310590925177892864
1310591003951333382
1310591134285127680
1310591260189581312
1310591314740666368
1310591370214748160
1310591440930693120
1310591466113314816
1310591637546921985
1310591674956091393
1310591696443510785
1310591750948483073
1310591771978665984
1310591805570850817
1310591830606721024
1310591939587256320
1310591960516907009
1310592061293211649
1310592091265867776
1310592233926725640
1310592263043657733
1310592359164411910
1310592556317597696
1310592593940668418
1310592629818699781
1310592640417701889
1310592683887546369
1310592687125524480
1310592757078151168
1310592795397283840
1310592804058525698
1310592908899364864
1310592917145178114
1310592950733209600
1310592988213661696
1310593013215670273
1310593152173080582
1310593193868750849
1310593215175815168
1310593361787719681
1310593420134580225
1310593466552909825
1310593479534415872
1310593571477696513
1310593630550228992
1310593730773168128
1310593798070824960
1310593814755766273
1310593928064839688
1310593940756676608
1310593999388905473
1310594020242939904
1310594040925044738
1310594104317927425
1310594116917637121
1310594500163760128
1310594527829413889
1310594565158690817
1310594578026823687
1310594603343638530
1310594791873212417
1310594985306325003
1310594993644621826
1310595035344392193
1310595060166258691
1310595563965100035
1310595580532465664
1310595689290895363
1310595758903693314
1310595879267598336
1310596048914731008
1310595927992827904
1310596236765003776
1310596076857184262
1310596484774141952
1310596645936140289
1310596863918092288
1310596914208026625
1310596926971113473
1310597006893744130
1310597081804009474
1310597266634190848
1310597283361230850
1310597316798078976
1310597392128004098
1310597451510878208
1310597589704810498
1310597631740059655
1310597808211320836
1310597808215465984
1310597833012080640
1310597879061512196
1310597925567737857
1310598033697132544
1310598050876805120
1310598214295322624
1310598471284654081
1310598512908939266
1310598734754058241
1310598801762054146
1310598856242089984
1310598876626255872
1310598906498162690
1310598965382049793
1310599037394001920
1310599129614094338
1310599150204055553
1310599208492306434
1310599430853111809
1310599468555939842
1310599539951382529
1310599598562521088
1310599934153027585
1310600192761110528
1310600202877906946
1310600319722717184
1310600395362832393
1310600450710921222
1310600538124361731
1310600538480754693
1310600584551038976
1310600688934805512
1310600848398057472
1310600890730967040
1310600911719411712
1310601100668665856
1310601414700421120
1310601435109785600
1310601439220178944
1310601477346320389
1310601565733040128
1310601754443001856
1310601762991222784
1310601951466274816
1310602014322122753
1310602153074057216
1310602232602284034
1310602245814321153
1310602282933850113
1310602317314523143
1310602341800767489
1310602375401480192
1310602455210582016
1310602464002011141
1310602547078537217
1310602598127251456
1310602694030233601
1310602781930196995
1310602798912991233
1310602903552487424
1310602982778691586
1310603298513268736
1310603327248330752
1310603532719058945
1310603764970270720
1310603843504410625
1310603864438198272
1310604023335211009
1310604048614264832
1310604062191091712
1310604069220696064
1310604094906732544
1310604099105312774
1310604115618287618
1310604166356754432
1310604169598828545
1310604396527456262
1310604409747976195
1310604421898948610
1310604757497647104
1310604908790513664
1310604963257765889
1310605017489997825
1310605202437799937
1310605219575734275
1310605298772705280
1310605319568060416
1310605340266954755
1310605340698767360
1310605542650306561
1310605570496438273
1310605613722861568
1310605688796860422
1310605839754035201
1310605860142538753
1310605961174814720
1310606074580545536
1310606108046786560
1310606124606009348
1310606561555996672
1310606707857350657
1310606875591876608
1310607135689125888
1310607253695860736
1310607350005284864
1310607458553876480
1310607479693217792
1310607597012090881
1310607618508029963
1310607735738765313
1310607751916249089
1310607790029897728
1310607937224744962
1310608130091495426
1310608138198941696
1310608343631880193
1310608729101008896
1310608737787351040
1310608776203042819
1310608814002049024
1310608918578704386
1310609136552423425
1310609266768859139
1310609287983640577
1310609459450990594
1310609485090742274
1310609509568507904
1310609557681573889
1310609640133210112
1310609665357570048
1310609794978295808
1310609904202285057
1310609924729208833
1310609959030329349
1310609966852501506
1310609971177025537
1310610076198154242
1310716033087541249
1310716125437665281
1310716314277867520
1310716355109433346
1310716397853515776
1310716431705743362
1310716544004038657
1310716620462010369
1310716720978563077
1310716762195996677
1310716795683176448
1310716913643745280
1310717052273987584
1310717081831182336
1310717198848217088
1310717333015465984
1310717463458459648
1310717614201737218
1310717890837073927
1310717962479960068
1310717967076712449
1310718049608237056
1310718084412440576
1310718190926942209
1310718360284528643
1310718432187428864
1310718570549186560
1310718717303676930
1310718755790520325
1310718821653766145
1310718871981240320
1310718921482276864
1310718972623499271
1310719015082512390
1310719057289596928
1310719186403053569
1310719203331256321
1310719484961808386
1310719531099320321
1310719694433812480
1310719753279987712
1310719786934964224
1310719846007570433
1310719925535686656
1310720152531595265
1310720227047546886
1310720273029754880
1310720332320264192
1310720390763892737
1310720474368929794
1310720483319578624
1310720562277146624
1310720590685364225
1310720592249647104
1310720894390751234
1310720910324895745
1310720965333184513
1310720994982715394
1310721044878184457
1310721993055100934
1310721993499709443
1310722018195767299
1310722277609177088
1310722420794417154
1310722454159908865
1310722466692562945
1310722509013168128
1310722749267050497
1310722773191462912
1310722806682972160
1310722819446145030
1310723167682473984
1310723432015896579
1310723468934012928
1310723507244933120
1310723552665112577
1310723771515371521
1310723842617344000
1310724031327461376
1310724148281454593
1310724329596911616
1310724438049148928
1310724501689323520
1310724526267916288
1310724530344800256
1310724551328886787
1310724613781946369
1310724706819960832
1310724778165239810
1310724803452493824
1310724954934120451
1310724991298744320
1310725004426960897
1310725226993520642
1310725244059971584
1310725251739852800
1310725393914171392
1310725468090298368
1310725520448016385
1310725583630864386
1310725654363734017
1310725675679191046
1310726065334214658
1310726128882122760
1310726275175251968
1310726284121694210
1310726329650810881
1310726665367150594
1310726782258118659
1310726792068636674
1310726812239048704
1310726858271535104
1310727222618206208
1310727244407603212
1310727252204716034
1310727260450648065
1310727374451871745
1310727386145656835
1310727411282010112
1310727541301231616
1310727617058832389
1310727692677836800
1310727717571026944
1310727722038067201
1310727735111749634
1310727738790236160
1310727839864381440
1310727938984169472
1310727969854435328
1310728099110285315
1310728158614900737
1310728196640342018
1310728259449925633
1310728497669734400
1310728833738440704
1310728855846608898
1310728862825934849
1310729014496104452
1310729316137926657
1310729329186344961
1310729559676014594
1310729757076656129
1310729757403815936
1310729828249808898
1310730130004889602
1310730196727857154
1310730221339979777
1310730282488795142
1310730309877534720
1310730323022422016
1310730435782209537
1310730569945407491
1310610303009214464
1310610348303671296
1310610378154536961
1310610411318697986
1310610511923490817
1310610545825984512
1310610637844885511
1310610684292538375
1310610766891016194
1310610931362258944
1310610960772722689
1310610969673039883
1310610978023895040
1310611087222550529
1310611090787753985
1310611162376138754
1310611242009100294
1310611246253780993
1310611297155919874
1310611406019006464
1310611451074105344
1310611619509080065
1310611649104171025
1310611762589380609
1310611800061345792
1310611812782493699
1310611820525228032
1310611829203165194
1310611900393312259
1310611938196574211
1310611972195377157
1310612051572723713
1310612219529494528
1310612278014701568
1310612412546965506
1310612445921075201
1310612638523633664
1310613131413073921
1310613162799108096
1310613380852482048
1310613393766744066
1310613531822350343
1310613540315836416
1310613588973764608
1310613590848593928
1310613591175749633
1310613611967021057
1310613615087693829
1310613700454354944
1310613754707468290
1310613850618769416
1310613859103838208
1310613981019746304
1310614081498357761
1310614165795504133
1310614349866840065
1310614366467887104
1310614438303731713
1310614440467980297
1310614467143704581
1310614509313196034
1310614526258077703
1310614584768618504
1310614622609735686
1310614706470690816
1310614710841008128
1310614804361551874
1310614937039822848
1310615075397332993
1310615318616707078
1310615352905289730
1310615360945750016
1310615470026809345
1310615566072401921
1310615621126610949
1310615709152468999
1310615720779186176
1310615738382774273
1310616010773475329
1310616090767233025
1310616233268711425
1310616237597024263
1310616317309988867
1310616367452827649
1310616438865121281
1310616530699386880
1310616668545056768
1310617000973152258
1310617126579900418
1310617222872694784
1310617275561660416
1310617277738487811
1310617366284230665
1310617374609997824
1310617416188268544
1310617483309506563
1310617571834634240
1310617630110171138
1310617642399674369
1310617793717510144
1310618015986266114
1310618095741005824
1310618292197953601
1310618405981093890
1310618410057953284
1310618451787083776
1310618548314791936
1310618666074071040
1310618669760868354
1310618669731295246
1310619034719850496
1310619202764513280
1310619412253335557
1310619512316850181
1310619533640597507
1310619951099777027
1310619962537463808
1310620012198199296
1310620037422735360
1310620041411428355
1310620092301017091
1310620146290089986
1310620289462534145
1310620351836102657
1310620779990724610
1310620817919676416
1310621115333644288
1310621128012869634
1310621170191020034
1310621199693684736
1310621236758708225
1310621270891995145
1310621329612136448
1310621489163636740
1310621534545993732
1310621689903042562
1310621694512463873
1310621702578151424
1310621702896799744
1310621903892209665
1310622013137063939
1310622080271093760
1310622331732144129
1310622344260595714
1310622390267699201
1310622485180801026
1310622491656683522
1310622495456722945
1310622558413156352
1310622654743928832
1310622663119966214
1310622801037078529
1310622877394391044
1310622890107318274
1310623095678435328
1310623208358514688
1310623242202177537
1310623262947397632
1310623363426070531
1310623384636661760
1310623669606117378
1310623695329808386
1310623749054648320
1310623796127322114
1310623804478103552
1310624059906912261
1310624061492527104
1310624127326261248
1310624227750481921
1310624236424306690
1310624357446594561
1310624474958565378
1310624512967405568
1310624647109578755
1310624692961603584
1310624906934210560
1310624923820404736
1310624966224703488
1310624986818850817
1310625032859799559
1310625074207240193
1310625095350734852
1310625096038522880
1310625192297857027
1310625237692682242
1310625242310537221
1310429075333357568
1310429356494393344
1310429439818260482
1310429595058003968
1310429837790720001
1310429872586502144
1310429952064528386
1310429960339779586
1310430098017923072
1310430111133507585
1310430140455813121
1310430186278711297
1310430270269648896
1310430312208441344
1310430397029908480
1310430505997869056
1310430623090307073
1310430719349415940
1310430760969498624
1310430828166631425
1310430900396515329
1310430941190541312
1310431152147247104
1310431201874915329
1310431239334236161
1310431503638319104
1310431520872632320
1310431771973095424
1310431922934484993
1310431973350014976
1310432090584805376
1310432104061243394
1310432505426837504
1310432510996811776
1310432535592144896
1310432703896891392
1310432736465825792
1310432740727287813
1310432816044232707
1310432833152987136
1310432841180811264
1310432895929114624
1310433026015473664
1310433056021454849
1310433114552971268
1310433290717855748
1310433380035510279
1310433533941264389
1310433550022443009
1310433680637259777
1310433726845693954
1310433883243122688
1310433935659237376
1310433943624101889
1310433957561810944
1310434171362238465
1310434173077786624
1310434242975989760
1310434313779974144
1310434347070226432
1310434519254695936
1310434637378879488
1310434703988715521
1310434707604004864
1310434985598496771
1310434993462673408
1310435010629910528
1310435015113678848
1310435055903232001
1310435120055279617
1310435134957596675
1310435198320832513
1310435252922388480
1310435307435687937
1310435396405297153
1310435404915634178
1310435417385242626
1310435437622824962
1310435564253065216
1310435593013227520
1310435652043829248
1310435723401736192
1310435907187748865
1310436029082603520
1310436059101065218
1310436163581128705
1310436230367043584
1310436439885193216
1310436461540454400
1310436554188427264
1310436557342547968
1310436675156205568
1310436918119878656
1310437152681938944
1310437203969892354
1310437228607201281
1310437262828531712
1310437283338899458
1310437342197342208
1310437711069806594
1310437765394251777
1310437786478993408
1310437816338452480
1310437933548105728
1310437996295008261
1310438064196669440
1310438189715185664
1310438260678692865
1310438315162841090
1310438340211216384
1310438415993679872
1310438613461630978
1310438688271355904
1310439027779215365
1310439048742203393
1310439074264682502
1310439078727315456
1310439301050699776
1310439346789588992
1310439469045223425
1310439518609211393
1310439527882792960
1310439553027588098
1310439556437757952
1310439656459325441
1310439771257405440
1310439870792445952
1310440118868639744
1310440295901925377
1310440311919763459
1310440328906801152
1310440425799516160
1310440437132349441
1310440516853673984
1310440576278360064
1310440622126317570
1310440735708069888
1310440794243899393
1310440861696552960
1310440983268597762
1310440999185977346
1310441558039166983
1310441679481114624
1310441926118776832
1310442006057975809
1310442037682925573
1310442039696404480
1310442136358342656
1310442157086474240
1310442236992200705
1310442375769206785
1310442417309523968
1310442418282459136
1310442462905643008
1310442464336130051
1310442652790173696
1310442702568263680
1310442719538544640
1310442719672561664
1310442753017307141
1310442790103334912
1310442840523182080
1310442865785360385
1310442945229750273
1310442947112992769
1310443050414387201
1310443268379947008
1310443340685402112
1310443440908324865
1310443483333828608
1310443822053089280
1310443827589595137
1310443868945555461
1310443897609281539
1310443998373457920
1310444069903118338
1310368680996483074
1310368807391723521
1310369091950059520
1310369275908100096
1310369364634488832
1310369465410957313
1310369515574833153
1310369728813125633
1310369767761604608
1310370011148505088
1310370132854738945
1310370149518774273
1310370249737342976
1310370362929172481
1310370375604281347
1310370407321661440
1310370426015690753
1310370531594690564
1310370653518925825
1310370741058060289
1310370753771188226
1310370841264377859
1310370856686813188
1310370916887605248
1310370975192678400
1310371034193899520
1310371075826515968
1310371076094992384
1310371179782385665
1310371285617307648
1310371319679250435
1310371440869494787
1310371478987137026
1310371537535430656
1310371822475644928
1310371830838910976
1310371864531746822
1310372062855221250
1310372074192502785
1310372116219531265
1310372137111257089
1310372254514020352
1310372305026134016
1310372359552016385
1310372364023205888
1310372460185841664
1310372712246804480
1310372787475771392
1310372817028997120
1310372837446877186
1310372890131468289
1310372976446132224
1310372980514488325
1310373127067758600
1310373147980505088
1310373160680906752
1310373295120883714
1310373341476401152
1310373378893721605
1310373383268425730
1310373450389823489
1310373475517857792
1310373545466306561
1310373597333028865
1310373651699597313
1310373693743337473
1310373710717689857
1310373869757358087
1310373961654505474
1310373999843696641
1310374133486690304
1310374217737740289
1310374234741379079
1310374473657393152
1310374503353143298
1310374511339016193
1310374511372623873
1310374523548598272
1310374627953307649
1310374649533026305
1310374712346845184
1310374754361192449
1310374798887972864
1310374871755612160
1310374922078900225
1310375027779547137
1310375148512567297
1310375169140174853
1310375186470895617
1310375299755003904
1310375308579581952
1310375470240870401
1310375480411877377
1310375484136415232
1310375496727834624
1310375525295296514
1310375576147030021
1310375618459168769
1310375677615628292
1310375899427213313
1310376008487297024
1310376030415327232
1310376226507423745
1310376264637788164
1310376340185649153
1310376361136136193
1310376378538352641
1310376381835079680
1310376384729165829
1310376394719981568
1310376491490791431
1310376658696896512
1310376708923686918
1310376740657811457
1310376768092528641
1310376834987511809
1310376910480969731
1310376918622113793
1310377082594168833
1310377086608191489
1310377141381591040
1310377182703820803
1310377195433590786
1310377288089759744
1310377464259129346
1310377544185794560
1310377556697284608
1310377636082806784
1310377694903832577
1310377711488110592
1310377733806010368
1310377808066154497
1310377808116559872
1310377824960815106
1310377879184855041
1310377962945081344
1310377979847925761
1310378122454462466
1310378148677275648
1310378453993046019
1310378521253097478
1310378521580187648
1310378970295267331
1310379116718419969
1310379183709794306
1310379217645965314
1310379435246284801
1310379536207556609
1310379577714159616
1310379624598302720
1310379666121912321
1310379778982248449
1310379855788347395
1310379875769950209
1310380001586339846
1310380089909993472
1310380211888893953
1310380337717866497
1310380366696525825
1310380408358436864
1310380433750798338
1310380559345037312
1310380882440617985
1310380890539700224
1310380932768108546
1310380983582167041
1310381033142054912
1310381037416058881
1310381054696599552
1310381184292134912
1310381501981159425
1310381662329593856
1310381868420792320
1310381968652144642
1310382006644207618
1310382237045739521
1310382493019901952
1310382547940057094
1310382610502180864
1310382656547299330
1310382799568777218
1310382807584256000
1310382846348013568
1310383021674164227
1310383025520140288
1310383067652128769
1310383138741264384
1310383265182887944
1310383356882817024
1310383439884021767
1310383587779375104
1310383793384157187
1310383835637583873
1310383969553264642
1310384101036298241
1310384305332457472
1310384384541896709
1310384443325067264
1310384456029536256
1310384485431562240
1310384644655898625
1310384678319267840
1310384803976491009
1310384845651050496
1310385379061764096
1310385437941403650
1310385555381915649
1310385660231114752
1310385706100035584
1310385736621924358
1310385861268090881
1310385978889179136
1310385995905413123
1310386024468697089
1310386141833629696
1310386221403734018
1310386322184581120
1310386368548278275
1310386377092198400
1310386507052724224
1310386646005628928
1310386670307549185
1310386708056354818
1310386725332672513
1310386813396279296
1310387140770099200
1310387144159105025
1310387157081653249
1310387169555513344
1310387199121207298
1310387278942932992
1310387337407467521
1310387375810506752
1310387538721472512
1310387622540439552
1310387650604535808
1310387756598784001
1310388058827620352
1310388100644974597
1310388108937093120
1310388281549434880
1310388323115044865
1310388403129778177
1310388491063353345
1310388550312095745
1310388578984235008
1310388646223245312
1310388671351263240
1310388847289786373
1310388960737275904
1310389162370101249
1310389174885781505
1310389323317952513
1310389346810376193
1310389375755264000
1310389506042814464
1310389518801997825
1310389606131535872
1310389791285022720
1310389841193033728
1310389867180953602
1310390026522550272
1310390089395122177
1310390189559341058
1310390260795428864
1310390374398144512
1310390378244321282
1310390399429734400
1310390424628944897
1310390504211779584
1310390626521952258
1310390638551199745
1310390743597494273
1310390919540158464
1310391007788359681
1310391217583280129
1310391242203725824
1310391258913931270
1310391330527424513
1310391343047417864
1310391431232729088
1310391560941387776
1310391691048660992
1310391716579598337
1310391736989032450
1310391762733551616
1310391792173559809
1310391808258699264
1310391959740207105
1310392257531576320
1310392358303916032
1310392462628851714
1310392580094320640
1310392638688890882
1310392931937906689
1310393004017025025
1310393091636056064
1310393296523534342
1310393326751961088
1310393603538198528
1310393627160358912
1310393721251389442
1310393947412402180
1310394023132233730
1310394157677129728
1310394744430891010
1310394748952358914
1310394765771452416
1310394874970206208
1310394941986795521
1310395000656715776
1310395092419702784
1310395785129979905
1310395785436168192
1310395793329721344
1310396019813822464
1310396129394282498
1310396175057661957
1310396229579239425
1310396447473520643
1310396473134120961
1310396527513350145
1310396833215246338
1310396909081767937
1310396971908304897
1310396975708340224
1310396993244598273
1310397047414157313
1310397177689145344
1310397320383680514
1310397361647243264
1310397373995257862
1310397399697952776
1310397630061649920
1310398104080850946
1310398208657559553
1310398242769707008
1310398381374623745
1310398511008100353
1310398569929674753
1310398746203697152
1310398812956041216
1310398817439809541
1310398972784267265
1310399005965217792
1310399211956056065
1310399479896563712
1310399496568762368
1310399509537722368
1310399618606403586
1310399702240604162
1310399736311091200
1310399757064470529
1310399806892896257
1310399899113062403
1310399949683605504
1310400218442027009
1310400272888475649
1310400382187778048
1310400461556547587
1310400474365845504
1310400478035890176
1310400562425483264
1310400617127596032
1310400662983839744
1310400679484235777
1310400792487063552
1310400885508288513
1310400948192247808
1310400960523636737
1310401035891019776
1310401190874808320
1310401413583982592
1310401481363697665
1310401661530185728
1310401757810434048
1310401816501407746
1310401874714001409
1310401908281167872
1310402009007370240
1310402143720017921
1310402189790150659
1310402217980104705
1310402320056934401
1310402491239067655
1310402587661869056
1310402612861206528
1310402856927854600
1310402924183339008
1310403057944010755
1310403057809850369
1310403091485712384
1310403162902274052
1310403477026361345
1310403535842967552
1310403577635110912
1310403602981072897
1310403688477859840
1310403779800510465
1310403875858452480
1310403989201211392
1310403993110302723
1310404030997368837
1310404031244906497
1310404080997748738
1310404156352593920
1310404223809380352
1310404336875433986
1310404425329115136
1310404475547418635
1310404642983964672
1310404664471547904
1310404668049297408
1310404705965821953
1310404798135574528
1310404848538406913
1310404936992202752
1310404945334673408
1310404957837774849
1310405167896985601
1310405209529647106
1310405251233611778
1310405255306375169
1310405402589196289
1310405427767648257
1310405448294690817
1310405519505408000
1310405549444530177
1310405599494959104
1310405645472919552
1310405653924646918
1310405700355530753
1310406085522587648
1310406212589170689
1310406216007385088
1310406501052411904
1310406513773731840
1310406559474814981
1310406841344589826
1310406870167814145
1310406929194389504
1310406967098257410
1310406983766376448
1310407003219476480
1310407071431499776
1310407088997380108
1310407109524074496
1310407155556601856
1310407197604470785
1310407214688014338
1310407226541178880
1310407332317278208
1310407419621593093
1310407612979011585
1310407621317361665
1310407721657577472
1310407726044868608
1310407738174984198
1310407843854594049
1310407944308101121
1310408112134856704
1310408161266929665
1310408355513421824
1310408598393106435
1310408656945586176
1310408803670786048
1310408896448667649
1310408954766413829
1310409085406248961
1310409147851169793
1310409222941802497
1310409236422197248
1310409361810960387
1310409460561580038
1310409583836491776
1310409655663951880
1310409730800586754
1310409764506132481
1310409860824137728
1310409869091053573
1310409895972405249
1310410100264382465
1310410151086620672
1310410209412734979
1310410297149194240
1310410318133096449
1310410338865741829
1310410368553046017
1310410402648526854
1310410435192029185
1310410519766065152
1310410553429569537
1310410582386978817
1310410679195762688
1310410766571450371
1310410842681339907
1310411010457645056
1310411056578269185
1310411115424370689
1310411169371365376
1310411169522483202
1310411303853285376
1310411467242512384
1310411559320125441
1310411752870416385
1310411765075779585
1310411813478166528
1310412092655058944
1310412113211527169
1310412196854202368
1310412289405673473
1310412600207843330
1310412725215006721
1310412759687770112
1310412809147043841
1310412839195205633
1310412884946583554
1310412901577101318
1310413036105105408
1310413220864237571
1310413317396144128
1310413439014236160
1310413610473185280
1310413858155245570
1310625355741372418
1310625426771816448
1310625619957264386
1310625657626464256
1310625678488940545
1310625830179975169
1310625868381745152
1310626001584631809
1310626010468028418
1310626098137497616
1310626131280687104
1310626379558461440
1310626392472580097
1310626421107113985
1310626467718426625
1310626488354353153
1310626693758038017
1310626735671709696
1310626760917164035
1310626798753906688
1310626882820464645
1310626958649298944
1310627012340518913
1310627172634173440
1310627172839645184
1310627255660482565
1310627755092881408
1310627771790635008
1310627840677810177
1310628086837174273
1310628308556697604
1310628376126816256
1310628473459924994
1310628493257039874
1310628530967977986
1310628551943688194
1310628698966679556
1310628866185203712
1310629080304365574
1310629188945276929
1310629361117061120
1310629390569615364
1310629755985723393
1310629767914360835
1310629788961452033
1310630032528736256
1310630246773792768
1310630326301945856
1310630380601593860
1310630406279098370
1310630480610553857
1310630548998467585
1310630644771414016
1310630653327794176
1310630657744351233
1310630762413203457
1310631110284636164
1310631294779322370
1310631399834222596
1310631428892184576
1310631441064251392
1310631475499462656
1310631533808553986
1310631538095202306
1310631655590236162
1310631777191436288
1310631805528276994
1310631932695379970
1310631975355588612
1310632020708646914
1310632117118926848
1310632121426497539
1310632259108642816
1310632326959783938
1310632390105202688
1310632406244712448
1310632452486987776
1310632561534664704
1310632750328811522
1310632990222020611
1310633128080429056
1310633132568313856
1310633157058859009
1310633262021144576
1310633454959316992
1310633595787149314
1310633664980676608
1310633689630388224
1310633715194720257
1310633790591524864
1310633815510069248
1310633832576692224
1310633836930240512
1310633883235475458
1310633958057574401
1310634149703823367
1310634255945523205
1310634264799711232
1310634482429579268
1310634499718422533
1310634566537883648
1310634646183477249
1310634687396745217
1310634856414470144
1310634964753539072
1310635120093691905
1310635157855105025
1310635229002989574
1310635351115993088
1310635523384508421
1310635577180483584
1310635879162163200
1310635938289192960
1310635962788188162
1310635992525737987
1310636315508174849
1310636353399349248
1310636370696626176
1310636622287974404
1310636625882423297
1310636752067985408
1310636894649286656
1310637172190408704
1310637209331138561
1310637213047312386
1310637280386674688
1310637707991814144
1310637762291343360
1310637892352356353
1310637997910634503
1310638248872603648
1310638399842332672
1310638543094427648
1310638760598614016
1310638798691274758
1310638907332202496
1310639222102003713
1310639276401602560
1310639369267576837
1310639780523368453
1310639796822384647
1310639881014644736
1310639897540210689
1310639939848110083
1310640044496089088
1310640161693163520
1310640173990834178
1310640178310950912
1310640299987869698
1310640321311711232
1310640325153755137
1310640359513509890
1310700866232614912
1310700916652244995
1310701067575930888
1310701121606950912
1310701147238395904
1310701201172959233
1310701508346998784
1310701566710644737
1310701785057759233
1310701809372143619
1310701906331746306
1310701935335538689
1310701939315924992
1310702019016110082
1310702112301514752
1310702132300066817
1310702301150150656
1310702607346946048
1310702703572447232
1310702774259253248
1310702905037664256
1310702996947427333
1310703131144204291
1310703202891788288
1310703332135251969
1310703516772638727
1310703520782462978
1310703529825382404
1310703596124680194
1310703622049525761
1310703647077076992
1310703718426226688
1310703898580209665
1310703953215135745
1310704263161671680
1310704271999021058
1310704431239802880
1310704749294096386
1310704779266535424
1310704837852569605
1310704947198033923
1310704968408748047
1310705115196686337
1310705149145309184
1310705215767805957
1310705253478813698
1310705296021565443
1310705332528779272
1310705471750365185
1310705517946236928
1310705529996685312
1310705596992229378
1310705688956538880
1310705848650530816
1310705937527828485
1310705941155909635
1310705970645995527
1310705978745196544
1310705982964731906
1310706092092121088
1310706218114207744
1310706306412576768
1310706369306095616
1310706427560853511
1310706516069097474
1310706691890122752
1310706868206153729
1310706876292706307
1310706940427862017
1310707153850826752
1310707463251992576
1310707464124407810
1310707480641462272
1310707581564796928
1310707614490259458
1310707766147907588
1310707770052681730
1310707883236118528
1310707899912663045
1310708017642364929
1310708055118680065
1310708078258552833
1310708164053041158
1310708214011490311
1310708219132682245
1310708458057015296
1310708546472796160
1310708562419757056
1310708709283303428
1310709053014720512
1310709078403022849
1310709292484276224
1310709339066380289
1310709430585978881
1310709602518958082
1310709624014856196
1310709670311530500
1310709678842810370
1310709742042374144
1310709755954962432
1310709845792878592
1310709883956723712
1310709888302157824
1310709912989827072
1310709997370777600
1310710026076672006
1310710177922859008
1310710416369217536
1310710462628192257
1310710533587337217
1310710597538009089
1310710726751850496
1310710743613005827
1310710764710363136
1310710769227620352
1310710802597511168
1310710864949833728
1310710911515201536
1310710924764835840
1310710986744176640
1310711259415932934
1310711293150666758
1310711343117414401
1310711456493703168
1310711678791610368
1310711724685787137
1310711762778554368
1310711821007900672
1310711821641293824
1310711897457528832
1310711897138716673
1310712065783406594
1310712152953585664
1310712160750899202
1310712417412882433
1310712428007751682
1310712492839051264
1310712635655180291
1310712723391557634
1310712911640363012
1310712957710536704
1310712958637551617
1310712995832631296
1310713134110380034
1310713163428646914
1310713167891386373
1310713243267207168
1310713391183532034
1310713411135844352
1310713554149036035
1310713558016032769
1310713583051837441
1310713626047717377
1310713910400487426
1310714221282250752
1310714254140604416
1310714288403873793
1310714477415985153
1310714481253609473
1310714657393586178
1310714866286485504
1310715084835037186
1310715361587855360
1310715390868303872
1310715394701684736
1310715424573718528
1310715433452888064
1310715500167561221
1310715534107914243
1310715638822789120
1310715659274334209
1310715684351954946
1310715689439764480
1310715748260642818
1310715810848014338
1310640447275126784
1310640606423601152
1310640795393892352
1310640803291815943
1310640807926349825
1310640908564656129
1310640975262314496
1310641092610711554
1310641114240684034
1310641201511628800
1310641265327964161
1310641277982117893
1310641319153344512
1310641340967985152
1310641499650965505
1310641554227429378
1310641563102453760
1310641592647049217
1310641772473712641
1310641789448130561
1310642062014861313
1310642183196770305
1310642208651968515
1310642217648828418
1310642221411000320
1310642234136633346
1310642384879980544
1310642489297166339
1310642564937154562
1310642589918396417
1310642795972091904
1310642850024087554
1310643089669849088
1310643198318931968
1310643211602456577
1310643336613593094
1310643340942012416
1310643442607947777
1310643508638871552
1310643752256512000
1310643810913996800
1310643961665482752
1310644153554857984
1310644167832465409
1310644561543417857
1310644591268257792
1310644662135185408
1310644762769149952
1310644770977456128
1310644933238296576
1310645035281473536
1310645110778994691
1310645400479690752
1310645412722806784
1310645631518728206
1310645652192456705
1310645816055549953
1310645845000417281
1310645887450767360
1310645933210730500
1310646176065044480
1310646206335336449
1310646239831166979
1310646537190387712
1310646541275877379
1310646663258599424
1310646742501789698
1310646835472510979
1310646860001009666
1310646911054024705
1310646940120514561
1310647045028556802
1310647061629591552
1310647165925175303
1310647199806697478
1310647204395257856
1310647326332145664
1310647342140477440
1310647606977101824
1310647703362318342
1310647803933155328
1310648067947991041
1310648155881508865
1310648374341885952
1310648479270744066
1310648588230422528
1310648625823842304
1310648848201576453
1310648852857286656
1310648919915819009
1310648973967777792
1310648986802335745
1310649204872806401
1310649272413503489
1310649439862878209
1310649489695354880
1310649607291121664
1310649619823632386
1310649662034960389
1310649825818533890
1310649913903058944
1310650010065948672
1310650018408341505
1310650131943809025
1310650178118905856
1310650286738989060
1310650475994374146
1310650647625129984
1310650672665300992
1310650747957067776
1310650768941150208
1310651138686029829
1310651213776642050
1310651343535845378
1310651347847598087
1310651415237464064
1310651629104959491
1310651750479613954
1310651838404886530
1310651872366260225
1310652262197399552
1310652287455379456
1310652484868866050
1310652707036753921
1310652719904878592
1310652749240061957
1310652792982376452
1310652803522662400
1310652996544614400
1310653257124114433
1310653302980263937
1310653415857377280
1310653428138307584
1310653619088232448
1310653655335362560
1310653729943834625
1310653822369501192
1310653889696296962
1310653982432403456
1310653990502379520
1310654091513737217
1310654111658909697
1310654175685103618
1310654355582758912
1310654384854843392
1310654519387201536
1310654548852105217
1310654560483016705
1310654624395743232
1310654808009977858
1310654838175391744
1310655089334509570
1310655190220054534
1310655312060317697
1310655319912054784
1310413934139265024
1310414050820386817
1310414101592641536
1310414189492490240
1310414398922596352
1310414411593478144
1310414412071809025
1310414504203825152
1310414525305413633
1310414860291731457
1310414940117889025
1310414957167677445
1310414974150471680
1310414999379206144
1310415339117780993
1310415464611209216
1310415548816138240
1310415560937676801
1310415577723346944
1310415694790623234
1310415905289981957
1310415909543124992
1310415951456862208
1310416047627857920
1310416147875987456
1310416169006804992
1310416299013570560
1310416350121132032
1310416365967343616
1310416387379265536
1310416412561805312
1310416450453229568
1310416550344744965
1310416676870131712
1310416806872526848
1310416853207052289
1310416916083744768
1310417179897139200
1310417297371287552
1310417326681055236
1310417327083708416
1310417364748386304
1310417410957115394
1310417759218601986
1310417985522348034
1310418031684718592
1310418065029390338
1310418224668979200
1310418253915668481
1310418447109632000
1310418454818762753
1310418480655724544
1310418543209373698
1310418576797560835
1310418602261196806
1310418694846271489
1310418807610134528
1310418953919803392
1310419138708373505
1310419146891554816
1310419331520565251
1310419365494493184
1310419377812992000
1310419478128205825
1310419641865568256
1310419642075303943
1310419646336700423
1310419814746402816
1310419872711684097
1310419935978500096
1310420086407204864
1310420577040166912
1310420581590822913
1310420741565878272
1310420745068179456
1310420765855158274
1310420837598547968
1310420938337341440
1310420963109089280
1310421085029101570
1310421185381961729
1310421496045735941
1310421584239144961
1310421630305345538
1310421664560152576
1310421974225620993
1310422012314095616
1310422062381649923
1310422108363616257
1310422209983209472
1310422251376910336
1310422523226460160
1310422708585246720
1310422716495720449
1310422741166837762
1310422767402135553
1310422901007376384
1310422901468868610
1310423018603081730
1310423073242468353
1310423257976315904
1310423265819713539
1310423358136147970
1310423479393685505
1310423509286490119
1310423588982456320
1310423715239391235
1310423731215519746
1310423769928945664
1310423869648445442
1310423932978311169
1310424042046881792
1310424092323971072
1310424125823946753
1310424369433325569
1310424680252215297
1310424708689670144
1310424730063822848
1310424947672535041
1310425056552640512
1310425170356641792
1310425266813128708
1310425346076942337
1310425472854036480
1310425489501229057
1310425711291674624
1310425832775536643
1310426311026860033
1310426361123745793
1310426395844042753
1310426402714300421
1310426595740528641
1310426596134666240
1310426634151886849
1310426667610001408
1310426743010930688
1310426823113797634
1310426881989193733
1310426936188039174
1310426944094138369
1310426957507629057
1310426961148289024
1310427002625646593
1310427208607956993
1310427238643445760
1310427247136788481
1310427372475355136
1310427506168737792
1310427728462700544
1310427741087559681
1310427745235632128
1310427842178670593
1310428060055777280
1310428073473593345
1310428265555791873
1310428378848210945
1310428438155599872
1310428844537581568
1310655681071124481
1310655730857451521
1310655781071708171
1310655856409743361
1310655890924679172
1310656020134404098
1310656167333507075
1310656452458143751
1310656473396121608
1310656573740666880
1310656657794375680
1310656737217843202
1310657687210917889
1310657693896642560
1310657790185271298
1310657798917816322
1310657878349557761
1310657958766948352
1310658058582986759
1310658130582343682
1310658176220573697
1310658281610895361
1310658780535742464
1310658868687433728
1310658880637108226
1310659044214845441
1310659107968483328
1310659271898656775
1310659339015852032
1310659497216548864
1310659636786331648
1310659721939083264
1310659913392312320
1310660004953968640
1310660032611184648
1310660072058560515
1310660117604433921
1310660122792865793
1310660152182411265
1310660160088608768
1310660219559727104
1310660269488705537
1310660462435094530
1310660625857744896
1310660692983181312
1310660924043214848
1310660931840389120
1310660986672566272
1310661004011827200
1310661087671595008
1310661204197740549
1310661229845909506
1310661237907234816
1310661309902524417
1310661494389047297
1310661540559958016
1310661774832799744
1310661833662095361
1310661863764496384
1310661988746440705
1310662014776127489
1310662031352229895
1310662094308605952
1310662153183981568
1310662400148987909
1310662421623734277
1310662509217673224
1310662635449282561
1310662647831035904
1310662701660561408
1310662811782127623
1310662919768756226
1310663221787860992
1310663264695656449
1310663276276133888
1310663393989324801
1310663461207121920
1310663537174499333
1310663557319667713
1310663566152826888
1310663846542139392
1310663847154454528
1310664006118461441
1310664027530506244
1310664051857518601
1310664505764925442
1310664647809302530
1310664744056090624
1310664815678029828
1310664861764837377
1310664895663407106
1310664954576384001
1310664967004262400
1310665025821061129
1310665038164905985
1310665088756482048
1310665122650546177
1310665143211220994
1310665172575379456
1310665222466699265
1310665314938490880
1310665339991195654
1310665436883714048
1310665479242084355
1310665579813109761
1310665591741538304
1310665717616971781
1310665729969135616
1310665730468139008
1310665761854287878
1310665780590116864
1310665797509869568
1310665801607897089
1310665810344542208
1310665851515928576
1310665956604117002
1310666032558686208
1310666258560376836
1310666355503292417
1310666426156425216
1310666519576182784
1310666698740043776
1310666766872244224
1310667089917677568
1310667097723211777
1310667185379917824
1310667261708042240
1310667265784918017
1310667379408424961
1310667395577581568
1310667428918165506
1310667487374008320
1310667542395060224
1310667568018059266
1310667735303684096
1310667743675392000
1310667899124752384
1310667948734865408
1310667949447892994
1310668062262284295
1310668125105397760
1310668213659799553
1310668242726256641
1310668271797104648
1310668309394792451
1310668318194491393
1310668364923187205
1310668397793873920
1310668578358734848
1310668632914038784
1310668636764463106
1310668651310190599
1310668695459557376
1310668754867556353
1310668771758157825
1310668843044536326
1310668922123886592
1310668930264915968
1310668930965540866
1310668947776245762
1310669009940029440
1310669153649524736
1310669190894886919
1310669258498535424
1310669287175192578
1310669307672756224
1310669324819083264
1310669375754600448
1310669520269266945
1310669702105104384
1310669711340957696
1310669845160173568
1310669916534640640
1310670159330201600
1310670285209841664
1310670293761916928
1310670406647513089
1310670427962978308
1310670457809637376
1310670507419865090
1310444112026324993
1310444212949843969
1310444229303263232
1310444325743067141
1310444360639471617
1310444459474202626
1310444461101658112
1310444494341332993
1310444502671216640
1310444614914981889
1310445106650951680
1310445207134011392
1310445261454368768
1310445567609192449
1310445576413036545
1310445617605275648
1310445667794391047
1310445698249371648
1310445822388113410
1310445852356300800
1310445919779905537
1310445999890944000
1310446004303327232
1310446024721399808
1310446117671370752
1310446256091668480
1310446289402736640
1310446322403610624
1310446494294724615
1310446549168787462
1310447009552199680
1310447186732343296
1310447325521862656
1310447329153966080
1310447329317707777
1310447337433595904
1310447446443651073
1310447556976087040
1310447743542861830
1310447781304324096
1310447789999116289
1310447908311924737
1310448079083102210
1310448100805431296
1310448101371637760
1310448151434649601
1310448294980509696
1310448314714783744
1310448352862048257
1310448939695575040
1310449040958599168
1310449110890078209
1310449170537308160
1310449204477779969
1310449246206918657
1310449266217881603
1310449315639447553
1310449346500988929
1310449607072198656
1310449622985461761
1310449695542652929
1310449884005195776
1310449941760925696
1310449980407263232
1310449984505085953
1310450033725243392
1310450038657617921
1310450072417521664
1310450076242698240
1310450088230100992
1310450106383171591
1310450155494297608
1310450180605394944
1310450227887906816
1310450361824677888
1310450638149611520
1310450684802682880
1310450693669412864
1310450841145364481
1310450995416227842
1310451053532516353
1310451141533036544
1310451250975174656
1310451263025315841
1310451352003375105
1310451635844460544
1310451887070760962
1310451888014278657
1310451946311094272
1310452186158174210
1310452190717374466
1310452290638065664
1310452327992758272
1310452454836842497
1310452685037076480
1310452722210992128
1310452857779507201
1310453217604575232
1310453247187054592
1310453356100546568
1310453369744441345
1310453608391999488
1310453737627037696
1310453742454468608
1310453758539821057
1310453809970249736
1310453825463963648
1310454069341777920
1310454098978693120
1310454102808125441
1310454250619584513
1310454299835604992
1310454454483734528
1310454595064193024
1310454614001500162
1310454756595372032
1310454773389299714
1310454820608778240
1310454895556714496
1310454917186846725
1310455004948463616
1310455151434502145
1310455176470368257
1310455177397374978
1310455244183101441
1310455381420847105
1310455394884448256
1310455431718895618
1310455465826951168
1310455755812687872
1310455848129327104
1310455995588640768
1310456186760691712
1310456297037246464
1310456323205627904
1310456489098706944
1310456608607162374
1310456729851826177
1310456742178729985
1310457063848386560
1310457067971342337
1310457127966658560
1310457148569255936
1310457215531315200
1310457236251127808
1310457433052065794
1310457466220470272
1310457600845078528
1310457727114719232
1310457807112515584
1310458026239746049
1310458069923631105
1310458084129673217
1310458184503562240
1310458296541700096
1310458359884124160
1310458489626558464
1310458558413041664
1310458565811933184
1310458594513416192
1310458691754356736
1310458884960563204
1310459055618560006
1310459095800074241
1310685707661271041
1310685724325285889
1310685820773335042
1310685837659693058
1310685838360088577
1310685909248024584
1310685926440525825
1310686014256697346
1310686354360037376
1310686459171467265
1310686542898368512
1310686546526433280
1310686555007152129
1310686647848239114
1310686982620819456
1310687028682555394
1310687088178724864
1310687242982240256
1310687326926929923
1310687343330828288
1310687410200682497
1310687435861512192
1310687670440464387
1310687721489346562
1310687733359271936
1310687893254557698
1310687914381185032
1310687956261376001
1310687956169093121
1310687968986832902
1310688002574880768
1310688014667046912
1310688161303986176
1310688174503530496
1310688186478342145
1310688203976790016
1310688211874742272
1310688287305142272
1310688497087414272
1310688513508233218
1310688766038687744
1310688786381144065
1310688852714106882
1310688899778347008
1310688958477725697
1310688962357288960
1310689004006846465
1310689096528834562
1310689192977072132
1310689202422517761
1310689260375281665
1310689264984666112
1310689327429623809
1310689495403106304
1310689503527473153
1310689730363666432
1310689814115684352
1310689994428878851
1310690066264666113
1310690166953201665
1310690208120107008
1310690304358580226
1310690375938514945
1310690430795816967
1310690447296090113
1310690531392008193
1310690635926720519
1310690663525216261
1310690993138794499
1310691337021210624
1310691366209495043
1310691433033105413
1310691471620702208
1310692058122850306
1310692109075316743
1310692166667247619
1310692200494235649
1310692285005336579
1310692285026390016
1310692338914787328
1310692360519643141
1310692380560027648
1310692813013757955
1310693090211041280
1310693178324873216
1310693207311777792
1310693219810906113
1310693270062653440
1310693299796152320
1310693366485581824
1310693395589988352
1310693639090130944
1310693664038039552
1310693810595393536
1310693849099051010
1310693861451272198
1310693936915251204
1310694041835708427
1310694088014872577
1310694096424574976
1310694213806297088
1310694315128025088
1310694536771964930
1310694616140861445
1310694624608960512
1310694662475194369
1310694876741283844
1310694888824958977
1310694964691640321
1310694989765148672
1310695031645392898
1310695103154061312
1310695112175951872
1310695199132266497
1310695224939819014
1310695254207721472
1310695304543469569
1310695384579297282
1310695499981152257
1310695870262804480
1310695908770746381
1310696009756966914
1310696097430597633
1310696294416027650
1310696298446835716
1310696302188077057
1310696365953933312
1310696369204666371
1310696468790079488
1310696713871478786
1310696860168916998
1310696927797874688
1310696983024332801
1310697141476749313
1310697254357889024
1310697297383165953
1310697435493216266
1310697493919870977
1310697514350370821
1310697518804561920
1310697703333072897
1310697955339300865
1310698039229771777
1310698043054981120
1310698081059569664
1310698110130192387
1310698169173508098
1310698521104793600
1310698546702630912
1310698651849822209
1310698697831976961
1310698903520636928
1310698912852971520
1310699045992755206
1310699071540207616
1310699104943714304
1310699150162485248
1310699503096410112
1310699507596685312
1310699583261954048
1310699603809964033
1310699624538279936
1310699787784785921
1310699821896876032
1310699838791581696
1310699843048923137
1310700035127021568
1310700064491307009
1310700241310683139
1310700299854721025
1310700421489586176
1310700610128211968
1310700769205653507
1310564920388448256
1310564949735870465
1310565025128435712
1310565083928580096
1310565142933970952
1310565230645256193
1310565305580740609
1310565513832075265
1310565549659676672
1310565637580877826
1310565708560887808
1310565930825646082
1310565952661188609
1310566032046776320
1310566048903712770
1310566246333771778
1310566337358381058
1310566405411164161
1310566434473422855
1310566464370487296
1310566560994557955
1310566602383986695
1310566690648858624
1310566748853350404
1310566841442471936
1310566933889196033
1310567068044005379
1310567163728670720
1310567164164878337
1310567227482157058
1310567273602707456
1310567303189270534
1310567382621052928
1310567415328190464
1310567462358843392
1310567759676350464
1310567805813743618
1310567911254306818
1310567927880577024
1310567965352366081
1310567981282283520
1310568002736201728
1310568027994370049
1310568095505883140
1310568150069637121
1310568485697847301
1310568527556993024
1310568564667998210
1310568578035273733
1310568635937685506
1310568665335562242
1310568674495954945
1310568758646317064
1310569005460205569
1310569030269321216
1310569064364875776
1310569311736659970
1310569680319508485
1310569865900511232
1310569873781731328
1310570117470846976
1310570126031368192
1310570255278899200
1310570481901342721
1310570511555067904
1310570675346833409
1310570728933261312
1310570796104982529
1310570830443810816
1310570833878937603
1310570968012775425
1310571098262482950
1310571337111556097
1310571375300665345
1310571433656025088
1310571464098230280
1310571534801612800
1310571735981453313
1310571744814563330
1310571753236652032
1310571933717737473
1310572130669670400
1310572160092483585
1310572231089696768
1310572281303691270
1310572281337393153
1310572300236984320
1310572394248122368
1310572440154759168
1310572448992186368
1310572726176952320
1310572922986205184
1310572937108480002
1310572952790937600
1310573187378360321
1310573258757021696
1310573280055627777
1310573477209010177
1310573493633900544
1310573610654982145
1310573979908833280
1310574076386254856
1310574236034097153
1310574290492817409
1310574739786797062
1310574743309950979
1310574898947948544
1310575041252388864
1310575065809981442
1310575272421470222
1310575284513460225
1310575347067482112
1310575607806394370
1310575660990160897
1310575685862395907
1310575766988619777
1310575867270238208
1310575897062395910
1310575996928774145
1310576022908272641
1310576114277003264
1310576199207280642
1310576244639948800
1310576282455945216
1310576408477999109
1310576558910955520
1310576558772563969
1310576605555757056
1310576643329720327
1310576693170638848
1310576790906249216
1310576845184790538
1310576861869756418
1310577007718092800
1310577012160049159
1310577033722966017
1310577104573136898
1310577112517017604
1310577138618171397
1310577175851151360
1310577226077921280
1310577314439270401
1310577327168983041
1310577433901498368
1310577545134436354
1310577570715328512
1310577649341792259
1310577847195574273
1310577922151981056
1310577973154574336
1310578052771045376
1310578148640202752
1310578211315744770
1310578325354696706
1310578454996320256
1310578472633413633
1310578505076420608
1310578556100108288
1310578593462968320
1310578715387191296
1310578715798142977
1310578912653701120
1310578925425364994
1310579147408801792
1310579163628269568
1310579344855764993
1310579369862103046
1310579763682172929
1310579940144943106
1310579944003600384
1310579990560415744
1310670776320888837
1310670826673500160
1310670930767683584
1310671086116274179
1310671125043609600
1310671141472800769
1310671249891303425
1310671430368010240
1310671593643937793
1310671631170371586
1310671835051196416
1310671853753634817
1310671931264229376
1310672017671290882
1310672042375761920
1310672055432552456
1310672176530575360
1310672248165068800
1310672319153569793
1310672374468087810
1310672399545688065
1310672554798055424
1310672587794591745
1310672717796921344
1310672756317589506
1310672785639866373
1310672793663606784
1310672942326571011
1310673003508838406
1310673116993994753
1310673271524859905
1310673296875192326
1310673351988436994
1310673623687008263
1310673842239688704
1310673938360532992
1310673976629309441
1310674265516068864
1310674492423897090
1310674522065043457
1310674768904019974
1310674932968255488
1310674956397805571
1310675280202100736
1310675444363124738
1310675729630326784
1310675880788856832
1310675918478880769
1310675927018373120
1310675993649123328
1310676044207325184
1310676098708111362
1310676123907428366
1310676312399450115
1310676341549871105
1310676451713257476
1310676463172169732
1310676485087391761
1310676555798994945
1310676593811963904
1310676907818713091
1310676988231704576
1310677046180413440
1310677381808619522
1310677491095404545
1310677516047220742
1310677671903473665
1310677915156312067
1310678049252237312
1310678187035242500
1310678217326555137
1310678279637159936
1310678359509291008
1310678669816246272
1310678699398885381
1310678770601390080
1310678816201871360
1310678817166426112
1310679004979105792
1310679076865110016
1310679089611595776
1310679139045847041
1310679147807756289
1310679173581602816
1310679370265243651
1310679412489236481
1310679576138444800
1310679722691624965
1310679743134490624
1310679785358721025
1310680066020585473
1310680145607315456
1310680179820429312
1310680221423603712
1310680356144795649
1310680717073043456
1310680733434945536
1310680741655777281
1310680829631303687
1310680926477840391
1310681128089645067
1310681139628171265
1310681165880348676
1310681219982528513
1310681315977691137
1310681395686244353
1310681593284096002
1310681710946709504
1310681769851535361
1310681838747299842
1310681873887252480
1310682004334157825
1310682029181333504
1310682096680173570
1310682151067688961
1310682155824148485
1310682176539615235
1310682516030808065
1310682528982982659
1310682570124738560
1310682575212392448
1310682637963583489
1310682742917652480
1310683044072701952
1310683098774814720
1310683120442773505
1310683141468717058
1310683207302606849
1310683249279000576
1310683301003264000
1310683434956673024
1310683485011677189
1310683534789693441
1310683647553482760
1310683690310275074
1310683992656547842
1310684365882642435
1310684541795938305
1310684613237518338
1310684688890109958
1310684717734387712
1310684747115495426
1310684789134032898
1310684906259918848
1310684986757058560
1310685032676167680
1310685246006984704
1310685250914222082
1310685275459399682
1310685325883256835
1310685536047247361
1310685561443713027
1310550051731779588
1310550084971573252
1310550143842660353
1310550227263410178
1310550294879711237
1310550479357739008
1310550743653515264
1310550765187092482
1310551363969937408
1310551385553817601
1310551477761593344
1310551847640293378
1310551868662255616
1310552028020641792
1310552044340641793
1310552337212223491
1310552366496743426
1310552426257231877
1310552597263200256
1310552903950544903
1310553009441701894
1310553159627149312
1310553608627400706
1310553712948064258
1310553750931730433
1310553751162322944
1310553859295793152
1310554137403195392
1310554217132601344
1310554292236038145
1310554346539618306
1310554367062409216
1310554430513836032
1310554748983148544
1310554782197846017
1310554849453506561
1310555013811494912
1310555215477735425
1310555260377853963
1310555550191620097
1310555709436645376
1310555768647823361
1310556003822338049
1310556007492472833
1310556024307412992
1310556158088839168
1310556350968102912
1310556355879673857
1310556514579623936
1310556782951948292
1310556897372770305
1310556917891178497
1310556946710183937
1310556988967989249
1310557039542763520
1310557274461687811
1310557743431004160
1310557765782433792
1310557866286342146
1310557932883447808
1310558020540170240
1310558133425770496
1310558314413977602
1310558348014751744
1310558465857855490
1310558661996154881
1310558742044446731
1310558956570529793
1310559011369082881
1310559022810972167
1310559098820329473
1310559165811691521
1310559215900008448
1310559278550351873
1310559295465951235
1310559395529609216
1310559409454579712
1310559430434488325
1310559542955175936
1310559547350806528
1310559623565451265
1310559728318189574
1310559778628874240
1310559979259142146
1310560139271745536
1310560189112823809
1310560390380687360
1310560427764404224
1310560461918674944
1310560554042494977
1310560558824017920
1310560667133521921
1310560793398841344
1310561073624309761
1310561162216509441
1310561199742947328
1310561405372829702
1310561410405953536
1310561418534682624
1310561495869198336
1310561581768597505
1310561678828777479
1310561786769399808
1310562043423076353
1310562059222827013
1310562144245563392
1310562172863483904
1310562190341140482
1310562214559068160
1310562278446489600
1310562282649219072
1310562437096181762
1310562516729200640
1310562597008289792
1310562835718705155
1310562873870036993
1310562927842226177
1310563141441458176
1310563494341742592
1310563536184266752
1310563673644191751
1310563691264344066
1310563728614739968
1310563804187635713
1310563817567461377
1310563842494205952
1310563863545499649
1310564027219824641
1310564119246970889
1310564127409156096
1310564165719928832
1310564236733616128
1310564312243679233
1310564391675465728
1310564404589735937
1310564571938250756
1310564601675870209
1310564832475832320
1310534864668688384
1310534970029608961
1310535071095554048
1310535309038297093
1310535312846725120
1310535421332516865
1310535581290688514
1310535635548221441
1310535644180033538
1310535842620997632
1310535888347303936
1310535945138118659
1310536056404611074
1310536121928110080
1310536353583632384
1310536415415951360
1310536449129881601
1310536554813829121
1310536566499139584
1310536579203694600
1310536626687410176
1310536910373298176
1310537241996005377
1310537276385042432
1310537322165932032
1310537478223417345
1310537683136057344
1310537980612939777
1310538039869882368
1310538214864642053
1310538497191825408
1310538580599734277
1310538589499994112
1310538609544617984
1310538723679928320
1310538840407519232
1310538845671305217
1310539122235318273
1310539335666552832
1310539397885030401
1310539520962564096
1310539554022141952
1310539583348707328
1310539629343444995
1310539750667935744
1310539863113043968
1310539960659869696
1310540005740167168
1310540035855388673
1310540152813621249
1310540480195821568
1310540761579114497
1310540815136063489
1310540974624395266
1310540975467630592
1310541055171977216
1310541403387293696
1310541470328401921
1310541621415600128
1310541754697953282
1310541876420902912
1310541885103058945
1310541923581657088
1310542117132013573
1310542170894589952
1310542174069624837
1310542285579464705
1310542331167141888
1310542472506998784
1310542522351984640
1310542556019724288
1310542570255257600
1310542593755934720
1310542662466969600
1310542678975746048
1310542698412158976
1310543181172346882
1310543231378247681
1310543341935882241
1310543516276338688
1310543567136452608
1310543697348624384
1310543818777821184
1310543873442283522
1310544141366026240
1310544267551617026
1310544335906185216
1310544506564104192
1310544779781066752
1310544813230641152
1310545002460835841
1310545022924750848
1310545060698742784
1310545076578324480
1310545253452181504
1310545261182291970
1310545554959605761
1310545722765434882
1310545802952085505
1310545936553250823
1310545939485130754
1310546125825257473
1310546184243736581
1310546273213313024
1310546335096025088
1310546583868583936
1310546594664796160
1310546684263321600
1310546708372361219
1310546800655380486
1310547007019286529
1310547082122465281
1310547133230125056
1310547258270789632
1310547597623517185
1310547652271112192
1310547660508667904
1310547672990912513
1310547677042692096
1310547736102490113
1310547837629935617
1310547862686662662
1310547937659957250
1310548151896596480
1310548159928688641
1310548162239778823
1310548243349209089
1310548352891838464
1310548357127995393
1310548378036690944
1310548420923469830
1310548436970876934
1310548471015976961
1310548474333597697
1310548617216827393
1310548625374679040
1310548676637491202
1310548793876766727
1310549539267338241
1310549698734968832
1310459250506829825
1310459311840096256
1310459403833946113
1310459513615642624
1310459534117347329
1310459778922164224
1310460008673533952
1310460100646252545
1310460202882396163
1310460217637830658
1310460298671910912
1310460418855444480
1310460465366040576
1310460521007570946
1310460680491892737
1310460713136259072
1310460814541959168
1310460886084132869
1310460957756456960
1310460985782579200
1310460988504801283
1310461010688405506
1310461039989764101
1310461295574085633
1310461460124966918
1310461581197824002
1310461601837846529
1310461624923361280
1310461660885180416
1310461707278458881
1310461757652115457
1310462026402201600
1310462318833070080
1310462520646393856
1310462664171294722
1310462832119406592
1310462834728292354
1310462895369547779
1310463004098457601
1310463019584020480
1310463028211658752
1310463083798818816
1310463116833034242
1310463166195945472
1310463221279723525
1310463289365794816
1310463289571389440
1310463342461546497
1310463356344573952
1310463452096401408
1310463481821437953
1310463783429701632
1310463909929902082
1310463935804366853
1310463939600359429
1310464204210659332
1310464248384950272
1310464403607756801
1310464462659506176
1310464580607528960
1310464861512577024
1310464885831143424
1310464936624099330
1310465038164074499
1310465099853893635
1310465332147032064
1310465583620657153
1310465670258319361
1310465676117643264
1310465676704915456
1310465696279801862
1310466086194868226
1310466094432485382
1310466128246796288
1310466261348876289
1310466293024329728
1310466307830116354
1310466362435940362
1310466501820981248
1310466640610435072
1310466790879883264
1310466830415265797
1310466883947200512
1310466888321826821
1310467017867243525
1310467043548753920
1310467097584173056
1310467153569738752
1310467286214508544
1310467310977798144
1310467400379305985
1310467400886747136
1310467607858835458
1310467702465519616
1310467731326562310
1310467751295811584
1310467914613448704
1310467932527513606
1310468049447813120
1310468094809255936
1310468372992204800
1310468480651726848
1310468506278912002
1310468587732316160
1310468716031864833
1310468822894166022
1310468901981974528
1310468964338642944
1310469049978159105
1310469123512696833
1310469164121767936
1310469191875649537
1310469366610231297
1310469496386318336
1310469568901443584
1310469696945176576
1310469698748706816
1310470167982415873
1310470188576374784
1310470259015647239
1310470277353144320
1310470297095733251
1310470797132267521
1310470888731693057
1310471013927354368
1310471223525232641
1310471312897445888
1310471351069704192
1310471454677327873
1310471753853030401
1310471811792957440
1310471858341380100
1310471929846005762
1310471947294179329
1310472163707826176
1310472197014564864
1310472343479873537
1310472448710709248
1310472460266098689
1310472537223172096
1310472722351362048
1310472727753617408
1310473039566442496
1310473153739546626
1310473195401678850
1310473361022226432
1310473364142583808
1310473372724330496
1310473406584778752
1310473410607276032
1310473426109251586
1310473455125422085
1310473830113173504
1310473907737042944
1310473930919030786
1310474006110273536
1310474019284500481
1310474164642275328
1310519619925540864
1310519731036868608
1310519802738421761
1310519984376827904
1310520008804622340
1310520047417270272
1310520125137641473
1310520323322851333
1310520335486324736
1310520557490909186
1310520595197710336
1310520613484867584
1310520689682767872
1310520714525585409
1310520714831818752
1310520833098633216
1310521073268666368
1310521154545868801
1310521221105111040
1310521226243321857
1310521636651761665
1310521702737117185
1310521792998580224
1310521845712592896
1310521982992166912
1310522143004921856
1310522218221363201
1310522357812006914
1310522434815250434
1310522574430965760
1310522607700189185
1310522626029301760
1310522838781177858
1310522965704888320
1310523100081975297
1310523358484795392
1310523386381074433
1310523450725789697
1310523477238128642
1310523501271416833
1310523541561905152
1310523546263785474
1310523566018961409
1310523766255091712
1310523809192173568
1310523846332743681
1310523943867080705
1310524082098769925
1310524163984154626
1310524303541178369
1310524357010128897
1310524504385429504
1310524584345718785
1310524656378576898
1310524782182641664
1310524867318554625
1310524887627374592
1310524912080224257
1310525070939500546
1310525147363921920
1310525264913412096
1310525267975307264
1310525408043991041
1310525444534546436
1310525460556787712
1310525514675879937
1310525581721657344
1310525719945064450
1310525888119750656
1310526001093341184
1310526007263326209
1310526043619426304
1310526292043890688
1310526380682215426
1310526422461579264
1310526535552708610
1310526564522696704
1310526626053140482
1310526653827870725
1310526689399709697
1310527021689311238
1310527034897113093
1310527207220097024
1310527210583883776
1310527334739566592
1310527624213606400
1310527750705491968
1310527797916512256
1310527846616453120
1310527881265721346
1310527901339656192
1310528087768133632
1310528111516069889
1310528141350309888
1310528171603890178
1310528196111024128
1310528212808552449
1310528492547772416
1310528559757352960
1310528729492393984
1310528766398038016
1310528850472951812
1310528934128345089
1310528938834358272
1310528946648363009
1310529114433089536
1310529291239579649
1310529320490852354
1310529403026276352
1310529417127616512
1310529474040135680
1310529516620730375
1310529764814446593
1310530037054046208
1310530245548597249
1310530431729635329
1310530507533365249
1310530528362278912
1310530557718269952
1310530657681125376
1310530673820667905
1310530766795874305
1310530800203509763
1310530824325005314
1310531149135929345
1310531161354100736
1310531286025539584
1310531294284087299
1310531446860382211
1310531518553616384
1310531782585004032
1310531860452311047
1310531965339070466
1310531990911946754
1310532007764439041
1310532045085511681
1310532070779822080
1310532116657197056
1310532166573600770
1310532243442540545
1310532273759019009
1310532292927008770
1310532343170437120
1310532352058294272
1310532381607186433
1310532427882864640
1310532486758367233
1310532494219862018
1310532701066207238
1310532770800820226
1310532804845932545
1310532867961679873
1310532898106355712
1310533066037710848
1310533116331569153
1310533295587971073
1310533396737687552
1310533472625229826
1310533651818582019
1310533694638231552
1310533853027749889
1310534126802436099
1310534176270057473
1310534210902519810
1310534231756550145
1310534290149650432
1310534449113726976
1310534675186679809
1310474340295684097
1310474446730178560
1310474512085942272
1310474851623206912
1310474919688445952
1310474928869773313
1310475116736851969
1310475284299292672
1310475355942260736
1310475432203087872
1310475511261474816
1310475755269230592
1310475791814275072
1310475879479353344
1310475892502794240
1310475904351481856
1310475946131173376
1310476044097388546
1310476287300034561
1310476365947441152
1310476380233175040
1310476392820285442
1310476407643013120
1310476434561929218
1310476921298399239
1310476933344321536
1310476999979200515
1310477109219868673
1310477411335778305
1310477538750332928
1310477555116445697
1310477717519904769
1310477818401357824
1310477878757412864
1310477956641415168
1310478011788005376
1310478057204047877
1310478083758067712
1310478117434257409
1310478301820051456
1310478416899006464
1310478433386926080
1310478681337462784
1310478830008709121
1310478848715231233
1310478980722507776
1310479064365502465
1310479311682428929
1310479318833917955
1310479511385849856
1310479712611741696
1310479968342691840
1310479974776926208
1310480201743130624
1310480283414589440
1310480666673311746
1310480687040999424
1310480783631548416
1310480814170419200
1310481126528614400
1310481353113251840
1310481471459729408
1310481541810716674
1310481577432973312
1310481587973300225
1310481593782472704
1310481744403996672
1310481793527635969
1310482218641367040
1310482336786657280
1310482378129768450
1310482449546260480
1310482484086308864
1310482494203015169
1310482577627570176
1310482596825042947
1310482754878885888
1310482848646926336
1310482885317554176
1310483035075346432
1310483284548136961
1310483548185522176
1310483682948509696
1310483685834014720
1310483693400715264
1310483693887205376
1310483727911452672
1310483751261147136
1310483773461585920
1310483823541452805
1310483828461285377
1310483849093296133
1310483861776678914
1310484016856956929
1310484152874012674
1310484284046704640
1310484304120614912
1310484420034539525
1310485171020402688
1310485277136297985
1310485431880953856
1310485563531767810
1310485595664216064
1310485612043161600
1310485717966094336
1310485768255700997
1310485853878341632
1310485967363547136
1310486312617521152
1310486342133075968
1310486436299386882
1310486556881440770
1310486599780638720
1310486636174733312
1310486690071367682
1310486818824105984
1310486965037531136
1310486995353837568
1310487038068699137
1310487054149591040
1310487303165546496
1310487503397322753
1310487505855303681
1310487592178122752
1310487665557598208
1310487787020443649
1310487979245223936
1310488003429560320
1310488323660578816
1310488433685528579
1310488444666224640
1310488465016905728
1310488546852171776
1310488591114612737
1310488673369108480
1310488833243451392
1310488888377573377
1310488982338375680
1310489030342123520
1310489183580905473
1310489200647528450
1310489223170940928
1310489284999348224
1310489340749910017
1310504582708039680
1310504737314344960
1310504754582355968
1310504800732151808
1310504815118757889
1310505047533346816
1310505097244229632
1310505205302263810
1310505340987990016
1310505398785499136
1310505530427944960
1310506157832843265
1310506269959172097
1310506311361212416
1310506543738216448
1310506558795677696
1310506649182973952
1310506896508563456
1310507177518354433
1310507258447646720
1310507279897296898
1310507381835456512
1310507571321733121
1310507573519544320
1310507690003697664
1310507781980672000
1310507782882422784
1310507855141892101
1310507869268332545
1310507916219289600
1310507976327868416
1310507992492670976
1310508184327475203
1310508293840875525
1310508473562656769
1310508536426885120
1310508537181859841
1310508579124903937
1310508931525955586
1310509246459654144
1310509278730559488
1310509393130131456
1310509473702739969
1310509578790924290
1310509663868182531
1310509840352063488
1310510027455827969
1310510108712079362
1310510230548230146
1310510277381812226
1310510315625422854
1310510321384259584
1310510396223049728
1310510546169413634
1310510623847923712
1310510650326622208
1310510838793547776
1310510881965563904
1310511007131824128
1310511113897938944
1310511196458582016
1310511284115341313
1310511296383680513
1310511420010790912
1310511512797278208
1310511647698624512
1310511789378019328
1310512049177407490
1310512199014678530
1310512216152649730
1310512337674285056
1310512345567899648
1310512523196739585
1310512687227506688
1310512832593768448
1310512927921893377
1310512979910316035
1310512989473251330
1310513239978127361
1310513296643158016
1310513544954286080
1310513548989091840
1310513644682215425
1310513651703582721
1310513687501975552
1310513763372675072
1310513826413056000
1310513858662920194
1310513895510024193
1310513905668698114
1310513927063773184
1310514012258480129
1310514061013065733
1310514091560071170
1310514093284098055
1310514240780824577
1310514421417021442
1310514422318862336
1310514505080741888
1310514619514064896
1310514831804436482
1310514912008040448
1310515045873397760
1310515056786825220
1310515171610296321
1310515437508067328
1310515470433427457
1310515542403489793
1310515946549850113
1310515994973044737
1310516070583803906
1310516142331457536
1310516175319699457
1310516224686796803
1310516266478841857
1310516284531052552
1310516293880156162
1310516494690902023
1310516572096663552
1310516691005104129
1310516711280574464
1310516748769259520
1310516800703156227
1310516816096055296
1310517252438077445
1310517457468022784
1310517511629213697
1310517737190387713
1310517805956182016
1310517814663491586
1310517950424768512
1310518044372938752
1310518151516434433
1310518288170983425
1310518302486208512
1310518314842705920
1310518342441148416
1310518388335226881
1310518519596027906
1310518543851515905
1310518693055606784
1310518704619175936
1310518927311609856
1310518964573806592
1310518992889688064
1310519121159827456
1310519208044879872
1310519296238342145
1310519297387577345
1310519520986095616
1310489428322922498
1310489481049374720
1310489628781293568
1310489753087746048
1310489782267654144
1310489800584105985
1310489954166816768
1310489982398799872
1310489997221523458
1310490115920113664
1310490407055192064
1310490620784410624
1310490807569440769
1310490914792648705
1310491274089242626
1310491280691007489
1310491320457269248
1310491323934203904
1310491391760437248
1310491424383672320
1310491427361746945
1310491505098919937
1310491943751671810
1310491968674369537
1310492015780528129
1310492171917811713
1310492182382481408
1310492224476545025
1310492246114840576
1310492377413562368
1310492420405067776
1310492460519362561
1310492512402849792
1310492602798669829
1310492628035739649
1310493495916929024
1310493517970640896
1310493580344033286
1310493609096028161
1310493738490232832
1310493738880229376
1310493769230422018
1310493818706448384
1310493848922193927
1310493997559738368
1310494001334755328
1310494008339320832
1310494109908361216
1310494392046755840
1310494584309415936
1310494699547918336
1310494765033484289
1310494765918621697
1310494957493342208
1310495010979151872
1310495156462915584
1310495211047452673
1310495354966732800
1310495363183316992
1310495442761908230
1310495494762831874
1310495648203104256
1310495671728906240
1310495681518252032
1310495691924475905
1310495727970377729
1310495739898925057
1310495921231273984
1310496118418092032
1310496283321413632
1310496403085340674
1310496429383835648
1310496462497820672
1310496593745977344
1310496809408778240
1310496920687775745
1310496943332679681
1310496961926176769
1310497139714174977
1310497238603296768
1310497302633754625
1310497506971783171
1310497680401944577
1310497742930743296
1310497809213173761
1310497851974332417
1310497974699597824
1310498328094932992
1310498335913136129
1310498371380162560
1310498462451019776
1310498618122665986
1310498648476856320
1310498703250272257
1310498711034830848
1310498772338835457
1310498774209323013
1310498818622775302
1310498939209158657
1310499102984200192
1310499145724035073
1310499193388068864
1310499421730136064
1310499560821870592
1310499623207751680
1310499681852706816
1310499752954548225
1310500023201865728
1310500057574244352
1310500081951412228
1310500246770728961
1310500384457330693
1310500487448465408
1310500492179582976
1310500585167183872
1310500716235108352
1310500720270082050
1310500752058712065
1310500868026896384
1310500912784384000
1310500975992397824
1310500982523080705
1310501137368461312
1310501154548338689
1310501254750187520
1310501264170639360
1310501386803585025
1310501410824310784
1310501758578425856
1310501761279569920
1310501903965523969
1310501917538349057
1310502066352197632
1310502329829986305
1310502429574610945
1310502441474023424
1310502448872787968
1310502635083051008
1310502770714333184
1310503048318349312
1310503073215782912
1310503146943283200
1310503193680338944
1310503205802053634
1310503654768738305
1310503765649379328
1310503810557554688
1310503955227648000
1310504016770719744
1310504126598520832
1310504223306588160
1310504254302564352
1310504263819427840
1310504371399032832
1310504390109822976
1310504439078420480
1310504440059887616
1310504455977263106
1310504473010360320