1311123601102376962
1311123601160957952
1311123685026213890
1311123731088109568
1311123768866156544
1311123781851721728
1311123898826723328
1311123906992857088
1311123941667332102
1311123999536095239
1311124033044393984
1311124116984922113
1311124260962947074
1311124267279450112
1311124326779772928
1311124414830989312
1311124523593461761
1311124604799287303
1311124612835667974
1311124664954085376
1311124677360746497
1311124689498984448
1311124704053391361
1311125067955343362
1311125087244951552
1311125144547594241
1311125226881769472
1311125308280573952
1311125407232598017
1311125417072496640
1311125463222431744
1311125508055334912
1311125626921848832
1311125735805915137
1311125794706649090
1311125840793669632
1311125895235731465
1311125954048258054
1311125958385111040
1311125964718567426
1311126105206779909
1311126155500675072
1311126281048797184
1311126360988020743
1311126365895360513
1311126423759806465
1311126432194670598
1311126433364754435
1311126503363670018
1311126557981896704
1311126730086645766
1311126776198946821
1311126801360412673
1311126855886483464
1311126872412090371
1311126918691827713
1311126960697794560
1311127121192861697
1311127136623882240
1311127174645194753
1311127216475066369
1311127384314314752
1311127609774936064
1311127657317359616
1311127703110778881
1311127711461638145
1311127829703254016
1311127844601331712
1311127858241245188
1311127862087266305
1311127881154691074
1311127912838565892
1311128000910569474
1311128055356821505
1311128168699490305
1311128229764358146
1311128260714156035
1311128347657809920
1311128403505016834
1311128411553882113
1311128424304570369
1311128440263921670
1311128587744022533
1311128608958812165
1311128660754259968
1311128898500014083
1311128903587713027
1311128948252782593
1311128973959557121
1311128999066775552
1311128999641468936
1311129182836056068
1311129221360746498
1311129288515760128
1311129302730248198
1311129352453664770
1311129435362467842
1311129562370248707
1311129594779578369
1311129643877974016
1311129733049004039
1311129783095496710
1311129812757622784
1311129885650288641
1311130030760697860
1311130046686547975
1311130101795508224
1311130181969604608
1311130240484335617
1311130341197918210
1311130454465097729
1311130542625165313
1311130584261914624
1311130684845686786
1311130752361345027
1311130752382169089
1311130786448445441
1311130888617459712
1311130894976065536
1311130949502017536
1311131040413483011
1311131133829173249
1311131209611784194
1311131259280568320
1311131273272885251
1311131389807529984
1311131415107563526
1311131465489330178
1311131501921173504
1311131518409093120
1311131586914594817
1311131599803686915
1311131668170903553
1311131687410118657
1311131764685967362
1311131779877818370
1311131832864272386
1311131947775655936
1311131968776658944
1311131991379763202
1311131998115762177
1311132023675924485
1311132027442216970
1311132066986295296
1311132090235199488
1311132094517710849
1311132160263442433
1311132164281511936
1311132186733617154
1311132207868719104
1311132224620814336
1311132313762267137
1311132338907213824
1311132448252547072
1311132485967773696
1311132516355579905
1311132524052086785
1311132581216227328
1311132618755194883
1311132716021067778
1311132727907946496
1311132795159425024
1311132803334123520
1311132837018398721
1311132849953804289
1311132861915975680
1311132916504817664
1311133172650835973
1311133217781624832
1311133226908479489
1311133243752804353
1311133373151100928
1311133510732836865
1311133516357275649
1311133545818021888
1311133562507268098
1311133913759117312
1311133923267629057
1311133990414295041
1311134038829273093
1311134117195583488
1311134190176366592
1311134237727301635
1311134292282466309
1311134461887524864
1311134489511448576
1311134620667318272
1311134653055741956
1311134707078361089
1311134866956746752
1311134877169987584
1311134895863992328
1311134942424788994
1311134980202991623
1311135068249894912
1311135096737615874
1311135210835238912
1311135210390642693
1311135255227752451
1311135286236270593
1311135353445781507
1311135364501962755
1311135466712948737
1311135630349479938
1311135655158837248
1311135781340274689
1311135819088838656
1311135848398827522
1311135861057224708
1311135877788299264
1311135909413351426
1311135947912867841
1311135999393632256
1311136009879388160
1311136167232966657
1311136228507607043
1311136452441448450
1311136599225315329
1311136607639044097
1311136670633295872
1311136716338667521
1311136748995579905
1311136796407980034
1311136821531688961
1311136883410382848
1311136976683368448
1311137001979219968
1311137014419460098
1311137127749558273
1311137305365626886
1311137316434587648
1311137318066106368
1311137338815377410
1311137386491973633
1311137488413642752
1311137492578578438
1311137597520052225
1311137635138592769
1311137719003885568
1311137765275303936
1311137773647212545
1311137794606215169
1311137815460184065
1311137829792231424
1311137851367714816
1311137899459600392
1311137905029582851
1311137953842900992
1311137987502182400
1311138048135094272
1311138100672974849
1311138110328238080
1311138175230898177
1311138222555029505
1311138415451295744
1311138432140312576
1311138560615960576
1311138705801969665
1311138756007784450
1311138768145924096
1311138867941171200
1311138885867626497
1311138895577440259
1311138897867358209
1311138917597564928
1311138918742491137
1311138927106023424
1311138962400899072
1311138964405923841
1311139107595341824
1311139119968518144
1311139124615802885
1311139342182735874
1311139443005435904
1311139480686919681
1311139514367311873
1311139640800231424
1311139652745732097
1311139723012911105
1311139736581541888
1311139736548003841
1311139870715207681
1311139887492415488
1311139916999524352
1311139967121399808
1311140072004227073
1311140085014753288
1311140151826014216
1311140228674052099
1311140264904327174
1311140567091478528
1311140663568855042
1311140780849930242
1311141048710692867
1311141116524343296
1311141193170837507
1311141208769679361
1311141292613787651
1311141309369868289
1311141393298059264
1311141402869465091
1311141535975641090
1311141672600907778
1311141677923536901
1311141821066731522
1311142102164746245
1311142131591856132
1311142160973012994
1311142234654466050
1311142391483568129
1311142500623503363
1311142622283530240
1311142655875670016
1311142693599244288
1311142751321292800
1311142769109344257
1311142861086351364
1311142939888812032
1311142953495285760
1311142978937708544
1311142986990968842
1311143062211616770
1311143245863292928
1311143310157807618
1311143469658800128
1311143502907150337
1311143527989030914
1311143603733852161
1311143654317268992
1311143729600761856
1311143755618099200
1311143780032983040
1311143863793389569
1311143963320090626
1311143982399922178
1311144060900474883
1311144157314916352
1311144249740546048
1311144358650023937
1311144555895353346
1311144606193651712
1311144607044886533
1311144660698619904
1311144683058462729
1311144749835771904
1311144857776214016
1311144903901155328
1311144999233314816
1311145105210839040
1311145132863913984
1311145180720967681
1311145218624966656
1311145256365289473
1311145293912707072
1311145323448893440
1311145440939778049
1311145453476552704
1311145655809781761
1311145688311291905
1311145843580448774
1311145868880482304
1311145910684979200
1311145969371820032
1311146137164939264
1311146229347147776
1311146273131569152
1311146317465485312
1311146377917890562
1311146386671370246
1311146444988973057
1311146466161971202
1311146468330426369
1311146699121856514
1311146707720327173
1311146752729260033
1311146774589927425
1311146808228245505
1311147470886330368
1311147470878134272
1311147491878862850
1311147675765673984
1311147779612434432
1311147802660085760
1311147810818002944
1311147843139391489
1311148016078737408
1311148032960786434
1311148066221838337
1311148518023847941
1311148544712151040
1311148573929725952
1311148607630794754
1311148770143371264
1311148821477351425
1311148962464886786
1311149047827369984
1311149182321913856
1311149266027589636
1311149313574174720
1311149333098635265
1311149335715823618
1311149350039379969
1311149469228871685
1311149521905172481
1311149542327431168
1311149656265555968
1311149681758670848
1311149694110834690
1311149868585496576
1311149882611085312
1311149886784655360
1311149996071432194
1311150054531567618
1311150095698665472
1311150145313046530
1311150214116331520
1311150515967811589
1311150564873506816
1311150679466160128
1311150683878350848
1311150719987314688
1311150981778935810
1311151069624283136
1311151079413944320
1311151094756708352
1311151128441217024
1311151431685210112
1311151438765015040
1311151443060031488
1311151535381008384
1311151543639592961
1311151564560588800
1311151667644108806
1311151724061630464
1311151785659293696
1311151820366987264
1311151820476211201
1311151904492335106
1311151980870426629
1311152008007692288
1311152107718926336
1311152155877945346
1311152187226181634
1311152239742988288
1311152697131896842
1311152717864136704
1311152722251481094
1311153095397666816
1311153108114911232
1311153296929959938
1311153435388112896
1311153435857674240
1311153476974542848
1311153698781958144
1311153712317030400
1311153777689456646
1311153847763693579
1311153934388658179
1311154278191509504
1311154307568463886
1311154328716161024
1311154349662326786
1311154416611975168
1311154437839347712
1311154530042642432
1311154588628602881
1311154702092910593
1311154721818849280
1311154735433613314
1311154810717175810
1311154813254672384
1311154862596521986
1311154919869763584
1311154922264522752
1311154957995909120
1311155035838046208
1311155066729107456
1311155188657340416
1311155213072564224
1311155293280116738
1311155318513115138
1311155327165960192
1311155339417587712
1311155389958942721
1311155503112871940
1311155629059235840
1311155673607016449
1311155775763513346
1311155939341459456
1311156306313719809
1311156329642295296
1311156491383054337
1311156501415956481
1311156608160993282
1311156614452383745
1311156652289282051
1311156654960975873
1311156655820804096
1311156670777765888
1311156673235410945
1311156782249762816
1311156853494161408
1311156861941489666
1311156950068015104
1311157025708142593
1311157235402252288
1311157247880433664
1311157302464884736
1311157304348221440
1311157323440758785
1311157357024628736
1311157369968025600
1311157417225445376
1311157444899463168
1311157508086534149
1311157512255700995
1311157583579766785
1311157684050198528
1311157788978995200
1311157979287293958
1311158009129771010
1311158015521890304
1311158099361718274
1311158174863499264
1311158220833140736
1311158287996313600
1311158296481423361
1311158522906902528
1311158586018471937
1311158699067670528
1311158699881365509
1311158858618941441
1311159043013173248
1311159403773476865
1311159480047017984
1311159522308820993
1311159525341384704
1311159605150576642
1311159636590907392
1311159689011396610
1311159760469843970
1311159806166667270
1311159814828052481
1311159936395739137
1311160108483715072
1311160171415007232
1311160328416301058
1311160419084578816
1311160423119564800
1311160456581541898
1311160536252461058
1311160634550165505
1311160636320210944
1311160934744969217
1311161073102282752
1311161245194760192
1311161328908873728
1311161345589612544
1311161698099892224
1311161706668752899
1311161748393783296
1311161769516134400
1311161815636869121
1311161859702173697
1311161978963058689
1311162025360461824
1311162373445578752
1311162405230055424
1311162650408214528
1311162662802292736
1311162696390381569
1311162721384247298
1311162750807298048
1311162779487866885
1311162830461177858
1311162960686067713
1311162998556438528
1311163128315555841
1311163132581163009
1311163310402756609
1311163404737040384
1311163455555080194
1311163669330440192
1311163677375180800
1311163715815956480
1311163796245721093
1311163803577405440
1311163807696379904
1311163858049028099
1311163937996632064
1311164062475137024
1311164130246758400
1311164139390328839
1311164311218393089
1311164406416302082
1311164432836329472
1311164452612354048
1311164554320068609
1311164797556195329
1311164819517693953
1311164864996532226
1311164910819250176
1311164915416289280
1311165133842976769
1311165136560766978
1311165191980158976
1311165276126212098
1311165288327544832
1311165389133488129
1311165493219176448
1311165524794126336
1311165641009836032
1311165682722189313
1311165867175092224
1311165921654976513
1311165938352431104
1311165976323534848
1311166010100035584
1311166030312599553
1311166114525622275
1311166152375062528
1311166156573560832
1311166265529167872
1311166499269214208
1311166563597389824
1311166894561517570
1311166924185837568
1311166987326849025
1311166995837181954
1311167112946343936
1311167150619492353
1311167188389236756
1311167255510745088
1311167361257410561
1311167452517146624
1311167548704972801
1311167624668090368
1311167658046435329
1311167708541652992
1311167767299661824
1311167796735344640
1311167968332652544
1311168006232309760
1311168035567398914
1311168249552187398
1311168262051307520
1311168463520632834
1311168585335746560
1311168627580776448
1311168723546517504
1311168736045432834
1311108702968197120
1311108711759466497
1311108736988176387
1311108954865438720
1311108991846670336
1311108996720451584
1311109085111226369
1311109109811490818
1311109114534256642
1311109181097689088
1311109328179523586
1311109361968852992
1311109432751857668
1311109634686627840
1311109735060566016
1311109907010199553
1311109923615326211
1311110070445445124
1311110121058119681
1311110301039955970
1311110355595276288
1311110364264792064
1311110380933058571
1311110616023740417
1311110619878297605
1311110695556206592
1311110771137490946
1311110993452453891
1311111123610066947
1311111194476978177
1311111198847324161
1311111488166387712
1311111492641665024
1311111509184000000
1311111513411858432
1311111550967508992
1311111613810905090
1311111625617944579
1311111685407678467
1311111739711328258
1311111882317594627
1311111890743881733
1311111903310159877
1311112046054957057
1311112075238924289
1311112502672076801
1311112534133477376
1311112641402806273
1311112708675244033
1311112922513375232
1311112947486388225
1311113046866100224
1311113048145485828
1311113182438658048
1311113446759575552
1311113690075336704
1311113744613691392
1311113767577686016
1311113803250139136
1311113826587365378
1311113889451511809
1311114260404228096
1311114315009855488
1311114335972925440
1311114369447718914
1311114482647695365
1311114541565128716
1311114593998118912
1311114700772474880
1311114767868682241
1311114843412475906
1311114911515176961
1311115497673457673
1311115518707990530
1311115539310354433
1311115543877955584
1311115945209769984
1311115950817599491
1311115971558543361
1311115971709595652
1311116038776512512
1311116125606903814
1311116192724197376
1311116487567048704
1311116500250562560
1311116516843229188
1311116592424644608
1311116711706460163
1311116748544970755
1311116845240537088
1311116894397759488
1311116948944674819
1311117053802303492
1311117066313904130
1311117523530768384
1311117672571174912
1311117719555588097
1311117739604553728
1311117800342204417
1311117812467933185
1311117859125329924
1311117938695364610
1311117959780167681
1311117960866656258
1311117983218053120
1311118074913992706
1311118100901879808
1311118110758514690
1311118110615838721
1311118126898126848
1311118144619130886
1311118173685641216
1311118232397508609
1311118233768996870
1311118295307816961
1311118425549418502
1311118474836676610
1311118541031178241
1311118569124646913
1311118802768150528
1311118811022667777
1311118836205314049
1311118855083876352
1311118920296869901
1311118970121052160
1311119041856245761
1311119131635331072
1311119335558062081
1311119481863770113
1311119551967506432
1311119633148186624
1311119670980861958
1311119851302215681
1311120014943035393
1311120098732589056
1311120111319896064
1311120258267217925
1311120291876270080
1311120304362729474
1311120384016756737
1311120476324888579
1311120543521923074
1311120552443215873
1311120618939715586
1311120631455535104
1311120723747000320
1311120766348320768
1311120799298920448
1311120799324164096
1311120882476224524
1311120958753837056
1311120980337668107
1311121066803294209
1311121094661869573
1311121139066957824
1311121362652672000
1311121369728528384
1311121537483898880
1311121543099854848
1311121575144349696
1311121591997100033
1311121678106271744
1311121717671219200
1311121759811317761
1311121763330269184
1311121835249995777
1311122007208198144
1311122057615138816
1311122078393753601
1311122183196942339
1311122184069287936
1311122271549890560
1311122283986128900
1311122292416679936
1311122380534751232
1311122409853005829
1311122431860330496
1311122435136204800
1311122474407395328
1311122489620049921
1311122601918566408
1311122632117497859
1311122644758982657
1311122753811034112
1311122820915777536
1311122849709666304
1311122946409336832
1311123005548818432
1311123020535287808
1311123162285965312
1311123186591948802
1311123186856136706
1311123196737974272
1311123263322546178
1311123318267936768
1311123345128202241
1311123374899372034
1311123424316514310
1311123458508632064
1311123529740570626
1311380309422870528
1311380330268340224
1311380343338012673
1311380599182155777
1311380611416776704
1311380615535747073
1311380623995670529
1311380649299898368
1311380695542124545
1311380737342541824
1311380993228640256
1311381094172852227
1311381295415455744
1311381330731696128
1311381404312367106
1311381425216684032
1311381445974396934
1311381454803185666
1311381697728897024
1311381745565040648
1311381773549359104
1311381799575195648
1311381861524963331
1311381932958253056
1311381941074026496
1311382096221548551
1311382096343162885
1311382184536743936
1311382196951805953
1311382282754830336
1311382444625539075
1311382520018006016
1311382532345167876
1311382603811807232
1311382658539286531
1311382674855124994
1311382695889580032
1311382767830052865
1311382783915208704
1311382834452606979
1311382914068893698
1311382930967728128
1311383064983957504
1311383090372079616
1311383371772170240
1311383433894076418
1311383434606960640
1311383853416755202
1311384042063966215
1311384071797272576
1311384260809375744
1311384348428558336
1311384424081174528
1311384461779636231
1311384558252601344
1311384625713905665
1311384643954864128
1311384755624001536
1311384835286425600
1311384940395757568
1311385057232408578
1311385082196832258
1311385141034586115
1311385251281866752
1311385544866369543
1311385552382423040
1311385590139674624
1311385636792918020
1311385679113248769
1311385682632466443
1311385703285231620
1311385812899180547
1311386076473438209
1311386210917650432
1311386391100747777
1311386475217518592
1311386511384821760
1311386940294430721
1311386990038913025
1311387041893093377
1311387083446071296
1311387209551900673
1311387217416409088
1311387251180527616
1311387410509574144
1311387414544310272
1311387452112855046
1311387515132280836
1311387625597677569
1311387708078596096
1311387786574999553
1311387913788231680
1311388039856508928
1311388077248507905
1311388123511894018
1311388127832010752
1311388492400939010
1311388534469799936
1311388550118756352
1311388551733489665
1311388630917709828
1311388668821745666
1311388677256499200
1311388773998092288
1311388778074963970
1311388840586670080
1311388853706649603
1311388936917442563
1311388970459320321
1311389046502051845
1311389323413975041
1311389448823693313
1311389470357360642
1311389474086060033
1311389587621601280
1311389922797006848
1311389952031289344
1311390011825090560
1311390309188853760
1311390431662559235
1311390640274575364
1311390640392089600
1311390645131542528
1311390899994152960
1311390912812118020
1311390937596276736
1311391051186307079
1311391149224013827
1311391344510881793
1311391344984756225
1311391387095568386
1311391879959724032
1311392632388685824
1311392653452300288
1311392687669628930
1311392699254214657
1311392720762679300
1311392745773129728
1311392800055988224
1311392923854999555
1311393076909428736
1311393143905038345
1311393253111914496
1311393285575970816
1311393349178454016
1311393431147732998
1311393538484166664
1311393639160045569
1311393882576490499
1311393949509054464
1311394214203326466
1311394368822091777
1311394390112231424
1311394448304005120
1311394532294930432
1311394566143123456
1311394574846263301
1311394716924211202
1311395019660517379
1311395061297491968
1311395140855107585
1311395232982810624
1311395304608985088
1311395324968275969
1311425650419433477
1311425691653738496
1311425813506650113
1311425935288172547
1311426127856984064
1311426199382564865
1311426253929422848
1311426265665028096
1311426295553830917
1311426438235594753
1311426467943919619
1311426584964890628
1311427118212018176
1311427172255649794
1311427281169117184
1311427378170785793
1311427419946049537
1311427449029357568
1311427566075609094
1311427675769118722
1311427692588269568
1311427714222612484
1311427826634166272
1311427902190366720
1311428040530960384
1311428049137741824
1311428170713894914
1311428325743702018
1311428360095105025
1311428380219203584
1311428766166548481
1311428766506209281
1311428779051560960
1311428791605104641
1311428821036474370
1311428896160653313
1311428950799904768
1311429139585331202
1311429215867203584
1311429244535349249
1311429345659908096
1311429638648856578
1311429677010104322
1311429685121818625
1311429852931584000
1311429890844090373
1311430057659904000
1311430142158233602
1311430209271332864
1311430234139287553
1311430402804903936
1311430512632754176
1311430720158674945
1311430859803815940
1311430884596252673
1311430909850198016
1311431036019109895
1311431048278966278
1311431128172113920
1311431303749865472
1311431353968271360
1311431379494866947
1311431534256123904
1311431593311961088
1311431686127788033
1311431754561908741
1311431862024368129
1311431865807646721
1311431883268517890
1311431911873695744
1311431983965364224
1311432101200359424
1311432212504481792
1311432377785171969
1311432461696499713
1311432659009232898
1311432700427993088
1311432767482150912
1311432780425895936
1311432864572071937
1311432986013786112
1311433112329486336
1311433136845328386
1311433153647648768
1311433178813472769
1311433201697595396
1311433212502200321
1311433576899121153
1311433656997683200
1311433737100353537
1311433833506631683
1311433883582443520
1311434126340182018
1311434259589144576
1311434428946747395
1311434454238404608
1311434688813244418
1311434709692448768
1311434789711425536
1311434982091452417
1311435045480157184
1311435158864576512
1311435657831743488
1311435665737949186
1311435678803259393
1311435771187007492
1311435829798154241
1311435879978807307
1311435959016325120
1311436563755065344
1311436568876507136
1311436865833181186
1311436953947197442
1311437142464364544
1311437167428882437
1311437217689149440
1311437482139873280
1311437549286690817
1311437604068495360
1311437607927083008
1311437624553304070
1311437671349149697
1311437784654270466
1311437913956052993
1311437947640700928
1311437957438623753
1311437981455052801
1311438182152626177
1311438598206562305
1311438690443358209
1311438723385643017
1311438844982489090
1311438958296018945
1311439008933777417
1311439164316016640
1311439222415470592
1311439226714681345
1311439365659340800
1311439395053076481
1311439579052937217
1311439830975479808
1311439940157308929
1311440015772147713
1311440048701739008
1311440108172779521
1311440191165476865
1311440238372433925
1311440476793315328
1311440523178119168
1311440619840004096
1311365193314848768
1311365205667065863
1311365209769078788
1311365289947389959
1311365386122584064
1311365507786956800
1311365596077060099
1311365658693697536
1311365667233431554
1311366090346450951
1311366153776672769
1311366321565691906
1311366468702023681
1311366523391561738
1311366556555849730
1311366653041467393
1311366787225640960
1311366833212198914
1311367210753880065
1311367235886288898
1311367472814198784
1311367536580210696
1311367663663316993
1311367663772291072
1311367696550952960
1311367764175499265
1311368062285701120
1311368120876052482
1311368159023296513
1311368360089858052
1311368456089022464
1311368565589565440
1311368603254558721
1311368603443265536
1311368649173803023
1311368724541313026
1311368792002506755
1311369035133714432
1311369187336445952
1311369211223052288
1311369211374120960
1311369249097744390
1311369333432606720
1311369382589685760
1311369467486769153
1311369475707547648
1311369488223199232
1311369689646485504
1311369731291652097
1311369768998404098
1311369773171736577
1311369912237973505
1311369937345282050
1311369958010609668
1311370024712634368
1311370054454386688
1311370100759343105
1311370146494193665
1311370154962542592
1311370199912849408
1311370566197104641
1311370688121446400
1311370691749568520
1311370960507985920
1311370972977664001
1311371016485195777
1311371290381561864
1311371317086769157
1311371375655952386
1311371413291401218
1311371426264485895
1311371446673969154
1311371509798187008
1311371527187726336
1311371547018489861
1311371589519380480
1311371627368779777
1311371648151453697
1311371656120631297
1311371758671466496
1311371836848963584
1311371993544036352
1311372072304750593
1311372077535047681
1311372087790129152
1311372172800282625
1311372256258322432
1311372433266413568
1311372600333881344
1311372805972295682
1311372856014630916
1311373112093614080
1311373229479481344
1311373281354805248
1311373347335397378
1311373471927029761
1311373728442454018
1311373795614175240
1311373909095313408
1311373917257379840
1311373942238650370
1311374122753155076
1311374166264811520
1311374219607855106
1311374316085354496
1311374336813604869
1311374420628443140
1311374496255877121
1311374528061333504
1311374639004815362
1311374714758144000
1311374785797074944
1311374940516605952
1311374982526783488
1311375083546517505
1311375086155431937
1311375206959558657
1311375355890917376
1311375435922432000
1311375616437030918
1311375661739790337
1311375905797758978
1311375998114344960
1311376085687455745
1311376366877773825
1311376475950469120
1311376505650376704
1311376551318097922
1311376580720066560
1311376622449238019
1311376635397111808
1311376756998385670
1311376924695048195
1311377012624437249
1311377117595291649
1311377243868983296
1311377438497267712
1311377521141714944
1311377578993696768
1311377734694825985
1311377763983527936
1311377780446289923
1311377905910513665
1311377931688726528
1311378036575485952
1311378044628725762
1311378115759869952
1311378351005798404
1311378363441963010
1311378384765804545
1311378443343405057
1311378619244130306
1311378652500684800
1311378707932688386
1311378849700036609
1311378892255498240
1311379030554357761
1311379032190181379
1311379105544155137
1311379529882107904
1311379545895964672
1311379608927952896
1311379823240114177
1311380015880208386
1311380074441183233
1311380209158029313
1311380226119815170
1311169101126078464
1311169277341446150
1311169369410469889
1311169519361110016
1311169541481705472
1311169848634941440
1311169859598848002
1311169877001019392
1311170080349323265
1311170263011254273
1311170330162008065
1311170376098107392
1311170397514104832
1311170459627589632
1311170519232778240
1311170598685609985
1311170607011201025
1311170703639576577
1311171003700178945
1311171160722288640
1311171252912943104
1311171277630115842
1311171287138611202
1311171319761903616
1311171368164233217
1311171371851026433
1311171478164041729
1311171583973756928
1311171607398961152
1311171715498684416
1311171752160948225
1311171789729312769
1311171873615429633
1311171877927374848
1311171994889658368
1311172108509040640
1311172120936734721
1311172162900783106
1311172255125180417
1311172413623693312
1311172616279867392
1311172733397422082
1311172737646419969
1311172758538199040
1311172848531120128
1311173014663426048
1311173136222740480
1311173198994706432
1311173216065466368
1311173240912359425
1311173307870388224
1311173349805109250
1311173388078141440
1311173454494826501
1311173622342381568
1311173715082838019
1311173727124627458
1311173920116994050
1311173995794821123
1311174067068702727
1311174100950249473
1311174255892205568
1311174352314998784
1311174490915852289
1311174524310880256
1311174587154137088
1311174696554070016
1311174856042446848
1311174904314691585
1311175174268411904
1311175228937052160
1311175246133821443
1311175274961293319
1311175564565372930
1311175598132338689
1311175614745976832
1311175841552850944
1311175841762521088
1311175954589519872
1311176088454823936
1311176344856924162
1311176378360967168
1311176378755080193
1311176441342590976
1311176831165317120
1311176878422552576
1311176998971232256
1311177099445637122
1311177321911652352
1311177460382420993
1311177590527291392
1311177789056446464
1311177825500635136
1311177925857865728
1311178215554244608
1311178264879271941
1311178352892563456
1311178727552962561
1311178741540769794
1311178819726909442
1311178835858198531
1311178874043076608
1311178970327650304
1311179074925137920
1311179083854868480
1311179201085689856
1311179221805355009
1311179222304473089
1311179255653507072
1311179353166942208
1311179587032879105
1311179611938545664
1311179658109562880
1311179939350302721
1311179991321702400
1311180193617371137
1311180212235694081
1311180304217001989
1311180329194057733
1311180404854910976
1311180493065515010
1311180509511397376
1311180946004008960
1311181034038292480
1311181096277606401
1311181218994515968
1311181427942150144
1311181612747558917
1311181780884566016
1311181784793649154
1311181793329131526
1311181851734675458
1311181876866945025
1311181897993580545
1311181964813234176
1311182129292816384
1311182179234242560
1311182468612059136
1311182476962717696
1311182624044584960
1311182921273757701
1311182948238934017
1311183000982429696
1311183101507198976
1311183119849000962
1311183256822452225
1311183289412132864
1311183349524893696
1311183386078216192
1311183424820932608
1311183458568413184
1311183588524728322
1311183642266345477
1311183701808541697
1311183789410770944
1311183936459026432
1311440707954126851
1311440711716270080
1311440737481838592
1311440749616005120
1311440849839022081
1311440963303288834
1311441039459258369
1311441098053746688
1311441147634626560
1311441224042250240
1311441379105689610
1311441534227820544
1311441542385602560
1311441785864945664
1311442049946640385
1311442053654478848
1311442066845696001
1311442154145886208
1311442317903982592
1311442321292976128
1311442422862360588
1311442435885719560
1311442603536252928
1311442683416674305
1311442729730142208
1311442737808519168
1311442964032282624
1311443046290972672
1311443060627251200
1311443198682771456
1311443513712750592
1311443538505203713
1311443740112945152
1311443782223699968
1311443865958789122
1311444021429010432
1311444042291400705
1311444086893809664
1311444092769964032
1311444151074844672
1311444163079143425
1311444243584626688
1311444281006014465
1311444285363875840
1311444306268479488
1311444385427599361
1311444410979119104
1311444550079123457
1311444767927083009
1311444810088226823
1311444876584644608
1311444939503538176
1311445057644290048
1311445073821745152
1311445094751494146
1311445099117641728
1311445128851206145
1311445186728341506
1311445228969058304
1311445241849958401
1311445297248243713
1311445547623079937
1311445580837728256
1311445627113537538
1311445732163903491
1311446017204609024
1311446068043960321
1311446139233853441
1311446139154071557
1311446295576489985
1311446374525939713
1311446621909966848
1311446691032313856
1311446822569693185
1311447070377730050
1311447112475840513
1311447115764203520
1311447146059751426
1311447271674834944
1311447297201446912
1311447301404200961
1311447368752013313
1311447502374072320
1311447519004635136
1311447649715851264
1311447653910159360
1311447674844073985
1311447716225069057
1311447979119837187
1311448261702549504
1311448290618155009
1311448320619896832
1311448492766683136
1311448659981029376
1311448852474589190
1311449053956313088
1311449306474266624
1311449331422167040
1311449334974689281
1311449364171288576
1311449372970844162
1311449435788935168
1311449465090437137
1311449561513287680
1311449603791892480
1311449608216670209
1311449663145414657
1311449721026736128
1311449847090876419
1311449989676175360
1311450173894139905
1311450178365394944
1311450270539407362
1311450331021221889
1311450438043078657
1311450456015724544
1311450535069773824
1311450597648785408
1311450610265284608
1311450644042186753
1311450665475076096
1311450811671678978
1311450862947053570
1311450870870024194
1311450899617927169
1311451063522930689
1311451080237092866
1311451439961694209
1311451462128422913
1311451486979842049
1311451625811308544
1311451721487601665
1311451793323253760
1311451814265589762
1311452006633148416
1311452053282205696
1311452371613102080
1311452384678248451
1311452502274043904
1311452598600376325
1311452657777881093
1311452879736143872
1311452933972791302
1311453059659177984
1311453206376046592
1311453219030171649
1311453538418151424
1311453565060370432
1311453622144659456
1311453705900716038
1311453710577524737
1311453932569407489
1311453995404201986
1311454239047200769
1311454250858233856
1311454438264012800
1311454456446414849
1311454598905954304
1311454620498235393
1311454658242711552
1311454696054370304
1311454930486669313
1311454960215887872
1311455220338130945
1311455224167448577
1311455399921426432
1311455479911067652
1311455497183277057
1311455567328604160
1311455656080277504
1311455756525461511
1311410487754620935
1311410495732289537
1311410605128126465
1311410617853652993
1311410869264437248
1311410957764177920
1311411053528592385
1311411305333567490
1311411385482579972
1311411594883203072
1311411695420661760
1311411795786108928
1311411831802654721
1311412045103927297
1311412051911344128
1311412115475894273
1311412165727977477
1311412387430293504
1311412450718220290
1311412605693517825
1311412648014217216
1311412763554533376
1311412773847527424
1311412966772944897
1311413053108486147
1311413150684794884
1311413260055392257
1311413302581489664
1311413402456203266
1311413586745491458
1311413750390374402
1311413771710214145
1311413840349786112
1311413860113448963
1311414208140054530
1311414279422324736
1311414400432119810
1311414405096243205
1311414468266651654
1311414669081481216
1311414782424219650
1311414865949491201
1311414895888351232
1311415206183133184
1311415227309862918
1311415395019042819
1311415621658333187
1311415659583221765
1311415667304914951
1311415835408437248
1311416108566552577
1311416208563073024
1311416217463222272
1311416388599283719
1311416422199951362
1311416486020354048
1311416569252151296
1311416628358246401
1311416707622211584
1311416715939590145
1311416800333172736
1311416817185812480
1311416872844300293
1311417056127000576
1311417177405362178
1311417202621534208
1311417211064594432
1311417269755482114
1311417428878987265
1311417457505165312
1311417680700862470
1311417769368444928
1311417878026092544
1311417886414704642
1311418070473138177
1311418171979694080
1311418221787058179
1311418300589510656
1311418485956907009
1311418494966095873
1311418497256361985
1311418578596495362
1311418595826491392
1311418897313087488
1311418968888860672
1311418985351700480
1311419001701052429
1311419023196917765
1311419329355952134
1311419446519631874
1311419522167926784
1311419534377533440
1311419547199639552
1311419651902111745
1311419844785590275
1311419846488395785
1311419884325212162
1311419970623016963
1311420197123751936
1311420243345104902
1311420255982374912
1311420277029392384
1311420297929658368
1311420331802808320
1311420419988221954
1311420538678583300
1311420658941919232
1311420701648314369
1311420759206768640
1311420994582704129
1311421103299063809
1311421128850567168
1311421132667588612
1311421166070886400
1311421208030715904
1311421522628706311
1311421728279543808
1311421774232465410
1311421801017217024
1311421950531694592
1311421976045596678
1311422152114012161
1311422156660781056
1311422185114865667
1311422240408449031
1311422273241460736
1311422294783406080
1311422378577100801
1311422479659802625
1311422613785321477
1311422773861011457
1311422781200900096
1311422944397139968
1311422974587625473
1311422986755350530
1311423074579800065
1311423217186164736
1311423221418295306
1311423372375453697
1311423422736539648
1311423477744758785
1311423607495692295
1311424035272691714
1311424039517409284
1311424182308265990
1311424186133426176
1311424202940051456
1311424265502117889
1311424353914023936
1311424374814236676
1311424484012822528
1311424571678101504
1311424848963411968
1311424928562909184
1311424968979353601
1311425000335958018
1311425277461848064
1311425314476654592
1311425360358182912
1311425494462738434
1311425528646242309
1311395572801249280
1311395740556709890
1311395748634923010
1311395769660903424
1311395794768060416
1311395912799879177
1311395913009696770
1311396017309454336
1311396067456540672
1311396235132235777
1311396239641055235
1311396323178942465
1311396429806669824
1311396457644253186
1311396529291309056
1311396646077501441
1311396658672959490
1311396696530837505
1311396839581798401
1311396939720724485
1311396986139021312
1311397015373443075
1311397514466283520
1311397535655763968
1311397556929269760
1311397745660440580
1311397842179690496
1311397946240520194
1311398030525030402
1311398098149801993
1311398213300125697
1311398424814657536
1311398533593919489
1311398966077075456
1311399008103923712
1311399041851326464
1311399045814906882
1311399222047051777
1311399222927863816
1311399259141529600
1311399288740536321
1311399355941818369
1311399481879994371
1311399531938889728
1311399539711107079
1311399552763781122
1311399553346818050
1311399591141662725
1311399777788137479
1311399804711432192
1311399812932218882
1311399922508406787
1311400257490575360
1311400260997124097
1311400350046445569
1311400546897522688
1311400559564533763
1311400731862274052
1311400836371820544
1311400890914533377
1311401259845517317
1311401448882819075
1311401557888434176
1311401658291814406
1311401687857459201
1311401734326153220
1311401763728060416
1311401767448596482
1311401830778167296
1311402117198946305
1311402292176924676
1311402589788016640
1311402791282241536
1311402795476512768
1311402828242575364
1311402984283074561
1311403034514206720
1311403051434020865
1311403113790746625
1311403306741268481
1311403379260821509
1311403547687346178
1311403571250954242
1311403600942264320
1311403801979617282
1311403944799875073
1311403948842967040
1311404087695609864
1311404129013686275
1311404842879983624
1311404909431009280
1311404947141992449
1311404975805796352
1311405026288508928
1311405186498273280
1311405282103308290
1311405336822255618
1311405354186665986
1311405412814643203
1311405446104846337
1311405605626748931
1311405735327264772
1311406016311984129
1311406037413445634
1311406134385733633
1311406147018997760
1311406255475494917
1311406386690117633
1311406549160599554
1311406697181716480
1311406968687517699
1311407010311794688
1311407035813187584
1311407165874278407
1311407523736453120
1311407938322526209
1311407967334354944
1311408156153651201
1311408209786212357
1311408370440638465
1311408398760439808
1311408486782251008
1311408528720982016
1311408591681839107
1311408617107722240
1311408623432728580
1311408738851577856
1311408822767038464
1311408873207558144
1311409003277230088
1311409199885307904
1311409216591138818
1311409225378258944
1311409233682812928
1311409317183184896
1311409405523456001
1311409503364055041
1311409561035845632
1311409585530437633
1311409632322166785
1311409795874791426
1311409955195555840
1311409959255638019
1311410190344835073
1311410265163010048
1311410444725153792
1311350244672561152
1311350290705080321
1311350336888729603
1311350404542857218
1311350437732397056
1311350551511273472
1311350689612943361
1311350953740627968
1311350974594732032
1311351066173353984
1311351142610169856
1311351216589484033
1311352082931363840
1311352177986691077
1311352249373929472
1311352325060124672
1311352484477251590
1311352522133602305
1311352622838935553
1311353335690276867
1311353397627494407
1311353549566214145
1311353612442968064
1311353755703504897
1311353893624967168
1311353973534855168
1311354153453715457
1311354237763424256
1311354262992179201
1311354300640026624
1311354346739769344
1311354346873991174
1311354376338976768
1311354384387801088
1311354442990718977
1311354489165746183
1311354669537558528
1311354820742336515
1311354883275194368
1311355097469710337
1311355101718540289
1311355156022337536
1311355172883398656
1311355358019858432
1311355384179961863
1311355391205421056
1311355634583969792
1311355676443267074
1311355894823882756
1311355953091088384
1311355982400884737
1311356099493113858
1311356125015539712
1311356138131161092
1311356196725587968
1311356490033192966
1311356510803460096
1311356590826622977
1311356707981856770
1311356718497095680
1311356766853234688
1311356867776516099
1311356955622092804
1311357210950332416
1311357249114107904
1311357255996981249
1311357358111588360
1311357412784431104
1311357475896123397
1311357492585050113
1311357744428060674
1311357745635954688
1311357882634469377
1311357923281559552
1311358326668574720
1311358448639115274
1311358536648097792
1311358600019927041
1311358641962803202
1311358674481287169
1311358727174356994
1311358738440368129
1311358805062619138
1311358851300679681
1311358897463136257
1311358922872123392
1311358968699203588
1311359073452019714
1311359161746231297
1311359202346983424
1311359292126253059
1311359301202706432
1311359417519087616
1311359426276651008
1311359430152171522
1311359472422596609
1311359488981520386
1311359493163364352
1311359501711351809
1311359535173570561
1311359627540324352
1311359698906607616
1311359992432414722
1311360055309004800
1311360139199422466
1311360302492061697
1311360365729476608
1311360663466450945
1311360742994710534
1311360814302060544
1311360817653256194
1311360921567072256
1311360965464686593
1311361015926394881
1311361068804050944
1311361091444920320
1311361241038893056
1311361249989386240
1311361389194342401
1311361431200239616
1311361435146924033
1311361536020156418
1311361593423196160
1311361674084069378
1311361699711127552
1311361728521711616
1311361762093039619
1311361770607575042
1311361813087432705
1311361841977851910
1311362005513584641
1311362056063315970
1311362109788303360
1311362181955346433
1311362249030852609
1311362320598097921
1311362328445755393
1311362345436733440
1311362399795113985
1311362530506227714
1311362567558672384
1311362630326652931
1311362655580499969
1311362676447035392
1311362689311047680
1311362739022032896
1311362861231493120
1311363028932349952
1311363037715001350
1311363159031193600
1311363436496842752
1311363553643855874
1311363561784999937
1311363666399420418
1311363687228354560
1311363716852613120
1311363759596646401
1311363947325542401
1311363960445251586
1311364174275063808
1311364178381139970
1311364216125665281
1311364321037950977
1311364786102439938
1311364882680479744
1311364933452525570
1311335036248109056
1311335074281947140
1311335123938209792
1311335153856393218
1311335275000459274
1311335304406720514
1311335367203749892
1311335443317706752
1311335451190534144
1311335560448020481
1311335694439247874
1311335726693396483
1311335757492101120
1311335925214052353
1311335975902228487
1311336424340418566
1311336596516540421
1311336731375960065
1311336734706237446
1311336739114549255
1311336848183226371
1311336957142851584
1311337138089275393
1311337175632490503
1311337183756730369
1311337301151277062
1311337485516058626
1311337531888357376
1311337674330918912
1311337691452256256
1311337729330823168
1311338303212457985
1311338399844966401
1311338463371964417
1311338521760796673
1311338555151650817
1311338596872400896
1311338613666349056
1311338660206436352
1311338689071472642
1311338941212172299
1311338957855223811
1311339025207263239
1311339205671432192
1311339260088258560
1311339297975525376
1311339302069194755
1311339347686445056
1311339356355870721
1311339385896529921
1311339389977423872
1311339402715492352
1311339419559919620
1311339469455400961
1311339490716381185
1311339540561440768
1311339670488461317
1311339981705744387
1311339993483431939
1311340134932119552
1311340283330609153
1311340338175332352
1311340425928560641
1311340530605813760
1311340629096648708
1311340899964784640
1311341139044323335
1311341141737066497
1311341193234530308
1311341415784484869
1311341420037447680
1311341512567988227
1311341550027243524
1311341670819037186
1311341919058886662
1311342048734257153
1311342384756617218
1311342413844226050
1311342514633277440
1311342528923197440
1311342749485010950
1311342843353473024
1311342846503522305
1311342858511712256
1311342895992049664
1311342904749838336
1311343093598232577
1311343118361309185
1311343122383884290
1311343236229861377
1311343277887696898
1311343403896954880
1311343520968400897
1311343534088351746
1311343651562295296
1311343667861479424
1311343709921841152
1311343769204281345
1311343789370298369
1311343862284251137
1311344005314117632
1311344061077426180
1311344179616919557
1311344191209984000
1311344221769674753
1311344498841092099
1311344574422487041
1311344703766487043
1311344863762284544
1311344960193597440
1311344985099259904
1311345127458299906
1311345232395472904
1311345337244758016
1311345349211099136
1311345630871252994
1311345685657202691
1311345701520113664
1311345760819187713
1311345780926496770
1311345953652129793
1311346100628934656
1311346210242920451
1311346280929648640
1311346470008885250
1311346507732250625
1311346520990666756
1311346608689352712
1311346704717721600
1311346876634071050
1311346935580762113
1311346943604355072
1311346969005228033
1311347053063221250
1311347224790605826
1311347375336763392
1311347409562132480
1311347514042269696
1311347527023689728
1311347614848299009
1311347631331987457
1311347631696740352
1311347694644781056
1311347711262818304
1311347786881753090
1311348093300822016
1311348189413466112
1311348262859751424
1311348264961282049
1311348273249095680
1311348357173071872
1311348663457927168
1311348705098829825
1311348760379822085
1311348902264745988
1311348978093633537
1311348990655582213
1311349050290180097
1311349074952626178
1311349330662494210
1311349342595420163
1311349489589014530
1311349506450116609
1311349545712922624
1311349557025005569
1311349590373920768
1311349598636699648
1311349733181526017
1311349758053605376
1311349774411423750
1311349779218268162
1311349849955028993
1311350039093161984
1311350052057538560
1311289893063196674
1311289913678213127
1311289972524306437
1311290018686808064
1311290072671674368
1311290073300848641
1311290111238299653
1311290198865698819
1311290286371270657
1311290295896604673
1311290349990612992
1311290408908058625
1311290572158763009
1311290782180048897
1311291029321117704
1311291093858869257
1311291188889243651
1311291226461810688
1311291315196506117
1311291382225661952
1311291432393736196
1311291448848003073
1311291528489435136
1311291620734754816
1311291645824991235
1311291944363069442
1311292258520567810
1311292283812278274
1311292346512834560
1311292384123158531
1311292921556217858
1311292971376140289
1311293021758148608
1311293051403415554
1311293133787987970
1311293134630944770
1311293180944539650
1311293201966268416
1311293218710073344
1311293615713529858
1311293869565317122
1311293952826449921
1311293977841348609
1311293986678607872
1311294032832856065
1311294062113193985
1311294150059470851
1311294374802862086
1311294397338664961
1311294532680667137
1311294571578404866
1311294653245747201
1311294752378163201
1311294796049326082
1311294804177776641
1311294913376653313
1311295005689090055
1311295286665449474
1311295328952385536
1311295530316828672
1311295542211702787
1311295613183680518
1311295743861325825
1311295752065429508
1311295831975354369
1311295861016727555
1311295886811693059
1311295932810502145
1311296008358371330
1311296461326475264
1311296494918488067
1311296590959828992
1311296670966005762
1311296855108657155
1311296859609206785
1311296918551588864
1311296922565537792
1311297249692078081
1311297383985287168
1311297446975336450
1311297497227169798
1311297644027883532
1311297746448592898
1311297786814619649
1311297912622571521
1311297967035478018
1311297983904874496
1311297988023779328
1311298156123090944
1311298394732802051
1311298474403606528
1311298478484660224
1311298512298995712
1311298537531961348
1311298595048521729
1311298914759385089
1311298939648266240
1311299036675280897
1311299082435035137
1311299279940710415
1311299409708277761
1311299434827915264
1311299464401829889
1311299506105966592
1311299837544013827
1311299841587208195
1311299912915726336
1311299929940393984
1311299946965073920
1311300101869101063
1311300151789711361
1311300156093067264
1311300332564217861
1311300361957920772
1311300529666945024
1311300584474062848
1311300697619562496
1311300881661517827
1311301028965482497
1311301078844137477
1311301104169357314
1311301175535435783
1311301230262726656
1311301288735449100
1311301372587978754
1311301440145686528
1311301637252800514
1311301673940377601
1311301757939712001
1311301821563052039
1311302056339075075
1311302131715059714
1311302148404150272
1311302337202446342
1311302421151444994
1311302487844872192
1311302517486022658
1311302543213985792
1311302639158808583
1311302677280755715
1311302761217105926
1311302815617372160
1311302907778740226
1311302996031045634
1311303125693870080
1311303213983956997
1311303214302724096
1311303276856475649
1311303318979981315
1311303423854247936
1311303498563231745
1311303776008105984
1311303818550878211
1311303922489987077
1311303935609765890
1311303972427268098
1311304006212485120
1311304029541142528
1311304094842318848
1311304466659004418
1311304505795829761
1311304539274842113
1311304552306663425
1311304602743177219
1311304632002510849
1311304644107341831
1311274751348875264
1311274772932722690
1311274806298411009
1311275036842565632
1311275552997867522
1311275560878956553
1311275791506976769
1311275800063336448
1311275913858953218
1311276125918654465
1311276303698612230
1311276353782771713
1311276416718249987
1311276450302103552
1311276451149172736
1311276576290603008
1311276920076554240
1311276957519278081
1311277008429756417
1311277041271156736
1311277104596750337
1311277293105541120
1311277301464788993
1311277309752684549
1311277660476239872
1311277687638560768
1311277755045228544
1311277804550488066
1311277804839997441
1311277821751439360
1311277909714382850
1311277951653044224
1311277960117264385
1311278220432506880
1311278404902309889
1311278418231726080
1311278651607076874
1311278715427524609
1311278920721891329
1311278937520115712
1311279046504910850
1311279390605492224
1311279483492741120
1311279635397857281
1311280111677833221
1311280115876327425
1311280258390331393
1311280388463980544
1311280409846730755
1311280606882525187
1311280619197018114
1311280678126972928
1311280921245634564
1311280992666169345
1311281068373311491
1311281164477370370
1311281189555142656
1311281281653780481
1311281307180240897
1311281390944747521
1311281470963691520
1311281512843796481
1311281550097514496
1311281667760361472
1311281806482776065
1311281806579085312
1311281886191398913
1311281931993182208
1311282024288669697
1311282072292556807
1311282087111143424
1311282220007673858
1311282225367916546
1311282246469537792
1311282316371783681
1311282342934306816
1311282376547463170
1311282422517039104
1311282506948382727
1311282519267061760
1311282617157853185
1311282720555905024
1311282745570742272
1311282816995545090
1311283071484932097
1311283119425826817
1311283194726150144
1311283282949148674
1311283345431695360
1311283450402480130
1311283568308637696
1311283588722286592
1311283618073911296
1311283664433577985
1311283698231201792
1311283811423002626
1311283815248277504
1311283999827013638
1311284012367872001
1311284218207580162
1311284230857523203
1311284402664734720
1311284423875330048
1311284792701353987
1311284960137969664
1311284960700100610
1311285006543847424
1311285178363457536
1311285224819617797
1311285321229717507
1311285464561836033
1311285505477103617
1311285518580224000
1311285618887008256
1311285786768289792
1311285937981317120
1311286168043114496
1311286181124956161
1311286256333189121
1311286335907471361
1311286357017464832
1311286369508089856
1311286479210110976
1311286545895362561
1311286613046104069
1311286667349839872
1311286688900153346
1311286831175139329
1311286860648415237
1311287019797123072
1311287048792408065
1311287250404204544
1311287359317704707
1311287498233065473
1311287523331788801
1311287574330134530
1311287824877072386
1311288030527991808
1311288152582164481
1311288424943427585
1311288638790135808
1311288667890216964
1311289053845876739
1311289074783784960
1311289368880058369
1311289522945220608
1311304891479007232
1311305034416570368
1311305072006049794
1311305139324694531
1311305189496938497
1311305243850952705
1311305264952344576
1311305436998569987
1311305462109921282
1311305563188465664
1311305574336933890
1311305596164071425
1311305659296735232
1311305693052493825
1311305986737569794
1311306061937168384
1311306115347443717
1311306425822519299
1311306527400169477
1311306548652642304
1311306699274420226
1311306926169436160
1311307051792990209
1311307178029068294
1311307206906777601
1311307261747163136
1311307336183504896
1311307630556528645
1311307660055048193
1311307727029841920
1311307766179528705
1311307769203617792
1311307941153247234
1311308012347367424
1311308024548593665
1311308066911072263
1311308100603965441
1311308285258194944
1311308478200324096
1311308616213950464
1311308633016336390
1311309006401679361
1311309039792525313
1311309077763555328
1311309203546529793
1311309547068424192
1311309559827492864
1311309568165720078
1311309648276983808
1311309743974211587
1311309937671315456
1311310013265145856
1311310101379244032
1311310176612384768
1311310363086991360
1311310474189783041
1311310532792717312
1311310595866664960
1311310629656035328
1311310751399907328
1311310775986814978
1311310839211843586
1311310889493110785
1311310894048178183
1311311229353328640
1311311241965637632
1311311279705985025
1311311287813627907
1311311346735165445
1311311443535581184
1311311723870253057
1311311774394675205
1311311795651407872
1311311816396595205
1311311874818891777
1311311912764870661
1311311963281072128
1311312084995420162
1311312131170557953
1311312177597419520
1311312282106781696
1311312323890548737
1311312605248737281
1311312952780226562
1311313112499286021
1311313183747919878
1311313255025971203
1311313305592565760
1311313347162206208
1311313452317790211
1311313569917677571
1311313762901659648
1311313771042926593
1311313788138926081
1311313834146181120
1311314034088501251
1311314056314327044
1311314416294649857
1311314446430674944
1311314500818284550
1311314576663818247
1311314639557480451
1311314811549036545
1311315062804697089
1311315083893579777
1311315658446004225
1311315746438381573
1311316090086187008
1311316107576434694
1311316258101616641
1311316543767285761
1311316571353038849
1311316627313561601
1311316786680299521
1311317076322267140
1311317175211352066
1311317315137540096
1311317738648997894
1311317835281563655
1311317868651384833
1311317868966010880
1311317969306230785
1311318229529362432
1311318301000314880
1311318368352382977
1311318420835762177
1311318437688377344
1311318497851592706
1311318795705880577
1311318825061756928
1311318887959539715
1311319043064737797
1311319231917633537
1311319269922217984
1311319542363230209
1311319693437870081
1311319748081221632
1311259572070494209
1311259576470298625
1311259593385881601
1311259718934040578
1311259900014723073
1311259907673522176
1311260058043416579
1311260310549024776
1311260423522574337
1311260441226752001
1311260466484830208
1311260507798728704
1311260557786460160
1311260778301976577
1311261245887184897
1311261339604733952
1311261405241389057
1311261485511970817
1311261594236616704
1311261762545684480
1311261795466858496
1311261908419272706
1311262089353269256
1311262168629882880
1311262370384285696
1311262423240892416
1311262432707239939
1311262567076040705
1311262785477554176
1311262798194913280
1311262819518734346
1311262924191784960
1311262928339755009
1311263003392782336
1311263100289585163
1311263150105399297
1311263335262949376
1311263490104070146
1311263535947685889
1311263725064794112
1311263762096160768
1311263795600396290
1311263879863971841
1311263884406173696
1311264106427691008
1311264370379427840
1311264454210846725
1311264488155475969
1311264681751916544
1311264697522495489
1311264769123418112
1311264848576212998
1311264941190520837
1311265284888629250
1311265380950835205
1311265406800277505
1311265424198295552
1311265507862081537
1311265511691485184
1311265658177548288
1311265733733744641
1311265809482866688
1311266035719438336
1311266121262170119
1311266320827244544
1311266648700010497
1311266686104993792
1311266812244324352
1311266832578420736
1311266866304778240
1311266937343823873
1311266950560002048
1311266971405758465
1311266992222072839
1311267147310673920
1311267239337881600
1311267273441767424
1311267340215091202
1311267407571419136
1311267478882775040
1311267491574951936
1311267646537715712
1311267675528736768
1311267889551478784
1311268242305015809
1311268368058658824
1311268548480827392
1311268648724488193
1311268657352396805
1311269139491758081
1311269189663879168
1311269315316977666
1311269508200443904
1311269622109278208
1311269706268135424
1311269949273444359
1311269962175086593
1311270200709451777
1311270221982859266
1311270233966088193
1311270310054948866
1311270388178001922
1311270460932403201
1311270461142114304
1311270490280022016
1311270544860426242
1311270615656075272
1311270737550872577
1311270766864809993
1311270825505566726
1311270842517598208
1311270888428507136
1311270909920063488
1311270947199102979
1311271169312673792
1311271243388256256
1311271266343620609
1311271387827523584
1311271400083255300
1311271471373643777
1311271585182089219
1311271601543942149
1311271613539778560
1311271664554999808
1311271702580654080
1311271901512245248
1311271924920659970
1311271949012807685
1311272020806701057
1311272092063670272
1311272121549680644
1311272272989229058
1311272331281674243
1311272406657495042
1311272549200859138
1311272885147893765
1311272931247435777
1311273074180812800
1311273194238676992
1311273245740593153
1311273464301588481
1311273706887548928
1311273716622393346
1311273753263910912
1311273850143899648
1311273904124690434
1311274063822598144
1311274198174760960
1311274391293100032
1311274457772720129
1311274550223613955
1311184129703043079
1311184226021068800
1311184318732152838
1311184540648574976
1311184544679288834
1311184641689350144
1311184788200579072
1311184838167343104
1311184846530777095
1311185030698336259
1311185073224462341
1311185127528038401
1311185228162101250
1311185286995439616
1311185500628230144
1311185555821129728
1311185587517308928
1311185681687904256
1311185693914390529
1311185706534961157
1311185749971173384
1311186013142880257
1311186323303088129
1311186357939777536
1311186402340564992
1311186549619470336
1311186741995413504
1311187019263950849
1311187074129825792
1311187241440436225
1311187506390474755
1311187585696501760
1311187594177249280
1311187611185229828
1311187720161693697
1311187828743823360
1311187833185538048
1311188093643288577
1311188294361845760
1311188352880738310
1311188470526693376
1311188500243333120
1311188529591001089
1311188575313108992
1311188684205699072
1311188785812713472
1311188873884692480
1311188915039203331
1311189053539266560
1311189356355317762
1311189624623190017
1311189674560557056
1311189825240936450
1311189901279330304
1311190228330110976
1311190291383234560
1311190433691660288
1311190558967123968
1311190672855240704
1311190719042854912
1311190899209183233
1311190949184385024
1311190949469523969
1311191054721249280
1311191097050357760
1311191230425034752
1311191276453322752
1311191306123739136
1311191322565328897
1311191343365062657
1311191406665494529
1311191423472078849
1311191440459026432
1311191893087154176
1311192046640615424
1311192207618170882
1311192254174752769
1311192380188491776
1311192495552958464
1311192547633410050
1311192920922484738
1311192988148617218
1311193151151972353
1311193440873398272
1311193620855156736
1311193638387490817
1311193675347755008
1311193688651919362
1311193859922300928
1311193864674381824
1311194141582213121
1311194301234323456
1311194380942925830
1311194514711871489
1311194690352414720
1311194829293072384
1311194887472123904
1311195122999136256
1311195131543015424
1311195219082182656
1311195324283793409
1311195525098737664
1311195592916312064
1311195643017195520
1311195761024016384
1311196087198404608
1311196141514641408
1311196146988208128
1311196159390527488
1311196163278868481
1311196221609041920
1311196322100256768
1311196344170819584
1311196415364755456
1311196620327923713
1311196628552839168
1311196629379186689
1311196708047671296
1311196813467279361
1311196817443426304
1311196838284976131
1311196879783428096
1311196893171474434
1311196926423990272
1311196930127654912
1311197064743858176
1311197072838844424
1311197119810801664
1311197232679366656
1311198101290586113
1311198247764004868
1311198499136917504
1311198516425957379
1311198751231410178
1311198969607856128
1311199057390362626
1311319949168836616
1311319961743372292
1311320037534334978
1311320150319263746
1311320192547512321
1311320244644990976
1311320423553028098
1311320519669682177
1311320586774368260
1311320654013177857
1311320683125846019
1311320704223248386
1311320729607122946
1311320968321794048
1311321123766886400
1311321237210247169
1311321257628053506
1311321278930878469
1311321354386518017
1311321400850800640
1311321652001673216
1311321920663683072
1311322243503448065
1311322400542212096
1311322402702450688
1311322461493886977
1311322575151271938
1311322583183364103
1311322634546798593
1311322666859737089
1311322713261301760
1311322763760631816
1311322826771701760
1311322828583694337
1311322876939829248
1311322889656971266
1311322981788823553
1311323011169968128
1311323292054233089
1311323409717047301
1311323439001735179
1311323686453104644
1311323727137824774
1311323871061184512
1311323925754908672
1311324034643226626
1311324300109021185
1311324323655843841
1311324370409680897
1311324466736230405
1311324525116743687
1311324743530737665
1311324978030219265
1311325057575194626
1311325062079758341
1311325062155378690
1311325078970302464
1311325448018604032
1311325481287909376
1311325607171481601
1311325636691189761
1311325649425051650
1311325700050300928
1311325963981131777
1311326106469822466
1311326143878959104
1311326194378444800
1311326198539132929
1311326320295579650
1311326345444679680
1311326395734413312
1311326446380560384
1311326597304274945
1311326681358053386
1311326874434326529
1311326966096834568
1311326991539290112
1311327012238262278
1311327163480772609
1311327179871903744
1311327289293012994
1311327331139702787
1311327591471689728
1311327692164345858
1311327716873039872
1311327796569018371
1311327914739331077
1311328017520775169
1311328094310064131
1311328153281990659
1311328236882722816
1311328304608219145
1311328342319288322
1311328371381501952
1311328534732976128
1311328656686346240
1311328727050211330
1311328849674883073
1311329290202632192
1311329310972743680
1311329377272188929
1311329394699501570
1311329411581579264
1311329873265397766
1311329961299578880
1311330078219931648
1311330275230715904
1311330359598960640
1311330397389807620
1311330496874524673
1311330774487052293
1311330829352787969
1311330875217514496
1311330942410133505
1311330959216738304
1311331160459542535
1311331190452953088
1311331328244187145
1311331429058596864
1311331437778477057
1311331512596398086
1311331689025724416
1311331981939146754
1311332087656579073
1311332125791133698
1311332280783130624
1311332288752357376
1311332293194051585
1311332326618656770
1311332330796019712
1311332343286657025
1311332370264461312
1311332718643351553
1311332788122136577
1311332880367251456
1311332892992311303
1311333028539650048
1311333274501943302
1311333341526851584
1311333505444577281
1311333566622699521
1311333636482965504
1311333820000419841
1311333832453283840
1311334042386735104
1311334079833485312
1311334096702853120
1311334168001835008
1311334192945430529
1311334192836419584
1311334302290980865
1311334528502214656
1311334604125605889
1311334663177281541
1311334671280726016
1311244611017416704
1311244661948919808
1311244792924262400
1311245157136646144
1311245229006245888
1311245399404015616
1311245622243143681
1311245744897105920
1311246117858947072
1311246146640187394
1311246207965159424
1311246234645082112
1311246256497479682
1311246297094066176
1311246301485563906
1311246318971494400
1311246508260352000
1311246550081900544
1311246587235045381
1311246683213312000
1311246814390124546
1311246892848893952
1311247023132282880
1311247073732329472
1311247215646646272
1311247291316084736
1311247478675648512
1311247560397541377
1311247604001406978
1311247756871299073
1311247829071953921
1311247941982728192
1311247945765978112
1311248113735069696
1311248129824624640
1311248180454006784
1311248243876147200
1311248377439571968
1311248537523351552
1311248642850910208
1311248650656534528
1311248683409772546
1311248926960427011
1311249007688081409
1311249049245429760
1311249158683070465
1311249187200208896
1311249242820927489
1311249271157645312
1311249623357374466
1311249635936215040
1311249921467613185
1311250198111432704
1311250319486136326
1311250365736771584
1311250411823804424
1311250445927624704
1311250463166095360
1311250646675451904
1311250667634388992
1311250697061457921
1311250726384021505
1311250747883888640
1311250764552052737
1311251096967491584
1311251263296733185
1311251297308377088
1311251377105047552
1311251456981438470
1311251461154779137
1311251469178372096
1311251632580165634
1311251830068981760
1311251909219618816
1311251922159009793
1311251976173301760
1311252015125876743
1311252250984144897
1311252509953085440
1311252707261505541
1311252883329908736
1311252957678235648
1311253004222427136
1311253100439785472
1311253117246361605
1311253205393833986
1311253235399831555
1311253256618811393
1311253700485222400
1311253855812956161
1311253922280026112
1311254170297446400
1311254245803319297
1311254346240126977
1311254371116748800
1311254387847725057
1311254421574234112
1311254489333080066
1311254639552073736
1311254656715292672
1311254703536246786
1311254711773913088
1311254740643254273
1311254786495467520
1311254841184919555
1311254846021029889
1311255046458400770
1311255109804814336
1311255143061610499
1311255202180345862
1311255231615901697
1311255394602422272
1311255440936914944
1311255613016596485
1311255948892102657
1311255990508171264
1311256137149353985
1311256397296930816
1311256443891232769
1311256477248548866
1311256498065092611
1311256553153060865
1311256703925710848
1311256980586213376
1311257081635311618
1311257143786561538
1311257462822055937
1311257529511534592
1311257538156007424
1311257714824220672
1311257869795364864
1311257936862285825
1311258012213010433
1311258087437762560
1311258314513289216
1311258351662235652
1311258444482187264
1311258494734135296
1311258586455191552
1311258814147166210
1311258888763736065
1311258901724254208
1311258914378461184
1311258927187853313
1311258952303128578
1311259409574580224
1311259421520138240
1311199086092013568
1311199187258806281
1311199478494437376
1311199598506119170
1311199614998114304
1311199770493562880
1311199866828152833
1311199925129170944
1311199997090828294
1311200050500874240
1311200093127598081
1311200118155083776
1311200151474704384
1311200327148789761
1311200436980822017
1311200450335707137
1311200686080536576
1311200827437019136
1311200844365299712
1311200973671473152
1311201053820493824
1311201292178644992
1311201297052438528
1311201482008530944
1311201917750710272
1311201922725142528
1311202139780325376
1311202580752560128
1311202601061568515
1311202693491421184
1311202722855686144
1311203020575825921
1311203235177390080
1311203350797455362
1311203415683297280
1311203452287098882
1311203461338460160
1311203469315973120
1311203612601847808
1311203658948730880
1311204069357154304
1311204182192390144
1311204221103091717
1311204287771443204
1311204320893898757
1311204329928392704
1311204408777211904
1311204426523250688
1311204577459367938
1311204669151158273
1311204706618933248
1311205084320202752
1311205336783568901
1311205469852237824
1311205474763706368
1311205475095117826
1311205508897017857
1311205530493505536
1311205553679597568
1311205600924033024
1311205604954841089
1311205625133707265
1311205638257729537
1311205784999604224
1311205915480281088
1311206041472962560
1311206061836247041
1311206170976190466
1311206888856580097
1311206989641506817
1311207139113938944
1311207261386108930
1311207291107119105
1311207307640860677
1311207408371290113
1311207454919847937
1311207645542404096
1311207970001174532
1311207999101431810
1311208087794192385
1311208201757614082
1311208243373408256
1311208280014958593
1311208330627551232
1311208452073627649
1311208590531854336
1311208619858432000
1311208660970868737
1311208675302809606
1311209098122321920
1311209098898268160
1311209182322855937
1311209367027539968
1311209547361550336
1311209571831214081
1311209870658543618
1311209974798995456
1311209983824986115
1311210004385599489
1311210083615940608
1311210122371198978
1311210201081503751
1311210349136355328
1311210402093707264
1311210537494228992
1311210680289292288
1311210697129426945
1311210717782052869
1311210776468901888
1311210830290132992
1311210961110552581
1311211115897118722
1311211158519545858
1311211171320532992
1311211387973251074
1311211434341281792
1311211535428132864
1311211665157951493
1311211719981592576
1311211841415188480
1311212432870662144
1311212579231014912
1311212794294030338
1311212806532890626
1311212893787107329
1311213125123833856
1311213389734178816
1311213468884893696
1311213585893388288
1311213766319759360
1311213767200518151
1311213880291581952
1311213968573169665
1311213969135280128
1311214038152552454
1311214051293376513
1311214094553411585
1311214169237196802
1311229449753563136
1311229554674020354
1311229725650624512
1311229784161222656
1311229784408481793
1311229823352819714
1311230460610015233
1311230490116894721
1311230599261163520
1311230677837402114
1311230779234627585
1311230859392016385
1311231027126235136
1311231206764064769
1311231285889826816
1311231400088145921
1311231445789270021
1311231483047182341
1311231559794593793
1311231700576489472
1311231776560484353
1311231802057650178
1311231982270058496
1311232024158429184
1311232141699751943
1311232242690252800
1311232318808363008
1311232405932576769
1311232416103706625
1311232536572563456
1311232624522940416
1311232754328244224
1311232890060013570
1311233139549769731
1311233282680516608
1311233299071807488
1311233413265920001
1311233420681457664
1311233588495613952
1311233883183218688
1311233975835394050
1311234025256677377
1311234033616130051
1311234273140236288
1311234565642518528
1311234667257958401
1311234702158770176
1311234775882096641
1311234864251834368
1311234910435250176
1311234931075375104
1311235014361841669
1311235057856712704
1311235089104334848
1311235090505240576
1311235233384144901
1311235408714489861
1311235409662414854
1311235488855011328
1311235598984847363
1311235802991452160
1311235879210332165
1311236005572284416
1311236127391494144
1311236415964033024
1311236486772252672
1311236873143148545
1311236919645401089
1311236995562090496
1311237062335627264
1311237094954606593
1311237201238335488
1311237400476160000
1311237473540988934
1311237589840658432
1311237608161173506
1311237644983111680
1311237694689869824
1311237708480679937
1311238130998161408
1311238328143040512
1311238378491449344
1311238588542091266
1311238655919427584
1311238663716601862
1311238793589121025
1311238882680360960
1311238987604951041
1311239116424712192
1311239146007138306
1311239168811360256
1311239340274712577
1311239364622651392
1311239507937820672
1311239519971270657
1311239736762265600
1311239771654586368
1311239922607697922
1311240009777852422
1311240092803977217
1311240094028836864
1311240312048758786
1311240413169229825
1311240463127642119
1311240602835615744
1311240719403712515
1311240746968723456
1311240765927043073
1311240912182349826
1311240953840250880
1311241063735197696
1311241335714840577
1311241536802258944
1311241810002481153
1311242149409718272
1311242154120019973
1311242196142764037
1311242292406222848
1311242368125825024
1311242778727387136
1311242800399294465
1311242846037577734
1311242992401997825
1311243001822404608
1311243042813288448
1311243063361236993
1311243189123252225
1311243227543068673
1311243264989765638
1311243312213438465
1311243398829895680
1311243420640227328
1311244233483771904
1311244251645308929
1311244309904195585
1311244335409758208
1311093465237905408
1311093465355354113
1311093494719459328
1311093541033185281
1311093570233937920
1311093708604014592
1311093712433426433
1311093720587141120
1311093813696442368
1311094077337694208
1311094253939044352
1311094362642829312
1311094421837012994
1311094422101200899
1311094605891416064
1311094652519419905
1311094787022483458
1311094840839593987
1311094975078240257
1311094983437377536
1311095100634812421
1311095243899625473
1311095268708941824
1311095277059674112
1311095285431570434
1311095318998466560
1311095327756357632
1311095495574593538
1311095675971608580
1311095831081218050
1311095944222474240
1311095969061036032
1311096002624073729
1311096124514631684
1311096325778411520
1311096430271004672
1311096451498274817
1311096468288286720
1311096635938791427
1311096728788054016
1311096787718090752
1311096976344100865
1311097139263660033
1311097198608744449
1311097261309394944
1311097412413542401
1311097743792893953
1311097751887851521
1311097785492688898
1311097873363279873
1311098020239474689
1311098049607938054
1311098100161933319
1311098108156227586
1311098167111438337
1311098167480463362
1311098209524162560
1311098322556420099
1311098515398033412
1311098775243456519
1311098905644343297
1311098964205162498
1311099019104366592
1311099086087520256
1311099341520752641
1311099374777380865
1311099396235251712
1311099551118483456
1311099773689032704
1311099778265239553
1311099987678429184
1311099991822422016
1311100126207913986
1311100167974793218
1311100228276293632
1311100235112996866
1311100377400369152
1311100394056167424
1311100482732032000
1311100603993653249
1311100625229246465
1311100947838521344
1311100951797915651
1311101082324492288
1311101095205249026
1311101237392105476
1311101477528760321
1311101572609437696
1311101581606166531
1311101765698363392
1311101891498004481
1311102151679078400
1311102174173290498
1311102239470047232
1311102282033963008
1311102293799034882
1311102713812279296
1311102818871173120
1311102860797435904
1311102999029260290
1311103057971875840
1311103166818127877
1311103259071840256
1311103288272711683
1311103297013665792
1311103397588865024
1311103414647042049
1311103460390076419
1311103460566327296
1311103477192499201
1311103493705474049
1311103590312812544
1311103766054219777
1311104069872889856
1311104387838865409
1311104613915922433
1311104618013753344
1311104735597015041
1311104802613469184
1311104840420990976
1311104853079478274
1311104947698585600
1311104999716421633
1311105033077796865
1311105200925675520
1311105393767124992
1311105515703939074
1311105595118944258
1311105632917913600
1311105683270500352
1311105826074099712
1311105842880671745
1311105876158296064
1311105994026553347
1311106022526849024
1311106056555118592
1311106178341011457
1311106186679328768
1311106245022093312
1311106687252692993
1311106698225033218
1311106713966215175
1311106736145797120
1311106803116257285
1311106884875755520
1311106908238098432
1311106941460992001
1311107012525207554
1311107012940509186
1311107181132034048
1311107222882201600
1311107281174618112
1311107370295209984
1311107394433363968
1311108040331063297
1311108074271379459
1311108082248765441
1311108208371605505
1311108279725158400
1311108355403001856
1311214371255857152
1311214495763705858
1311214504903139328
1311214781731426305
1311214840006860801
1311214937356865536
1311214941676990464
1311215004700618753
1311215084199444480
1311215124955492354
1311215227170676737
1311215294233432065
1311215297664225280
1311215382263336961
1311215541202214912
1311215544670937088
1311215599390019584
1311215968211931137
1311216069885919232
1311216186911195136
1311216304418885632
1311216459968700416
1311216480277745665
1311216719579447297
1311216778014609409
1311216895815815168
1311217007711453184
1311217022299189249
1311217067576754180
1311217247868858369
1311217580015788037
1311217608126066690
1311217689076015106
1311217693069017093
1311217793782571008
1311217797096247296
1311218435540611073
1311218447242600449
1311218691497816067
1311218762528493568
1311218846964109312
1311218946234822656
1311219026819866624
1311219063717208064
1311219252582547456
1311219358304210945
1311219362477547520
1311219659027419136
1311219768511397889
1311220062901211142
1311220541878079489
1311220889455910913
1311220896686727169
1311220943184957441
1311221022310502400
1311221039649579008
1311221052920311809
1311221115113680902
1311221204112543745
1311221236907663360
1311221476796710913
1311221605620572163
1311221619495505920
1311221882906124288
1311221916728877057
1311221924647833600
1311222009364439040
1311222029710848006
1311222202293944330
1311222381676040192
1311222385761112064
1311222440069156865
1311222504070025218
1311222567185727489
1311222735079534592
1311222760484478978
1311222835122188288
1311223014529302529
1311223014839779328
1311223094862925825
1311223141679669248
1311223153775976448
1311223165691944960
1311223354347548672
1311223444172951552
1311223472161353728
1311223556282384389
1311223589287456768
1311223621801537536
1311223694715355138
1311224047288700928
1311224097880158213
1311224247562444800
1311224415401775104
1311224440462675968
1311224802640883714
1311224861876989952
1311224927664648193
1311225174591668224
1311225577819570176
1311225592143056896
1311225636938289154
1311225704944721920
1311225909140221953
1311225989687578624
1311226127378153476
1311226178427129857
1311226245422755840
1311226311654989824
1311226312841977856
1311226363622436866
1311226509462589441
1311226568983879681
1311226656850423808
1311226697534943233
1311226865177292803
1311227037068283904
1311227080496087040
1311227146862497792
1311227158845689856
1311227281440866305
1311227343315152897
1311227505609588736
1311227515155804160
1311227607355207681
1311227713533943808
1311227805615550465
1311227834329903104
1311227842630483971
1311228011639984128
1311228062302965761
1311228085904211970
1311228299763421185
1311228370039037952
1311228450615816192
1311228489627054082
1311228559919378437
1311228564209954817
1311228564612808705
1311228618912260097
1311228643692228608
1311228786046894082
1311229025977761792
1311229067480367104
1311229173046956033
1311229205976293376